% L-Bracket Geometry
% N_total=1036, N_horizontal=518, N_vertical=518
% Resolution: 100 segments per wavelength
% Format: x(m) y(m)
4.83541363e-04 0.00000000e+00
1.45062409e-03 0.00000000e+00
2.41770681e-03 0.00000000e+00
3.38478954e-03 0.00000000e+00
4.35187227e-03 0.00000000e+00
5.31895499e-03 0.00000000e+00
6.28603772e-03 0.00000000e+00
7.25312044e-03 0.00000000e+00
8.22020317e-03 0.00000000e+00
9.18728590e-03 0.00000000e+00
1.01543686e-02 0.00000000e+00
1.11214513e-02 0.00000000e+00
1.20885341e-02 0.00000000e+00
1.30556168e-02 0.00000000e+00
1.40226995e-02 0.00000000e+00
1.49897823e-02 0.00000000e+00
1.59568650e-02 0.00000000e+00
1.69239477e-02 0.00000000e+00
1.78910304e-02 0.00000000e+00
1.88581132e-02 0.00000000e+00
1.98251959e-02 0.00000000e+00
2.07922786e-02 0.00000000e+00
2.17593613e-02 0.00000000e+00
2.27264441e-02 0.00000000e+00
2.36935268e-02 0.00000000e+00
2.46606095e-02 0.00000000e+00
2.56276922e-02 0.00000000e+00
2.65947750e-02 0.00000000e+00
2.75618577e-02 0.00000000e+00
2.85289404e-02 0.00000000e+00
2.94960231e-02 0.00000000e+00
3.04631059e-02 0.00000000e+00
3.14301886e-02 0.00000000e+00
3.23972713e-02 0.00000000e+00
3.33643540e-02 0.00000000e+00
3.43314368e-02 0.00000000e+00
3.52985195e-02 0.00000000e+00
3.62656022e-02 0.00000000e+00
3.72326849e-02 0.00000000e+00
3.81997677e-02 0.00000000e+00
3.91668504e-02 0.00000000e+00
4.01339331e-02 0.00000000e+00
4.11010158e-02 0.00000000e+00
4.20680986e-02 0.00000000e+00
4.30351813e-02 0.00000000e+00
4.40022640e-02 0.00000000e+00
4.49693468e-02 0.00000000e+00
4.59364295e-02 0.00000000e+00
4.69035122e-02 0.00000000e+00
4.78705949e-02 0.00000000e+00
4.88376777e-02 0.00000000e+00
4.98047604e-02 0.00000000e+00
5.07718431e-02 0.00000000e+00
5.17389258e-02 0.00000000e+00
5.27060086e-02 0.00000000e+00
5.36730913e-02 0.00000000e+00
5.46401740e-02 0.00000000e+00
5.56072567e-02 0.00000000e+00
5.65743395e-02 0.00000000e+00
5.75414222e-02 0.00000000e+00
5.85085049e-02 0.00000000e+00
5.94755876e-02 0.00000000e+00
6.04426704e-02 0.00000000e+00
6.14097531e-02 0.00000000e+00
6.23768358e-02 0.00000000e+00
6.33439185e-02 0.00000000e+00
6.43110013e-02 0.00000000e+00
6.52780840e-02 0.00000000e+00
6.62451667e-02 0.00000000e+00
6.72122494e-02 0.00000000e+00
6.81793322e-02 0.00000000e+00
6.91464149e-02 0.00000000e+00
7.01134976e-02 0.00000000e+00
7.10805804e-02 0.00000000e+00
7.20476631e-02 0.00000000e+00
7.30147458e-02 0.00000000e+00
7.39818285e-02 0.00000000e+00
7.49489113e-02 0.00000000e+00
7.59159940e-02 0.00000000e+00
7.68830767e-02 0.00000000e+00
7.78501594e-02 0.00000000e+00
7.88172422e-02 0.00000000e+00
7.97843249e-02 0.00000000e+00
8.07514076e-02 0.00000000e+00
8.17184903e-02 0.00000000e+00
8.26855731e-02 0.00000000e+00
8.36526558e-02 0.00000000e+00
8.46197385e-02 0.00000000e+00
8.55868212e-02 0.00000000e+00
8.65539040e-02 0.00000000e+00
8.75209867e-02 0.00000000e+00
8.84880694e-02 0.00000000e+00
8.94551521e-02 0.00000000e+00
9.04222349e-02 0.00000000e+00
9.13893176e-02 0.00000000e+00
9.23564003e-02 0.00000000e+00
9.33234830e-02 0.00000000e+00
9.42905658e-02 0.00000000e+00
9.52576485e-02 0.00000000e+00
9.62247312e-02 0.00000000e+00
9.71918140e-02 0.00000000e+00
9.81588967e-02 0.00000000e+00
9.91259794e-02 0.00000000e+00
1.00093062e-01 0.00000000e+00
1.01060145e-01 0.00000000e+00
1.02027228e-01 0.00000000e+00
1.02994310e-01 0.00000000e+00
1.03961393e-01 0.00000000e+00
1.04928476e-01 0.00000000e+00
1.05895558e-01 0.00000000e+00
1.06862641e-01 0.00000000e+00
1.07829724e-01 0.00000000e+00
1.08796807e-01 0.00000000e+00
1.09763889e-01 0.00000000e+00
1.10730972e-01 0.00000000e+00
1.11698055e-01 0.00000000e+00
1.12665138e-01 0.00000000e+00
1.13632220e-01 0.00000000e+00
1.14599303e-01 0.00000000e+00
1.15566386e-01 0.00000000e+00
1.16533468e-01 0.00000000e+00
1.17500551e-01 0.00000000e+00
1.18467634e-01 0.00000000e+00
1.19434717e-01 0.00000000e+00
1.20401799e-01 0.00000000e+00
1.21368882e-01 0.00000000e+00
1.22335965e-01 0.00000000e+00
1.23303048e-01 0.00000000e+00
1.24270130e-01 0.00000000e+00
1.25237213e-01 0.00000000e+00
1.26204296e-01 0.00000000e+00
1.27171378e-01 0.00000000e+00
1.28138461e-01 0.00000000e+00
1.29105544e-01 0.00000000e+00
1.30072627e-01 0.00000000e+00
1.31039709e-01 0.00000000e+00
1.32006792e-01 0.00000000e+00
1.32973875e-01 0.00000000e+00
1.33940958e-01 0.00000000e+00
1.34908040e-01 0.00000000e+00
1.35875123e-01 0.00000000e+00
1.36842206e-01 0.00000000e+00
1.37809288e-01 0.00000000e+00
1.38776371e-01 0.00000000e+00
1.39743454e-01 0.00000000e+00
1.40710537e-01 0.00000000e+00
1.41677619e-01 0.00000000e+00
1.42644702e-01 0.00000000e+00
1.43611785e-01 0.00000000e+00
1.44578868e-01 0.00000000e+00
1.45545950e-01 0.00000000e+00
1.46513033e-01 0.00000000e+00
1.47480116e-01 0.00000000e+00
1.48447198e-01 0.00000000e+00
1.49414281e-01 0.00000000e+00
1.50381364e-01 0.00000000e+00
1.51348447e-01 0.00000000e+00
1.52315529e-01 0.00000000e+00
1.53282612e-01 0.00000000e+00
1.54249695e-01 0.00000000e+00
1.55216778e-01 0.00000000e+00
1.56183860e-01 0.00000000e+00
1.57150943e-01 0.00000000e+00
1.58118026e-01 0.00000000e+00
1.59085108e-01 0.00000000e+00
1.60052191e-01 0.00000000e+00
1.61019274e-01 0.00000000e+00
1.61986357e-01 0.00000000e+00
1.62953439e-01 0.00000000e+00
1.63920522e-01 0.00000000e+00
1.64887605e-01 0.00000000e+00
1.65854687e-01 0.00000000e+00
1.66821770e-01 0.00000000e+00
1.67788853e-01 0.00000000e+00
1.68755936e-01 0.00000000e+00
1.69723018e-01 0.00000000e+00
1.70690101e-01 0.00000000e+00
1.71657184e-01 0.00000000e+00
1.72624267e-01 0.00000000e+00
1.73591349e-01 0.00000000e+00
1.74558432e-01 0.00000000e+00
1.75525515e-01 0.00000000e+00
1.76492597e-01 0.00000000e+00
1.77459680e-01 0.00000000e+00
1.78426763e-01 0.00000000e+00
1.79393846e-01 0.00000000e+00
1.80360928e-01 0.00000000e+00
1.81328011e-01 0.00000000e+00
1.82295094e-01 0.00000000e+00
1.83262177e-01 0.00000000e+00
1.84229259e-01 0.00000000e+00
1.85196342e-01 0.00000000e+00
1.86163425e-01 0.00000000e+00
1.87130507e-01 0.00000000e+00
1.88097590e-01 0.00000000e+00
1.89064673e-01 0.00000000e+00
1.90031756e-01 0.00000000e+00
1.90998838e-01 0.00000000e+00
1.91965921e-01 0.00000000e+00
1.92933004e-01 0.00000000e+00
1.93900087e-01 0.00000000e+00
1.94867169e-01 0.00000000e+00
1.95834252e-01 0.00000000e+00
1.96801335e-01 0.00000000e+00
1.97768417e-01 0.00000000e+00
1.98735500e-01 0.00000000e+00
1.99702583e-01 0.00000000e+00
2.00669666e-01 0.00000000e+00
2.01636748e-01 0.00000000e+00
2.02603831e-01 0.00000000e+00
2.03570914e-01 0.00000000e+00
2.04537997e-01 0.00000000e+00
2.05505079e-01 0.00000000e+00
2.06472162e-01 0.00000000e+00
2.07439245e-01 0.00000000e+00
2.08406327e-01 0.00000000e+00
2.09373410e-01 0.00000000e+00
2.10340493e-01 0.00000000e+00
2.11307576e-01 0.00000000e+00
2.12274658e-01 0.00000000e+00
2.13241741e-01 0.00000000e+00
2.14208824e-01 0.00000000e+00
2.15175907e-01 0.00000000e+00
2.16142989e-01 0.00000000e+00
2.17110072e-01 0.00000000e+00
2.18077155e-01 0.00000000e+00
2.19044237e-01 0.00000000e+00
2.20011320e-01 0.00000000e+00
2.20978403e-01 0.00000000e+00
2.21945486e-01 0.00000000e+00
2.22912568e-01 0.00000000e+00
2.23879651e-01 0.00000000e+00
2.24846734e-01 0.00000000e+00
2.25813816e-01 0.00000000e+00
2.26780899e-01 0.00000000e+00
2.27747982e-01 0.00000000e+00
2.28715065e-01 0.00000000e+00
2.29682147e-01 0.00000000e+00
2.30649230e-01 0.00000000e+00
2.31616313e-01 0.00000000e+00
2.32583396e-01 0.00000000e+00
2.33550478e-01 0.00000000e+00
2.34517561e-01 0.00000000e+00
2.35484644e-01 0.00000000e+00
2.36451726e-01 0.00000000e+00
2.37418809e-01 0.00000000e+00
2.38385892e-01 0.00000000e+00
2.39352975e-01 0.00000000e+00
2.40320057e-01 0.00000000e+00
2.41287140e-01 0.00000000e+00
2.42254223e-01 0.00000000e+00
2.43221306e-01 0.00000000e+00
2.44188388e-01 0.00000000e+00
2.45155471e-01 0.00000000e+00
2.46122554e-01 0.00000000e+00
2.47089636e-01 0.00000000e+00
2.48056719e-01 0.00000000e+00
2.49023802e-01 0.00000000e+00
2.49990885e-01 0.00000000e+00
2.50957967e-01 0.00000000e+00
2.51925050e-01 0.00000000e+00
2.52892133e-01 0.00000000e+00
2.53859216e-01 0.00000000e+00
2.54826298e-01 0.00000000e+00
2.55793381e-01 0.00000000e+00
2.56760464e-01 0.00000000e+00
2.57727546e-01 0.00000000e+00
2.58694629e-01 0.00000000e+00
2.59661712e-01 0.00000000e+00
2.60628795e-01 0.00000000e+00
2.61595877e-01 0.00000000e+00
2.62562960e-01 0.00000000e+00
2.63530043e-01 0.00000000e+00
2.64497126e-01 0.00000000e+00
2.65464208e-01 0.00000000e+00
2.66431291e-01 0.00000000e+00
2.67398374e-01 0.00000000e+00
2.68365456e-01 0.00000000e+00
2.69332539e-01 0.00000000e+00
2.70299622e-01 0.00000000e+00
2.71266705e-01 0.00000000e+00
2.72233787e-01 0.00000000e+00
2.73200870e-01 0.00000000e+00
2.74167953e-01 0.00000000e+00
2.75135036e-01 0.00000000e+00
2.76102118e-01 0.00000000e+00
2.77069201e-01 0.00000000e+00
2.78036284e-01 0.00000000e+00
2.79003366e-01 0.00000000e+00
2.79970449e-01 0.00000000e+00
2.80937532e-01 0.00000000e+00
2.81904615e-01 0.00000000e+00
2.82871697e-01 0.00000000e+00
2.83838780e-01 0.00000000e+00
2.84805863e-01 0.00000000e+00
2.85772945e-01 0.00000000e+00
2.86740028e-01 0.00000000e+00
2.87707111e-01 0.00000000e+00
2.88674194e-01 0.00000000e+00
2.89641276e-01 0.00000000e+00
2.90608359e-01 0.00000000e+00
2.91575442e-01 0.00000000e+00
2.92542525e-01 0.00000000e+00
2.93509607e-01 0.00000000e+00
2.94476690e-01 0.00000000e+00
2.95443773e-01 0.00000000e+00
2.96410855e-01 0.00000000e+00
2.97377938e-01 0.00000000e+00
2.98345021e-01 0.00000000e+00
2.99312104e-01 0.00000000e+00
3.00279186e-01 0.00000000e+00
3.01246269e-01 0.00000000e+00
3.02213352e-01 0.00000000e+00
3.03180435e-01 0.00000000e+00
3.04147517e-01 0.00000000e+00
3.05114600e-01 0.00000000e+00
3.06081683e-01 0.00000000e+00
3.07048765e-01 0.00000000e+00
3.08015848e-01 0.00000000e+00
3.08982931e-01 0.00000000e+00
3.09950014e-01 0.00000000e+00
3.10917096e-01 0.00000000e+00
3.11884179e-01 0.00000000e+00
3.12851262e-01 0.00000000e+00
3.13818345e-01 0.00000000e+00
3.14785427e-01 0.00000000e+00
3.15752510e-01 0.00000000e+00
3.16719593e-01 0.00000000e+00
3.17686675e-01 0.00000000e+00
3.18653758e-01 0.00000000e+00
3.19620841e-01 0.00000000e+00
3.20587924e-01 0.00000000e+00
3.21555006e-01 0.00000000e+00
3.22522089e-01 0.00000000e+00
3.23489172e-01 0.00000000e+00
3.24456255e-01 0.00000000e+00
3.25423337e-01 0.00000000e+00
3.26390420e-01 0.00000000e+00
3.27357503e-01 0.00000000e+00
3.28324585e-01 0.00000000e+00
3.29291668e-01 0.00000000e+00
3.30258751e-01 0.00000000e+00
3.31225834e-01 0.00000000e+00
3.32192916e-01 0.00000000e+00
3.33159999e-01 0.00000000e+00
3.34127082e-01 0.00000000e+00
3.35094165e-01 0.00000000e+00
3.36061247e-01 0.00000000e+00
3.37028330e-01 0.00000000e+00
3.37995413e-01 0.00000000e+00
3.38962495e-01 0.00000000e+00
3.39929578e-01 0.00000000e+00
3.40896661e-01 0.00000000e+00
3.41863744e-01 0.00000000e+00
3.42830826e-01 0.00000000e+00
3.43797909e-01 0.00000000e+00
3.44764992e-01 0.00000000e+00
3.45732075e-01 0.00000000e+00
3.46699157e-01 0.00000000e+00
3.47666240e-01 0.00000000e+00
3.48633323e-01 0.00000000e+00
3.49600405e-01 0.00000000e+00
3.50567488e-01 0.00000000e+00
3.51534571e-01 0.00000000e+00
3.52501654e-01 0.00000000e+00
3.53468736e-01 0.00000000e+00
3.54435819e-01 0.00000000e+00
3.55402902e-01 0.00000000e+00
3.56369984e-01 0.00000000e+00
3.57337067e-01 0.00000000e+00
3.58304150e-01 0.00000000e+00
3.59271233e-01 0.00000000e+00
3.60238315e-01 0.00000000e+00
3.61205398e-01 0.00000000e+00
3.62172481e-01 0.00000000e+00
3.63139564e-01 0.00000000e+00
3.64106646e-01 0.00000000e+00
3.65073729e-01 0.00000000e+00
3.66040812e-01 0.00000000e+00
3.67007894e-01 0.00000000e+00
3.67974977e-01 0.00000000e+00
3.68942060e-01 0.00000000e+00
3.69909143e-01 0.00000000e+00
3.70876225e-01 0.00000000e+00
3.71843308e-01 0.00000000e+00
3.72810391e-01 0.00000000e+00
3.73777474e-01 0.00000000e+00
3.74744556e-01 0.00000000e+00
3.75711639e-01 0.00000000e+00
3.76678722e-01 0.00000000e+00
3.77645804e-01 0.00000000e+00
3.78612887e-01 0.00000000e+00
3.79579970e-01 0.00000000e+00
3.80547053e-01 0.00000000e+00
3.81514135e-01 0.00000000e+00
3.82481218e-01 0.00000000e+00
3.83448301e-01 0.00000000e+00
3.84415384e-01 0.00000000e+00
3.85382466e-01 0.00000000e+00
3.86349549e-01 0.00000000e+00
3.87316632e-01 0.00000000e+00
3.88283714e-01 0.00000000e+00
3.89250797e-01 0.00000000e+00
3.90217880e-01 0.00000000e+00
3.91184963e-01 0.00000000e+00
3.92152045e-01 0.00000000e+00
3.93119128e-01 0.00000000e+00
3.94086211e-01 0.00000000e+00
3.95053294e-01 0.00000000e+00
3.96020376e-01 0.00000000e+00
3.96987459e-01 0.00000000e+00
3.97954542e-01 0.00000000e+00
3.98921624e-01 0.00000000e+00
3.99888707e-01 0.00000000e+00
4.00855790e-01 0.00000000e+00
4.01822873e-01 0.00000000e+00
4.02789955e-01 0.00000000e+00
4.03757038e-01 0.00000000e+00
4.04724121e-01 0.00000000e+00
4.05691204e-01 0.00000000e+00
4.06658286e-01 0.00000000e+00
4.07625369e-01 0.00000000e+00
4.08592452e-01 0.00000000e+00
4.09559534e-01 0.00000000e+00
4.10526617e-01 0.00000000e+00
4.11493700e-01 0.00000000e+00
4.12460783e-01 0.00000000e+00
4.13427865e-01 0.00000000e+00
4.14394948e-01 0.00000000e+00
4.15362031e-01 0.00000000e+00
4.16329113e-01 0.00000000e+00
4.17296196e-01 0.00000000e+00
4.18263279e-01 0.00000000e+00
4.19230362e-01 0.00000000e+00
4.20197444e-01 0.00000000e+00
4.21164527e-01 0.00000000e+00
4.22131610e-01 0.00000000e+00
4.23098693e-01 0.00000000e+00
4.24065775e-01 0.00000000e+00
4.25032858e-01 0.00000000e+00
4.25999941e-01 0.00000000e+00
4.26967023e-01 0.00000000e+00
4.27934106e-01 0.00000000e+00
4.28901189e-01 0.00000000e+00
4.29868272e-01 0.00000000e+00
4.30835354e-01 0.00000000e+00
4.31802437e-01 0.00000000e+00
4.32769520e-01 0.00000000e+00
4.33736603e-01 0.00000000e+00
4.34703685e-01 0.00000000e+00
4.35670768e-01 0.00000000e+00
4.36637851e-01 0.00000000e+00
4.37604933e-01 0.00000000e+00
4.38572016e-01 0.00000000e+00
4.39539099e-01 0.00000000e+00
4.40506182e-01 0.00000000e+00
4.41473264e-01 0.00000000e+00
4.42440347e-01 0.00000000e+00
4.43407430e-01 0.00000000e+00
4.44374513e-01 0.00000000e+00
4.45341595e-01 0.00000000e+00
4.46308678e-01 0.00000000e+00
4.47275761e-01 0.00000000e+00
4.48242843e-01 0.00000000e+00
4.49209926e-01 0.00000000e+00
4.50177009e-01 0.00000000e+00
4.51144092e-01 0.00000000e+00
4.52111174e-01 0.00000000e+00
4.53078257e-01 0.00000000e+00
4.54045340e-01 0.00000000e+00
4.55012423e-01 0.00000000e+00
4.55979505e-01 0.00000000e+00
4.56946588e-01 0.00000000e+00
4.57913671e-01 0.00000000e+00
4.58880753e-01 0.00000000e+00
4.59847836e-01 0.00000000e+00
4.60814919e-01 0.00000000e+00
4.61782002e-01 0.00000000e+00
4.62749084e-01 0.00000000e+00
4.63716167e-01 0.00000000e+00
4.64683250e-01 0.00000000e+00
4.65650333e-01 0.00000000e+00
4.66617415e-01 0.00000000e+00
4.67584498e-01 0.00000000e+00
4.68551581e-01 0.00000000e+00
4.69518663e-01 0.00000000e+00
4.70485746e-01 0.00000000e+00
4.71452829e-01 0.00000000e+00
4.72419912e-01 0.00000000e+00
4.73386994e-01 0.00000000e+00
4.74354077e-01 0.00000000e+00
4.75321160e-01 0.00000000e+00
4.76288242e-01 0.00000000e+00
4.77255325e-01 0.00000000e+00
4.78222408e-01 0.00000000e+00
4.79189491e-01 0.00000000e+00
4.80156573e-01 0.00000000e+00
4.81123656e-01 0.00000000e+00
4.82090739e-01 0.00000000e+00
4.83057822e-01 0.00000000e+00
4.84024904e-01 0.00000000e+00
4.84991987e-01 0.00000000e+00
4.85959070e-01 0.00000000e+00
4.86926152e-01 0.00000000e+00
4.87893235e-01 0.00000000e+00
4.88860318e-01 0.00000000e+00
4.89827401e-01 0.00000000e+00
4.90794483e-01 0.00000000e+00
4.91761566e-01 0.00000000e+00
4.92728649e-01 0.00000000e+00
4.93695732e-01 0.00000000e+00
4.94662814e-01 0.00000000e+00
4.95629897e-01 0.00000000e+00
4.96596980e-01 0.00000000e+00
4.97564062e-01 0.00000000e+00
4.98531145e-01 0.00000000e+00
4.99498228e-01 0.00000000e+00
5.00465311e-01 0.00000000e+00
0.00000000e+00 4.83541363e-04
0.00000000e+00 1.45062409e-03
0.00000000e+00 2.41770681e-03
0.00000000e+00 3.38478954e-03
0.00000000e+00 4.35187227e-03
0.00000000e+00 5.31895499e-03
0.00000000e+00 6.28603772e-03
0.00000000e+00 7.25312044e-03
0.00000000e+00 8.22020317e-03
0.00000000e+00 9.18728590e-03
0.00000000e+00 1.01543686e-02
0.00000000e+00 1.11214513e-02
0.00000000e+00 1.20885341e-02
0.00000000e+00 1.30556168e-02
0.00000000e+00 1.40226995e-02
0.00000000e+00 1.49897823e-02
0.00000000e+00 1.59568650e-02
0.00000000e+00 1.69239477e-02
0.00000000e+00 1.78910304e-02
0.00000000e+00 1.88581132e-02
0.00000000e+00 1.98251959e-02
0.00000000e+00 2.07922786e-02
0.00000000e+00 2.17593613e-02
0.00000000e+00 2.27264441e-02
0.00000000e+00 2.36935268e-02
0.00000000e+00 2.46606095e-02
0.00000000e+00 2.56276922e-02
0.00000000e+00 2.65947750e-02
0.00000000e+00 2.75618577e-02
0.00000000e+00 2.85289404e-02
0.00000000e+00 2.94960231e-02
0.00000000e+00 3.04631059e-02
0.00000000e+00 3.14301886e-02
0.00000000e+00 3.23972713e-02
0.00000000e+00 3.33643540e-02
0.00000000e+00 3.43314368e-02
0.00000000e+00 3.52985195e-02
0.00000000e+00 3.62656022e-02
0.00000000e+00 3.72326849e-02
0.00000000e+00 3.81997677e-02
0.00000000e+00 3.91668504e-02
0.00000000e+00 4.01339331e-02
0.00000000e+00 4.11010158e-02
0.00000000e+00 4.20680986e-02
0.00000000e+00 4.30351813e-02
0.00000000e+00 4.40022640e-02
0.00000000e+00 4.49693468e-02
0.00000000e+00 4.59364295e-02
0.00000000e+00 4.69035122e-02
0.00000000e+00 4.78705949e-02
0.00000000e+00 4.88376777e-02
0.00000000e+00 4.98047604e-02
0.00000000e+00 5.07718431e-02
0.00000000e+00 5.17389258e-02
0.00000000e+00 5.27060086e-02
0.00000000e+00 5.36730913e-02
0.00000000e+00 5.46401740e-02
0.00000000e+00 5.56072567e-02
0.00000000e+00 5.65743395e-02
0.00000000e+00 5.75414222e-02
0.00000000e+00 5.85085049e-02
0.00000000e+00 5.94755876e-02
0.00000000e+00 6.04426704e-02
0.00000000e+00 6.14097531e-02
0.00000000e+00 6.23768358e-02
0.00000000e+00 6.33439185e-02
0.00000000e+00 6.43110013e-02
0.00000000e+00 6.52780840e-02
0.00000000e+00 6.62451667e-02
0.00000000e+00 6.72122494e-02
0.00000000e+00 6.81793322e-02
0.00000000e+00 6.91464149e-02
0.00000000e+00 7.01134976e-02
0.00000000e+00 7.10805804e-02
0.00000000e+00 7.20476631e-02
0.00000000e+00 7.30147458e-02
0.00000000e+00 7.39818285e-02
0.00000000e+00 7.49489113e-02
0.00000000e+00 7.59159940e-02
0.00000000e+00 7.68830767e-02
0.00000000e+00 7.78501594e-02
0.00000000e+00 7.88172422e-02
0.00000000e+00 7.97843249e-02
0.00000000e+00 8.07514076e-02
0.00000000e+00 8.17184903e-02
0.00000000e+00 8.26855731e-02
0.00000000e+00 8.36526558e-02
0.00000000e+00 8.46197385e-02
0.00000000e+00 8.55868212e-02
0.00000000e+00 8.65539040e-02
0.00000000e+00 8.75209867e-02
0.00000000e+00 8.84880694e-02
0.00000000e+00 8.94551521e-02
0.00000000e+00 9.04222349e-02
0.00000000e+00 9.13893176e-02
0.00000000e+00 9.23564003e-02
0.00000000e+00 9.33234830e-02
0.00000000e+00 9.42905658e-02
0.00000000e+00 9.52576485e-02
0.00000000e+00 9.62247312e-02
0.00000000e+00 9.71918140e-02
0.00000000e+00 9.81588967e-02
0.00000000e+00 9.91259794e-02
0.00000000e+00 1.00093062e-01
0.00000000e+00 1.01060145e-01
0.00000000e+00 1.02027228e-01
0.00000000e+00 1.02994310e-01
0.00000000e+00 1.03961393e-01
0.00000000e+00 1.04928476e-01
0.00000000e+00 1.05895558e-01
0.00000000e+00 1.06862641e-01
0.00000000e+00 1.07829724e-01
0.00000000e+00 1.08796807e-01
0.00000000e+00 1.09763889e-01
0.00000000e+00 1.10730972e-01
0.00000000e+00 1.11698055e-01
0.00000000e+00 1.12665138e-01
0.00000000e+00 1.13632220e-01
0.00000000e+00 1.14599303e-01
0.00000000e+00 1.15566386e-01
0.00000000e+00 1.16533468e-01
0.00000000e+00 1.17500551e-01
0.00000000e+00 1.18467634e-01
0.00000000e+00 1.19434717e-01
0.00000000e+00 1.20401799e-01
0.00000000e+00 1.21368882e-01
0.00000000e+00 1.22335965e-01
0.00000000e+00 1.23303048e-01
0.00000000e+00 1.24270130e-01
0.00000000e+00 1.25237213e-01
0.00000000e+00 1.26204296e-01
0.00000000e+00 1.27171378e-01
0.00000000e+00 1.28138461e-01
0.00000000e+00 1.29105544e-01
0.00000000e+00 1.30072627e-01
0.00000000e+00 1.31039709e-01
0.00000000e+00 1.32006792e-01
0.00000000e+00 1.32973875e-01
0.00000000e+00 1.33940958e-01
0.00000000e+00 1.34908040e-01
0.00000000e+00 1.35875123e-01
0.00000000e+00 1.36842206e-01
0.00000000e+00 1.37809288e-01
0.00000000e+00 1.38776371e-01
0.00000000e+00 1.39743454e-01
0.00000000e+00 1.40710537e-01
0.00000000e+00 1.41677619e-01
0.00000000e+00 1.42644702e-01
0.00000000e+00 1.43611785e-01
0.00000000e+00 1.44578868e-01
0.00000000e+00 1.45545950e-01
0.00000000e+00 1.46513033e-01
0.00000000e+00 1.47480116e-01
0.00000000e+00 1.48447198e-01
0.00000000e+00 1.49414281e-01
0.00000000e+00 1.50381364e-01
0.00000000e+00 1.51348447e-01
0.00000000e+00 1.52315529e-01
0.00000000e+00 1.53282612e-01
0.00000000e+00 1.54249695e-01
0.00000000e+00 1.55216778e-01
0.00000000e+00 1.56183860e-01
0.00000000e+00 1.57150943e-01
0.00000000e+00 1.58118026e-01
0.00000000e+00 1.59085108e-01
0.00000000e+00 1.60052191e-01
0.00000000e+00 1.61019274e-01
0.00000000e+00 1.61986357e-01
0.00000000e+00 1.62953439e-01
0.00000000e+00 1.63920522e-01
0.00000000e+00 1.64887605e-01
0.00000000e+00 1.65854687e-01
0.00000000e+00 1.66821770e-01
0.00000000e+00 1.67788853e-01
0.00000000e+00 1.68755936e-01
0.00000000e+00 1.69723018e-01
0.00000000e+00 1.70690101e-01
0.00000000e+00 1.71657184e-01
0.00000000e+00 1.72624267e-01
0.00000000e+00 1.73591349e-01
0.00000000e+00 1.74558432e-01
0.00000000e+00 1.75525515e-01
0.00000000e+00 1.76492597e-01
0.00000000e+00 1.77459680e-01
0.00000000e+00 1.78426763e-01
0.00000000e+00 1.79393846e-01
0.00000000e+00 1.80360928e-01
0.00000000e+00 1.81328011e-01
0.00000000e+00 1.82295094e-01
0.00000000e+00 1.83262177e-01
0.00000000e+00 1.84229259e-01
0.00000000e+00 1.85196342e-01
0.00000000e+00 1.86163425e-01
0.00000000e+00 1.87130507e-01
0.00000000e+00 1.88097590e-01
0.00000000e+00 1.89064673e-01
0.00000000e+00 1.90031756e-01
0.00000000e+00 1.90998838e-01
0.00000000e+00 1.91965921e-01
0.00000000e+00 1.92933004e-01
0.00000000e+00 1.93900087e-01
0.00000000e+00 1.94867169e-01
0.00000000e+00 1.95834252e-01
0.00000000e+00 1.96801335e-01
0.00000000e+00 1.97768417e-01
0.00000000e+00 1.98735500e-01
0.00000000e+00 1.99702583e-01
0.00000000e+00 2.00669666e-01
0.00000000e+00 2.01636748e-01
0.00000000e+00 2.02603831e-01
0.00000000e+00 2.03570914e-01
0.00000000e+00 2.04537997e-01
0.00000000e+00 2.05505079e-01
0.00000000e+00 2.06472162e-01
0.00000000e+00 2.07439245e-01
0.00000000e+00 2.08406327e-01
0.00000000e+00 2.09373410e-01
0.00000000e+00 2.10340493e-01
0.00000000e+00 2.11307576e-01
0.00000000e+00 2.12274658e-01
0.00000000e+00 2.13241741e-01
0.00000000e+00 2.14208824e-01
0.00000000e+00 2.15175907e-01
0.00000000e+00 2.16142989e-01
0.00000000e+00 2.17110072e-01
0.00000000e+00 2.18077155e-01
0.00000000e+00 2.19044237e-01
0.00000000e+00 2.20011320e-01
0.00000000e+00 2.20978403e-01
0.00000000e+00 2.21945486e-01
0.00000000e+00 2.22912568e-01
0.00000000e+00 2.23879651e-01
0.00000000e+00 2.24846734e-01
0.00000000e+00 2.25813816e-01
0.00000000e+00 2.26780899e-01
0.00000000e+00 2.27747982e-01
0.00000000e+00 2.28715065e-01
0.00000000e+00 2.29682147e-01
0.00000000e+00 2.30649230e-01
0.00000000e+00 2.31616313e-01
0.00000000e+00 2.32583396e-01
0.00000000e+00 2.33550478e-01
0.00000000e+00 2.34517561e-01
0.00000000e+00 2.35484644e-01
0.00000000e+00 2.36451726e-01
0.00000000e+00 2.37418809e-01
0.00000000e+00 2.38385892e-01
0.00000000e+00 2.39352975e-01
0.00000000e+00 2.40320057e-01
0.00000000e+00 2.41287140e-01
0.00000000e+00 2.42254223e-01
0.00000000e+00 2.43221306e-01
0.00000000e+00 2.44188388e-01
0.00000000e+00 2.45155471e-01
0.00000000e+00 2.46122554e-01
0.00000000e+00 2.47089636e-01
0.00000000e+00 2.48056719e-01
0.00000000e+00 2.49023802e-01
0.00000000e+00 2.49990885e-01
0.00000000e+00 2.50957967e-01
0.00000000e+00 2.51925050e-01
0.00000000e+00 2.52892133e-01
0.00000000e+00 2.53859216e-01
0.00000000e+00 2.54826298e-01
0.00000000e+00 2.55793381e-01
0.00000000e+00 2.56760464e-01
0.00000000e+00 2.57727546e-01
0.00000000e+00 2.58694629e-01
0.00000000e+00 2.59661712e-01
0.00000000e+00 2.60628795e-01
0.00000000e+00 2.61595877e-01
0.00000000e+00 2.62562960e-01
0.00000000e+00 2.63530043e-01
0.00000000e+00 2.64497126e-01
0.00000000e+00 2.65464208e-01
0.00000000e+00 2.66431291e-01
0.00000000e+00 2.67398374e-01
0.00000000e+00 2.68365456e-01
0.00000000e+00 2.69332539e-01
0.00000000e+00 2.70299622e-01
0.00000000e+00 2.71266705e-01
0.00000000e+00 2.72233787e-01
0.00000000e+00 2.73200870e-01
0.00000000e+00 2.74167953e-01
0.00000000e+00 2.75135036e-01
0.00000000e+00 2.76102118e-01
0.00000000e+00 2.77069201e-01
0.00000000e+00 2.78036284e-01
0.00000000e+00 2.79003366e-01
0.00000000e+00 2.79970449e-01
0.00000000e+00 2.80937532e-01
0.00000000e+00 2.81904615e-01
0.00000000e+00 2.82871697e-01
0.00000000e+00 2.83838780e-01
0.00000000e+00 2.84805863e-01
0.00000000e+00 2.85772945e-01
0.00000000e+00 2.86740028e-01
0.00000000e+00 2.87707111e-01
0.00000000e+00 2.88674194e-01
0.00000000e+00 2.89641276e-01
0.00000000e+00 2.90608359e-01
0.00000000e+00 2.91575442e-01
0.00000000e+00 2.92542525e-01
0.00000000e+00 2.93509607e-01
0.00000000e+00 2.94476690e-01
0.00000000e+00 2.95443773e-01
0.00000000e+00 2.96410855e-01
0.00000000e+00 2.97377938e-01
0.00000000e+00 2.98345021e-01
0.00000000e+00 2.99312104e-01
0.00000000e+00 3.00279186e-01
0.00000000e+00 3.01246269e-01
0.00000000e+00 3.02213352e-01
0.00000000e+00 3.03180435e-01
0.00000000e+00 3.04147517e-01
0.00000000e+00 3.05114600e-01
0.00000000e+00 3.06081683e-01
0.00000000e+00 3.07048765e-01
0.00000000e+00 3.08015848e-01
0.00000000e+00 3.08982931e-01
0.00000000e+00 3.09950014e-01
0.00000000e+00 3.10917096e-01
0.00000000e+00 3.11884179e-01
0.00000000e+00 3.12851262e-01
0.00000000e+00 3.13818345e-01
0.00000000e+00 3.14785427e-01
0.00000000e+00 3.15752510e-01
0.00000000e+00 3.16719593e-01
0.00000000e+00 3.17686675e-01
0.00000000e+00 3.18653758e-01
0.00000000e+00 3.19620841e-01
0.00000000e+00 3.20587924e-01
0.00000000e+00 3.21555006e-01
0.00000000e+00 3.22522089e-01
0.00000000e+00 3.23489172e-01
0.00000000e+00 3.24456255e-01
0.00000000e+00 3.25423337e-01
0.00000000e+00 3.26390420e-01
0.00000000e+00 3.27357503e-01
0.00000000e+00 3.28324585e-01
0.00000000e+00 3.29291668e-01
0.00000000e+00 3.30258751e-01
0.00000000e+00 3.31225834e-01
0.00000000e+00 3.32192916e-01
0.00000000e+00 3.33159999e-01
0.00000000e+00 3.34127082e-01
0.00000000e+00 3.35094165e-01
0.00000000e+00 3.36061247e-01
0.00000000e+00 3.37028330e-01
0.00000000e+00 3.37995413e-01
0.00000000e+00 3.38962495e-01
0.00000000e+00 3.39929578e-01
0.00000000e+00 3.40896661e-01
0.00000000e+00 3.41863744e-01
0.00000000e+00 3.42830826e-01
0.00000000e+00 3.43797909e-01
0.00000000e+00 3.44764992e-01
0.00000000e+00 3.45732075e-01
0.00000000e+00 3.46699157e-01
0.00000000e+00 3.47666240e-01
0.00000000e+00 3.48633323e-01
0.00000000e+00 3.49600405e-01
0.00000000e+00 3.50567488e-01
0.00000000e+00 3.51534571e-01
0.00000000e+00 3.52501654e-01
0.00000000e+00 3.53468736e-01
0.00000000e+00 3.54435819e-01
0.00000000e+00 3.55402902e-01
0.00000000e+00 3.56369984e-01
0.00000000e+00 3.57337067e-01
0.00000000e+00 3.58304150e-01
0.00000000e+00 3.59271233e-01
0.00000000e+00 3.60238315e-01
0.00000000e+00 3.61205398e-01
0.00000000e+00 3.62172481e-01
0.00000000e+00 3.63139564e-01
0.00000000e+00 3.64106646e-01
0.00000000e+00 3.65073729e-01
0.00000000e+00 3.66040812e-01
0.00000000e+00 3.67007894e-01
0.00000000e+00 3.67974977e-01
0.00000000e+00 3.68942060e-01
0.00000000e+00 3.69909143e-01
0.00000000e+00 3.70876225e-01
0.00000000e+00 3.71843308e-01
0.00000000e+00 3.72810391e-01
0.00000000e+00 3.73777474e-01
0.00000000e+00 3.74744556e-01
0.00000000e+00 3.75711639e-01
0.00000000e+00 3.76678722e-01
0.00000000e+00 3.77645804e-01
0.00000000e+00 3.78612887e-01
0.00000000e+00 3.79579970e-01
0.00000000e+00 3.80547053e-01
0.00000000e+00 3.81514135e-01
0.00000000e+00 3.82481218e-01
0.00000000e+00 3.83448301e-01
0.00000000e+00 3.84415384e-01
0.00000000e+00 3.85382466e-01
0.00000000e+00 3.86349549e-01
0.00000000e+00 3.87316632e-01
0.00000000e+00 3.88283714e-01
0.00000000e+00 3.89250797e-01
0.00000000e+00 3.90217880e-01
0.00000000e+00 3.91184963e-01
0.00000000e+00 3.92152045e-01
0.00000000e+00 3.93119128e-01
0.00000000e+00 3.94086211e-01
0.00000000e+00 3.95053294e-01
0.00000000e+00 3.96020376e-01
0.00000000e+00 3.96987459e-01
0.00000000e+00 3.97954542e-01
0.00000000e+00 3.98921624e-01
0.00000000e+00 3.99888707e-01
0.00000000e+00 4.00855790e-01
0.00000000e+00 4.01822873e-01
0.00000000e+00 4.02789955e-01
0.00000000e+00 4.03757038e-01
0.00000000e+00 4.04724121e-01
0.00000000e+00 4.05691204e-01
0.00000000e+00 4.06658286e-01
0.00000000e+00 4.07625369e-01
0.00000000e+00 4.08592452e-01
0.00000000e+00 4.09559534e-01
0.00000000e+00 4.10526617e-01
0.00000000e+00 4.11493700e-01
0.00000000e+00 4.12460783e-01
0.00000000e+00 4.13427865e-01
0.00000000e+00 4.14394948e-01
0.00000000e+00 4.15362031e-01
0.00000000e+00 4.16329113e-01
0.00000000e+00 4.17296196e-01
0.00000000e+00 4.18263279e-01
0.00000000e+00 4.19230362e-01
0.00000000e+00 4.20197444e-01
0.00000000e+00 4.21164527e-01
0.00000000e+00 4.22131610e-01
0.00000000e+00 4.23098693e-01
0.00000000e+00 4.24065775e-01
0.00000000e+00 4.25032858e-01
0.00000000e+00 4.25999941e-01
0.00000000e+00 4.26967023e-01
0.00000000e+00 4.27934106e-01
0.00000000e+00 4.28901189e-01
0.00000000e+00 4.29868272e-01
0.00000000e+00 4.30835354e-01
0.00000000e+00 4.31802437e-01
0.00000000e+00 4.32769520e-01
0.00000000e+00 4.33736603e-01
0.00000000e+00 4.34703685e-01
0.00000000e+00 4.35670768e-01
0.00000000e+00 4.36637851e-01
0.00000000e+00 4.37604933e-01
0.00000000e+00 4.38572016e-01
0.00000000e+00 4.39539099e-01
0.00000000e+00 4.40506182e-01
0.00000000e+00 4.41473264e-01
0.00000000e+00 4.42440347e-01
0.00000000e+00 4.43407430e-01
0.00000000e+00 4.44374513e-01
0.00000000e+00 4.45341595e-01
0.00000000e+00 4.46308678e-01
0.00000000e+00 4.47275761e-01
0.00000000e+00 4.48242843e-01
0.00000000e+00 4.49209926e-01
0.00000000e+00 4.50177009e-01
0.00000000e+00 4.51144092e-01
0.00000000e+00 4.52111174e-01
0.00000000e+00 4.53078257e-01
0.00000000e+00 4.54045340e-01
0.00000000e+00 4.55012423e-01
0.00000000e+00 4.55979505e-01
0.00000000e+00 4.56946588e-01
0.00000000e+00 4.57913671e-01
0.00000000e+00 4.58880753e-01
0.00000000e+00 4.59847836e-01
0.00000000e+00 4.60814919e-01
0.00000000e+00 4.61782002e-01
0.00000000e+00 4.62749084e-01
0.00000000e+00 4.63716167e-01
0.00000000e+00 4.64683250e-01
0.00000000e+00 4.65650333e-01
0.00000000e+00 4.66617415e-01
0.00000000e+00 4.67584498e-01
0.00000000e+00 4.68551581e-01
0.00000000e+00 4.69518663e-01
0.00000000e+00 4.70485746e-01
0.00000000e+00 4.71452829e-01
0.00000000e+00 4.72419912e-01
0.00000000e+00 4.73386994e-01
0.00000000e+00 4.74354077e-01
0.00000000e+00 4.75321160e-01
0.00000000e+00 4.76288242e-01
0.00000000e+00 4.77255325e-01
0.00000000e+00 4.78222408e-01
0.00000000e+00 4.79189491e-01
0.00000000e+00 4.80156573e-01
0.00000000e+00 4.81123656e-01
0.00000000e+00 4.82090739e-01
0.00000000e+00 4.83057822e-01
0.00000000e+00 4.84024904e-01
0.00000000e+00 4.84991987e-01
0.00000000e+00 4.85959070e-01
0.00000000e+00 4.86926152e-01
0.00000000e+00 4.87893235e-01
0.00000000e+00 4.88860318e-01
0.00000000e+00 4.89827401e-01
0.00000000e+00 4.90794483e-01
0.00000000e+00 4.91761566e-01
0.00000000e+00 4.92728649e-01
0.00000000e+00 4.93695732e-01
0.00000000e+00 4.94662814e-01
0.00000000e+00 4.95629897e-01
0.00000000e+00 4.96596980e-01
0.00000000e+00 4.97564062e-01
0.00000000e+00 4.98531145e-01
0.00000000e+00 4.99498228e-01
0.00000000e+00 5.00465311e-01
