% L-Bracket Geometry
% N_total=2070, N_horizontal=1035, N_vertical=1035
% Resolution: 100 segments per wavelength
% Format: x(m) y(m)
2.41770681e-04 0.00000000e+00
7.25312044e-04 0.00000000e+00
1.20885341e-03 0.00000000e+00
1.69239477e-03 0.00000000e+00
2.17593613e-03 0.00000000e+00
2.65947750e-03 0.00000000e+00
3.14301886e-03 0.00000000e+00
3.62656022e-03 0.00000000e+00
4.11010158e-03 0.00000000e+00
4.59364295e-03 0.00000000e+00
5.07718431e-03 0.00000000e+00
5.56072567e-03 0.00000000e+00
6.04426704e-03 0.00000000e+00
6.52780840e-03 0.00000000e+00
7.01134976e-03 0.00000000e+00
7.49489113e-03 0.00000000e+00
7.97843249e-03 0.00000000e+00
8.46197385e-03 0.00000000e+00
8.94551521e-03 0.00000000e+00
9.42905658e-03 0.00000000e+00
9.91259794e-03 0.00000000e+00
1.03961393e-02 0.00000000e+00
1.08796807e-02 0.00000000e+00
1.13632220e-02 0.00000000e+00
1.18467634e-02 0.00000000e+00
1.23303048e-02 0.00000000e+00
1.28138461e-02 0.00000000e+00
1.32973875e-02 0.00000000e+00
1.37809288e-02 0.00000000e+00
1.42644702e-02 0.00000000e+00
1.47480116e-02 0.00000000e+00
1.52315529e-02 0.00000000e+00
1.57150943e-02 0.00000000e+00
1.61986357e-02 0.00000000e+00
1.66821770e-02 0.00000000e+00
1.71657184e-02 0.00000000e+00
1.76492597e-02 0.00000000e+00
1.81328011e-02 0.00000000e+00
1.86163425e-02 0.00000000e+00
1.90998838e-02 0.00000000e+00
1.95834252e-02 0.00000000e+00
2.00669666e-02 0.00000000e+00
2.05505079e-02 0.00000000e+00
2.10340493e-02 0.00000000e+00
2.15175907e-02 0.00000000e+00
2.20011320e-02 0.00000000e+00
2.24846734e-02 0.00000000e+00
2.29682147e-02 0.00000000e+00
2.34517561e-02 0.00000000e+00
2.39352975e-02 0.00000000e+00
2.44188388e-02 0.00000000e+00
2.49023802e-02 0.00000000e+00
2.53859216e-02 0.00000000e+00
2.58694629e-02 0.00000000e+00
2.63530043e-02 0.00000000e+00
2.68365456e-02 0.00000000e+00
2.73200870e-02 0.00000000e+00
2.78036284e-02 0.00000000e+00
2.82871697e-02 0.00000000e+00
2.87707111e-02 0.00000000e+00
2.92542525e-02 0.00000000e+00
2.97377938e-02 0.00000000e+00
3.02213352e-02 0.00000000e+00
3.07048765e-02 0.00000000e+00
3.11884179e-02 0.00000000e+00
3.16719593e-02 0.00000000e+00
3.21555006e-02 0.00000000e+00
3.26390420e-02 0.00000000e+00
3.31225834e-02 0.00000000e+00
3.36061247e-02 0.00000000e+00
3.40896661e-02 0.00000000e+00
3.45732075e-02 0.00000000e+00
3.50567488e-02 0.00000000e+00
3.55402902e-02 0.00000000e+00
3.60238315e-02 0.00000000e+00
3.65073729e-02 0.00000000e+00
3.69909143e-02 0.00000000e+00
3.74744556e-02 0.00000000e+00
3.79579970e-02 0.00000000e+00
3.84415384e-02 0.00000000e+00
3.89250797e-02 0.00000000e+00
3.94086211e-02 0.00000000e+00
3.98921624e-02 0.00000000e+00
4.03757038e-02 0.00000000e+00
4.08592452e-02 0.00000000e+00
4.13427865e-02 0.00000000e+00
4.18263279e-02 0.00000000e+00
4.23098693e-02 0.00000000e+00
4.27934106e-02 0.00000000e+00
4.32769520e-02 0.00000000e+00
4.37604933e-02 0.00000000e+00
4.42440347e-02 0.00000000e+00
4.47275761e-02 0.00000000e+00
4.52111174e-02 0.00000000e+00
4.56946588e-02 0.00000000e+00
4.61782002e-02 0.00000000e+00
4.66617415e-02 0.00000000e+00
4.71452829e-02 0.00000000e+00
4.76288242e-02 0.00000000e+00
4.81123656e-02 0.00000000e+00
4.85959070e-02 0.00000000e+00
4.90794483e-02 0.00000000e+00
4.95629897e-02 0.00000000e+00
5.00465311e-02 0.00000000e+00
5.05300724e-02 0.00000000e+00
5.10136138e-02 0.00000000e+00
5.14971552e-02 0.00000000e+00
5.19806965e-02 0.00000000e+00
5.24642379e-02 0.00000000e+00
5.29477792e-02 0.00000000e+00
5.34313206e-02 0.00000000e+00
5.39148620e-02 0.00000000e+00
5.43984033e-02 0.00000000e+00
5.48819447e-02 0.00000000e+00
5.53654861e-02 0.00000000e+00
5.58490274e-02 0.00000000e+00
5.63325688e-02 0.00000000e+00
5.68161101e-02 0.00000000e+00
5.72996515e-02 0.00000000e+00
5.77831929e-02 0.00000000e+00
5.82667342e-02 0.00000000e+00
5.87502756e-02 0.00000000e+00
5.92338170e-02 0.00000000e+00
5.97173583e-02 0.00000000e+00
6.02008997e-02 0.00000000e+00
6.06844410e-02 0.00000000e+00
6.11679824e-02 0.00000000e+00
6.16515238e-02 0.00000000e+00
6.21350651e-02 0.00000000e+00
6.26186065e-02 0.00000000e+00
6.31021479e-02 0.00000000e+00
6.35856892e-02 0.00000000e+00
6.40692306e-02 0.00000000e+00
6.45527720e-02 0.00000000e+00
6.50363133e-02 0.00000000e+00
6.55198547e-02 0.00000000e+00
6.60033960e-02 0.00000000e+00
6.64869374e-02 0.00000000e+00
6.69704788e-02 0.00000000e+00
6.74540201e-02 0.00000000e+00
6.79375615e-02 0.00000000e+00
6.84211029e-02 0.00000000e+00
6.89046442e-02 0.00000000e+00
6.93881856e-02 0.00000000e+00
6.98717269e-02 0.00000000e+00
7.03552683e-02 0.00000000e+00
7.08388097e-02 0.00000000e+00
7.13223510e-02 0.00000000e+00
7.18058924e-02 0.00000000e+00
7.22894338e-02 0.00000000e+00
7.27729751e-02 0.00000000e+00
7.32565165e-02 0.00000000e+00
7.37400578e-02 0.00000000e+00
7.42235992e-02 0.00000000e+00
7.47071406e-02 0.00000000e+00
7.51906819e-02 0.00000000e+00
7.56742233e-02 0.00000000e+00
7.61577647e-02 0.00000000e+00
7.66413060e-02 0.00000000e+00
7.71248474e-02 0.00000000e+00
7.76083888e-02 0.00000000e+00
7.80919301e-02 0.00000000e+00
7.85754715e-02 0.00000000e+00
7.90590128e-02 0.00000000e+00
7.95425542e-02 0.00000000e+00
8.00260956e-02 0.00000000e+00
8.05096369e-02 0.00000000e+00
8.09931783e-02 0.00000000e+00
8.14767197e-02 0.00000000e+00
8.19602610e-02 0.00000000e+00
8.24438024e-02 0.00000000e+00
8.29273437e-02 0.00000000e+00
8.34108851e-02 0.00000000e+00
8.38944265e-02 0.00000000e+00
8.43779678e-02 0.00000000e+00
8.48615092e-02 0.00000000e+00
8.53450506e-02 0.00000000e+00
8.58285919e-02 0.00000000e+00
8.63121333e-02 0.00000000e+00
8.67956746e-02 0.00000000e+00
8.72792160e-02 0.00000000e+00
8.77627574e-02 0.00000000e+00
8.82462987e-02 0.00000000e+00
8.87298401e-02 0.00000000e+00
8.92133815e-02 0.00000000e+00
8.96969228e-02 0.00000000e+00
9.01804642e-02 0.00000000e+00
9.06640056e-02 0.00000000e+00
9.11475469e-02 0.00000000e+00
9.16310883e-02 0.00000000e+00
9.21146296e-02 0.00000000e+00
9.25981710e-02 0.00000000e+00
9.30817124e-02 0.00000000e+00
9.35652537e-02 0.00000000e+00
9.40487951e-02 0.00000000e+00
9.45323365e-02 0.00000000e+00
9.50158778e-02 0.00000000e+00
9.54994192e-02 0.00000000e+00
9.59829605e-02 0.00000000e+00
9.64665019e-02 0.00000000e+00
9.69500433e-02 0.00000000e+00
9.74335846e-02 0.00000000e+00
9.79171260e-02 0.00000000e+00
9.84006674e-02 0.00000000e+00
9.88842087e-02 0.00000000e+00
9.93677501e-02 0.00000000e+00
9.98512914e-02 0.00000000e+00
1.00334833e-01 0.00000000e+00
1.00818374e-01 0.00000000e+00
1.01301916e-01 0.00000000e+00
1.01785457e-01 0.00000000e+00
1.02268998e-01 0.00000000e+00
1.02752540e-01 0.00000000e+00
1.03236081e-01 0.00000000e+00
1.03719622e-01 0.00000000e+00
1.04203164e-01 0.00000000e+00
1.04686705e-01 0.00000000e+00
1.05170246e-01 0.00000000e+00
1.05653788e-01 0.00000000e+00
1.06137329e-01 0.00000000e+00
1.06620871e-01 0.00000000e+00
1.07104412e-01 0.00000000e+00
1.07587953e-01 0.00000000e+00
1.08071495e-01 0.00000000e+00
1.08555036e-01 0.00000000e+00
1.09038577e-01 0.00000000e+00
1.09522119e-01 0.00000000e+00
1.10005660e-01 0.00000000e+00
1.10489201e-01 0.00000000e+00
1.10972743e-01 0.00000000e+00
1.11456284e-01 0.00000000e+00
1.11939826e-01 0.00000000e+00
1.12423367e-01 0.00000000e+00
1.12906908e-01 0.00000000e+00
1.13390450e-01 0.00000000e+00
1.13873991e-01 0.00000000e+00
1.14357532e-01 0.00000000e+00
1.14841074e-01 0.00000000e+00
1.15324615e-01 0.00000000e+00
1.15808156e-01 0.00000000e+00
1.16291698e-01 0.00000000e+00
1.16775239e-01 0.00000000e+00
1.17258781e-01 0.00000000e+00
1.17742322e-01 0.00000000e+00
1.18225863e-01 0.00000000e+00
1.18709405e-01 0.00000000e+00
1.19192946e-01 0.00000000e+00
1.19676487e-01 0.00000000e+00
1.20160029e-01 0.00000000e+00
1.20643570e-01 0.00000000e+00
1.21127111e-01 0.00000000e+00
1.21610653e-01 0.00000000e+00
1.22094194e-01 0.00000000e+00
1.22577736e-01 0.00000000e+00
1.23061277e-01 0.00000000e+00
1.23544818e-01 0.00000000e+00
1.24028360e-01 0.00000000e+00
1.24511901e-01 0.00000000e+00
1.24995442e-01 0.00000000e+00
1.25478984e-01 0.00000000e+00
1.25962525e-01 0.00000000e+00
1.26446066e-01 0.00000000e+00
1.26929608e-01 0.00000000e+00
1.27413149e-01 0.00000000e+00
1.27896690e-01 0.00000000e+00
1.28380232e-01 0.00000000e+00
1.28863773e-01 0.00000000e+00
1.29347315e-01 0.00000000e+00
1.29830856e-01 0.00000000e+00
1.30314397e-01 0.00000000e+00
1.30797939e-01 0.00000000e+00
1.31281480e-01 0.00000000e+00
1.31765021e-01 0.00000000e+00
1.32248563e-01 0.00000000e+00
1.32732104e-01 0.00000000e+00
1.33215645e-01 0.00000000e+00
1.33699187e-01 0.00000000e+00
1.34182728e-01 0.00000000e+00
1.34666270e-01 0.00000000e+00
1.35149811e-01 0.00000000e+00
1.35633352e-01 0.00000000e+00
1.36116894e-01 0.00000000e+00
1.36600435e-01 0.00000000e+00
1.37083976e-01 0.00000000e+00
1.37567518e-01 0.00000000e+00
1.38051059e-01 0.00000000e+00
1.38534600e-01 0.00000000e+00
1.39018142e-01 0.00000000e+00
1.39501683e-01 0.00000000e+00
1.39985225e-01 0.00000000e+00
1.40468766e-01 0.00000000e+00
1.40952307e-01 0.00000000e+00
1.41435849e-01 0.00000000e+00
1.41919390e-01 0.00000000e+00
1.42402931e-01 0.00000000e+00
1.42886473e-01 0.00000000e+00
1.43370014e-01 0.00000000e+00
1.43853555e-01 0.00000000e+00
1.44337097e-01 0.00000000e+00
1.44820638e-01 0.00000000e+00
1.45304180e-01 0.00000000e+00
1.45787721e-01 0.00000000e+00
1.46271262e-01 0.00000000e+00
1.46754804e-01 0.00000000e+00
1.47238345e-01 0.00000000e+00
1.47721886e-01 0.00000000e+00
1.48205428e-01 0.00000000e+00
1.48688969e-01 0.00000000e+00
1.49172510e-01 0.00000000e+00
1.49656052e-01 0.00000000e+00
1.50139593e-01 0.00000000e+00
1.50623135e-01 0.00000000e+00
1.51106676e-01 0.00000000e+00
1.51590217e-01 0.00000000e+00
1.52073759e-01 0.00000000e+00
1.52557300e-01 0.00000000e+00
1.53040841e-01 0.00000000e+00
1.53524383e-01 0.00000000e+00
1.54007924e-01 0.00000000e+00
1.54491465e-01 0.00000000e+00
1.54975007e-01 0.00000000e+00
1.55458548e-01 0.00000000e+00
1.55942090e-01 0.00000000e+00
1.56425631e-01 0.00000000e+00
1.56909172e-01 0.00000000e+00
1.57392714e-01 0.00000000e+00
1.57876255e-01 0.00000000e+00
1.58359796e-01 0.00000000e+00
1.58843338e-01 0.00000000e+00
1.59326879e-01 0.00000000e+00
1.59810420e-01 0.00000000e+00
1.60293962e-01 0.00000000e+00
1.60777503e-01 0.00000000e+00
1.61261045e-01 0.00000000e+00
1.61744586e-01 0.00000000e+00
1.62228127e-01 0.00000000e+00
1.62711669e-01 0.00000000e+00
1.63195210e-01 0.00000000e+00
1.63678751e-01 0.00000000e+00
1.64162293e-01 0.00000000e+00
1.64645834e-01 0.00000000e+00
1.65129375e-01 0.00000000e+00
1.65612917e-01 0.00000000e+00
1.66096458e-01 0.00000000e+00
1.66580000e-01 0.00000000e+00
1.67063541e-01 0.00000000e+00
1.67547082e-01 0.00000000e+00
1.68030624e-01 0.00000000e+00
1.68514165e-01 0.00000000e+00
1.68997706e-01 0.00000000e+00
1.69481248e-01 0.00000000e+00
1.69964789e-01 0.00000000e+00
1.70448330e-01 0.00000000e+00
1.70931872e-01 0.00000000e+00
1.71415413e-01 0.00000000e+00
1.71898955e-01 0.00000000e+00
1.72382496e-01 0.00000000e+00
1.72866037e-01 0.00000000e+00
1.73349579e-01 0.00000000e+00
1.73833120e-01 0.00000000e+00
1.74316661e-01 0.00000000e+00
1.74800203e-01 0.00000000e+00
1.75283744e-01 0.00000000e+00
1.75767285e-01 0.00000000e+00
1.76250827e-01 0.00000000e+00
1.76734368e-01 0.00000000e+00
1.77217910e-01 0.00000000e+00
1.77701451e-01 0.00000000e+00
1.78184992e-01 0.00000000e+00
1.78668534e-01 0.00000000e+00
1.79152075e-01 0.00000000e+00
1.79635616e-01 0.00000000e+00
1.80119158e-01 0.00000000e+00
1.80602699e-01 0.00000000e+00
1.81086240e-01 0.00000000e+00
1.81569782e-01 0.00000000e+00
1.82053323e-01 0.00000000e+00
1.82536865e-01 0.00000000e+00
1.83020406e-01 0.00000000e+00
1.83503947e-01 0.00000000e+00
1.83987489e-01 0.00000000e+00
1.84471030e-01 0.00000000e+00
1.84954571e-01 0.00000000e+00
1.85438113e-01 0.00000000e+00
1.85921654e-01 0.00000000e+00
1.86405195e-01 0.00000000e+00
1.86888737e-01 0.00000000e+00
1.87372278e-01 0.00000000e+00
1.87855820e-01 0.00000000e+00
1.88339361e-01 0.00000000e+00
1.88822902e-01 0.00000000e+00
1.89306444e-01 0.00000000e+00
1.89789985e-01 0.00000000e+00
1.90273526e-01 0.00000000e+00
1.90757068e-01 0.00000000e+00
1.91240609e-01 0.00000000e+00
1.91724150e-01 0.00000000e+00
1.92207692e-01 0.00000000e+00
1.92691233e-01 0.00000000e+00
1.93174774e-01 0.00000000e+00
1.93658316e-01 0.00000000e+00
1.94141857e-01 0.00000000e+00
1.94625399e-01 0.00000000e+00
1.95108940e-01 0.00000000e+00
1.95592481e-01 0.00000000e+00
1.96076023e-01 0.00000000e+00
1.96559564e-01 0.00000000e+00
1.97043105e-01 0.00000000e+00
1.97526647e-01 0.00000000e+00
1.98010188e-01 0.00000000e+00
1.98493729e-01 0.00000000e+00
1.98977271e-01 0.00000000e+00
1.99460812e-01 0.00000000e+00
1.99944354e-01 0.00000000e+00
2.00427895e-01 0.00000000e+00
2.00911436e-01 0.00000000e+00
2.01394978e-01 0.00000000e+00
2.01878519e-01 0.00000000e+00
2.02362060e-01 0.00000000e+00
2.02845602e-01 0.00000000e+00
2.03329143e-01 0.00000000e+00
2.03812684e-01 0.00000000e+00
2.04296226e-01 0.00000000e+00
2.04779767e-01 0.00000000e+00
2.05263309e-01 0.00000000e+00
2.05746850e-01 0.00000000e+00
2.06230391e-01 0.00000000e+00
2.06713933e-01 0.00000000e+00
2.07197474e-01 0.00000000e+00
2.07681015e-01 0.00000000e+00
2.08164557e-01 0.00000000e+00
2.08648098e-01 0.00000000e+00
2.09131639e-01 0.00000000e+00
2.09615181e-01 0.00000000e+00
2.10098722e-01 0.00000000e+00
2.10582264e-01 0.00000000e+00
2.11065805e-01 0.00000000e+00
2.11549346e-01 0.00000000e+00
2.12032888e-01 0.00000000e+00
2.12516429e-01 0.00000000e+00
2.12999970e-01 0.00000000e+00
2.13483512e-01 0.00000000e+00
2.13967053e-01 0.00000000e+00
2.14450594e-01 0.00000000e+00
2.14934136e-01 0.00000000e+00
2.15417677e-01 0.00000000e+00
2.15901219e-01 0.00000000e+00
2.16384760e-01 0.00000000e+00
2.16868301e-01 0.00000000e+00
2.17351843e-01 0.00000000e+00
2.17835384e-01 0.00000000e+00
2.18318925e-01 0.00000000e+00
2.18802467e-01 0.00000000e+00
2.19286008e-01 0.00000000e+00
2.19769549e-01 0.00000000e+00
2.20253091e-01 0.00000000e+00
2.20736632e-01 0.00000000e+00
2.21220174e-01 0.00000000e+00
2.21703715e-01 0.00000000e+00
2.22187256e-01 0.00000000e+00
2.22670798e-01 0.00000000e+00
2.23154339e-01 0.00000000e+00
2.23637880e-01 0.00000000e+00
2.24121422e-01 0.00000000e+00
2.24604963e-01 0.00000000e+00
2.25088504e-01 0.00000000e+00
2.25572046e-01 0.00000000e+00
2.26055587e-01 0.00000000e+00
2.26539129e-01 0.00000000e+00
2.27022670e-01 0.00000000e+00
2.27506211e-01 0.00000000e+00
2.27989753e-01 0.00000000e+00
2.28473294e-01 0.00000000e+00
2.28956835e-01 0.00000000e+00
2.29440377e-01 0.00000000e+00
2.29923918e-01 0.00000000e+00
2.30407459e-01 0.00000000e+00
2.30891001e-01 0.00000000e+00
2.31374542e-01 0.00000000e+00
2.31858084e-01 0.00000000e+00
2.32341625e-01 0.00000000e+00
2.32825166e-01 0.00000000e+00
2.33308708e-01 0.00000000e+00
2.33792249e-01 0.00000000e+00
2.34275790e-01 0.00000000e+00
2.34759332e-01 0.00000000e+00
2.35242873e-01 0.00000000e+00
2.35726414e-01 0.00000000e+00
2.36209956e-01 0.00000000e+00
2.36693497e-01 0.00000000e+00
2.37177039e-01 0.00000000e+00
2.37660580e-01 0.00000000e+00
2.38144121e-01 0.00000000e+00
2.38627663e-01 0.00000000e+00
2.39111204e-01 0.00000000e+00
2.39594745e-01 0.00000000e+00
2.40078287e-01 0.00000000e+00
2.40561828e-01 0.00000000e+00
2.41045369e-01 0.00000000e+00
2.41528911e-01 0.00000000e+00
2.42012452e-01 0.00000000e+00
2.42495994e-01 0.00000000e+00
2.42979535e-01 0.00000000e+00
2.43463076e-01 0.00000000e+00
2.43946618e-01 0.00000000e+00
2.44430159e-01 0.00000000e+00
2.44913700e-01 0.00000000e+00
2.45397242e-01 0.00000000e+00
2.45880783e-01 0.00000000e+00
2.46364324e-01 0.00000000e+00
2.46847866e-01 0.00000000e+00
2.47331407e-01 0.00000000e+00
2.47814949e-01 0.00000000e+00
2.48298490e-01 0.00000000e+00
2.48782031e-01 0.00000000e+00
2.49265573e-01 0.00000000e+00
2.49749114e-01 0.00000000e+00
2.50232655e-01 0.00000000e+00
2.50716197e-01 0.00000000e+00
2.51199738e-01 0.00000000e+00
2.51683279e-01 0.00000000e+00
2.52166821e-01 0.00000000e+00
2.52650362e-01 0.00000000e+00
2.53133903e-01 0.00000000e+00
2.53617445e-01 0.00000000e+00
2.54100986e-01 0.00000000e+00
2.54584528e-01 0.00000000e+00
2.55068069e-01 0.00000000e+00
2.55551610e-01 0.00000000e+00
2.56035152e-01 0.00000000e+00
2.56518693e-01 0.00000000e+00
2.57002234e-01 0.00000000e+00
2.57485776e-01 0.00000000e+00
2.57969317e-01 0.00000000e+00
2.58452858e-01 0.00000000e+00
2.58936400e-01 0.00000000e+00
2.59419941e-01 0.00000000e+00
2.59903483e-01 0.00000000e+00
2.60387024e-01 0.00000000e+00
2.60870565e-01 0.00000000e+00
2.61354107e-01 0.00000000e+00
2.61837648e-01 0.00000000e+00
2.62321189e-01 0.00000000e+00
2.62804731e-01 0.00000000e+00
2.63288272e-01 0.00000000e+00
2.63771813e-01 0.00000000e+00
2.64255355e-01 0.00000000e+00
2.64738896e-01 0.00000000e+00
2.65222438e-01 0.00000000e+00
2.65705979e-01 0.00000000e+00
2.66189520e-01 0.00000000e+00
2.66673062e-01 0.00000000e+00
2.67156603e-01 0.00000000e+00
2.67640144e-01 0.00000000e+00
2.68123686e-01 0.00000000e+00
2.68607227e-01 0.00000000e+00
2.69090768e-01 0.00000000e+00
2.69574310e-01 0.00000000e+00
2.70057851e-01 0.00000000e+00
2.70541393e-01 0.00000000e+00
2.71024934e-01 0.00000000e+00
2.71508475e-01 0.00000000e+00
2.71992017e-01 0.00000000e+00
2.72475558e-01 0.00000000e+00
2.72959099e-01 0.00000000e+00
2.73442641e-01 0.00000000e+00
2.73926182e-01 0.00000000e+00
2.74409723e-01 0.00000000e+00
2.74893265e-01 0.00000000e+00
2.75376806e-01 0.00000000e+00
2.75860348e-01 0.00000000e+00
2.76343889e-01 0.00000000e+00
2.76827430e-01 0.00000000e+00
2.77310972e-01 0.00000000e+00
2.77794513e-01 0.00000000e+00
2.78278054e-01 0.00000000e+00
2.78761596e-01 0.00000000e+00
2.79245137e-01 0.00000000e+00
2.79728678e-01 0.00000000e+00
2.80212220e-01 0.00000000e+00
2.80695761e-01 0.00000000e+00
2.81179303e-01 0.00000000e+00
2.81662844e-01 0.00000000e+00
2.82146385e-01 0.00000000e+00
2.82629927e-01 0.00000000e+00
2.83113468e-01 0.00000000e+00
2.83597009e-01 0.00000000e+00
2.84080551e-01 0.00000000e+00
2.84564092e-01 0.00000000e+00
2.85047633e-01 0.00000000e+00
2.85531175e-01 0.00000000e+00
2.86014716e-01 0.00000000e+00
2.86498258e-01 0.00000000e+00
2.86981799e-01 0.00000000e+00
2.87465340e-01 0.00000000e+00
2.87948882e-01 0.00000000e+00
2.88432423e-01 0.00000000e+00
2.88915964e-01 0.00000000e+00
2.89399506e-01 0.00000000e+00
2.89883047e-01 0.00000000e+00
2.90366588e-01 0.00000000e+00
2.90850130e-01 0.00000000e+00
2.91333671e-01 0.00000000e+00
2.91817213e-01 0.00000000e+00
2.92300754e-01 0.00000000e+00
2.92784295e-01 0.00000000e+00
2.93267837e-01 0.00000000e+00
2.93751378e-01 0.00000000e+00
2.94234919e-01 0.00000000e+00
2.94718461e-01 0.00000000e+00
2.95202002e-01 0.00000000e+00
2.95685543e-01 0.00000000e+00
2.96169085e-01 0.00000000e+00
2.96652626e-01 0.00000000e+00
2.97136168e-01 0.00000000e+00
2.97619709e-01 0.00000000e+00
2.98103250e-01 0.00000000e+00
2.98586792e-01 0.00000000e+00
2.99070333e-01 0.00000000e+00
2.99553874e-01 0.00000000e+00
3.00037416e-01 0.00000000e+00
3.00520957e-01 0.00000000e+00
3.01004498e-01 0.00000000e+00
3.01488040e-01 0.00000000e+00
3.01971581e-01 0.00000000e+00
3.02455123e-01 0.00000000e+00
3.02938664e-01 0.00000000e+00
3.03422205e-01 0.00000000e+00
3.03905747e-01 0.00000000e+00
3.04389288e-01 0.00000000e+00
3.04872829e-01 0.00000000e+00
3.05356371e-01 0.00000000e+00
3.05839912e-01 0.00000000e+00
3.06323453e-01 0.00000000e+00
3.06806995e-01 0.00000000e+00
3.07290536e-01 0.00000000e+00
3.07774078e-01 0.00000000e+00
3.08257619e-01 0.00000000e+00
3.08741160e-01 0.00000000e+00
3.09224702e-01 0.00000000e+00
3.09708243e-01 0.00000000e+00
3.10191784e-01 0.00000000e+00
3.10675326e-01 0.00000000e+00
3.11158867e-01 0.00000000e+00
3.11642408e-01 0.00000000e+00
3.12125950e-01 0.00000000e+00
3.12609491e-01 0.00000000e+00
3.13093033e-01 0.00000000e+00
3.13576574e-01 0.00000000e+00
3.14060115e-01 0.00000000e+00
3.14543657e-01 0.00000000e+00
3.15027198e-01 0.00000000e+00
3.15510739e-01 0.00000000e+00
3.15994281e-01 0.00000000e+00
3.16477822e-01 0.00000000e+00
3.16961363e-01 0.00000000e+00
3.17444905e-01 0.00000000e+00
3.17928446e-01 0.00000000e+00
3.18411987e-01 0.00000000e+00
3.18895529e-01 0.00000000e+00
3.19379070e-01 0.00000000e+00
3.19862612e-01 0.00000000e+00
3.20346153e-01 0.00000000e+00
3.20829694e-01 0.00000000e+00
3.21313236e-01 0.00000000e+00
3.21796777e-01 0.00000000e+00
3.22280318e-01 0.00000000e+00
3.22763860e-01 0.00000000e+00
3.23247401e-01 0.00000000e+00
3.23730942e-01 0.00000000e+00
3.24214484e-01 0.00000000e+00
3.24698025e-01 0.00000000e+00
3.25181567e-01 0.00000000e+00
3.25665108e-01 0.00000000e+00
3.26148649e-01 0.00000000e+00
3.26632191e-01 0.00000000e+00
3.27115732e-01 0.00000000e+00
3.27599273e-01 0.00000000e+00
3.28082815e-01 0.00000000e+00
3.28566356e-01 0.00000000e+00
3.29049897e-01 0.00000000e+00
3.29533439e-01 0.00000000e+00
3.30016980e-01 0.00000000e+00
3.30500522e-01 0.00000000e+00
3.30984063e-01 0.00000000e+00
3.31467604e-01 0.00000000e+00
3.31951146e-01 0.00000000e+00
3.32434687e-01 0.00000000e+00
3.32918228e-01 0.00000000e+00
3.33401770e-01 0.00000000e+00
3.33885311e-01 0.00000000e+00
3.34368852e-01 0.00000000e+00
3.34852394e-01 0.00000000e+00
3.35335935e-01 0.00000000e+00
3.35819477e-01 0.00000000e+00
3.36303018e-01 0.00000000e+00
3.36786559e-01 0.00000000e+00
3.37270101e-01 0.00000000e+00
3.37753642e-01 0.00000000e+00
3.38237183e-01 0.00000000e+00
3.38720725e-01 0.00000000e+00
3.39204266e-01 0.00000000e+00
3.39687807e-01 0.00000000e+00
3.40171349e-01 0.00000000e+00
3.40654890e-01 0.00000000e+00
3.41138432e-01 0.00000000e+00
3.41621973e-01 0.00000000e+00
3.42105514e-01 0.00000000e+00
3.42589056e-01 0.00000000e+00
3.43072597e-01 0.00000000e+00
3.43556138e-01 0.00000000e+00
3.44039680e-01 0.00000000e+00
3.44523221e-01 0.00000000e+00
3.45006762e-01 0.00000000e+00
3.45490304e-01 0.00000000e+00
3.45973845e-01 0.00000000e+00
3.46457387e-01 0.00000000e+00
3.46940928e-01 0.00000000e+00
3.47424469e-01 0.00000000e+00
3.47908011e-01 0.00000000e+00
3.48391552e-01 0.00000000e+00
3.48875093e-01 0.00000000e+00
3.49358635e-01 0.00000000e+00
3.49842176e-01 0.00000000e+00
3.50325717e-01 0.00000000e+00
3.50809259e-01 0.00000000e+00
3.51292800e-01 0.00000000e+00
3.51776342e-01 0.00000000e+00
3.52259883e-01 0.00000000e+00
3.52743424e-01 0.00000000e+00
3.53226966e-01 0.00000000e+00
3.53710507e-01 0.00000000e+00
3.54194048e-01 0.00000000e+00
3.54677590e-01 0.00000000e+00
3.55161131e-01 0.00000000e+00
3.55644672e-01 0.00000000e+00
3.56128214e-01 0.00000000e+00
3.56611755e-01 0.00000000e+00
3.57095297e-01 0.00000000e+00
3.57578838e-01 0.00000000e+00
3.58062379e-01 0.00000000e+00
3.58545921e-01 0.00000000e+00
3.59029462e-01 0.00000000e+00
3.59513003e-01 0.00000000e+00
3.59996545e-01 0.00000000e+00
3.60480086e-01 0.00000000e+00
3.60963627e-01 0.00000000e+00
3.61447169e-01 0.00000000e+00
3.61930710e-01 0.00000000e+00
3.62414252e-01 0.00000000e+00
3.62897793e-01 0.00000000e+00
3.63381334e-01 0.00000000e+00
3.63864876e-01 0.00000000e+00
3.64348417e-01 0.00000000e+00
3.64831958e-01 0.00000000e+00
3.65315500e-01 0.00000000e+00
3.65799041e-01 0.00000000e+00
3.66282582e-01 0.00000000e+00
3.66766124e-01 0.00000000e+00
3.67249665e-01 0.00000000e+00
3.67733207e-01 0.00000000e+00
3.68216748e-01 0.00000000e+00
3.68700289e-01 0.00000000e+00
3.69183831e-01 0.00000000e+00
3.69667372e-01 0.00000000e+00
3.70150913e-01 0.00000000e+00
3.70634455e-01 0.00000000e+00
3.71117996e-01 0.00000000e+00
3.71601537e-01 0.00000000e+00
3.72085079e-01 0.00000000e+00
3.72568620e-01 0.00000000e+00
3.73052162e-01 0.00000000e+00
3.73535703e-01 0.00000000e+00
3.74019244e-01 0.00000000e+00
3.74502786e-01 0.00000000e+00
3.74986327e-01 0.00000000e+00
3.75469868e-01 0.00000000e+00
3.75953410e-01 0.00000000e+00
3.76436951e-01 0.00000000e+00
3.76920492e-01 0.00000000e+00
3.77404034e-01 0.00000000e+00
3.77887575e-01 0.00000000e+00
3.78371116e-01 0.00000000e+00
3.78854658e-01 0.00000000e+00
3.79338199e-01 0.00000000e+00
3.79821741e-01 0.00000000e+00
3.80305282e-01 0.00000000e+00
3.80788823e-01 0.00000000e+00
3.81272365e-01 0.00000000e+00
3.81755906e-01 0.00000000e+00
3.82239447e-01 0.00000000e+00
3.82722989e-01 0.00000000e+00
3.83206530e-01 0.00000000e+00
3.83690071e-01 0.00000000e+00
3.84173613e-01 0.00000000e+00
3.84657154e-01 0.00000000e+00
3.85140696e-01 0.00000000e+00
3.85624237e-01 0.00000000e+00
3.86107778e-01 0.00000000e+00
3.86591320e-01 0.00000000e+00
3.87074861e-01 0.00000000e+00
3.87558402e-01 0.00000000e+00
3.88041944e-01 0.00000000e+00
3.88525485e-01 0.00000000e+00
3.89009026e-01 0.00000000e+00
3.89492568e-01 0.00000000e+00
3.89976109e-01 0.00000000e+00
3.90459651e-01 0.00000000e+00
3.90943192e-01 0.00000000e+00
3.91426733e-01 0.00000000e+00
3.91910275e-01 0.00000000e+00
3.92393816e-01 0.00000000e+00
3.92877357e-01 0.00000000e+00
3.93360899e-01 0.00000000e+00
3.93844440e-01 0.00000000e+00
3.94327981e-01 0.00000000e+00
3.94811523e-01 0.00000000e+00
3.95295064e-01 0.00000000e+00
3.95778606e-01 0.00000000e+00
3.96262147e-01 0.00000000e+00
3.96745688e-01 0.00000000e+00
3.97229230e-01 0.00000000e+00
3.97712771e-01 0.00000000e+00
3.98196312e-01 0.00000000e+00
3.98679854e-01 0.00000000e+00
3.99163395e-01 0.00000000e+00
3.99646936e-01 0.00000000e+00
4.00130478e-01 0.00000000e+00
4.00614019e-01 0.00000000e+00
4.01097561e-01 0.00000000e+00
4.01581102e-01 0.00000000e+00
4.02064643e-01 0.00000000e+00
4.02548185e-01 0.00000000e+00
4.03031726e-01 0.00000000e+00
4.03515267e-01 0.00000000e+00
4.03998809e-01 0.00000000e+00
4.04482350e-01 0.00000000e+00
4.04965891e-01 0.00000000e+00
4.05449433e-01 0.00000000e+00
4.05932974e-01 0.00000000e+00
4.06416516e-01 0.00000000e+00
4.06900057e-01 0.00000000e+00
4.07383598e-01 0.00000000e+00
4.07867140e-01 0.00000000e+00
4.08350681e-01 0.00000000e+00
4.08834222e-01 0.00000000e+00
4.09317764e-01 0.00000000e+00
4.09801305e-01 0.00000000e+00
4.10284846e-01 0.00000000e+00
4.10768388e-01 0.00000000e+00
4.11251929e-01 0.00000000e+00
4.11735471e-01 0.00000000e+00
4.12219012e-01 0.00000000e+00
4.12702553e-01 0.00000000e+00
4.13186095e-01 0.00000000e+00
4.13669636e-01 0.00000000e+00
4.14153177e-01 0.00000000e+00
4.14636719e-01 0.00000000e+00
4.15120260e-01 0.00000000e+00
4.15603801e-01 0.00000000e+00
4.16087343e-01 0.00000000e+00
4.16570884e-01 0.00000000e+00
4.17054426e-01 0.00000000e+00
4.17537967e-01 0.00000000e+00
4.18021508e-01 0.00000000e+00
4.18505050e-01 0.00000000e+00
4.18988591e-01 0.00000000e+00
4.19472132e-01 0.00000000e+00
4.19955674e-01 0.00000000e+00
4.20439215e-01 0.00000000e+00
4.20922756e-01 0.00000000e+00
4.21406298e-01 0.00000000e+00
4.21889839e-01 0.00000000e+00
4.22373381e-01 0.00000000e+00
4.22856922e-01 0.00000000e+00
4.23340463e-01 0.00000000e+00
4.23824005e-01 0.00000000e+00
4.24307546e-01 0.00000000e+00
4.24791087e-01 0.00000000e+00
4.25274629e-01 0.00000000e+00
4.25758170e-01 0.00000000e+00
4.26241711e-01 0.00000000e+00
4.26725253e-01 0.00000000e+00
4.27208794e-01 0.00000000e+00
4.27692336e-01 0.00000000e+00
4.28175877e-01 0.00000000e+00
4.28659418e-01 0.00000000e+00
4.29142960e-01 0.00000000e+00
4.29626501e-01 0.00000000e+00
4.30110042e-01 0.00000000e+00
4.30593584e-01 0.00000000e+00
4.31077125e-01 0.00000000e+00
4.31560666e-01 0.00000000e+00
4.32044208e-01 0.00000000e+00
4.32527749e-01 0.00000000e+00
4.33011291e-01 0.00000000e+00
4.33494832e-01 0.00000000e+00
4.33978373e-01 0.00000000e+00
4.34461915e-01 0.00000000e+00
4.34945456e-01 0.00000000e+00
4.35428997e-01 0.00000000e+00
4.35912539e-01 0.00000000e+00
4.36396080e-01 0.00000000e+00
4.36879621e-01 0.00000000e+00
4.37363163e-01 0.00000000e+00
4.37846704e-01 0.00000000e+00
4.38330246e-01 0.00000000e+00
4.38813787e-01 0.00000000e+00
4.39297328e-01 0.00000000e+00
4.39780870e-01 0.00000000e+00
4.40264411e-01 0.00000000e+00
4.40747952e-01 0.00000000e+00
4.41231494e-01 0.00000000e+00
4.41715035e-01 0.00000000e+00
4.42198576e-01 0.00000000e+00
4.42682118e-01 0.00000000e+00
4.43165659e-01 0.00000000e+00
4.43649200e-01 0.00000000e+00
4.44132742e-01 0.00000000e+00
4.44616283e-01 0.00000000e+00
4.45099825e-01 0.00000000e+00
4.45583366e-01 0.00000000e+00
4.46066907e-01 0.00000000e+00
4.46550449e-01 0.00000000e+00
4.47033990e-01 0.00000000e+00
4.47517531e-01 0.00000000e+00
4.48001073e-01 0.00000000e+00
4.48484614e-01 0.00000000e+00
4.48968155e-01 0.00000000e+00
4.49451697e-01 0.00000000e+00
4.49935238e-01 0.00000000e+00
4.50418780e-01 0.00000000e+00
4.50902321e-01 0.00000000e+00
4.51385862e-01 0.00000000e+00
4.51869404e-01 0.00000000e+00
4.52352945e-01 0.00000000e+00
4.52836486e-01 0.00000000e+00
4.53320028e-01 0.00000000e+00
4.53803569e-01 0.00000000e+00
4.54287110e-01 0.00000000e+00
4.54770652e-01 0.00000000e+00
4.55254193e-01 0.00000000e+00
4.55737735e-01 0.00000000e+00
4.56221276e-01 0.00000000e+00
4.56704817e-01 0.00000000e+00
4.57188359e-01 0.00000000e+00
4.57671900e-01 0.00000000e+00
4.58155441e-01 0.00000000e+00
4.58638983e-01 0.00000000e+00
4.59122524e-01 0.00000000e+00
4.59606065e-01 0.00000000e+00
4.60089607e-01 0.00000000e+00
4.60573148e-01 0.00000000e+00
4.61056690e-01 0.00000000e+00
4.61540231e-01 0.00000000e+00
4.62023772e-01 0.00000000e+00
4.62507314e-01 0.00000000e+00
4.62990855e-01 0.00000000e+00
4.63474396e-01 0.00000000e+00
4.63957938e-01 0.00000000e+00
4.64441479e-01 0.00000000e+00
4.64925020e-01 0.00000000e+00
4.65408562e-01 0.00000000e+00
4.65892103e-01 0.00000000e+00
4.66375645e-01 0.00000000e+00
4.66859186e-01 0.00000000e+00
4.67342727e-01 0.00000000e+00
4.67826269e-01 0.00000000e+00
4.68309810e-01 0.00000000e+00
4.68793351e-01 0.00000000e+00
4.69276893e-01 0.00000000e+00
4.69760434e-01 0.00000000e+00
4.70243975e-01 0.00000000e+00
4.70727517e-01 0.00000000e+00
4.71211058e-01 0.00000000e+00
4.71694600e-01 0.00000000e+00
4.72178141e-01 0.00000000e+00
4.72661682e-01 0.00000000e+00
4.73145224e-01 0.00000000e+00
4.73628765e-01 0.00000000e+00
4.74112306e-01 0.00000000e+00
4.74595848e-01 0.00000000e+00
4.75079389e-01 0.00000000e+00
4.75562930e-01 0.00000000e+00
4.76046472e-01 0.00000000e+00
4.76530013e-01 0.00000000e+00
4.77013555e-01 0.00000000e+00
4.77497096e-01 0.00000000e+00
4.77980637e-01 0.00000000e+00
4.78464179e-01 0.00000000e+00
4.78947720e-01 0.00000000e+00
4.79431261e-01 0.00000000e+00
4.79914803e-01 0.00000000e+00
4.80398344e-01 0.00000000e+00
4.80881885e-01 0.00000000e+00
4.81365427e-01 0.00000000e+00
4.81848968e-01 0.00000000e+00
4.82332510e-01 0.00000000e+00
4.82816051e-01 0.00000000e+00
4.83299592e-01 0.00000000e+00
4.83783134e-01 0.00000000e+00
4.84266675e-01 0.00000000e+00
4.84750216e-01 0.00000000e+00
4.85233758e-01 0.00000000e+00
4.85717299e-01 0.00000000e+00
4.86200840e-01 0.00000000e+00
4.86684382e-01 0.00000000e+00
4.87167923e-01 0.00000000e+00
4.87651465e-01 0.00000000e+00
4.88135006e-01 0.00000000e+00
4.88618547e-01 0.00000000e+00
4.89102089e-01 0.00000000e+00
4.89585630e-01 0.00000000e+00
4.90069171e-01 0.00000000e+00
4.90552713e-01 0.00000000e+00
4.91036254e-01 0.00000000e+00
4.91519795e-01 0.00000000e+00
4.92003337e-01 0.00000000e+00
4.92486878e-01 0.00000000e+00
4.92970420e-01 0.00000000e+00
4.93453961e-01 0.00000000e+00
4.93937502e-01 0.00000000e+00
4.94421044e-01 0.00000000e+00
4.94904585e-01 0.00000000e+00
4.95388126e-01 0.00000000e+00
4.95871668e-01 0.00000000e+00
4.96355209e-01 0.00000000e+00
4.96838750e-01 0.00000000e+00
4.97322292e-01 0.00000000e+00
4.97805833e-01 0.00000000e+00
4.98289375e-01 0.00000000e+00
4.98772916e-01 0.00000000e+00
4.99256457e-01 0.00000000e+00
4.99739999e-01 0.00000000e+00
5.00223540e-01 0.00000000e+00
0.00000000e+00 2.41770681e-04
0.00000000e+00 7.25312044e-04
0.00000000e+00 1.20885341e-03
0.00000000e+00 1.69239477e-03
0.00000000e+00 2.17593613e-03
0.00000000e+00 2.65947750e-03
0.00000000e+00 3.14301886e-03
0.00000000e+00 3.62656022e-03
0.00000000e+00 4.11010158e-03
0.00000000e+00 4.59364295e-03
0.00000000e+00 5.07718431e-03
0.00000000e+00 5.56072567e-03
0.00000000e+00 6.04426704e-03
0.00000000e+00 6.52780840e-03
0.00000000e+00 7.01134976e-03
0.00000000e+00 7.49489113e-03
0.00000000e+00 7.97843249e-03
0.00000000e+00 8.46197385e-03
0.00000000e+00 8.94551521e-03
0.00000000e+00 9.42905658e-03
0.00000000e+00 9.91259794e-03
0.00000000e+00 1.03961393e-02
0.00000000e+00 1.08796807e-02
0.00000000e+00 1.13632220e-02
0.00000000e+00 1.18467634e-02
0.00000000e+00 1.23303048e-02
0.00000000e+00 1.28138461e-02
0.00000000e+00 1.32973875e-02
0.00000000e+00 1.37809288e-02
0.00000000e+00 1.42644702e-02
0.00000000e+00 1.47480116e-02
0.00000000e+00 1.52315529e-02
0.00000000e+00 1.57150943e-02
0.00000000e+00 1.61986357e-02
0.00000000e+00 1.66821770e-02
0.00000000e+00 1.71657184e-02
0.00000000e+00 1.76492597e-02
0.00000000e+00 1.81328011e-02
0.00000000e+00 1.86163425e-02
0.00000000e+00 1.90998838e-02
0.00000000e+00 1.95834252e-02
0.00000000e+00 2.00669666e-02
0.00000000e+00 2.05505079e-02
0.00000000e+00 2.10340493e-02
0.00000000e+00 2.15175907e-02
0.00000000e+00 2.20011320e-02
0.00000000e+00 2.24846734e-02
0.00000000e+00 2.29682147e-02
0.00000000e+00 2.34517561e-02
0.00000000e+00 2.39352975e-02
0.00000000e+00 2.44188388e-02
0.00000000e+00 2.49023802e-02
0.00000000e+00 2.53859216e-02
0.00000000e+00 2.58694629e-02
0.00000000e+00 2.63530043e-02
0.00000000e+00 2.68365456e-02
0.00000000e+00 2.73200870e-02
0.00000000e+00 2.78036284e-02
0.00000000e+00 2.82871697e-02
0.00000000e+00 2.87707111e-02
0.00000000e+00 2.92542525e-02
0.00000000e+00 2.97377938e-02
0.00000000e+00 3.02213352e-02
0.00000000e+00 3.07048765e-02
0.00000000e+00 3.11884179e-02
0.00000000e+00 3.16719593e-02
0.00000000e+00 3.21555006e-02
0.00000000e+00 3.26390420e-02
0.00000000e+00 3.31225834e-02
0.00000000e+00 3.36061247e-02
0.00000000e+00 3.40896661e-02
0.00000000e+00 3.45732075e-02
0.00000000e+00 3.50567488e-02
0.00000000e+00 3.55402902e-02
0.00000000e+00 3.60238315e-02
0.00000000e+00 3.65073729e-02
0.00000000e+00 3.69909143e-02
0.00000000e+00 3.74744556e-02
0.00000000e+00 3.79579970e-02
0.00000000e+00 3.84415384e-02
0.00000000e+00 3.89250797e-02
0.00000000e+00 3.94086211e-02
0.00000000e+00 3.98921624e-02
0.00000000e+00 4.03757038e-02
0.00000000e+00 4.08592452e-02
0.00000000e+00 4.13427865e-02
0.00000000e+00 4.18263279e-02
0.00000000e+00 4.23098693e-02
0.00000000e+00 4.27934106e-02
0.00000000e+00 4.32769520e-02
0.00000000e+00 4.37604933e-02
0.00000000e+00 4.42440347e-02
0.00000000e+00 4.47275761e-02
0.00000000e+00 4.52111174e-02
0.00000000e+00 4.56946588e-02
0.00000000e+00 4.61782002e-02
0.00000000e+00 4.66617415e-02
0.00000000e+00 4.71452829e-02
0.00000000e+00 4.76288242e-02
0.00000000e+00 4.81123656e-02
0.00000000e+00 4.85959070e-02
0.00000000e+00 4.90794483e-02
0.00000000e+00 4.95629897e-02
0.00000000e+00 5.00465311e-02
0.00000000e+00 5.05300724e-02
0.00000000e+00 5.10136138e-02
0.00000000e+00 5.14971552e-02
0.00000000e+00 5.19806965e-02
0.00000000e+00 5.24642379e-02
0.00000000e+00 5.29477792e-02
0.00000000e+00 5.34313206e-02
0.00000000e+00 5.39148620e-02
0.00000000e+00 5.43984033e-02
0.00000000e+00 5.48819447e-02
0.00000000e+00 5.53654861e-02
0.00000000e+00 5.58490274e-02
0.00000000e+00 5.63325688e-02
0.00000000e+00 5.68161101e-02
0.00000000e+00 5.72996515e-02
0.00000000e+00 5.77831929e-02
0.00000000e+00 5.82667342e-02
0.00000000e+00 5.87502756e-02
0.00000000e+00 5.92338170e-02
0.00000000e+00 5.97173583e-02
0.00000000e+00 6.02008997e-02
0.00000000e+00 6.06844410e-02
0.00000000e+00 6.11679824e-02
0.00000000e+00 6.16515238e-02
0.00000000e+00 6.21350651e-02
0.00000000e+00 6.26186065e-02
0.00000000e+00 6.31021479e-02
0.00000000e+00 6.35856892e-02
0.00000000e+00 6.40692306e-02
0.00000000e+00 6.45527720e-02
0.00000000e+00 6.50363133e-02
0.00000000e+00 6.55198547e-02
0.00000000e+00 6.60033960e-02
0.00000000e+00 6.64869374e-02
0.00000000e+00 6.69704788e-02
0.00000000e+00 6.74540201e-02
0.00000000e+00 6.79375615e-02
0.00000000e+00 6.84211029e-02
0.00000000e+00 6.89046442e-02
0.00000000e+00 6.93881856e-02
0.00000000e+00 6.98717269e-02
0.00000000e+00 7.03552683e-02
0.00000000e+00 7.08388097e-02
0.00000000e+00 7.13223510e-02
0.00000000e+00 7.18058924e-02
0.00000000e+00 7.22894338e-02
0.00000000e+00 7.27729751e-02
0.00000000e+00 7.32565165e-02
0.00000000e+00 7.37400578e-02
0.00000000e+00 7.42235992e-02
0.00000000e+00 7.47071406e-02
0.00000000e+00 7.51906819e-02
0.00000000e+00 7.56742233e-02
0.00000000e+00 7.61577647e-02
0.00000000e+00 7.66413060e-02
0.00000000e+00 7.71248474e-02
0.00000000e+00 7.76083888e-02
0.00000000e+00 7.80919301e-02
0.00000000e+00 7.85754715e-02
0.00000000e+00 7.90590128e-02
0.00000000e+00 7.95425542e-02
0.00000000e+00 8.00260956e-02
0.00000000e+00 8.05096369e-02
0.00000000e+00 8.09931783e-02
0.00000000e+00 8.14767197e-02
0.00000000e+00 8.19602610e-02
0.00000000e+00 8.24438024e-02
0.00000000e+00 8.29273437e-02
0.00000000e+00 8.34108851e-02
0.00000000e+00 8.38944265e-02
0.00000000e+00 8.43779678e-02
0.00000000e+00 8.48615092e-02
0.00000000e+00 8.53450506e-02
0.00000000e+00 8.58285919e-02
0.00000000e+00 8.63121333e-02
0.00000000e+00 8.67956746e-02
0.00000000e+00 8.72792160e-02
0.00000000e+00 8.77627574e-02
0.00000000e+00 8.82462987e-02
0.00000000e+00 8.87298401e-02
0.00000000e+00 8.92133815e-02
0.00000000e+00 8.96969228e-02
0.00000000e+00 9.01804642e-02
0.00000000e+00 9.06640056e-02
0.00000000e+00 9.11475469e-02
0.00000000e+00 9.16310883e-02
0.00000000e+00 9.21146296e-02
0.00000000e+00 9.25981710e-02
0.00000000e+00 9.30817124e-02
0.00000000e+00 9.35652537e-02
0.00000000e+00 9.40487951e-02
0.00000000e+00 9.45323365e-02
0.00000000e+00 9.50158778e-02
0.00000000e+00 9.54994192e-02
0.00000000e+00 9.59829605e-02
0.00000000e+00 9.64665019e-02
0.00000000e+00 9.69500433e-02
0.00000000e+00 9.74335846e-02
0.00000000e+00 9.79171260e-02
0.00000000e+00 9.84006674e-02
0.00000000e+00 9.88842087e-02
0.00000000e+00 9.93677501e-02
0.00000000e+00 9.98512914e-02
0.00000000e+00 1.00334833e-01
0.00000000e+00 1.00818374e-01
0.00000000e+00 1.01301916e-01
0.00000000e+00 1.01785457e-01
0.00000000e+00 1.02268998e-01
0.00000000e+00 1.02752540e-01
0.00000000e+00 1.03236081e-01
0.00000000e+00 1.03719622e-01
0.00000000e+00 1.04203164e-01
0.00000000e+00 1.04686705e-01
0.00000000e+00 1.05170246e-01
0.00000000e+00 1.05653788e-01
0.00000000e+00 1.06137329e-01
0.00000000e+00 1.06620871e-01
0.00000000e+00 1.07104412e-01
0.00000000e+00 1.07587953e-01
0.00000000e+00 1.08071495e-01
0.00000000e+00 1.08555036e-01
0.00000000e+00 1.09038577e-01
0.00000000e+00 1.09522119e-01
0.00000000e+00 1.10005660e-01
0.00000000e+00 1.10489201e-01
0.00000000e+00 1.10972743e-01
0.00000000e+00 1.11456284e-01
0.00000000e+00 1.11939826e-01
0.00000000e+00 1.12423367e-01
0.00000000e+00 1.12906908e-01
0.00000000e+00 1.13390450e-01
0.00000000e+00 1.13873991e-01
0.00000000e+00 1.14357532e-01
0.00000000e+00 1.14841074e-01
0.00000000e+00 1.15324615e-01
0.00000000e+00 1.15808156e-01
0.00000000e+00 1.16291698e-01
0.00000000e+00 1.16775239e-01
0.00000000e+00 1.17258781e-01
0.00000000e+00 1.17742322e-01
0.00000000e+00 1.18225863e-01
0.00000000e+00 1.18709405e-01
0.00000000e+00 1.19192946e-01
0.00000000e+00 1.19676487e-01
0.00000000e+00 1.20160029e-01
0.00000000e+00 1.20643570e-01
0.00000000e+00 1.21127111e-01
0.00000000e+00 1.21610653e-01
0.00000000e+00 1.22094194e-01
0.00000000e+00 1.22577736e-01
0.00000000e+00 1.23061277e-01
0.00000000e+00 1.23544818e-01
0.00000000e+00 1.24028360e-01
0.00000000e+00 1.24511901e-01
0.00000000e+00 1.24995442e-01
0.00000000e+00 1.25478984e-01
0.00000000e+00 1.25962525e-01
0.00000000e+00 1.26446066e-01
0.00000000e+00 1.26929608e-01
0.00000000e+00 1.27413149e-01
0.00000000e+00 1.27896690e-01
0.00000000e+00 1.28380232e-01
0.00000000e+00 1.28863773e-01
0.00000000e+00 1.29347315e-01
0.00000000e+00 1.29830856e-01
0.00000000e+00 1.30314397e-01
0.00000000e+00 1.30797939e-01
0.00000000e+00 1.31281480e-01
0.00000000e+00 1.31765021e-01
0.00000000e+00 1.32248563e-01
0.00000000e+00 1.32732104e-01
0.00000000e+00 1.33215645e-01
0.00000000e+00 1.33699187e-01
0.00000000e+00 1.34182728e-01
0.00000000e+00 1.34666270e-01
0.00000000e+00 1.35149811e-01
0.00000000e+00 1.35633352e-01
0.00000000e+00 1.36116894e-01
0.00000000e+00 1.36600435e-01
0.00000000e+00 1.37083976e-01
0.00000000e+00 1.37567518e-01
0.00000000e+00 1.38051059e-01
0.00000000e+00 1.38534600e-01
0.00000000e+00 1.39018142e-01
0.00000000e+00 1.39501683e-01
0.00000000e+00 1.39985225e-01
0.00000000e+00 1.40468766e-01
0.00000000e+00 1.40952307e-01
0.00000000e+00 1.41435849e-01
0.00000000e+00 1.41919390e-01
0.00000000e+00 1.42402931e-01
0.00000000e+00 1.42886473e-01
0.00000000e+00 1.43370014e-01
0.00000000e+00 1.43853555e-01
0.00000000e+00 1.44337097e-01
0.00000000e+00 1.44820638e-01
0.00000000e+00 1.45304180e-01
0.00000000e+00 1.45787721e-01
0.00000000e+00 1.46271262e-01
0.00000000e+00 1.46754804e-01
0.00000000e+00 1.47238345e-01
0.00000000e+00 1.47721886e-01
0.00000000e+00 1.48205428e-01
0.00000000e+00 1.48688969e-01
0.00000000e+00 1.49172510e-01
0.00000000e+00 1.49656052e-01
0.00000000e+00 1.50139593e-01
0.00000000e+00 1.50623135e-01
0.00000000e+00 1.51106676e-01
0.00000000e+00 1.51590217e-01
0.00000000e+00 1.52073759e-01
0.00000000e+00 1.52557300e-01
0.00000000e+00 1.53040841e-01
0.00000000e+00 1.53524383e-01
0.00000000e+00 1.54007924e-01
0.00000000e+00 1.54491465e-01
0.00000000e+00 1.54975007e-01
0.00000000e+00 1.55458548e-01
0.00000000e+00 1.55942090e-01
0.00000000e+00 1.56425631e-01
0.00000000e+00 1.56909172e-01
0.00000000e+00 1.57392714e-01
0.00000000e+00 1.57876255e-01
0.00000000e+00 1.58359796e-01
0.00000000e+00 1.58843338e-01
0.00000000e+00 1.59326879e-01
0.00000000e+00 1.59810420e-01
0.00000000e+00 1.60293962e-01
0.00000000e+00 1.60777503e-01
0.00000000e+00 1.61261045e-01
0.00000000e+00 1.61744586e-01
0.00000000e+00 1.62228127e-01
0.00000000e+00 1.62711669e-01
0.00000000e+00 1.63195210e-01
0.00000000e+00 1.63678751e-01
0.00000000e+00 1.64162293e-01
0.00000000e+00 1.64645834e-01
0.00000000e+00 1.65129375e-01
0.00000000e+00 1.65612917e-01
0.00000000e+00 1.66096458e-01
0.00000000e+00 1.66580000e-01
0.00000000e+00 1.67063541e-01
0.00000000e+00 1.67547082e-01
0.00000000e+00 1.68030624e-01
0.00000000e+00 1.68514165e-01
0.00000000e+00 1.68997706e-01
0.00000000e+00 1.69481248e-01
0.00000000e+00 1.69964789e-01
0.00000000e+00 1.70448330e-01
0.00000000e+00 1.70931872e-01
0.00000000e+00 1.71415413e-01
0.00000000e+00 1.71898955e-01
0.00000000e+00 1.72382496e-01
0.00000000e+00 1.72866037e-01
0.00000000e+00 1.73349579e-01
0.00000000e+00 1.73833120e-01
0.00000000e+00 1.74316661e-01
0.00000000e+00 1.74800203e-01
0.00000000e+00 1.75283744e-01
0.00000000e+00 1.75767285e-01
0.00000000e+00 1.76250827e-01
0.00000000e+00 1.76734368e-01
0.00000000e+00 1.77217910e-01
0.00000000e+00 1.77701451e-01
0.00000000e+00 1.78184992e-01
0.00000000e+00 1.78668534e-01
0.00000000e+00 1.79152075e-01
0.00000000e+00 1.79635616e-01
0.00000000e+00 1.80119158e-01
0.00000000e+00 1.80602699e-01
0.00000000e+00 1.81086240e-01
0.00000000e+00 1.81569782e-01
0.00000000e+00 1.82053323e-01
0.00000000e+00 1.82536865e-01
0.00000000e+00 1.83020406e-01
0.00000000e+00 1.83503947e-01
0.00000000e+00 1.83987489e-01
0.00000000e+00 1.84471030e-01
0.00000000e+00 1.84954571e-01
0.00000000e+00 1.85438113e-01
0.00000000e+00 1.85921654e-01
0.00000000e+00 1.86405195e-01
0.00000000e+00 1.86888737e-01
0.00000000e+00 1.87372278e-01
0.00000000e+00 1.87855820e-01
0.00000000e+00 1.88339361e-01
0.00000000e+00 1.88822902e-01
0.00000000e+00 1.89306444e-01
0.00000000e+00 1.89789985e-01
0.00000000e+00 1.90273526e-01
0.00000000e+00 1.90757068e-01
0.00000000e+00 1.91240609e-01
0.00000000e+00 1.91724150e-01
0.00000000e+00 1.92207692e-01
0.00000000e+00 1.92691233e-01
0.00000000e+00 1.93174774e-01
0.00000000e+00 1.93658316e-01
0.00000000e+00 1.94141857e-01
0.00000000e+00 1.94625399e-01
0.00000000e+00 1.95108940e-01
0.00000000e+00 1.95592481e-01
0.00000000e+00 1.96076023e-01
0.00000000e+00 1.96559564e-01
0.00000000e+00 1.97043105e-01
0.00000000e+00 1.97526647e-01
0.00000000e+00 1.98010188e-01
0.00000000e+00 1.98493729e-01
0.00000000e+00 1.98977271e-01
0.00000000e+00 1.99460812e-01
0.00000000e+00 1.99944354e-01
0.00000000e+00 2.00427895e-01
0.00000000e+00 2.00911436e-01
0.00000000e+00 2.01394978e-01
0.00000000e+00 2.01878519e-01
0.00000000e+00 2.02362060e-01
0.00000000e+00 2.02845602e-01
0.00000000e+00 2.03329143e-01
0.00000000e+00 2.03812684e-01
0.00000000e+00 2.04296226e-01
0.00000000e+00 2.04779767e-01
0.00000000e+00 2.05263309e-01
0.00000000e+00 2.05746850e-01
0.00000000e+00 2.06230391e-01
0.00000000e+00 2.06713933e-01
0.00000000e+00 2.07197474e-01
0.00000000e+00 2.07681015e-01
0.00000000e+00 2.08164557e-01
0.00000000e+00 2.08648098e-01
0.00000000e+00 2.09131639e-01
0.00000000e+00 2.09615181e-01
0.00000000e+00 2.10098722e-01
0.00000000e+00 2.10582264e-01
0.00000000e+00 2.11065805e-01
0.00000000e+00 2.11549346e-01
0.00000000e+00 2.12032888e-01
0.00000000e+00 2.12516429e-01
0.00000000e+00 2.12999970e-01
0.00000000e+00 2.13483512e-01
0.00000000e+00 2.13967053e-01
0.00000000e+00 2.14450594e-01
0.00000000e+00 2.14934136e-01
0.00000000e+00 2.15417677e-01
0.00000000e+00 2.15901219e-01
0.00000000e+00 2.16384760e-01
0.00000000e+00 2.16868301e-01
0.00000000e+00 2.17351843e-01
0.00000000e+00 2.17835384e-01
0.00000000e+00 2.18318925e-01
0.00000000e+00 2.18802467e-01
0.00000000e+00 2.19286008e-01
0.00000000e+00 2.19769549e-01
0.00000000e+00 2.20253091e-01
0.00000000e+00 2.20736632e-01
0.00000000e+00 2.21220174e-01
0.00000000e+00 2.21703715e-01
0.00000000e+00 2.22187256e-01
0.00000000e+00 2.22670798e-01
0.00000000e+00 2.23154339e-01
0.00000000e+00 2.23637880e-01
0.00000000e+00 2.24121422e-01
0.00000000e+00 2.24604963e-01
0.00000000e+00 2.25088504e-01
0.00000000e+00 2.25572046e-01
0.00000000e+00 2.26055587e-01
0.00000000e+00 2.26539129e-01
0.00000000e+00 2.27022670e-01
0.00000000e+00 2.27506211e-01
0.00000000e+00 2.27989753e-01
0.00000000e+00 2.28473294e-01
0.00000000e+00 2.28956835e-01
0.00000000e+00 2.29440377e-01
0.00000000e+00 2.29923918e-01
0.00000000e+00 2.30407459e-01
0.00000000e+00 2.30891001e-01
0.00000000e+00 2.31374542e-01
0.00000000e+00 2.31858084e-01
0.00000000e+00 2.32341625e-01
0.00000000e+00 2.32825166e-01
0.00000000e+00 2.33308708e-01
0.00000000e+00 2.33792249e-01
0.00000000e+00 2.34275790e-01
0.00000000e+00 2.34759332e-01
0.00000000e+00 2.35242873e-01
0.00000000e+00 2.35726414e-01
0.00000000e+00 2.36209956e-01
0.00000000e+00 2.36693497e-01
0.00000000e+00 2.37177039e-01
0.00000000e+00 2.37660580e-01
0.00000000e+00 2.38144121e-01
0.00000000e+00 2.38627663e-01
0.00000000e+00 2.39111204e-01
0.00000000e+00 2.39594745e-01
0.00000000e+00 2.40078287e-01
0.00000000e+00 2.40561828e-01
0.00000000e+00 2.41045369e-01
0.00000000e+00 2.41528911e-01
0.00000000e+00 2.42012452e-01
0.00000000e+00 2.42495994e-01
0.00000000e+00 2.42979535e-01
0.00000000e+00 2.43463076e-01
0.00000000e+00 2.43946618e-01
0.00000000e+00 2.44430159e-01
0.00000000e+00 2.44913700e-01
0.00000000e+00 2.45397242e-01
0.00000000e+00 2.45880783e-01
0.00000000e+00 2.46364324e-01
0.00000000e+00 2.46847866e-01
0.00000000e+00 2.47331407e-01
0.00000000e+00 2.47814949e-01
0.00000000e+00 2.48298490e-01
0.00000000e+00 2.48782031e-01
0.00000000e+00 2.49265573e-01
0.00000000e+00 2.49749114e-01
0.00000000e+00 2.50232655e-01
0.00000000e+00 2.50716197e-01
0.00000000e+00 2.51199738e-01
0.00000000e+00 2.51683279e-01
0.00000000e+00 2.52166821e-01
0.00000000e+00 2.52650362e-01
0.00000000e+00 2.53133903e-01
0.00000000e+00 2.53617445e-01
0.00000000e+00 2.54100986e-01
0.00000000e+00 2.54584528e-01
0.00000000e+00 2.55068069e-01
0.00000000e+00 2.55551610e-01
0.00000000e+00 2.56035152e-01
0.00000000e+00 2.56518693e-01
0.00000000e+00 2.57002234e-01
0.00000000e+00 2.57485776e-01
0.00000000e+00 2.57969317e-01
0.00000000e+00 2.58452858e-01
0.00000000e+00 2.58936400e-01
0.00000000e+00 2.59419941e-01
0.00000000e+00 2.59903483e-01
0.00000000e+00 2.60387024e-01
0.00000000e+00 2.60870565e-01
0.00000000e+00 2.61354107e-01
0.00000000e+00 2.61837648e-01
0.00000000e+00 2.62321189e-01
0.00000000e+00 2.62804731e-01
0.00000000e+00 2.63288272e-01
0.00000000e+00 2.63771813e-01
0.00000000e+00 2.64255355e-01
0.00000000e+00 2.64738896e-01
0.00000000e+00 2.65222438e-01
0.00000000e+00 2.65705979e-01
0.00000000e+00 2.66189520e-01
0.00000000e+00 2.66673062e-01
0.00000000e+00 2.67156603e-01
0.00000000e+00 2.67640144e-01
0.00000000e+00 2.68123686e-01
0.00000000e+00 2.68607227e-01
0.00000000e+00 2.69090768e-01
0.00000000e+00 2.69574310e-01
0.00000000e+00 2.70057851e-01
0.00000000e+00 2.70541393e-01
0.00000000e+00 2.71024934e-01
0.00000000e+00 2.71508475e-01
0.00000000e+00 2.71992017e-01
0.00000000e+00 2.72475558e-01
0.00000000e+00 2.72959099e-01
0.00000000e+00 2.73442641e-01
0.00000000e+00 2.73926182e-01
0.00000000e+00 2.74409723e-01
0.00000000e+00 2.74893265e-01
0.00000000e+00 2.75376806e-01
0.00000000e+00 2.75860348e-01
0.00000000e+00 2.76343889e-01
0.00000000e+00 2.76827430e-01
0.00000000e+00 2.77310972e-01
0.00000000e+00 2.77794513e-01
0.00000000e+00 2.78278054e-01
0.00000000e+00 2.78761596e-01
0.00000000e+00 2.79245137e-01
0.00000000e+00 2.79728678e-01
0.00000000e+00 2.80212220e-01
0.00000000e+00 2.80695761e-01
0.00000000e+00 2.81179303e-01
0.00000000e+00 2.81662844e-01
0.00000000e+00 2.82146385e-01
0.00000000e+00 2.82629927e-01
0.00000000e+00 2.83113468e-01
0.00000000e+00 2.83597009e-01
0.00000000e+00 2.84080551e-01
0.00000000e+00 2.84564092e-01
0.00000000e+00 2.85047633e-01
0.00000000e+00 2.85531175e-01
0.00000000e+00 2.86014716e-01
0.00000000e+00 2.86498258e-01
0.00000000e+00 2.86981799e-01
0.00000000e+00 2.87465340e-01
0.00000000e+00 2.87948882e-01
0.00000000e+00 2.88432423e-01
0.00000000e+00 2.88915964e-01
0.00000000e+00 2.89399506e-01
0.00000000e+00 2.89883047e-01
0.00000000e+00 2.90366588e-01
0.00000000e+00 2.90850130e-01
0.00000000e+00 2.91333671e-01
0.00000000e+00 2.91817213e-01
0.00000000e+00 2.92300754e-01
0.00000000e+00 2.92784295e-01
0.00000000e+00 2.93267837e-01
0.00000000e+00 2.93751378e-01
0.00000000e+00 2.94234919e-01
0.00000000e+00 2.94718461e-01
0.00000000e+00 2.95202002e-01
0.00000000e+00 2.95685543e-01
0.00000000e+00 2.96169085e-01
0.00000000e+00 2.96652626e-01
0.00000000e+00 2.97136168e-01
0.00000000e+00 2.97619709e-01
0.00000000e+00 2.98103250e-01
0.00000000e+00 2.98586792e-01
0.00000000e+00 2.99070333e-01
0.00000000e+00 2.99553874e-01
0.00000000e+00 3.00037416e-01
0.00000000e+00 3.00520957e-01
0.00000000e+00 3.01004498e-01
0.00000000e+00 3.01488040e-01
0.00000000e+00 3.01971581e-01
0.00000000e+00 3.02455123e-01
0.00000000e+00 3.02938664e-01
0.00000000e+00 3.03422205e-01
0.00000000e+00 3.03905747e-01
0.00000000e+00 3.04389288e-01
0.00000000e+00 3.04872829e-01
0.00000000e+00 3.05356371e-01
0.00000000e+00 3.05839912e-01
0.00000000e+00 3.06323453e-01
0.00000000e+00 3.06806995e-01
0.00000000e+00 3.07290536e-01
0.00000000e+00 3.07774078e-01
0.00000000e+00 3.08257619e-01
0.00000000e+00 3.08741160e-01
0.00000000e+00 3.09224702e-01
0.00000000e+00 3.09708243e-01
0.00000000e+00 3.10191784e-01
0.00000000e+00 3.10675326e-01
0.00000000e+00 3.11158867e-01
0.00000000e+00 3.11642408e-01
0.00000000e+00 3.12125950e-01
0.00000000e+00 3.12609491e-01
0.00000000e+00 3.13093033e-01
0.00000000e+00 3.13576574e-01
0.00000000e+00 3.14060115e-01
0.00000000e+00 3.14543657e-01
0.00000000e+00 3.15027198e-01
0.00000000e+00 3.15510739e-01
0.00000000e+00 3.15994281e-01
0.00000000e+00 3.16477822e-01
0.00000000e+00 3.16961363e-01
0.00000000e+00 3.17444905e-01
0.00000000e+00 3.17928446e-01
0.00000000e+00 3.18411987e-01
0.00000000e+00 3.18895529e-01
0.00000000e+00 3.19379070e-01
0.00000000e+00 3.19862612e-01
0.00000000e+00 3.20346153e-01
0.00000000e+00 3.20829694e-01
0.00000000e+00 3.21313236e-01
0.00000000e+00 3.21796777e-01
0.00000000e+00 3.22280318e-01
0.00000000e+00 3.22763860e-01
0.00000000e+00 3.23247401e-01
0.00000000e+00 3.23730942e-01
0.00000000e+00 3.24214484e-01
0.00000000e+00 3.24698025e-01
0.00000000e+00 3.25181567e-01
0.00000000e+00 3.25665108e-01
0.00000000e+00 3.26148649e-01
0.00000000e+00 3.26632191e-01
0.00000000e+00 3.27115732e-01
0.00000000e+00 3.27599273e-01
0.00000000e+00 3.28082815e-01
0.00000000e+00 3.28566356e-01
0.00000000e+00 3.29049897e-01
0.00000000e+00 3.29533439e-01
0.00000000e+00 3.30016980e-01
0.00000000e+00 3.30500522e-01
0.00000000e+00 3.30984063e-01
0.00000000e+00 3.31467604e-01
0.00000000e+00 3.31951146e-01
0.00000000e+00 3.32434687e-01
0.00000000e+00 3.32918228e-01
0.00000000e+00 3.33401770e-01
0.00000000e+00 3.33885311e-01
0.00000000e+00 3.34368852e-01
0.00000000e+00 3.34852394e-01
0.00000000e+00 3.35335935e-01
0.00000000e+00 3.35819477e-01
0.00000000e+00 3.36303018e-01
0.00000000e+00 3.36786559e-01
0.00000000e+00 3.37270101e-01
0.00000000e+00 3.37753642e-01
0.00000000e+00 3.38237183e-01
0.00000000e+00 3.38720725e-01
0.00000000e+00 3.39204266e-01
0.00000000e+00 3.39687807e-01
0.00000000e+00 3.40171349e-01
0.00000000e+00 3.40654890e-01
0.00000000e+00 3.41138432e-01
0.00000000e+00 3.41621973e-01
0.00000000e+00 3.42105514e-01
0.00000000e+00 3.42589056e-01
0.00000000e+00 3.43072597e-01
0.00000000e+00 3.43556138e-01
0.00000000e+00 3.44039680e-01
0.00000000e+00 3.44523221e-01
0.00000000e+00 3.45006762e-01
0.00000000e+00 3.45490304e-01
0.00000000e+00 3.45973845e-01
0.00000000e+00 3.46457387e-01
0.00000000e+00 3.46940928e-01
0.00000000e+00 3.47424469e-01
0.00000000e+00 3.47908011e-01
0.00000000e+00 3.48391552e-01
0.00000000e+00 3.48875093e-01
0.00000000e+00 3.49358635e-01
0.00000000e+00 3.49842176e-01
0.00000000e+00 3.50325717e-01
0.00000000e+00 3.50809259e-01
0.00000000e+00 3.51292800e-01
0.00000000e+00 3.51776342e-01
0.00000000e+00 3.52259883e-01
0.00000000e+00 3.52743424e-01
0.00000000e+00 3.53226966e-01
0.00000000e+00 3.53710507e-01
0.00000000e+00 3.54194048e-01
0.00000000e+00 3.54677590e-01
0.00000000e+00 3.55161131e-01
0.00000000e+00 3.55644672e-01
0.00000000e+00 3.56128214e-01
0.00000000e+00 3.56611755e-01
0.00000000e+00 3.57095297e-01
0.00000000e+00 3.57578838e-01
0.00000000e+00 3.58062379e-01
0.00000000e+00 3.58545921e-01
0.00000000e+00 3.59029462e-01
0.00000000e+00 3.59513003e-01
0.00000000e+00 3.59996545e-01
0.00000000e+00 3.60480086e-01
0.00000000e+00 3.60963627e-01
0.00000000e+00 3.61447169e-01
0.00000000e+00 3.61930710e-01
0.00000000e+00 3.62414252e-01
0.00000000e+00 3.62897793e-01
0.00000000e+00 3.63381334e-01
0.00000000e+00 3.63864876e-01
0.00000000e+00 3.64348417e-01
0.00000000e+00 3.64831958e-01
0.00000000e+00 3.65315500e-01
0.00000000e+00 3.65799041e-01
0.00000000e+00 3.66282582e-01
0.00000000e+00 3.66766124e-01
0.00000000e+00 3.67249665e-01
0.00000000e+00 3.67733207e-01
0.00000000e+00 3.68216748e-01
0.00000000e+00 3.68700289e-01
0.00000000e+00 3.69183831e-01
0.00000000e+00 3.69667372e-01
0.00000000e+00 3.70150913e-01
0.00000000e+00 3.70634455e-01
0.00000000e+00 3.71117996e-01
0.00000000e+00 3.71601537e-01
0.00000000e+00 3.72085079e-01
0.00000000e+00 3.72568620e-01
0.00000000e+00 3.73052162e-01
0.00000000e+00 3.73535703e-01
0.00000000e+00 3.74019244e-01
0.00000000e+00 3.74502786e-01
0.00000000e+00 3.74986327e-01
0.00000000e+00 3.75469868e-01
0.00000000e+00 3.75953410e-01
0.00000000e+00 3.76436951e-01
0.00000000e+00 3.76920492e-01
0.00000000e+00 3.77404034e-01
0.00000000e+00 3.77887575e-01
0.00000000e+00 3.78371116e-01
0.00000000e+00 3.78854658e-01
0.00000000e+00 3.79338199e-01
0.00000000e+00 3.79821741e-01
0.00000000e+00 3.80305282e-01
0.00000000e+00 3.80788823e-01
0.00000000e+00 3.81272365e-01
0.00000000e+00 3.81755906e-01
0.00000000e+00 3.82239447e-01
0.00000000e+00 3.82722989e-01
0.00000000e+00 3.83206530e-01
0.00000000e+00 3.83690071e-01
0.00000000e+00 3.84173613e-01
0.00000000e+00 3.84657154e-01
0.00000000e+00 3.85140696e-01
0.00000000e+00 3.85624237e-01
0.00000000e+00 3.86107778e-01
0.00000000e+00 3.86591320e-01
0.00000000e+00 3.87074861e-01
0.00000000e+00 3.87558402e-01
0.00000000e+00 3.88041944e-01
0.00000000e+00 3.88525485e-01
0.00000000e+00 3.89009026e-01
0.00000000e+00 3.89492568e-01
0.00000000e+00 3.89976109e-01
0.00000000e+00 3.90459651e-01
0.00000000e+00 3.90943192e-01
0.00000000e+00 3.91426733e-01
0.00000000e+00 3.91910275e-01
0.00000000e+00 3.92393816e-01
0.00000000e+00 3.92877357e-01
0.00000000e+00 3.93360899e-01
0.00000000e+00 3.93844440e-01
0.00000000e+00 3.94327981e-01
0.00000000e+00 3.94811523e-01
0.00000000e+00 3.95295064e-01
0.00000000e+00 3.95778606e-01
0.00000000e+00 3.96262147e-01
0.00000000e+00 3.96745688e-01
0.00000000e+00 3.97229230e-01
0.00000000e+00 3.97712771e-01
0.00000000e+00 3.98196312e-01
0.00000000e+00 3.98679854e-01
0.00000000e+00 3.99163395e-01
0.00000000e+00 3.99646936e-01
0.00000000e+00 4.00130478e-01
0.00000000e+00 4.00614019e-01
0.00000000e+00 4.01097561e-01
0.00000000e+00 4.01581102e-01
0.00000000e+00 4.02064643e-01
0.00000000e+00 4.02548185e-01
0.00000000e+00 4.03031726e-01
0.00000000e+00 4.03515267e-01
0.00000000e+00 4.03998809e-01
0.00000000e+00 4.04482350e-01
0.00000000e+00 4.04965891e-01
0.00000000e+00 4.05449433e-01
0.00000000e+00 4.05932974e-01
0.00000000e+00 4.06416516e-01
0.00000000e+00 4.06900057e-01
0.00000000e+00 4.07383598e-01
0.00000000e+00 4.07867140e-01
0.00000000e+00 4.08350681e-01
0.00000000e+00 4.08834222e-01
0.00000000e+00 4.09317764e-01
0.00000000e+00 4.09801305e-01
0.00000000e+00 4.10284846e-01
0.00000000e+00 4.10768388e-01
0.00000000e+00 4.11251929e-01
0.00000000e+00 4.11735471e-01
0.00000000e+00 4.12219012e-01
0.00000000e+00 4.12702553e-01
0.00000000e+00 4.13186095e-01
0.00000000e+00 4.13669636e-01
0.00000000e+00 4.14153177e-01
0.00000000e+00 4.14636719e-01
0.00000000e+00 4.15120260e-01
0.00000000e+00 4.15603801e-01
0.00000000e+00 4.16087343e-01
0.00000000e+00 4.16570884e-01
0.00000000e+00 4.17054426e-01
0.00000000e+00 4.17537967e-01
0.00000000e+00 4.18021508e-01
0.00000000e+00 4.18505050e-01
0.00000000e+00 4.18988591e-01
0.00000000e+00 4.19472132e-01
0.00000000e+00 4.19955674e-01
0.00000000e+00 4.20439215e-01
0.00000000e+00 4.20922756e-01
0.00000000e+00 4.21406298e-01
0.00000000e+00 4.21889839e-01
0.00000000e+00 4.22373381e-01
0.00000000e+00 4.22856922e-01
0.00000000e+00 4.23340463e-01
0.00000000e+00 4.23824005e-01
0.00000000e+00 4.24307546e-01
0.00000000e+00 4.24791087e-01
0.00000000e+00 4.25274629e-01
0.00000000e+00 4.25758170e-01
0.00000000e+00 4.26241711e-01
0.00000000e+00 4.26725253e-01
0.00000000e+00 4.27208794e-01
0.00000000e+00 4.27692336e-01
0.00000000e+00 4.28175877e-01
0.00000000e+00 4.28659418e-01
0.00000000e+00 4.29142960e-01
0.00000000e+00 4.29626501e-01
0.00000000e+00 4.30110042e-01
0.00000000e+00 4.30593584e-01
0.00000000e+00 4.31077125e-01
0.00000000e+00 4.31560666e-01
0.00000000e+00 4.32044208e-01
0.00000000e+00 4.32527749e-01
0.00000000e+00 4.33011291e-01
0.00000000e+00 4.33494832e-01
0.00000000e+00 4.33978373e-01
0.00000000e+00 4.34461915e-01
0.00000000e+00 4.34945456e-01
0.00000000e+00 4.35428997e-01
0.00000000e+00 4.35912539e-01
0.00000000e+00 4.36396080e-01
0.00000000e+00 4.36879621e-01
0.00000000e+00 4.37363163e-01
0.00000000e+00 4.37846704e-01
0.00000000e+00 4.38330246e-01
0.00000000e+00 4.38813787e-01
0.00000000e+00 4.39297328e-01
0.00000000e+00 4.39780870e-01
0.00000000e+00 4.40264411e-01
0.00000000e+00 4.40747952e-01
0.00000000e+00 4.41231494e-01
0.00000000e+00 4.41715035e-01
0.00000000e+00 4.42198576e-01
0.00000000e+00 4.42682118e-01
0.00000000e+00 4.43165659e-01
0.00000000e+00 4.43649200e-01
0.00000000e+00 4.44132742e-01
0.00000000e+00 4.44616283e-01
0.00000000e+00 4.45099825e-01
0.00000000e+00 4.45583366e-01
0.00000000e+00 4.46066907e-01
0.00000000e+00 4.46550449e-01
0.00000000e+00 4.47033990e-01
0.00000000e+00 4.47517531e-01
0.00000000e+00 4.48001073e-01
0.00000000e+00 4.48484614e-01
0.00000000e+00 4.48968155e-01
0.00000000e+00 4.49451697e-01
0.00000000e+00 4.49935238e-01
0.00000000e+00 4.50418780e-01
0.00000000e+00 4.50902321e-01
0.00000000e+00 4.51385862e-01
0.00000000e+00 4.51869404e-01
0.00000000e+00 4.52352945e-01
0.00000000e+00 4.52836486e-01
0.00000000e+00 4.53320028e-01
0.00000000e+00 4.53803569e-01
0.00000000e+00 4.54287110e-01
0.00000000e+00 4.54770652e-01
0.00000000e+00 4.55254193e-01
0.00000000e+00 4.55737735e-01
0.00000000e+00 4.56221276e-01
0.00000000e+00 4.56704817e-01
0.00000000e+00 4.57188359e-01
0.00000000e+00 4.57671900e-01
0.00000000e+00 4.58155441e-01
0.00000000e+00 4.58638983e-01
0.00000000e+00 4.59122524e-01
0.00000000e+00 4.59606065e-01
0.00000000e+00 4.60089607e-01
0.00000000e+00 4.60573148e-01
0.00000000e+00 4.61056690e-01
0.00000000e+00 4.61540231e-01
0.00000000e+00 4.62023772e-01
0.00000000e+00 4.62507314e-01
0.00000000e+00 4.62990855e-01
0.00000000e+00 4.63474396e-01
0.00000000e+00 4.63957938e-01
0.00000000e+00 4.64441479e-01
0.00000000e+00 4.64925020e-01
0.00000000e+00 4.65408562e-01
0.00000000e+00 4.65892103e-01
0.00000000e+00 4.66375645e-01
0.00000000e+00 4.66859186e-01
0.00000000e+00 4.67342727e-01
0.00000000e+00 4.67826269e-01
0.00000000e+00 4.68309810e-01
0.00000000e+00 4.68793351e-01
0.00000000e+00 4.69276893e-01
0.00000000e+00 4.69760434e-01
0.00000000e+00 4.70243975e-01
0.00000000e+00 4.70727517e-01
0.00000000e+00 4.71211058e-01
0.00000000e+00 4.71694600e-01
0.00000000e+00 4.72178141e-01
0.00000000e+00 4.72661682e-01
0.00000000e+00 4.73145224e-01
0.00000000e+00 4.73628765e-01
0.00000000e+00 4.74112306e-01
0.00000000e+00 4.74595848e-01
0.00000000e+00 4.75079389e-01
0.00000000e+00 4.75562930e-01
0.00000000e+00 4.76046472e-01
0.00000000e+00 4.76530013e-01
0.00000000e+00 4.77013555e-01
0.00000000e+00 4.77497096e-01
0.00000000e+00 4.77980637e-01
0.00000000e+00 4.78464179e-01
0.00000000e+00 4.78947720e-01
0.00000000e+00 4.79431261e-01
0.00000000e+00 4.79914803e-01
0.00000000e+00 4.80398344e-01
0.00000000e+00 4.80881885e-01
0.00000000e+00 4.81365427e-01
0.00000000e+00 4.81848968e-01
0.00000000e+00 4.82332510e-01
0.00000000e+00 4.82816051e-01
0.00000000e+00 4.83299592e-01
0.00000000e+00 4.83783134e-01
0.00000000e+00 4.84266675e-01
0.00000000e+00 4.84750216e-01
0.00000000e+00 4.85233758e-01
0.00000000e+00 4.85717299e-01
0.00000000e+00 4.86200840e-01
0.00000000e+00 4.86684382e-01
0.00000000e+00 4.87167923e-01
0.00000000e+00 4.87651465e-01
0.00000000e+00 4.88135006e-01
0.00000000e+00 4.88618547e-01
0.00000000e+00 4.89102089e-01
0.00000000e+00 4.89585630e-01
0.00000000e+00 4.90069171e-01
0.00000000e+00 4.90552713e-01
0.00000000e+00 4.91036254e-01
0.00000000e+00 4.91519795e-01
0.00000000e+00 4.92003337e-01
0.00000000e+00 4.92486878e-01
0.00000000e+00 4.92970420e-01
0.00000000e+00 4.93453961e-01
0.00000000e+00 4.93937502e-01
0.00000000e+00 4.94421044e-01
0.00000000e+00 4.94904585e-01
0.00000000e+00 4.95388126e-01
0.00000000e+00 4.95871668e-01
0.00000000e+00 4.96355209e-01
0.00000000e+00 4.96838750e-01
0.00000000e+00 4.97322292e-01
0.00000000e+00 4.97805833e-01
0.00000000e+00 4.98289375e-01
0.00000000e+00 4.98772916e-01
0.00000000e+00 4.99256457e-01
0.00000000e+00 4.99739999e-01
0.00000000e+00 5.00223540e-01
