% L-Bracket Geometry
% N_total=2302, N_horizontal=1151, N_vertical=1151
% Resolution: 100 segments per wavelength
% Format: x(m) y(m)
2.17243221e-04 0.00000000e+00
6.51729663e-04 0.00000000e+00
1.08621611e-03 0.00000000e+00
1.52070255e-03 0.00000000e+00
1.95518899e-03 0.00000000e+00
2.38967543e-03 0.00000000e+00
2.82416187e-03 0.00000000e+00
3.25864832e-03 0.00000000e+00
3.69313476e-03 0.00000000e+00
4.12762120e-03 0.00000000e+00
4.56210764e-03 0.00000000e+00
4.99659408e-03 0.00000000e+00
5.43108053e-03 0.00000000e+00
5.86556697e-03 0.00000000e+00
6.30005341e-03 0.00000000e+00
6.73453985e-03 0.00000000e+00
7.16902629e-03 0.00000000e+00
7.60351274e-03 0.00000000e+00
8.03799918e-03 0.00000000e+00
8.47248562e-03 0.00000000e+00
8.90697206e-03 0.00000000e+00
9.34145850e-03 0.00000000e+00
9.77594495e-03 0.00000000e+00
1.02104314e-02 0.00000000e+00
1.06449178e-02 0.00000000e+00
1.10794043e-02 0.00000000e+00
1.15138907e-02 0.00000000e+00
1.19483772e-02 0.00000000e+00
1.23828636e-02 0.00000000e+00
1.28173500e-02 0.00000000e+00
1.32518365e-02 0.00000000e+00
1.36863229e-02 0.00000000e+00
1.41208094e-02 0.00000000e+00
1.45552958e-02 0.00000000e+00
1.49897823e-02 0.00000000e+00
1.54242687e-02 0.00000000e+00
1.58587551e-02 0.00000000e+00
1.62932416e-02 0.00000000e+00
1.67277280e-02 0.00000000e+00
1.71622145e-02 0.00000000e+00
1.75967009e-02 0.00000000e+00
1.80311873e-02 0.00000000e+00
1.84656738e-02 0.00000000e+00
1.89001602e-02 0.00000000e+00
1.93346467e-02 0.00000000e+00
1.97691331e-02 0.00000000e+00
2.02036196e-02 0.00000000e+00
2.06381060e-02 0.00000000e+00
2.10725924e-02 0.00000000e+00
2.15070789e-02 0.00000000e+00
2.19415653e-02 0.00000000e+00
2.23760518e-02 0.00000000e+00
2.28105382e-02 0.00000000e+00
2.32450247e-02 0.00000000e+00
2.36795111e-02 0.00000000e+00
2.41139975e-02 0.00000000e+00
2.45484840e-02 0.00000000e+00
2.49829704e-02 0.00000000e+00
2.54174569e-02 0.00000000e+00
2.58519433e-02 0.00000000e+00
2.62864297e-02 0.00000000e+00
2.67209162e-02 0.00000000e+00
2.71554026e-02 0.00000000e+00
2.75898891e-02 0.00000000e+00
2.80243755e-02 0.00000000e+00
2.84588620e-02 0.00000000e+00
2.88933484e-02 0.00000000e+00
2.93278348e-02 0.00000000e+00
2.97623213e-02 0.00000000e+00
3.01968077e-02 0.00000000e+00
3.06312942e-02 0.00000000e+00
3.10657806e-02 0.00000000e+00
3.15002670e-02 0.00000000e+00
3.19347535e-02 0.00000000e+00
3.23692399e-02 0.00000000e+00
3.28037264e-02 0.00000000e+00
3.32382128e-02 0.00000000e+00
3.36726993e-02 0.00000000e+00
3.41071857e-02 0.00000000e+00
3.45416721e-02 0.00000000e+00
3.49761586e-02 0.00000000e+00
3.54106450e-02 0.00000000e+00
3.58451315e-02 0.00000000e+00
3.62796179e-02 0.00000000e+00
3.67141044e-02 0.00000000e+00
3.71485908e-02 0.00000000e+00
3.75830772e-02 0.00000000e+00
3.80175637e-02 0.00000000e+00
3.84520501e-02 0.00000000e+00
3.88865366e-02 0.00000000e+00
3.93210230e-02 0.00000000e+00
3.97555094e-02 0.00000000e+00
4.01899959e-02 0.00000000e+00
4.06244823e-02 0.00000000e+00
4.10589688e-02 0.00000000e+00
4.14934552e-02 0.00000000e+00
4.19279417e-02 0.00000000e+00
4.23624281e-02 0.00000000e+00
4.27969145e-02 0.00000000e+00
4.32314010e-02 0.00000000e+00
4.36658874e-02 0.00000000e+00
4.41003739e-02 0.00000000e+00
4.45348603e-02 0.00000000e+00
4.49693468e-02 0.00000000e+00
4.54038332e-02 0.00000000e+00
4.58383196e-02 0.00000000e+00
4.62728061e-02 0.00000000e+00
4.67072925e-02 0.00000000e+00
4.71417790e-02 0.00000000e+00
4.75762654e-02 0.00000000e+00
4.80107518e-02 0.00000000e+00
4.84452383e-02 0.00000000e+00
4.88797247e-02 0.00000000e+00
4.93142112e-02 0.00000000e+00
4.97486976e-02 0.00000000e+00
5.01831841e-02 0.00000000e+00
5.06176705e-02 0.00000000e+00
5.10521569e-02 0.00000000e+00
5.14866434e-02 0.00000000e+00
5.19211298e-02 0.00000000e+00
5.23556163e-02 0.00000000e+00
5.27901027e-02 0.00000000e+00
5.32245892e-02 0.00000000e+00
5.36590756e-02 0.00000000e+00
5.40935620e-02 0.00000000e+00
5.45280485e-02 0.00000000e+00
5.49625349e-02 0.00000000e+00
5.53970214e-02 0.00000000e+00
5.58315078e-02 0.00000000e+00
5.62659942e-02 0.00000000e+00
5.67004807e-02 0.00000000e+00
5.71349671e-02 0.00000000e+00
5.75694536e-02 0.00000000e+00
5.80039400e-02 0.00000000e+00
5.84384265e-02 0.00000000e+00
5.88729129e-02 0.00000000e+00
5.93073993e-02 0.00000000e+00
5.97418858e-02 0.00000000e+00
6.01763722e-02 0.00000000e+00
6.06108587e-02 0.00000000e+00
6.10453451e-02 0.00000000e+00
6.14798316e-02 0.00000000e+00
6.19143180e-02 0.00000000e+00
6.23488044e-02 0.00000000e+00
6.27832909e-02 0.00000000e+00
6.32177773e-02 0.00000000e+00
6.36522638e-02 0.00000000e+00
6.40867502e-02 0.00000000e+00
6.45212366e-02 0.00000000e+00
6.49557231e-02 0.00000000e+00
6.53902095e-02 0.00000000e+00
6.58246960e-02 0.00000000e+00
6.62591824e-02 0.00000000e+00
6.66936689e-02 0.00000000e+00
6.71281553e-02 0.00000000e+00
6.75626417e-02 0.00000000e+00
6.79971282e-02 0.00000000e+00
6.84316146e-02 0.00000000e+00
6.88661011e-02 0.00000000e+00
6.93005875e-02 0.00000000e+00
6.97350740e-02 0.00000000e+00
7.01695604e-02 0.00000000e+00
7.06040468e-02 0.00000000e+00
7.10385333e-02 0.00000000e+00
7.14730197e-02 0.00000000e+00
7.19075062e-02 0.00000000e+00
7.23419926e-02 0.00000000e+00
7.27764790e-02 0.00000000e+00
7.32109655e-02 0.00000000e+00
7.36454519e-02 0.00000000e+00
7.40799384e-02 0.00000000e+00
7.45144248e-02 0.00000000e+00
7.49489113e-02 0.00000000e+00
7.53833977e-02 0.00000000e+00
7.58178841e-02 0.00000000e+00
7.62523706e-02 0.00000000e+00
7.66868570e-02 0.00000000e+00
7.71213435e-02 0.00000000e+00
7.75558299e-02 0.00000000e+00
7.79903163e-02 0.00000000e+00
7.84248028e-02 0.00000000e+00
7.88592892e-02 0.00000000e+00
7.92937757e-02 0.00000000e+00
7.97282621e-02 0.00000000e+00
8.01627486e-02 0.00000000e+00
8.05972350e-02 0.00000000e+00
8.10317214e-02 0.00000000e+00
8.14662079e-02 0.00000000e+00
8.19006943e-02 0.00000000e+00
8.23351808e-02 0.00000000e+00
8.27696672e-02 0.00000000e+00
8.32041537e-02 0.00000000e+00
8.36386401e-02 0.00000000e+00
8.40731265e-02 0.00000000e+00
8.45076130e-02 0.00000000e+00
8.49420994e-02 0.00000000e+00
8.53765859e-02 0.00000000e+00
8.58110723e-02 0.00000000e+00
8.62455587e-02 0.00000000e+00
8.66800452e-02 0.00000000e+00
8.71145316e-02 0.00000000e+00
8.75490181e-02 0.00000000e+00
8.79835045e-02 0.00000000e+00
8.84179910e-02 0.00000000e+00
8.88524774e-02 0.00000000e+00
8.92869638e-02 0.00000000e+00
8.97214503e-02 0.00000000e+00
9.01559367e-02 0.00000000e+00
9.05904232e-02 0.00000000e+00
9.10249096e-02 0.00000000e+00
9.14593961e-02 0.00000000e+00
9.18938825e-02 0.00000000e+00
9.23283689e-02 0.00000000e+00
9.27628554e-02 0.00000000e+00
9.31973418e-02 0.00000000e+00
9.36318283e-02 0.00000000e+00
9.40663147e-02 0.00000000e+00
9.45008011e-02 0.00000000e+00
9.49352876e-02 0.00000000e+00
9.53697740e-02 0.00000000e+00
9.58042605e-02 0.00000000e+00
9.62387469e-02 0.00000000e+00
9.66732334e-02 0.00000000e+00
9.71077198e-02 0.00000000e+00
9.75422062e-02 0.00000000e+00
9.79766927e-02 0.00000000e+00
9.84111791e-02 0.00000000e+00
9.88456656e-02 0.00000000e+00
9.92801520e-02 0.00000000e+00
9.97146385e-02 0.00000000e+00
1.00149125e-01 0.00000000e+00
1.00583611e-01 0.00000000e+00
1.01018098e-01 0.00000000e+00
1.01452584e-01 0.00000000e+00
1.01887071e-01 0.00000000e+00
1.02321557e-01 0.00000000e+00
1.02756044e-01 0.00000000e+00
1.03190530e-01 0.00000000e+00
1.03625016e-01 0.00000000e+00
1.04059503e-01 0.00000000e+00
1.04493989e-01 0.00000000e+00
1.04928476e-01 0.00000000e+00
1.05362962e-01 0.00000000e+00
1.05797449e-01 0.00000000e+00
1.06231935e-01 0.00000000e+00
1.06666422e-01 0.00000000e+00
1.07100908e-01 0.00000000e+00
1.07535394e-01 0.00000000e+00
1.07969881e-01 0.00000000e+00
1.08404367e-01 0.00000000e+00
1.08838854e-01 0.00000000e+00
1.09273340e-01 0.00000000e+00
1.09707827e-01 0.00000000e+00
1.10142313e-01 0.00000000e+00
1.10576800e-01 0.00000000e+00
1.11011286e-01 0.00000000e+00
1.11445772e-01 0.00000000e+00
1.11880259e-01 0.00000000e+00
1.12314745e-01 0.00000000e+00
1.12749232e-01 0.00000000e+00
1.13183718e-01 0.00000000e+00
1.13618205e-01 0.00000000e+00
1.14052691e-01 0.00000000e+00
1.14487177e-01 0.00000000e+00
1.14921664e-01 0.00000000e+00
1.15356150e-01 0.00000000e+00
1.15790637e-01 0.00000000e+00
1.16225123e-01 0.00000000e+00
1.16659610e-01 0.00000000e+00
1.17094096e-01 0.00000000e+00
1.17528583e-01 0.00000000e+00
1.17963069e-01 0.00000000e+00
1.18397555e-01 0.00000000e+00
1.18832042e-01 0.00000000e+00
1.19266528e-01 0.00000000e+00
1.19701015e-01 0.00000000e+00
1.20135501e-01 0.00000000e+00
1.20569988e-01 0.00000000e+00
1.21004474e-01 0.00000000e+00
1.21438961e-01 0.00000000e+00
1.21873447e-01 0.00000000e+00
1.22307933e-01 0.00000000e+00
1.22742420e-01 0.00000000e+00
1.23176906e-01 0.00000000e+00
1.23611393e-01 0.00000000e+00
1.24045879e-01 0.00000000e+00
1.24480366e-01 0.00000000e+00
1.24914852e-01 0.00000000e+00
1.25349339e-01 0.00000000e+00
1.25783825e-01 0.00000000e+00
1.26218311e-01 0.00000000e+00
1.26652798e-01 0.00000000e+00
1.27087284e-01 0.00000000e+00
1.27521771e-01 0.00000000e+00
1.27956257e-01 0.00000000e+00
1.28390744e-01 0.00000000e+00
1.28825230e-01 0.00000000e+00
1.29259717e-01 0.00000000e+00
1.29694203e-01 0.00000000e+00
1.30128689e-01 0.00000000e+00
1.30563176e-01 0.00000000e+00
1.30997662e-01 0.00000000e+00
1.31432149e-01 0.00000000e+00
1.31866635e-01 0.00000000e+00
1.32301122e-01 0.00000000e+00
1.32735608e-01 0.00000000e+00
1.33170094e-01 0.00000000e+00
1.33604581e-01 0.00000000e+00
1.34039067e-01 0.00000000e+00
1.34473554e-01 0.00000000e+00
1.34908040e-01 0.00000000e+00
1.35342527e-01 0.00000000e+00
1.35777013e-01 0.00000000e+00
1.36211500e-01 0.00000000e+00
1.36645986e-01 0.00000000e+00
1.37080472e-01 0.00000000e+00
1.37514959e-01 0.00000000e+00
1.37949445e-01 0.00000000e+00
1.38383932e-01 0.00000000e+00
1.38818418e-01 0.00000000e+00
1.39252905e-01 0.00000000e+00
1.39687391e-01 0.00000000e+00
1.40121878e-01 0.00000000e+00
1.40556364e-01 0.00000000e+00
1.40990850e-01 0.00000000e+00
1.41425337e-01 0.00000000e+00
1.41859823e-01 0.00000000e+00
1.42294310e-01 0.00000000e+00
1.42728796e-01 0.00000000e+00
1.43163283e-01 0.00000000e+00
1.43597769e-01 0.00000000e+00
1.44032256e-01 0.00000000e+00
1.44466742e-01 0.00000000e+00
1.44901228e-01 0.00000000e+00
1.45335715e-01 0.00000000e+00
1.45770201e-01 0.00000000e+00
1.46204688e-01 0.00000000e+00
1.46639174e-01 0.00000000e+00
1.47073661e-01 0.00000000e+00
1.47508147e-01 0.00000000e+00
1.47942634e-01 0.00000000e+00
1.48377120e-01 0.00000000e+00
1.48811606e-01 0.00000000e+00
1.49246093e-01 0.00000000e+00
1.49680579e-01 0.00000000e+00
1.50115066e-01 0.00000000e+00
1.50549552e-01 0.00000000e+00
1.50984039e-01 0.00000000e+00
1.51418525e-01 0.00000000e+00
1.51853012e-01 0.00000000e+00
1.52287498e-01 0.00000000e+00
1.52721984e-01 0.00000000e+00
1.53156471e-01 0.00000000e+00
1.53590957e-01 0.00000000e+00
1.54025444e-01 0.00000000e+00
1.54459930e-01 0.00000000e+00
1.54894417e-01 0.00000000e+00
1.55328903e-01 0.00000000e+00
1.55763389e-01 0.00000000e+00
1.56197876e-01 0.00000000e+00
1.56632362e-01 0.00000000e+00
1.57066849e-01 0.00000000e+00
1.57501335e-01 0.00000000e+00
1.57935822e-01 0.00000000e+00
1.58370308e-01 0.00000000e+00
1.58804795e-01 0.00000000e+00
1.59239281e-01 0.00000000e+00
1.59673767e-01 0.00000000e+00
1.60108254e-01 0.00000000e+00
1.60542740e-01 0.00000000e+00
1.60977227e-01 0.00000000e+00
1.61411713e-01 0.00000000e+00
1.61846200e-01 0.00000000e+00
1.62280686e-01 0.00000000e+00
1.62715173e-01 0.00000000e+00
1.63149659e-01 0.00000000e+00
1.63584145e-01 0.00000000e+00
1.64018632e-01 0.00000000e+00
1.64453118e-01 0.00000000e+00
1.64887605e-01 0.00000000e+00
1.65322091e-01 0.00000000e+00
1.65756578e-01 0.00000000e+00
1.66191064e-01 0.00000000e+00
1.66625551e-01 0.00000000e+00
1.67060037e-01 0.00000000e+00
1.67494523e-01 0.00000000e+00
1.67929010e-01 0.00000000e+00
1.68363496e-01 0.00000000e+00
1.68797983e-01 0.00000000e+00
1.69232469e-01 0.00000000e+00
1.69666956e-01 0.00000000e+00
1.70101442e-01 0.00000000e+00
1.70535929e-01 0.00000000e+00
1.70970415e-01 0.00000000e+00
1.71404901e-01 0.00000000e+00
1.71839388e-01 0.00000000e+00
1.72273874e-01 0.00000000e+00
1.72708361e-01 0.00000000e+00
1.73142847e-01 0.00000000e+00
1.73577334e-01 0.00000000e+00
1.74011820e-01 0.00000000e+00
1.74446306e-01 0.00000000e+00
1.74880793e-01 0.00000000e+00
1.75315279e-01 0.00000000e+00
1.75749766e-01 0.00000000e+00
1.76184252e-01 0.00000000e+00
1.76618739e-01 0.00000000e+00
1.77053225e-01 0.00000000e+00
1.77487712e-01 0.00000000e+00
1.77922198e-01 0.00000000e+00
1.78356684e-01 0.00000000e+00
1.78791171e-01 0.00000000e+00
1.79225657e-01 0.00000000e+00
1.79660144e-01 0.00000000e+00
1.80094630e-01 0.00000000e+00
1.80529117e-01 0.00000000e+00
1.80963603e-01 0.00000000e+00
1.81398090e-01 0.00000000e+00
1.81832576e-01 0.00000000e+00
1.82267062e-01 0.00000000e+00
1.82701549e-01 0.00000000e+00
1.83136035e-01 0.00000000e+00
1.83570522e-01 0.00000000e+00
1.84005008e-01 0.00000000e+00
1.84439495e-01 0.00000000e+00
1.84873981e-01 0.00000000e+00
1.85308468e-01 0.00000000e+00
1.85742954e-01 0.00000000e+00
1.86177440e-01 0.00000000e+00
1.86611927e-01 0.00000000e+00
1.87046413e-01 0.00000000e+00
1.87480900e-01 0.00000000e+00
1.87915386e-01 0.00000000e+00
1.88349873e-01 0.00000000e+00
1.88784359e-01 0.00000000e+00
1.89218846e-01 0.00000000e+00
1.89653332e-01 0.00000000e+00
1.90087818e-01 0.00000000e+00
1.90522305e-01 0.00000000e+00
1.90956791e-01 0.00000000e+00
1.91391278e-01 0.00000000e+00
1.91825764e-01 0.00000000e+00
1.92260251e-01 0.00000000e+00
1.92694737e-01 0.00000000e+00
1.93129223e-01 0.00000000e+00
1.93563710e-01 0.00000000e+00
1.93998196e-01 0.00000000e+00
1.94432683e-01 0.00000000e+00
1.94867169e-01 0.00000000e+00
1.95301656e-01 0.00000000e+00
1.95736142e-01 0.00000000e+00
1.96170629e-01 0.00000000e+00
1.96605115e-01 0.00000000e+00
1.97039601e-01 0.00000000e+00
1.97474088e-01 0.00000000e+00
1.97908574e-01 0.00000000e+00
1.98343061e-01 0.00000000e+00
1.98777547e-01 0.00000000e+00
1.99212034e-01 0.00000000e+00
1.99646520e-01 0.00000000e+00
2.00081007e-01 0.00000000e+00
2.00515493e-01 0.00000000e+00
2.00949979e-01 0.00000000e+00
2.01384466e-01 0.00000000e+00
2.01818952e-01 0.00000000e+00
2.02253439e-01 0.00000000e+00
2.02687925e-01 0.00000000e+00
2.03122412e-01 0.00000000e+00
2.03556898e-01 0.00000000e+00
2.03991385e-01 0.00000000e+00
2.04425871e-01 0.00000000e+00
2.04860357e-01 0.00000000e+00
2.05294844e-01 0.00000000e+00
2.05729330e-01 0.00000000e+00
2.06163817e-01 0.00000000e+00
2.06598303e-01 0.00000000e+00
2.07032790e-01 0.00000000e+00
2.07467276e-01 0.00000000e+00
2.07901763e-01 0.00000000e+00
2.08336249e-01 0.00000000e+00
2.08770735e-01 0.00000000e+00
2.09205222e-01 0.00000000e+00
2.09639708e-01 0.00000000e+00
2.10074195e-01 0.00000000e+00
2.10508681e-01 0.00000000e+00
2.10943168e-01 0.00000000e+00
2.11377654e-01 0.00000000e+00
2.11812141e-01 0.00000000e+00
2.12246627e-01 0.00000000e+00
2.12681113e-01 0.00000000e+00
2.13115600e-01 0.00000000e+00
2.13550086e-01 0.00000000e+00
2.13984573e-01 0.00000000e+00
2.14419059e-01 0.00000000e+00
2.14853546e-01 0.00000000e+00
2.15288032e-01 0.00000000e+00
2.15722518e-01 0.00000000e+00
2.16157005e-01 0.00000000e+00
2.16591491e-01 0.00000000e+00
2.17025978e-01 0.00000000e+00
2.17460464e-01 0.00000000e+00
2.17894951e-01 0.00000000e+00
2.18329437e-01 0.00000000e+00
2.18763924e-01 0.00000000e+00
2.19198410e-01 0.00000000e+00
2.19632896e-01 0.00000000e+00
2.20067383e-01 0.00000000e+00
2.20501869e-01 0.00000000e+00
2.20936356e-01 0.00000000e+00
2.21370842e-01 0.00000000e+00
2.21805329e-01 0.00000000e+00
2.22239815e-01 0.00000000e+00
2.22674302e-01 0.00000000e+00
2.23108788e-01 0.00000000e+00
2.23543274e-01 0.00000000e+00
2.23977761e-01 0.00000000e+00
2.24412247e-01 0.00000000e+00
2.24846734e-01 0.00000000e+00
2.25281220e-01 0.00000000e+00
2.25715707e-01 0.00000000e+00
2.26150193e-01 0.00000000e+00
2.26584680e-01 0.00000000e+00
2.27019166e-01 0.00000000e+00
2.27453652e-01 0.00000000e+00
2.27888139e-01 0.00000000e+00
2.28322625e-01 0.00000000e+00
2.28757112e-01 0.00000000e+00
2.29191598e-01 0.00000000e+00
2.29626085e-01 0.00000000e+00
2.30060571e-01 0.00000000e+00
2.30495058e-01 0.00000000e+00
2.30929544e-01 0.00000000e+00
2.31364030e-01 0.00000000e+00
2.31798517e-01 0.00000000e+00
2.32233003e-01 0.00000000e+00
2.32667490e-01 0.00000000e+00
2.33101976e-01 0.00000000e+00
2.33536463e-01 0.00000000e+00
2.33970949e-01 0.00000000e+00
2.34405435e-01 0.00000000e+00
2.34839922e-01 0.00000000e+00
2.35274408e-01 0.00000000e+00
2.35708895e-01 0.00000000e+00
2.36143381e-01 0.00000000e+00
2.36577868e-01 0.00000000e+00
2.37012354e-01 0.00000000e+00
2.37446841e-01 0.00000000e+00
2.37881327e-01 0.00000000e+00
2.38315813e-01 0.00000000e+00
2.38750300e-01 0.00000000e+00
2.39184786e-01 0.00000000e+00
2.39619273e-01 0.00000000e+00
2.40053759e-01 0.00000000e+00
2.40488246e-01 0.00000000e+00
2.40922732e-01 0.00000000e+00
2.41357219e-01 0.00000000e+00
2.41791705e-01 0.00000000e+00
2.42226191e-01 0.00000000e+00
2.42660678e-01 0.00000000e+00
2.43095164e-01 0.00000000e+00
2.43529651e-01 0.00000000e+00
2.43964137e-01 0.00000000e+00
2.44398624e-01 0.00000000e+00
2.44833110e-01 0.00000000e+00
2.45267597e-01 0.00000000e+00
2.45702083e-01 0.00000000e+00
2.46136569e-01 0.00000000e+00
2.46571056e-01 0.00000000e+00
2.47005542e-01 0.00000000e+00
2.47440029e-01 0.00000000e+00
2.47874515e-01 0.00000000e+00
2.48309002e-01 0.00000000e+00
2.48743488e-01 0.00000000e+00
2.49177975e-01 0.00000000e+00
2.49612461e-01 0.00000000e+00
2.50046947e-01 0.00000000e+00
2.50481434e-01 0.00000000e+00
2.50915920e-01 0.00000000e+00
2.51350407e-01 0.00000000e+00
2.51784893e-01 0.00000000e+00
2.52219380e-01 0.00000000e+00
2.52653866e-01 0.00000000e+00
2.53088353e-01 0.00000000e+00
2.53522839e-01 0.00000000e+00
2.53957325e-01 0.00000000e+00
2.54391812e-01 0.00000000e+00
2.54826298e-01 0.00000000e+00
2.55260785e-01 0.00000000e+00
2.55695271e-01 0.00000000e+00
2.56129758e-01 0.00000000e+00
2.56564244e-01 0.00000000e+00
2.56998730e-01 0.00000000e+00
2.57433217e-01 0.00000000e+00
2.57867703e-01 0.00000000e+00
2.58302190e-01 0.00000000e+00
2.58736676e-01 0.00000000e+00
2.59171163e-01 0.00000000e+00
2.59605649e-01 0.00000000e+00
2.60040136e-01 0.00000000e+00
2.60474622e-01 0.00000000e+00
2.60909108e-01 0.00000000e+00
2.61343595e-01 0.00000000e+00
2.61778081e-01 0.00000000e+00
2.62212568e-01 0.00000000e+00
2.62647054e-01 0.00000000e+00
2.63081541e-01 0.00000000e+00
2.63516027e-01 0.00000000e+00
2.63950514e-01 0.00000000e+00
2.64385000e-01 0.00000000e+00
2.64819486e-01 0.00000000e+00
2.65253973e-01 0.00000000e+00
2.65688459e-01 0.00000000e+00
2.66122946e-01 0.00000000e+00
2.66557432e-01 0.00000000e+00
2.66991919e-01 0.00000000e+00
2.67426405e-01 0.00000000e+00
2.67860892e-01 0.00000000e+00
2.68295378e-01 0.00000000e+00
2.68729864e-01 0.00000000e+00
2.69164351e-01 0.00000000e+00
2.69598837e-01 0.00000000e+00
2.70033324e-01 0.00000000e+00
2.70467810e-01 0.00000000e+00
2.70902297e-01 0.00000000e+00
2.71336783e-01 0.00000000e+00
2.71771270e-01 0.00000000e+00
2.72205756e-01 0.00000000e+00
2.72640242e-01 0.00000000e+00
2.73074729e-01 0.00000000e+00
2.73509215e-01 0.00000000e+00
2.73943702e-01 0.00000000e+00
2.74378188e-01 0.00000000e+00
2.74812675e-01 0.00000000e+00
2.75247161e-01 0.00000000e+00
2.75681647e-01 0.00000000e+00
2.76116134e-01 0.00000000e+00
2.76550620e-01 0.00000000e+00
2.76985107e-01 0.00000000e+00
2.77419593e-01 0.00000000e+00
2.77854080e-01 0.00000000e+00
2.78288566e-01 0.00000000e+00
2.78723053e-01 0.00000000e+00
2.79157539e-01 0.00000000e+00
2.79592025e-01 0.00000000e+00
2.80026512e-01 0.00000000e+00
2.80460998e-01 0.00000000e+00
2.80895485e-01 0.00000000e+00
2.81329971e-01 0.00000000e+00
2.81764458e-01 0.00000000e+00
2.82198944e-01 0.00000000e+00
2.82633431e-01 0.00000000e+00
2.83067917e-01 0.00000000e+00
2.83502403e-01 0.00000000e+00
2.83936890e-01 0.00000000e+00
2.84371376e-01 0.00000000e+00
2.84805863e-01 0.00000000e+00
2.85240349e-01 0.00000000e+00
2.85674836e-01 0.00000000e+00
2.86109322e-01 0.00000000e+00
2.86543809e-01 0.00000000e+00
2.86978295e-01 0.00000000e+00
2.87412781e-01 0.00000000e+00
2.87847268e-01 0.00000000e+00
2.88281754e-01 0.00000000e+00
2.88716241e-01 0.00000000e+00
2.89150727e-01 0.00000000e+00
2.89585214e-01 0.00000000e+00
2.90019700e-01 0.00000000e+00
2.90454187e-01 0.00000000e+00
2.90888673e-01 0.00000000e+00
2.91323159e-01 0.00000000e+00
2.91757646e-01 0.00000000e+00
2.92192132e-01 0.00000000e+00
2.92626619e-01 0.00000000e+00
2.93061105e-01 0.00000000e+00
2.93495592e-01 0.00000000e+00
2.93930078e-01 0.00000000e+00
2.94364564e-01 0.00000000e+00
2.94799051e-01 0.00000000e+00
2.95233537e-01 0.00000000e+00
2.95668024e-01 0.00000000e+00
2.96102510e-01 0.00000000e+00
2.96536997e-01 0.00000000e+00
2.96971483e-01 0.00000000e+00
2.97405970e-01 0.00000000e+00
2.97840456e-01 0.00000000e+00
2.98274942e-01 0.00000000e+00
2.98709429e-01 0.00000000e+00
2.99143915e-01 0.00000000e+00
2.99578402e-01 0.00000000e+00
3.00012888e-01 0.00000000e+00
3.00447375e-01 0.00000000e+00
3.00881861e-01 0.00000000e+00
3.01316348e-01 0.00000000e+00
3.01750834e-01 0.00000000e+00
3.02185320e-01 0.00000000e+00
3.02619807e-01 0.00000000e+00
3.03054293e-01 0.00000000e+00
3.03488780e-01 0.00000000e+00
3.03923266e-01 0.00000000e+00
3.04357753e-01 0.00000000e+00
3.04792239e-01 0.00000000e+00
3.05226726e-01 0.00000000e+00
3.05661212e-01 0.00000000e+00
3.06095698e-01 0.00000000e+00
3.06530185e-01 0.00000000e+00
3.06964671e-01 0.00000000e+00
3.07399158e-01 0.00000000e+00
3.07833644e-01 0.00000000e+00
3.08268131e-01 0.00000000e+00
3.08702617e-01 0.00000000e+00
3.09137104e-01 0.00000000e+00
3.09571590e-01 0.00000000e+00
3.10006076e-01 0.00000000e+00
3.10440563e-01 0.00000000e+00
3.10875049e-01 0.00000000e+00
3.11309536e-01 0.00000000e+00
3.11744022e-01 0.00000000e+00
3.12178509e-01 0.00000000e+00
3.12612995e-01 0.00000000e+00
3.13047482e-01 0.00000000e+00
3.13481968e-01 0.00000000e+00
3.13916454e-01 0.00000000e+00
3.14350941e-01 0.00000000e+00
3.14785427e-01 0.00000000e+00
3.15219914e-01 0.00000000e+00
3.15654400e-01 0.00000000e+00
3.16088887e-01 0.00000000e+00
3.16523373e-01 0.00000000e+00
3.16957859e-01 0.00000000e+00
3.17392346e-01 0.00000000e+00
3.17826832e-01 0.00000000e+00
3.18261319e-01 0.00000000e+00
3.18695805e-01 0.00000000e+00
3.19130292e-01 0.00000000e+00
3.19564778e-01 0.00000000e+00
3.19999265e-01 0.00000000e+00
3.20433751e-01 0.00000000e+00
3.20868237e-01 0.00000000e+00
3.21302724e-01 0.00000000e+00
3.21737210e-01 0.00000000e+00
3.22171697e-01 0.00000000e+00
3.22606183e-01 0.00000000e+00
3.23040670e-01 0.00000000e+00
3.23475156e-01 0.00000000e+00
3.23909643e-01 0.00000000e+00
3.24344129e-01 0.00000000e+00
3.24778615e-01 0.00000000e+00
3.25213102e-01 0.00000000e+00
3.25647588e-01 0.00000000e+00
3.26082075e-01 0.00000000e+00
3.26516561e-01 0.00000000e+00
3.26951048e-01 0.00000000e+00
3.27385534e-01 0.00000000e+00
3.27820021e-01 0.00000000e+00
3.28254507e-01 0.00000000e+00
3.28688993e-01 0.00000000e+00
3.29123480e-01 0.00000000e+00
3.29557966e-01 0.00000000e+00
3.29992453e-01 0.00000000e+00
3.30426939e-01 0.00000000e+00
3.30861426e-01 0.00000000e+00
3.31295912e-01 0.00000000e+00
3.31730399e-01 0.00000000e+00
3.32164885e-01 0.00000000e+00
3.32599371e-01 0.00000000e+00
3.33033858e-01 0.00000000e+00
3.33468344e-01 0.00000000e+00
3.33902831e-01 0.00000000e+00
3.34337317e-01 0.00000000e+00
3.34771804e-01 0.00000000e+00
3.35206290e-01 0.00000000e+00
3.35640776e-01 0.00000000e+00
3.36075263e-01 0.00000000e+00
3.36509749e-01 0.00000000e+00
3.36944236e-01 0.00000000e+00
3.37378722e-01 0.00000000e+00
3.37813209e-01 0.00000000e+00
3.38247695e-01 0.00000000e+00
3.38682182e-01 0.00000000e+00
3.39116668e-01 0.00000000e+00
3.39551154e-01 0.00000000e+00
3.39985641e-01 0.00000000e+00
3.40420127e-01 0.00000000e+00
3.40854614e-01 0.00000000e+00
3.41289100e-01 0.00000000e+00
3.41723587e-01 0.00000000e+00
3.42158073e-01 0.00000000e+00
3.42592560e-01 0.00000000e+00
3.43027046e-01 0.00000000e+00
3.43461532e-01 0.00000000e+00
3.43896019e-01 0.00000000e+00
3.44330505e-01 0.00000000e+00
3.44764992e-01 0.00000000e+00
3.45199478e-01 0.00000000e+00
3.45633965e-01 0.00000000e+00
3.46068451e-01 0.00000000e+00
3.46502938e-01 0.00000000e+00
3.46937424e-01 0.00000000e+00
3.47371910e-01 0.00000000e+00
3.47806397e-01 0.00000000e+00
3.48240883e-01 0.00000000e+00
3.48675370e-01 0.00000000e+00
3.49109856e-01 0.00000000e+00
3.49544343e-01 0.00000000e+00
3.49978829e-01 0.00000000e+00
3.50413316e-01 0.00000000e+00
3.50847802e-01 0.00000000e+00
3.51282288e-01 0.00000000e+00
3.51716775e-01 0.00000000e+00
3.52151261e-01 0.00000000e+00
3.52585748e-01 0.00000000e+00
3.53020234e-01 0.00000000e+00
3.53454721e-01 0.00000000e+00
3.53889207e-01 0.00000000e+00
3.54323694e-01 0.00000000e+00
3.54758180e-01 0.00000000e+00
3.55192666e-01 0.00000000e+00
3.55627153e-01 0.00000000e+00
3.56061639e-01 0.00000000e+00
3.56496126e-01 0.00000000e+00
3.56930612e-01 0.00000000e+00
3.57365099e-01 0.00000000e+00
3.57799585e-01 0.00000000e+00
3.58234071e-01 0.00000000e+00
3.58668558e-01 0.00000000e+00
3.59103044e-01 0.00000000e+00
3.59537531e-01 0.00000000e+00
3.59972017e-01 0.00000000e+00
3.60406504e-01 0.00000000e+00
3.60840990e-01 0.00000000e+00
3.61275477e-01 0.00000000e+00
3.61709963e-01 0.00000000e+00
3.62144449e-01 0.00000000e+00
3.62578936e-01 0.00000000e+00
3.63013422e-01 0.00000000e+00
3.63447909e-01 0.00000000e+00
3.63882395e-01 0.00000000e+00
3.64316882e-01 0.00000000e+00
3.64751368e-01 0.00000000e+00
3.65185855e-01 0.00000000e+00
3.65620341e-01 0.00000000e+00
3.66054827e-01 0.00000000e+00
3.66489314e-01 0.00000000e+00
3.66923800e-01 0.00000000e+00
3.67358287e-01 0.00000000e+00
3.67792773e-01 0.00000000e+00
3.68227260e-01 0.00000000e+00
3.68661746e-01 0.00000000e+00
3.69096233e-01 0.00000000e+00
3.69530719e-01 0.00000000e+00
3.69965205e-01 0.00000000e+00
3.70399692e-01 0.00000000e+00
3.70834178e-01 0.00000000e+00
3.71268665e-01 0.00000000e+00
3.71703151e-01 0.00000000e+00
3.72137638e-01 0.00000000e+00
3.72572124e-01 0.00000000e+00
3.73006611e-01 0.00000000e+00
3.73441097e-01 0.00000000e+00
3.73875583e-01 0.00000000e+00
3.74310070e-01 0.00000000e+00
3.74744556e-01 0.00000000e+00
3.75179043e-01 0.00000000e+00
3.75613529e-01 0.00000000e+00
3.76048016e-01 0.00000000e+00
3.76482502e-01 0.00000000e+00
3.76916988e-01 0.00000000e+00
3.77351475e-01 0.00000000e+00
3.77785961e-01 0.00000000e+00
3.78220448e-01 0.00000000e+00
3.78654934e-01 0.00000000e+00
3.79089421e-01 0.00000000e+00
3.79523907e-01 0.00000000e+00
3.79958394e-01 0.00000000e+00
3.80392880e-01 0.00000000e+00
3.80827366e-01 0.00000000e+00
3.81261853e-01 0.00000000e+00
3.81696339e-01 0.00000000e+00
3.82130826e-01 0.00000000e+00
3.82565312e-01 0.00000000e+00
3.82999799e-01 0.00000000e+00
3.83434285e-01 0.00000000e+00
3.83868772e-01 0.00000000e+00
3.84303258e-01 0.00000000e+00
3.84737744e-01 0.00000000e+00
3.85172231e-01 0.00000000e+00
3.85606717e-01 0.00000000e+00
3.86041204e-01 0.00000000e+00
3.86475690e-01 0.00000000e+00
3.86910177e-01 0.00000000e+00
3.87344663e-01 0.00000000e+00
3.87779150e-01 0.00000000e+00
3.88213636e-01 0.00000000e+00
3.88648122e-01 0.00000000e+00
3.89082609e-01 0.00000000e+00
3.89517095e-01 0.00000000e+00
3.89951582e-01 0.00000000e+00
3.90386068e-01 0.00000000e+00
3.90820555e-01 0.00000000e+00
3.91255041e-01 0.00000000e+00
3.91689528e-01 0.00000000e+00
3.92124014e-01 0.00000000e+00
3.92558500e-01 0.00000000e+00
3.92992987e-01 0.00000000e+00
3.93427473e-01 0.00000000e+00
3.93861960e-01 0.00000000e+00
3.94296446e-01 0.00000000e+00
3.94730933e-01 0.00000000e+00
3.95165419e-01 0.00000000e+00
3.95599905e-01 0.00000000e+00
3.96034392e-01 0.00000000e+00
3.96468878e-01 0.00000000e+00
3.96903365e-01 0.00000000e+00
3.97337851e-01 0.00000000e+00
3.97772338e-01 0.00000000e+00
3.98206824e-01 0.00000000e+00
3.98641311e-01 0.00000000e+00
3.99075797e-01 0.00000000e+00
3.99510283e-01 0.00000000e+00
3.99944770e-01 0.00000000e+00
4.00379256e-01 0.00000000e+00
4.00813743e-01 0.00000000e+00
4.01248229e-01 0.00000000e+00
4.01682716e-01 0.00000000e+00
4.02117202e-01 0.00000000e+00
4.02551689e-01 0.00000000e+00
4.02986175e-01 0.00000000e+00
4.03420661e-01 0.00000000e+00
4.03855148e-01 0.00000000e+00
4.04289634e-01 0.00000000e+00
4.04724121e-01 0.00000000e+00
4.05158607e-01 0.00000000e+00
4.05593094e-01 0.00000000e+00
4.06027580e-01 0.00000000e+00
4.06462067e-01 0.00000000e+00
4.06896553e-01 0.00000000e+00
4.07331039e-01 0.00000000e+00
4.07765526e-01 0.00000000e+00
4.08200012e-01 0.00000000e+00
4.08634499e-01 0.00000000e+00
4.09068985e-01 0.00000000e+00
4.09503472e-01 0.00000000e+00
4.09937958e-01 0.00000000e+00
4.10372445e-01 0.00000000e+00
4.10806931e-01 0.00000000e+00
4.11241417e-01 0.00000000e+00
4.11675904e-01 0.00000000e+00
4.12110390e-01 0.00000000e+00
4.12544877e-01 0.00000000e+00
4.12979363e-01 0.00000000e+00
4.13413850e-01 0.00000000e+00
4.13848336e-01 0.00000000e+00
4.14282823e-01 0.00000000e+00
4.14717309e-01 0.00000000e+00
4.15151795e-01 0.00000000e+00
4.15586282e-01 0.00000000e+00
4.16020768e-01 0.00000000e+00
4.16455255e-01 0.00000000e+00
4.16889741e-01 0.00000000e+00
4.17324228e-01 0.00000000e+00
4.17758714e-01 0.00000000e+00
4.18193200e-01 0.00000000e+00
4.18627687e-01 0.00000000e+00
4.19062173e-01 0.00000000e+00
4.19496660e-01 0.00000000e+00
4.19931146e-01 0.00000000e+00
4.20365633e-01 0.00000000e+00
4.20800119e-01 0.00000000e+00
4.21234606e-01 0.00000000e+00
4.21669092e-01 0.00000000e+00
4.22103578e-01 0.00000000e+00
4.22538065e-01 0.00000000e+00
4.22972551e-01 0.00000000e+00
4.23407038e-01 0.00000000e+00
4.23841524e-01 0.00000000e+00
4.24276011e-01 0.00000000e+00
4.24710497e-01 0.00000000e+00
4.25144984e-01 0.00000000e+00
4.25579470e-01 0.00000000e+00
4.26013956e-01 0.00000000e+00
4.26448443e-01 0.00000000e+00
4.26882929e-01 0.00000000e+00
4.27317416e-01 0.00000000e+00
4.27751902e-01 0.00000000e+00
4.28186389e-01 0.00000000e+00
4.28620875e-01 0.00000000e+00
4.29055362e-01 0.00000000e+00
4.29489848e-01 0.00000000e+00
4.29924334e-01 0.00000000e+00
4.30358821e-01 0.00000000e+00
4.30793307e-01 0.00000000e+00
4.31227794e-01 0.00000000e+00
4.31662280e-01 0.00000000e+00
4.32096767e-01 0.00000000e+00
4.32531253e-01 0.00000000e+00
4.32965740e-01 0.00000000e+00
4.33400226e-01 0.00000000e+00
4.33834712e-01 0.00000000e+00
4.34269199e-01 0.00000000e+00
4.34703685e-01 0.00000000e+00
4.35138172e-01 0.00000000e+00
4.35572658e-01 0.00000000e+00
4.36007145e-01 0.00000000e+00
4.36441631e-01 0.00000000e+00
4.36876117e-01 0.00000000e+00
4.37310604e-01 0.00000000e+00
4.37745090e-01 0.00000000e+00
4.38179577e-01 0.00000000e+00
4.38614063e-01 0.00000000e+00
4.39048550e-01 0.00000000e+00
4.39483036e-01 0.00000000e+00
4.39917523e-01 0.00000000e+00
4.40352009e-01 0.00000000e+00
4.40786495e-01 0.00000000e+00
4.41220982e-01 0.00000000e+00
4.41655468e-01 0.00000000e+00
4.42089955e-01 0.00000000e+00
4.42524441e-01 0.00000000e+00
4.42958928e-01 0.00000000e+00
4.43393414e-01 0.00000000e+00
4.43827901e-01 0.00000000e+00
4.44262387e-01 0.00000000e+00
4.44696873e-01 0.00000000e+00
4.45131360e-01 0.00000000e+00
4.45565846e-01 0.00000000e+00
4.46000333e-01 0.00000000e+00
4.46434819e-01 0.00000000e+00
4.46869306e-01 0.00000000e+00
4.47303792e-01 0.00000000e+00
4.47738279e-01 0.00000000e+00
4.48172765e-01 0.00000000e+00
4.48607251e-01 0.00000000e+00
4.49041738e-01 0.00000000e+00
4.49476224e-01 0.00000000e+00
4.49910711e-01 0.00000000e+00
4.50345197e-01 0.00000000e+00
4.50779684e-01 0.00000000e+00
4.51214170e-01 0.00000000e+00
4.51648657e-01 0.00000000e+00
4.52083143e-01 0.00000000e+00
4.52517629e-01 0.00000000e+00
4.52952116e-01 0.00000000e+00
4.53386602e-01 0.00000000e+00
4.53821089e-01 0.00000000e+00
4.54255575e-01 0.00000000e+00
4.54690062e-01 0.00000000e+00
4.55124548e-01 0.00000000e+00
4.55559035e-01 0.00000000e+00
4.55993521e-01 0.00000000e+00
4.56428007e-01 0.00000000e+00
4.56862494e-01 0.00000000e+00
4.57296980e-01 0.00000000e+00
4.57731467e-01 0.00000000e+00
4.58165953e-01 0.00000000e+00
4.58600440e-01 0.00000000e+00
4.59034926e-01 0.00000000e+00
4.59469412e-01 0.00000000e+00
4.59903899e-01 0.00000000e+00
4.60338385e-01 0.00000000e+00
4.60772872e-01 0.00000000e+00
4.61207358e-01 0.00000000e+00
4.61641845e-01 0.00000000e+00
4.62076331e-01 0.00000000e+00
4.62510818e-01 0.00000000e+00
4.62945304e-01 0.00000000e+00
4.63379790e-01 0.00000000e+00
4.63814277e-01 0.00000000e+00
4.64248763e-01 0.00000000e+00
4.64683250e-01 0.00000000e+00
4.65117736e-01 0.00000000e+00
4.65552223e-01 0.00000000e+00
4.65986709e-01 0.00000000e+00
4.66421196e-01 0.00000000e+00
4.66855682e-01 0.00000000e+00
4.67290168e-01 0.00000000e+00
4.67724655e-01 0.00000000e+00
4.68159141e-01 0.00000000e+00
4.68593628e-01 0.00000000e+00
4.69028114e-01 0.00000000e+00
4.69462601e-01 0.00000000e+00
4.69897087e-01 0.00000000e+00
4.70331574e-01 0.00000000e+00
4.70766060e-01 0.00000000e+00
4.71200546e-01 0.00000000e+00
4.71635033e-01 0.00000000e+00
4.72069519e-01 0.00000000e+00
4.72504006e-01 0.00000000e+00
4.72938492e-01 0.00000000e+00
4.73372979e-01 0.00000000e+00
4.73807465e-01 0.00000000e+00
4.74241952e-01 0.00000000e+00
4.74676438e-01 0.00000000e+00
4.75110924e-01 0.00000000e+00
4.75545411e-01 0.00000000e+00
4.75979897e-01 0.00000000e+00
4.76414384e-01 0.00000000e+00
4.76848870e-01 0.00000000e+00
4.77283357e-01 0.00000000e+00
4.77717843e-01 0.00000000e+00
4.78152329e-01 0.00000000e+00
4.78586816e-01 0.00000000e+00
4.79021302e-01 0.00000000e+00
4.79455789e-01 0.00000000e+00
4.79890275e-01 0.00000000e+00
4.80324762e-01 0.00000000e+00
4.80759248e-01 0.00000000e+00
4.81193735e-01 0.00000000e+00
4.81628221e-01 0.00000000e+00
4.82062707e-01 0.00000000e+00
4.82497194e-01 0.00000000e+00
4.82931680e-01 0.00000000e+00
4.83366167e-01 0.00000000e+00
4.83800653e-01 0.00000000e+00
4.84235140e-01 0.00000000e+00
4.84669626e-01 0.00000000e+00
4.85104113e-01 0.00000000e+00
4.85538599e-01 0.00000000e+00
4.85973085e-01 0.00000000e+00
4.86407572e-01 0.00000000e+00
4.86842058e-01 0.00000000e+00
4.87276545e-01 0.00000000e+00
4.87711031e-01 0.00000000e+00
4.88145518e-01 0.00000000e+00
4.88580004e-01 0.00000000e+00
4.89014491e-01 0.00000000e+00
4.89448977e-01 0.00000000e+00
4.89883463e-01 0.00000000e+00
4.90317950e-01 0.00000000e+00
4.90752436e-01 0.00000000e+00
4.91186923e-01 0.00000000e+00
4.91621409e-01 0.00000000e+00
4.92055896e-01 0.00000000e+00
4.92490382e-01 0.00000000e+00
4.92924869e-01 0.00000000e+00
4.93359355e-01 0.00000000e+00
4.93793841e-01 0.00000000e+00
4.94228328e-01 0.00000000e+00
4.94662814e-01 0.00000000e+00
4.95097301e-01 0.00000000e+00
4.95531787e-01 0.00000000e+00
4.95966274e-01 0.00000000e+00
4.96400760e-01 0.00000000e+00
4.96835246e-01 0.00000000e+00
4.97269733e-01 0.00000000e+00
4.97704219e-01 0.00000000e+00
4.98138706e-01 0.00000000e+00
4.98573192e-01 0.00000000e+00
4.99007679e-01 0.00000000e+00
4.99442165e-01 0.00000000e+00
4.99876652e-01 0.00000000e+00
0.00000000e+00 2.17243221e-04
0.00000000e+00 6.51729663e-04
0.00000000e+00 1.08621611e-03
0.00000000e+00 1.52070255e-03
0.00000000e+00 1.95518899e-03
0.00000000e+00 2.38967543e-03
0.00000000e+00 2.82416187e-03
0.00000000e+00 3.25864832e-03
0.00000000e+00 3.69313476e-03
0.00000000e+00 4.12762120e-03
0.00000000e+00 4.56210764e-03
0.00000000e+00 4.99659408e-03
0.00000000e+00 5.43108053e-03
0.00000000e+00 5.86556697e-03
0.00000000e+00 6.30005341e-03
0.00000000e+00 6.73453985e-03
0.00000000e+00 7.16902629e-03
0.00000000e+00 7.60351274e-03
0.00000000e+00 8.03799918e-03
0.00000000e+00 8.47248562e-03
0.00000000e+00 8.90697206e-03
0.00000000e+00 9.34145850e-03
0.00000000e+00 9.77594495e-03
0.00000000e+00 1.02104314e-02
0.00000000e+00 1.06449178e-02
0.00000000e+00 1.10794043e-02
0.00000000e+00 1.15138907e-02
0.00000000e+00 1.19483772e-02
0.00000000e+00 1.23828636e-02
0.00000000e+00 1.28173500e-02
0.00000000e+00 1.32518365e-02
0.00000000e+00 1.36863229e-02
0.00000000e+00 1.41208094e-02
0.00000000e+00 1.45552958e-02
0.00000000e+00 1.49897823e-02
0.00000000e+00 1.54242687e-02
0.00000000e+00 1.58587551e-02
0.00000000e+00 1.62932416e-02
0.00000000e+00 1.67277280e-02
0.00000000e+00 1.71622145e-02
0.00000000e+00 1.75967009e-02
0.00000000e+00 1.80311873e-02
0.00000000e+00 1.84656738e-02
0.00000000e+00 1.89001602e-02
0.00000000e+00 1.93346467e-02
0.00000000e+00 1.97691331e-02
0.00000000e+00 2.02036196e-02
0.00000000e+00 2.06381060e-02
0.00000000e+00 2.10725924e-02
0.00000000e+00 2.15070789e-02
0.00000000e+00 2.19415653e-02
0.00000000e+00 2.23760518e-02
0.00000000e+00 2.28105382e-02
0.00000000e+00 2.32450247e-02
0.00000000e+00 2.36795111e-02
0.00000000e+00 2.41139975e-02
0.00000000e+00 2.45484840e-02
0.00000000e+00 2.49829704e-02
0.00000000e+00 2.54174569e-02
0.00000000e+00 2.58519433e-02
0.00000000e+00 2.62864297e-02
0.00000000e+00 2.67209162e-02
0.00000000e+00 2.71554026e-02
0.00000000e+00 2.75898891e-02
0.00000000e+00 2.80243755e-02
0.00000000e+00 2.84588620e-02
0.00000000e+00 2.88933484e-02
0.00000000e+00 2.93278348e-02
0.00000000e+00 2.97623213e-02
0.00000000e+00 3.01968077e-02
0.00000000e+00 3.06312942e-02
0.00000000e+00 3.10657806e-02
0.00000000e+00 3.15002670e-02
0.00000000e+00 3.19347535e-02
0.00000000e+00 3.23692399e-02
0.00000000e+00 3.28037264e-02
0.00000000e+00 3.32382128e-02
0.00000000e+00 3.36726993e-02
0.00000000e+00 3.41071857e-02
0.00000000e+00 3.45416721e-02
0.00000000e+00 3.49761586e-02
0.00000000e+00 3.54106450e-02
0.00000000e+00 3.58451315e-02
0.00000000e+00 3.62796179e-02
0.00000000e+00 3.67141044e-02
0.00000000e+00 3.71485908e-02
0.00000000e+00 3.75830772e-02
0.00000000e+00 3.80175637e-02
0.00000000e+00 3.84520501e-02
0.00000000e+00 3.88865366e-02
0.00000000e+00 3.93210230e-02
0.00000000e+00 3.97555094e-02
0.00000000e+00 4.01899959e-02
0.00000000e+00 4.06244823e-02
0.00000000e+00 4.10589688e-02
0.00000000e+00 4.14934552e-02
0.00000000e+00 4.19279417e-02
0.00000000e+00 4.23624281e-02
0.00000000e+00 4.27969145e-02
0.00000000e+00 4.32314010e-02
0.00000000e+00 4.36658874e-02
0.00000000e+00 4.41003739e-02
0.00000000e+00 4.45348603e-02
0.00000000e+00 4.49693468e-02
0.00000000e+00 4.54038332e-02
0.00000000e+00 4.58383196e-02
0.00000000e+00 4.62728061e-02
0.00000000e+00 4.67072925e-02
0.00000000e+00 4.71417790e-02
0.00000000e+00 4.75762654e-02
0.00000000e+00 4.80107518e-02
0.00000000e+00 4.84452383e-02
0.00000000e+00 4.88797247e-02
0.00000000e+00 4.93142112e-02
0.00000000e+00 4.97486976e-02
0.00000000e+00 5.01831841e-02
0.00000000e+00 5.06176705e-02
0.00000000e+00 5.10521569e-02
0.00000000e+00 5.14866434e-02
0.00000000e+00 5.19211298e-02
0.00000000e+00 5.23556163e-02
0.00000000e+00 5.27901027e-02
0.00000000e+00 5.32245892e-02
0.00000000e+00 5.36590756e-02
0.00000000e+00 5.40935620e-02
0.00000000e+00 5.45280485e-02
0.00000000e+00 5.49625349e-02
0.00000000e+00 5.53970214e-02
0.00000000e+00 5.58315078e-02
0.00000000e+00 5.62659942e-02
0.00000000e+00 5.67004807e-02
0.00000000e+00 5.71349671e-02
0.00000000e+00 5.75694536e-02
0.00000000e+00 5.80039400e-02
0.00000000e+00 5.84384265e-02
0.00000000e+00 5.88729129e-02
0.00000000e+00 5.93073993e-02
0.00000000e+00 5.97418858e-02
0.00000000e+00 6.01763722e-02
0.00000000e+00 6.06108587e-02
0.00000000e+00 6.10453451e-02
0.00000000e+00 6.14798316e-02
0.00000000e+00 6.19143180e-02
0.00000000e+00 6.23488044e-02
0.00000000e+00 6.27832909e-02
0.00000000e+00 6.32177773e-02
0.00000000e+00 6.36522638e-02
0.00000000e+00 6.40867502e-02
0.00000000e+00 6.45212366e-02
0.00000000e+00 6.49557231e-02
0.00000000e+00 6.53902095e-02
0.00000000e+00 6.58246960e-02
0.00000000e+00 6.62591824e-02
0.00000000e+00 6.66936689e-02
0.00000000e+00 6.71281553e-02
0.00000000e+00 6.75626417e-02
0.00000000e+00 6.79971282e-02
0.00000000e+00 6.84316146e-02
0.00000000e+00 6.88661011e-02
0.00000000e+00 6.93005875e-02
0.00000000e+00 6.97350740e-02
0.00000000e+00 7.01695604e-02
0.00000000e+00 7.06040468e-02
0.00000000e+00 7.10385333e-02
0.00000000e+00 7.14730197e-02
0.00000000e+00 7.19075062e-02
0.00000000e+00 7.23419926e-02
0.00000000e+00 7.27764790e-02
0.00000000e+00 7.32109655e-02
0.00000000e+00 7.36454519e-02
0.00000000e+00 7.40799384e-02
0.00000000e+00 7.45144248e-02
0.00000000e+00 7.49489113e-02
0.00000000e+00 7.53833977e-02
0.00000000e+00 7.58178841e-02
0.00000000e+00 7.62523706e-02
0.00000000e+00 7.66868570e-02
0.00000000e+00 7.71213435e-02
0.00000000e+00 7.75558299e-02
0.00000000e+00 7.79903163e-02
0.00000000e+00 7.84248028e-02
0.00000000e+00 7.88592892e-02
0.00000000e+00 7.92937757e-02
0.00000000e+00 7.97282621e-02
0.00000000e+00 8.01627486e-02
0.00000000e+00 8.05972350e-02
0.00000000e+00 8.10317214e-02
0.00000000e+00 8.14662079e-02
0.00000000e+00 8.19006943e-02
0.00000000e+00 8.23351808e-02
0.00000000e+00 8.27696672e-02
0.00000000e+00 8.32041537e-02
0.00000000e+00 8.36386401e-02
0.00000000e+00 8.40731265e-02
0.00000000e+00 8.45076130e-02
0.00000000e+00 8.49420994e-02
0.00000000e+00 8.53765859e-02
0.00000000e+00 8.58110723e-02
0.00000000e+00 8.62455587e-02
0.00000000e+00 8.66800452e-02
0.00000000e+00 8.71145316e-02
0.00000000e+00 8.75490181e-02
0.00000000e+00 8.79835045e-02
0.00000000e+00 8.84179910e-02
0.00000000e+00 8.88524774e-02
0.00000000e+00 8.92869638e-02
0.00000000e+00 8.97214503e-02
0.00000000e+00 9.01559367e-02
0.00000000e+00 9.05904232e-02
0.00000000e+00 9.10249096e-02
0.00000000e+00 9.14593961e-02
0.00000000e+00 9.18938825e-02
0.00000000e+00 9.23283689e-02
0.00000000e+00 9.27628554e-02
0.00000000e+00 9.31973418e-02
0.00000000e+00 9.36318283e-02
0.00000000e+00 9.40663147e-02
0.00000000e+00 9.45008011e-02
0.00000000e+00 9.49352876e-02
0.00000000e+00 9.53697740e-02
0.00000000e+00 9.58042605e-02
0.00000000e+00 9.62387469e-02
0.00000000e+00 9.66732334e-02
0.00000000e+00 9.71077198e-02
0.00000000e+00 9.75422062e-02
0.00000000e+00 9.79766927e-02
0.00000000e+00 9.84111791e-02
0.00000000e+00 9.88456656e-02
0.00000000e+00 9.92801520e-02
0.00000000e+00 9.97146385e-02
0.00000000e+00 1.00149125e-01
0.00000000e+00 1.00583611e-01
0.00000000e+00 1.01018098e-01
0.00000000e+00 1.01452584e-01
0.00000000e+00 1.01887071e-01
0.00000000e+00 1.02321557e-01
0.00000000e+00 1.02756044e-01
0.00000000e+00 1.03190530e-01
0.00000000e+00 1.03625016e-01
0.00000000e+00 1.04059503e-01
0.00000000e+00 1.04493989e-01
0.00000000e+00 1.04928476e-01
0.00000000e+00 1.05362962e-01
0.00000000e+00 1.05797449e-01
0.00000000e+00 1.06231935e-01
0.00000000e+00 1.06666422e-01
0.00000000e+00 1.07100908e-01
0.00000000e+00 1.07535394e-01
0.00000000e+00 1.07969881e-01
0.00000000e+00 1.08404367e-01
0.00000000e+00 1.08838854e-01
0.00000000e+00 1.09273340e-01
0.00000000e+00 1.09707827e-01
0.00000000e+00 1.10142313e-01
0.00000000e+00 1.10576800e-01
0.00000000e+00 1.11011286e-01
0.00000000e+00 1.11445772e-01
0.00000000e+00 1.11880259e-01
0.00000000e+00 1.12314745e-01
0.00000000e+00 1.12749232e-01
0.00000000e+00 1.13183718e-01
0.00000000e+00 1.13618205e-01
0.00000000e+00 1.14052691e-01
0.00000000e+00 1.14487177e-01
0.00000000e+00 1.14921664e-01
0.00000000e+00 1.15356150e-01
0.00000000e+00 1.15790637e-01
0.00000000e+00 1.16225123e-01
0.00000000e+00 1.16659610e-01
0.00000000e+00 1.17094096e-01
0.00000000e+00 1.17528583e-01
0.00000000e+00 1.17963069e-01
0.00000000e+00 1.18397555e-01
0.00000000e+00 1.18832042e-01
0.00000000e+00 1.19266528e-01
0.00000000e+00 1.19701015e-01
0.00000000e+00 1.20135501e-01
0.00000000e+00 1.20569988e-01
0.00000000e+00 1.21004474e-01
0.00000000e+00 1.21438961e-01
0.00000000e+00 1.21873447e-01
0.00000000e+00 1.22307933e-01
0.00000000e+00 1.22742420e-01
0.00000000e+00 1.23176906e-01
0.00000000e+00 1.23611393e-01
0.00000000e+00 1.24045879e-01
0.00000000e+00 1.24480366e-01
0.00000000e+00 1.24914852e-01
0.00000000e+00 1.25349339e-01
0.00000000e+00 1.25783825e-01
0.00000000e+00 1.26218311e-01
0.00000000e+00 1.26652798e-01
0.00000000e+00 1.27087284e-01
0.00000000e+00 1.27521771e-01
0.00000000e+00 1.27956257e-01
0.00000000e+00 1.28390744e-01
0.00000000e+00 1.28825230e-01
0.00000000e+00 1.29259717e-01
0.00000000e+00 1.29694203e-01
0.00000000e+00 1.30128689e-01
0.00000000e+00 1.30563176e-01
0.00000000e+00 1.30997662e-01
0.00000000e+00 1.31432149e-01
0.00000000e+00 1.31866635e-01
0.00000000e+00 1.32301122e-01
0.00000000e+00 1.32735608e-01
0.00000000e+00 1.33170094e-01
0.00000000e+00 1.33604581e-01
0.00000000e+00 1.34039067e-01
0.00000000e+00 1.34473554e-01
0.00000000e+00 1.34908040e-01
0.00000000e+00 1.35342527e-01
0.00000000e+00 1.35777013e-01
0.00000000e+00 1.36211500e-01
0.00000000e+00 1.36645986e-01
0.00000000e+00 1.37080472e-01
0.00000000e+00 1.37514959e-01
0.00000000e+00 1.37949445e-01
0.00000000e+00 1.38383932e-01
0.00000000e+00 1.38818418e-01
0.00000000e+00 1.39252905e-01
0.00000000e+00 1.39687391e-01
0.00000000e+00 1.40121878e-01
0.00000000e+00 1.40556364e-01
0.00000000e+00 1.40990850e-01
0.00000000e+00 1.41425337e-01
0.00000000e+00 1.41859823e-01
0.00000000e+00 1.42294310e-01
0.00000000e+00 1.42728796e-01
0.00000000e+00 1.43163283e-01
0.00000000e+00 1.43597769e-01
0.00000000e+00 1.44032256e-01
0.00000000e+00 1.44466742e-01
0.00000000e+00 1.44901228e-01
0.00000000e+00 1.45335715e-01
0.00000000e+00 1.45770201e-01
0.00000000e+00 1.46204688e-01
0.00000000e+00 1.46639174e-01
0.00000000e+00 1.47073661e-01
0.00000000e+00 1.47508147e-01
0.00000000e+00 1.47942634e-01
0.00000000e+00 1.48377120e-01
0.00000000e+00 1.48811606e-01
0.00000000e+00 1.49246093e-01
0.00000000e+00 1.49680579e-01
0.00000000e+00 1.50115066e-01
0.00000000e+00 1.50549552e-01
0.00000000e+00 1.50984039e-01
0.00000000e+00 1.51418525e-01
0.00000000e+00 1.51853012e-01
0.00000000e+00 1.52287498e-01
0.00000000e+00 1.52721984e-01
0.00000000e+00 1.53156471e-01
0.00000000e+00 1.53590957e-01
0.00000000e+00 1.54025444e-01
0.00000000e+00 1.54459930e-01
0.00000000e+00 1.54894417e-01
0.00000000e+00 1.55328903e-01
0.00000000e+00 1.55763389e-01
0.00000000e+00 1.56197876e-01
0.00000000e+00 1.56632362e-01
0.00000000e+00 1.57066849e-01
0.00000000e+00 1.57501335e-01
0.00000000e+00 1.57935822e-01
0.00000000e+00 1.58370308e-01
0.00000000e+00 1.58804795e-01
0.00000000e+00 1.59239281e-01
0.00000000e+00 1.59673767e-01
0.00000000e+00 1.60108254e-01
0.00000000e+00 1.60542740e-01
0.00000000e+00 1.60977227e-01
0.00000000e+00 1.61411713e-01
0.00000000e+00 1.61846200e-01
0.00000000e+00 1.62280686e-01
0.00000000e+00 1.62715173e-01
0.00000000e+00 1.63149659e-01
0.00000000e+00 1.63584145e-01
0.00000000e+00 1.64018632e-01
0.00000000e+00 1.64453118e-01
0.00000000e+00 1.64887605e-01
0.00000000e+00 1.65322091e-01
0.00000000e+00 1.65756578e-01
0.00000000e+00 1.66191064e-01
0.00000000e+00 1.66625551e-01
0.00000000e+00 1.67060037e-01
0.00000000e+00 1.67494523e-01
0.00000000e+00 1.67929010e-01
0.00000000e+00 1.68363496e-01
0.00000000e+00 1.68797983e-01
0.00000000e+00 1.69232469e-01
0.00000000e+00 1.69666956e-01
0.00000000e+00 1.70101442e-01
0.00000000e+00 1.70535929e-01
0.00000000e+00 1.70970415e-01
0.00000000e+00 1.71404901e-01
0.00000000e+00 1.71839388e-01
0.00000000e+00 1.72273874e-01
0.00000000e+00 1.72708361e-01
0.00000000e+00 1.73142847e-01
0.00000000e+00 1.73577334e-01
0.00000000e+00 1.74011820e-01
0.00000000e+00 1.74446306e-01
0.00000000e+00 1.74880793e-01
0.00000000e+00 1.75315279e-01
0.00000000e+00 1.75749766e-01
0.00000000e+00 1.76184252e-01
0.00000000e+00 1.76618739e-01
0.00000000e+00 1.77053225e-01
0.00000000e+00 1.77487712e-01
0.00000000e+00 1.77922198e-01
0.00000000e+00 1.78356684e-01
0.00000000e+00 1.78791171e-01
0.00000000e+00 1.79225657e-01
0.00000000e+00 1.79660144e-01
0.00000000e+00 1.80094630e-01
0.00000000e+00 1.80529117e-01
0.00000000e+00 1.80963603e-01
0.00000000e+00 1.81398090e-01
0.00000000e+00 1.81832576e-01
0.00000000e+00 1.82267062e-01
0.00000000e+00 1.82701549e-01
0.00000000e+00 1.83136035e-01
0.00000000e+00 1.83570522e-01
0.00000000e+00 1.84005008e-01
0.00000000e+00 1.84439495e-01
0.00000000e+00 1.84873981e-01
0.00000000e+00 1.85308468e-01
0.00000000e+00 1.85742954e-01
0.00000000e+00 1.86177440e-01
0.00000000e+00 1.86611927e-01
0.00000000e+00 1.87046413e-01
0.00000000e+00 1.87480900e-01
0.00000000e+00 1.87915386e-01
0.00000000e+00 1.88349873e-01
0.00000000e+00 1.88784359e-01
0.00000000e+00 1.89218846e-01
0.00000000e+00 1.89653332e-01
0.00000000e+00 1.90087818e-01
0.00000000e+00 1.90522305e-01
0.00000000e+00 1.90956791e-01
0.00000000e+00 1.91391278e-01
0.00000000e+00 1.91825764e-01
0.00000000e+00 1.92260251e-01
0.00000000e+00 1.92694737e-01
0.00000000e+00 1.93129223e-01
0.00000000e+00 1.93563710e-01
0.00000000e+00 1.93998196e-01
0.00000000e+00 1.94432683e-01
0.00000000e+00 1.94867169e-01
0.00000000e+00 1.95301656e-01
0.00000000e+00 1.95736142e-01
0.00000000e+00 1.96170629e-01
0.00000000e+00 1.96605115e-01
0.00000000e+00 1.97039601e-01
0.00000000e+00 1.97474088e-01
0.00000000e+00 1.97908574e-01
0.00000000e+00 1.98343061e-01
0.00000000e+00 1.98777547e-01
0.00000000e+00 1.99212034e-01
0.00000000e+00 1.99646520e-01
0.00000000e+00 2.00081007e-01
0.00000000e+00 2.00515493e-01
0.00000000e+00 2.00949979e-01
0.00000000e+00 2.01384466e-01
0.00000000e+00 2.01818952e-01
0.00000000e+00 2.02253439e-01
0.00000000e+00 2.02687925e-01
0.00000000e+00 2.03122412e-01
0.00000000e+00 2.03556898e-01
0.00000000e+00 2.03991385e-01
0.00000000e+00 2.04425871e-01
0.00000000e+00 2.04860357e-01
0.00000000e+00 2.05294844e-01
0.00000000e+00 2.05729330e-01
0.00000000e+00 2.06163817e-01
0.00000000e+00 2.06598303e-01
0.00000000e+00 2.07032790e-01
0.00000000e+00 2.07467276e-01
0.00000000e+00 2.07901763e-01
0.00000000e+00 2.08336249e-01
0.00000000e+00 2.08770735e-01
0.00000000e+00 2.09205222e-01
0.00000000e+00 2.09639708e-01
0.00000000e+00 2.10074195e-01
0.00000000e+00 2.10508681e-01
0.00000000e+00 2.10943168e-01
0.00000000e+00 2.11377654e-01
0.00000000e+00 2.11812141e-01
0.00000000e+00 2.12246627e-01
0.00000000e+00 2.12681113e-01
0.00000000e+00 2.13115600e-01
0.00000000e+00 2.13550086e-01
0.00000000e+00 2.13984573e-01
0.00000000e+00 2.14419059e-01
0.00000000e+00 2.14853546e-01
0.00000000e+00 2.15288032e-01
0.00000000e+00 2.15722518e-01
0.00000000e+00 2.16157005e-01
0.00000000e+00 2.16591491e-01
0.00000000e+00 2.17025978e-01
0.00000000e+00 2.17460464e-01
0.00000000e+00 2.17894951e-01
0.00000000e+00 2.18329437e-01
0.00000000e+00 2.18763924e-01
0.00000000e+00 2.19198410e-01
0.00000000e+00 2.19632896e-01
0.00000000e+00 2.20067383e-01
0.00000000e+00 2.20501869e-01
0.00000000e+00 2.20936356e-01
0.00000000e+00 2.21370842e-01
0.00000000e+00 2.21805329e-01
0.00000000e+00 2.22239815e-01
0.00000000e+00 2.22674302e-01
0.00000000e+00 2.23108788e-01
0.00000000e+00 2.23543274e-01
0.00000000e+00 2.23977761e-01
0.00000000e+00 2.24412247e-01
0.00000000e+00 2.24846734e-01
0.00000000e+00 2.25281220e-01
0.00000000e+00 2.25715707e-01
0.00000000e+00 2.26150193e-01
0.00000000e+00 2.26584680e-01
0.00000000e+00 2.27019166e-01
0.00000000e+00 2.27453652e-01
0.00000000e+00 2.27888139e-01
0.00000000e+00 2.28322625e-01
0.00000000e+00 2.28757112e-01
0.00000000e+00 2.29191598e-01
0.00000000e+00 2.29626085e-01
0.00000000e+00 2.30060571e-01
0.00000000e+00 2.30495058e-01
0.00000000e+00 2.30929544e-01
0.00000000e+00 2.31364030e-01
0.00000000e+00 2.31798517e-01
0.00000000e+00 2.32233003e-01
0.00000000e+00 2.32667490e-01
0.00000000e+00 2.33101976e-01
0.00000000e+00 2.33536463e-01
0.00000000e+00 2.33970949e-01
0.00000000e+00 2.34405435e-01
0.00000000e+00 2.34839922e-01
0.00000000e+00 2.35274408e-01
0.00000000e+00 2.35708895e-01
0.00000000e+00 2.36143381e-01
0.00000000e+00 2.36577868e-01
0.00000000e+00 2.37012354e-01
0.00000000e+00 2.37446841e-01
0.00000000e+00 2.37881327e-01
0.00000000e+00 2.38315813e-01
0.00000000e+00 2.38750300e-01
0.00000000e+00 2.39184786e-01
0.00000000e+00 2.39619273e-01
0.00000000e+00 2.40053759e-01
0.00000000e+00 2.40488246e-01
0.00000000e+00 2.40922732e-01
0.00000000e+00 2.41357219e-01
0.00000000e+00 2.41791705e-01
0.00000000e+00 2.42226191e-01
0.00000000e+00 2.42660678e-01
0.00000000e+00 2.43095164e-01
0.00000000e+00 2.43529651e-01
0.00000000e+00 2.43964137e-01
0.00000000e+00 2.44398624e-01
0.00000000e+00 2.44833110e-01
0.00000000e+00 2.45267597e-01
0.00000000e+00 2.45702083e-01
0.00000000e+00 2.46136569e-01
0.00000000e+00 2.46571056e-01
0.00000000e+00 2.47005542e-01
0.00000000e+00 2.47440029e-01
0.00000000e+00 2.47874515e-01
0.00000000e+00 2.48309002e-01
0.00000000e+00 2.48743488e-01
0.00000000e+00 2.49177975e-01
0.00000000e+00 2.49612461e-01
0.00000000e+00 2.50046947e-01
0.00000000e+00 2.50481434e-01
0.00000000e+00 2.50915920e-01
0.00000000e+00 2.51350407e-01
0.00000000e+00 2.51784893e-01
0.00000000e+00 2.52219380e-01
0.00000000e+00 2.52653866e-01
0.00000000e+00 2.53088353e-01
0.00000000e+00 2.53522839e-01
0.00000000e+00 2.53957325e-01
0.00000000e+00 2.54391812e-01
0.00000000e+00 2.54826298e-01
0.00000000e+00 2.55260785e-01
0.00000000e+00 2.55695271e-01
0.00000000e+00 2.56129758e-01
0.00000000e+00 2.56564244e-01
0.00000000e+00 2.56998730e-01
0.00000000e+00 2.57433217e-01
0.00000000e+00 2.57867703e-01
0.00000000e+00 2.58302190e-01
0.00000000e+00 2.58736676e-01
0.00000000e+00 2.59171163e-01
0.00000000e+00 2.59605649e-01
0.00000000e+00 2.60040136e-01
0.00000000e+00 2.60474622e-01
0.00000000e+00 2.60909108e-01
0.00000000e+00 2.61343595e-01
0.00000000e+00 2.61778081e-01
0.00000000e+00 2.62212568e-01
0.00000000e+00 2.62647054e-01
0.00000000e+00 2.63081541e-01
0.00000000e+00 2.63516027e-01
0.00000000e+00 2.63950514e-01
0.00000000e+00 2.64385000e-01
0.00000000e+00 2.64819486e-01
0.00000000e+00 2.65253973e-01
0.00000000e+00 2.65688459e-01
0.00000000e+00 2.66122946e-01
0.00000000e+00 2.66557432e-01
0.00000000e+00 2.66991919e-01
0.00000000e+00 2.67426405e-01
0.00000000e+00 2.67860892e-01
0.00000000e+00 2.68295378e-01
0.00000000e+00 2.68729864e-01
0.00000000e+00 2.69164351e-01
0.00000000e+00 2.69598837e-01
0.00000000e+00 2.70033324e-01
0.00000000e+00 2.70467810e-01
0.00000000e+00 2.70902297e-01
0.00000000e+00 2.71336783e-01
0.00000000e+00 2.71771270e-01
0.00000000e+00 2.72205756e-01
0.00000000e+00 2.72640242e-01
0.00000000e+00 2.73074729e-01
0.00000000e+00 2.73509215e-01
0.00000000e+00 2.73943702e-01
0.00000000e+00 2.74378188e-01
0.00000000e+00 2.74812675e-01
0.00000000e+00 2.75247161e-01
0.00000000e+00 2.75681647e-01
0.00000000e+00 2.76116134e-01
0.00000000e+00 2.76550620e-01
0.00000000e+00 2.76985107e-01
0.00000000e+00 2.77419593e-01
0.00000000e+00 2.77854080e-01
0.00000000e+00 2.78288566e-01
0.00000000e+00 2.78723053e-01
0.00000000e+00 2.79157539e-01
0.00000000e+00 2.79592025e-01
0.00000000e+00 2.80026512e-01
0.00000000e+00 2.80460998e-01
0.00000000e+00 2.80895485e-01
0.00000000e+00 2.81329971e-01
0.00000000e+00 2.81764458e-01
0.00000000e+00 2.82198944e-01
0.00000000e+00 2.82633431e-01
0.00000000e+00 2.83067917e-01
0.00000000e+00 2.83502403e-01
0.00000000e+00 2.83936890e-01
0.00000000e+00 2.84371376e-01
0.00000000e+00 2.84805863e-01
0.00000000e+00 2.85240349e-01
0.00000000e+00 2.85674836e-01
0.00000000e+00 2.86109322e-01
0.00000000e+00 2.86543809e-01
0.00000000e+00 2.86978295e-01
0.00000000e+00 2.87412781e-01
0.00000000e+00 2.87847268e-01
0.00000000e+00 2.88281754e-01
0.00000000e+00 2.88716241e-01
0.00000000e+00 2.89150727e-01
0.00000000e+00 2.89585214e-01
0.00000000e+00 2.90019700e-01
0.00000000e+00 2.90454187e-01
0.00000000e+00 2.90888673e-01
0.00000000e+00 2.91323159e-01
0.00000000e+00 2.91757646e-01
0.00000000e+00 2.92192132e-01
0.00000000e+00 2.92626619e-01
0.00000000e+00 2.93061105e-01
0.00000000e+00 2.93495592e-01
0.00000000e+00 2.93930078e-01
0.00000000e+00 2.94364564e-01
0.00000000e+00 2.94799051e-01
0.00000000e+00 2.95233537e-01
0.00000000e+00 2.95668024e-01
0.00000000e+00 2.96102510e-01
0.00000000e+00 2.96536997e-01
0.00000000e+00 2.96971483e-01
0.00000000e+00 2.97405970e-01
0.00000000e+00 2.97840456e-01
0.00000000e+00 2.98274942e-01
0.00000000e+00 2.98709429e-01
0.00000000e+00 2.99143915e-01
0.00000000e+00 2.99578402e-01
0.00000000e+00 3.00012888e-01
0.00000000e+00 3.00447375e-01
0.00000000e+00 3.00881861e-01
0.00000000e+00 3.01316348e-01
0.00000000e+00 3.01750834e-01
0.00000000e+00 3.02185320e-01
0.00000000e+00 3.02619807e-01
0.00000000e+00 3.03054293e-01
0.00000000e+00 3.03488780e-01
0.00000000e+00 3.03923266e-01
0.00000000e+00 3.04357753e-01
0.00000000e+00 3.04792239e-01
0.00000000e+00 3.05226726e-01
0.00000000e+00 3.05661212e-01
0.00000000e+00 3.06095698e-01
0.00000000e+00 3.06530185e-01
0.00000000e+00 3.06964671e-01
0.00000000e+00 3.07399158e-01
0.00000000e+00 3.07833644e-01
0.00000000e+00 3.08268131e-01
0.00000000e+00 3.08702617e-01
0.00000000e+00 3.09137104e-01
0.00000000e+00 3.09571590e-01
0.00000000e+00 3.10006076e-01
0.00000000e+00 3.10440563e-01
0.00000000e+00 3.10875049e-01
0.00000000e+00 3.11309536e-01
0.00000000e+00 3.11744022e-01
0.00000000e+00 3.12178509e-01
0.00000000e+00 3.12612995e-01
0.00000000e+00 3.13047482e-01
0.00000000e+00 3.13481968e-01
0.00000000e+00 3.13916454e-01
0.00000000e+00 3.14350941e-01
0.00000000e+00 3.14785427e-01
0.00000000e+00 3.15219914e-01
0.00000000e+00 3.15654400e-01
0.00000000e+00 3.16088887e-01
0.00000000e+00 3.16523373e-01
0.00000000e+00 3.16957859e-01
0.00000000e+00 3.17392346e-01
0.00000000e+00 3.17826832e-01
0.00000000e+00 3.18261319e-01
0.00000000e+00 3.18695805e-01
0.00000000e+00 3.19130292e-01
0.00000000e+00 3.19564778e-01
0.00000000e+00 3.19999265e-01
0.00000000e+00 3.20433751e-01
0.00000000e+00 3.20868237e-01
0.00000000e+00 3.21302724e-01
0.00000000e+00 3.21737210e-01
0.00000000e+00 3.22171697e-01
0.00000000e+00 3.22606183e-01
0.00000000e+00 3.23040670e-01
0.00000000e+00 3.23475156e-01
0.00000000e+00 3.23909643e-01
0.00000000e+00 3.24344129e-01
0.00000000e+00 3.24778615e-01
0.00000000e+00 3.25213102e-01
0.00000000e+00 3.25647588e-01
0.00000000e+00 3.26082075e-01
0.00000000e+00 3.26516561e-01
0.00000000e+00 3.26951048e-01
0.00000000e+00 3.27385534e-01
0.00000000e+00 3.27820021e-01
0.00000000e+00 3.28254507e-01
0.00000000e+00 3.28688993e-01
0.00000000e+00 3.29123480e-01
0.00000000e+00 3.29557966e-01
0.00000000e+00 3.29992453e-01
0.00000000e+00 3.30426939e-01
0.00000000e+00 3.30861426e-01
0.00000000e+00 3.31295912e-01
0.00000000e+00 3.31730399e-01
0.00000000e+00 3.32164885e-01
0.00000000e+00 3.32599371e-01
0.00000000e+00 3.33033858e-01
0.00000000e+00 3.33468344e-01
0.00000000e+00 3.33902831e-01
0.00000000e+00 3.34337317e-01
0.00000000e+00 3.34771804e-01
0.00000000e+00 3.35206290e-01
0.00000000e+00 3.35640776e-01
0.00000000e+00 3.36075263e-01
0.00000000e+00 3.36509749e-01
0.00000000e+00 3.36944236e-01
0.00000000e+00 3.37378722e-01
0.00000000e+00 3.37813209e-01
0.00000000e+00 3.38247695e-01
0.00000000e+00 3.38682182e-01
0.00000000e+00 3.39116668e-01
0.00000000e+00 3.39551154e-01
0.00000000e+00 3.39985641e-01
0.00000000e+00 3.40420127e-01
0.00000000e+00 3.40854614e-01
0.00000000e+00 3.41289100e-01
0.00000000e+00 3.41723587e-01
0.00000000e+00 3.42158073e-01
0.00000000e+00 3.42592560e-01
0.00000000e+00 3.43027046e-01
0.00000000e+00 3.43461532e-01
0.00000000e+00 3.43896019e-01
0.00000000e+00 3.44330505e-01
0.00000000e+00 3.44764992e-01
0.00000000e+00 3.45199478e-01
0.00000000e+00 3.45633965e-01
0.00000000e+00 3.46068451e-01
0.00000000e+00 3.46502938e-01
0.00000000e+00 3.46937424e-01
0.00000000e+00 3.47371910e-01
0.00000000e+00 3.47806397e-01
0.00000000e+00 3.48240883e-01
0.00000000e+00 3.48675370e-01
0.00000000e+00 3.49109856e-01
0.00000000e+00 3.49544343e-01
0.00000000e+00 3.49978829e-01
0.00000000e+00 3.50413316e-01
0.00000000e+00 3.50847802e-01
0.00000000e+00 3.51282288e-01
0.00000000e+00 3.51716775e-01
0.00000000e+00 3.52151261e-01
0.00000000e+00 3.52585748e-01
0.00000000e+00 3.53020234e-01
0.00000000e+00 3.53454721e-01
0.00000000e+00 3.53889207e-01
0.00000000e+00 3.54323694e-01
0.00000000e+00 3.54758180e-01
0.00000000e+00 3.55192666e-01
0.00000000e+00 3.55627153e-01
0.00000000e+00 3.56061639e-01
0.00000000e+00 3.56496126e-01
0.00000000e+00 3.56930612e-01
0.00000000e+00 3.57365099e-01
0.00000000e+00 3.57799585e-01
0.00000000e+00 3.58234071e-01
0.00000000e+00 3.58668558e-01
0.00000000e+00 3.59103044e-01
0.00000000e+00 3.59537531e-01
0.00000000e+00 3.59972017e-01
0.00000000e+00 3.60406504e-01
0.00000000e+00 3.60840990e-01
0.00000000e+00 3.61275477e-01
0.00000000e+00 3.61709963e-01
0.00000000e+00 3.62144449e-01
0.00000000e+00 3.62578936e-01
0.00000000e+00 3.63013422e-01
0.00000000e+00 3.63447909e-01
0.00000000e+00 3.63882395e-01
0.00000000e+00 3.64316882e-01
0.00000000e+00 3.64751368e-01
0.00000000e+00 3.65185855e-01
0.00000000e+00 3.65620341e-01
0.00000000e+00 3.66054827e-01
0.00000000e+00 3.66489314e-01
0.00000000e+00 3.66923800e-01
0.00000000e+00 3.67358287e-01
0.00000000e+00 3.67792773e-01
0.00000000e+00 3.68227260e-01
0.00000000e+00 3.68661746e-01
0.00000000e+00 3.69096233e-01
0.00000000e+00 3.69530719e-01
0.00000000e+00 3.69965205e-01
0.00000000e+00 3.70399692e-01
0.00000000e+00 3.70834178e-01
0.00000000e+00 3.71268665e-01
0.00000000e+00 3.71703151e-01
0.00000000e+00 3.72137638e-01
0.00000000e+00 3.72572124e-01
0.00000000e+00 3.73006611e-01
0.00000000e+00 3.73441097e-01
0.00000000e+00 3.73875583e-01
0.00000000e+00 3.74310070e-01
0.00000000e+00 3.74744556e-01
0.00000000e+00 3.75179043e-01
0.00000000e+00 3.75613529e-01
0.00000000e+00 3.76048016e-01
0.00000000e+00 3.76482502e-01
0.00000000e+00 3.76916988e-01
0.00000000e+00 3.77351475e-01
0.00000000e+00 3.77785961e-01
0.00000000e+00 3.78220448e-01
0.00000000e+00 3.78654934e-01
0.00000000e+00 3.79089421e-01
0.00000000e+00 3.79523907e-01
0.00000000e+00 3.79958394e-01
0.00000000e+00 3.80392880e-01
0.00000000e+00 3.80827366e-01
0.00000000e+00 3.81261853e-01
0.00000000e+00 3.81696339e-01
0.00000000e+00 3.82130826e-01
0.00000000e+00 3.82565312e-01
0.00000000e+00 3.82999799e-01
0.00000000e+00 3.83434285e-01
0.00000000e+00 3.83868772e-01
0.00000000e+00 3.84303258e-01
0.00000000e+00 3.84737744e-01
0.00000000e+00 3.85172231e-01
0.00000000e+00 3.85606717e-01
0.00000000e+00 3.86041204e-01
0.00000000e+00 3.86475690e-01
0.00000000e+00 3.86910177e-01
0.00000000e+00 3.87344663e-01
0.00000000e+00 3.87779150e-01
0.00000000e+00 3.88213636e-01
0.00000000e+00 3.88648122e-01
0.00000000e+00 3.89082609e-01
0.00000000e+00 3.89517095e-01
0.00000000e+00 3.89951582e-01
0.00000000e+00 3.90386068e-01
0.00000000e+00 3.90820555e-01
0.00000000e+00 3.91255041e-01
0.00000000e+00 3.91689528e-01
0.00000000e+00 3.92124014e-01
0.00000000e+00 3.92558500e-01
0.00000000e+00 3.92992987e-01
0.00000000e+00 3.93427473e-01
0.00000000e+00 3.93861960e-01
0.00000000e+00 3.94296446e-01
0.00000000e+00 3.94730933e-01
0.00000000e+00 3.95165419e-01
0.00000000e+00 3.95599905e-01
0.00000000e+00 3.96034392e-01
0.00000000e+00 3.96468878e-01
0.00000000e+00 3.96903365e-01
0.00000000e+00 3.97337851e-01
0.00000000e+00 3.97772338e-01
0.00000000e+00 3.98206824e-01
0.00000000e+00 3.98641311e-01
0.00000000e+00 3.99075797e-01
0.00000000e+00 3.99510283e-01
0.00000000e+00 3.99944770e-01
0.00000000e+00 4.00379256e-01
0.00000000e+00 4.00813743e-01
0.00000000e+00 4.01248229e-01
0.00000000e+00 4.01682716e-01
0.00000000e+00 4.02117202e-01
0.00000000e+00 4.02551689e-01
0.00000000e+00 4.02986175e-01
0.00000000e+00 4.03420661e-01
0.00000000e+00 4.03855148e-01
0.00000000e+00 4.04289634e-01
0.00000000e+00 4.04724121e-01
0.00000000e+00 4.05158607e-01
0.00000000e+00 4.05593094e-01
0.00000000e+00 4.06027580e-01
0.00000000e+00 4.06462067e-01
0.00000000e+00 4.06896553e-01
0.00000000e+00 4.07331039e-01
0.00000000e+00 4.07765526e-01
0.00000000e+00 4.08200012e-01
0.00000000e+00 4.08634499e-01
0.00000000e+00 4.09068985e-01
0.00000000e+00 4.09503472e-01
0.00000000e+00 4.09937958e-01
0.00000000e+00 4.10372445e-01
0.00000000e+00 4.10806931e-01
0.00000000e+00 4.11241417e-01
0.00000000e+00 4.11675904e-01
0.00000000e+00 4.12110390e-01
0.00000000e+00 4.12544877e-01
0.00000000e+00 4.12979363e-01
0.00000000e+00 4.13413850e-01
0.00000000e+00 4.13848336e-01
0.00000000e+00 4.14282823e-01
0.00000000e+00 4.14717309e-01
0.00000000e+00 4.15151795e-01
0.00000000e+00 4.15586282e-01
0.00000000e+00 4.16020768e-01
0.00000000e+00 4.16455255e-01
0.00000000e+00 4.16889741e-01
0.00000000e+00 4.17324228e-01
0.00000000e+00 4.17758714e-01
0.00000000e+00 4.18193200e-01
0.00000000e+00 4.18627687e-01
0.00000000e+00 4.19062173e-01
0.00000000e+00 4.19496660e-01
0.00000000e+00 4.19931146e-01
0.00000000e+00 4.20365633e-01
0.00000000e+00 4.20800119e-01
0.00000000e+00 4.21234606e-01
0.00000000e+00 4.21669092e-01
0.00000000e+00 4.22103578e-01
0.00000000e+00 4.22538065e-01
0.00000000e+00 4.22972551e-01
0.00000000e+00 4.23407038e-01
0.00000000e+00 4.23841524e-01
0.00000000e+00 4.24276011e-01
0.00000000e+00 4.24710497e-01
0.00000000e+00 4.25144984e-01
0.00000000e+00 4.25579470e-01
0.00000000e+00 4.26013956e-01
0.00000000e+00 4.26448443e-01
0.00000000e+00 4.26882929e-01
0.00000000e+00 4.27317416e-01
0.00000000e+00 4.27751902e-01
0.00000000e+00 4.28186389e-01
0.00000000e+00 4.28620875e-01
0.00000000e+00 4.29055362e-01
0.00000000e+00 4.29489848e-01
0.00000000e+00 4.29924334e-01
0.00000000e+00 4.30358821e-01
0.00000000e+00 4.30793307e-01
0.00000000e+00 4.31227794e-01
0.00000000e+00 4.31662280e-01
0.00000000e+00 4.32096767e-01
0.00000000e+00 4.32531253e-01
0.00000000e+00 4.32965740e-01
0.00000000e+00 4.33400226e-01
0.00000000e+00 4.33834712e-01
0.00000000e+00 4.34269199e-01
0.00000000e+00 4.34703685e-01
0.00000000e+00 4.35138172e-01
0.00000000e+00 4.35572658e-01
0.00000000e+00 4.36007145e-01
0.00000000e+00 4.36441631e-01
0.00000000e+00 4.36876117e-01
0.00000000e+00 4.37310604e-01
0.00000000e+00 4.37745090e-01
0.00000000e+00 4.38179577e-01
0.00000000e+00 4.38614063e-01
0.00000000e+00 4.39048550e-01
0.00000000e+00 4.39483036e-01
0.00000000e+00 4.39917523e-01
0.00000000e+00 4.40352009e-01
0.00000000e+00 4.40786495e-01
0.00000000e+00 4.41220982e-01
0.00000000e+00 4.41655468e-01
0.00000000e+00 4.42089955e-01
0.00000000e+00 4.42524441e-01
0.00000000e+00 4.42958928e-01
0.00000000e+00 4.43393414e-01
0.00000000e+00 4.43827901e-01
0.00000000e+00 4.44262387e-01
0.00000000e+00 4.44696873e-01
0.00000000e+00 4.45131360e-01
0.00000000e+00 4.45565846e-01
0.00000000e+00 4.46000333e-01
0.00000000e+00 4.46434819e-01
0.00000000e+00 4.46869306e-01
0.00000000e+00 4.47303792e-01
0.00000000e+00 4.47738279e-01
0.00000000e+00 4.48172765e-01
0.00000000e+00 4.48607251e-01
0.00000000e+00 4.49041738e-01
0.00000000e+00 4.49476224e-01
0.00000000e+00 4.49910711e-01
0.00000000e+00 4.50345197e-01
0.00000000e+00 4.50779684e-01
0.00000000e+00 4.51214170e-01
0.00000000e+00 4.51648657e-01
0.00000000e+00 4.52083143e-01
0.00000000e+00 4.52517629e-01
0.00000000e+00 4.52952116e-01
0.00000000e+00 4.53386602e-01
0.00000000e+00 4.53821089e-01
0.00000000e+00 4.54255575e-01
0.00000000e+00 4.54690062e-01
0.00000000e+00 4.55124548e-01
0.00000000e+00 4.55559035e-01
0.00000000e+00 4.55993521e-01
0.00000000e+00 4.56428007e-01
0.00000000e+00 4.56862494e-01
0.00000000e+00 4.57296980e-01
0.00000000e+00 4.57731467e-01
0.00000000e+00 4.58165953e-01
0.00000000e+00 4.58600440e-01
0.00000000e+00 4.59034926e-01
0.00000000e+00 4.59469412e-01
0.00000000e+00 4.59903899e-01
0.00000000e+00 4.60338385e-01
0.00000000e+00 4.60772872e-01
0.00000000e+00 4.61207358e-01
0.00000000e+00 4.61641845e-01
0.00000000e+00 4.62076331e-01
0.00000000e+00 4.62510818e-01
0.00000000e+00 4.62945304e-01
0.00000000e+00 4.63379790e-01
0.00000000e+00 4.63814277e-01
0.00000000e+00 4.64248763e-01
0.00000000e+00 4.64683250e-01
0.00000000e+00 4.65117736e-01
0.00000000e+00 4.65552223e-01
0.00000000e+00 4.65986709e-01
0.00000000e+00 4.66421196e-01
0.00000000e+00 4.66855682e-01
0.00000000e+00 4.67290168e-01
0.00000000e+00 4.67724655e-01
0.00000000e+00 4.68159141e-01
0.00000000e+00 4.68593628e-01
0.00000000e+00 4.69028114e-01
0.00000000e+00 4.69462601e-01
0.00000000e+00 4.69897087e-01
0.00000000e+00 4.70331574e-01
0.00000000e+00 4.70766060e-01
0.00000000e+00 4.71200546e-01
0.00000000e+00 4.71635033e-01
0.00000000e+00 4.72069519e-01
0.00000000e+00 4.72504006e-01
0.00000000e+00 4.72938492e-01
0.00000000e+00 4.73372979e-01
0.00000000e+00 4.73807465e-01
0.00000000e+00 4.74241952e-01
0.00000000e+00 4.74676438e-01
0.00000000e+00 4.75110924e-01
0.00000000e+00 4.75545411e-01
0.00000000e+00 4.75979897e-01
0.00000000e+00 4.76414384e-01
0.00000000e+00 4.76848870e-01
0.00000000e+00 4.77283357e-01
0.00000000e+00 4.77717843e-01
0.00000000e+00 4.78152329e-01
0.00000000e+00 4.78586816e-01
0.00000000e+00 4.79021302e-01
0.00000000e+00 4.79455789e-01
0.00000000e+00 4.79890275e-01
0.00000000e+00 4.80324762e-01
0.00000000e+00 4.80759248e-01
0.00000000e+00 4.81193735e-01
0.00000000e+00 4.81628221e-01
0.00000000e+00 4.82062707e-01
0.00000000e+00 4.82497194e-01
0.00000000e+00 4.82931680e-01
0.00000000e+00 4.83366167e-01
0.00000000e+00 4.83800653e-01
0.00000000e+00 4.84235140e-01
0.00000000e+00 4.84669626e-01
0.00000000e+00 4.85104113e-01
0.00000000e+00 4.85538599e-01
0.00000000e+00 4.85973085e-01
0.00000000e+00 4.86407572e-01
0.00000000e+00 4.86842058e-01
0.00000000e+00 4.87276545e-01
0.00000000e+00 4.87711031e-01
0.00000000e+00 4.88145518e-01
0.00000000e+00 4.88580004e-01
0.00000000e+00 4.89014491e-01
0.00000000e+00 4.89448977e-01
0.00000000e+00 4.89883463e-01
0.00000000e+00 4.90317950e-01
0.00000000e+00 4.90752436e-01
0.00000000e+00 4.91186923e-01
0.00000000e+00 4.91621409e-01
0.00000000e+00 4.92055896e-01
0.00000000e+00 4.92490382e-01
0.00000000e+00 4.92924869e-01
0.00000000e+00 4.93359355e-01
0.00000000e+00 4.93793841e-01
0.00000000e+00 4.94228328e-01
0.00000000e+00 4.94662814e-01
0.00000000e+00 4.95097301e-01
0.00000000e+00 4.95531787e-01
0.00000000e+00 4.95966274e-01
0.00000000e+00 4.96400760e-01
0.00000000e+00 4.96835246e-01
0.00000000e+00 4.97269733e-01
0.00000000e+00 4.97704219e-01
0.00000000e+00 4.98138706e-01
0.00000000e+00 4.98573192e-01
0.00000000e+00 4.99007679e-01
0.00000000e+00 4.99442165e-01
0.00000000e+00 4.99876652e-01
