% L-Bracket Geometry
% N_total=1836, N_horizontal=918, N_vertical=918
% Resolution: 100 segments per wavelength
% Format: x(m) y(m)
2.72541495e-04 0.00000000e+00
8.17624486e-04 0.00000000e+00
1.36270748e-03 0.00000000e+00
1.90779047e-03 0.00000000e+00
2.45287346e-03 0.00000000e+00
2.99795645e-03 0.00000000e+00
3.54303944e-03 0.00000000e+00
4.08812243e-03 0.00000000e+00
4.63320542e-03 0.00000000e+00
5.17828841e-03 0.00000000e+00
5.72337140e-03 0.00000000e+00
6.26845440e-03 0.00000000e+00
6.81353739e-03 0.00000000e+00
7.35862038e-03 0.00000000e+00
7.90370337e-03 0.00000000e+00
8.44878636e-03 0.00000000e+00
8.99386935e-03 0.00000000e+00
9.53895234e-03 0.00000000e+00
1.00840353e-02 0.00000000e+00
1.06291183e-02 0.00000000e+00
1.11742013e-02 0.00000000e+00
1.17192843e-02 0.00000000e+00
1.22643673e-02 0.00000000e+00
1.28094503e-02 0.00000000e+00
1.33545333e-02 0.00000000e+00
1.38996163e-02 0.00000000e+00
1.44446993e-02 0.00000000e+00
1.49897823e-02 0.00000000e+00
1.55348652e-02 0.00000000e+00
1.60799482e-02 0.00000000e+00
1.66250312e-02 0.00000000e+00
1.71701142e-02 0.00000000e+00
1.77151972e-02 0.00000000e+00
1.82602802e-02 0.00000000e+00
1.88053632e-02 0.00000000e+00
1.93504462e-02 0.00000000e+00
1.98955292e-02 0.00000000e+00
2.04406122e-02 0.00000000e+00
2.09856952e-02 0.00000000e+00
2.15307781e-02 0.00000000e+00
2.20758611e-02 0.00000000e+00
2.26209441e-02 0.00000000e+00
2.31660271e-02 0.00000000e+00
2.37111101e-02 0.00000000e+00
2.42561931e-02 0.00000000e+00
2.48012761e-02 0.00000000e+00
2.53463591e-02 0.00000000e+00
2.58914421e-02 0.00000000e+00
2.64365251e-02 0.00000000e+00
2.69816081e-02 0.00000000e+00
2.75266910e-02 0.00000000e+00
2.80717740e-02 0.00000000e+00
2.86168570e-02 0.00000000e+00
2.91619400e-02 0.00000000e+00
2.97070230e-02 0.00000000e+00
3.02521060e-02 0.00000000e+00
3.07971890e-02 0.00000000e+00
3.13422720e-02 0.00000000e+00
3.18873550e-02 0.00000000e+00
3.24324380e-02 0.00000000e+00
3.29775210e-02 0.00000000e+00
3.35226039e-02 0.00000000e+00
3.40676869e-02 0.00000000e+00
3.46127699e-02 0.00000000e+00
3.51578529e-02 0.00000000e+00
3.57029359e-02 0.00000000e+00
3.62480189e-02 0.00000000e+00
3.67931019e-02 0.00000000e+00
3.73381849e-02 0.00000000e+00
3.78832679e-02 0.00000000e+00
3.84283509e-02 0.00000000e+00
3.89734339e-02 0.00000000e+00
3.95185168e-02 0.00000000e+00
4.00635998e-02 0.00000000e+00
4.06086828e-02 0.00000000e+00
4.11537658e-02 0.00000000e+00
4.16988488e-02 0.00000000e+00
4.22439318e-02 0.00000000e+00
4.27890148e-02 0.00000000e+00
4.33340978e-02 0.00000000e+00
4.38791808e-02 0.00000000e+00
4.44242638e-02 0.00000000e+00
4.49693468e-02 0.00000000e+00
4.55144297e-02 0.00000000e+00
4.60595127e-02 0.00000000e+00
4.66045957e-02 0.00000000e+00
4.71496787e-02 0.00000000e+00
4.76947617e-02 0.00000000e+00
4.82398447e-02 0.00000000e+00
4.87849277e-02 0.00000000e+00
4.93300107e-02 0.00000000e+00
4.98750937e-02 0.00000000e+00
5.04201767e-02 0.00000000e+00
5.09652597e-02 0.00000000e+00
5.15103426e-02 0.00000000e+00
5.20554256e-02 0.00000000e+00
5.26005086e-02 0.00000000e+00
5.31455916e-02 0.00000000e+00
5.36906746e-02 0.00000000e+00
5.42357576e-02 0.00000000e+00
5.47808406e-02 0.00000000e+00
5.53259236e-02 0.00000000e+00
5.58710066e-02 0.00000000e+00
5.64160896e-02 0.00000000e+00
5.69611726e-02 0.00000000e+00
5.75062555e-02 0.00000000e+00
5.80513385e-02 0.00000000e+00
5.85964215e-02 0.00000000e+00
5.91415045e-02 0.00000000e+00
5.96865875e-02 0.00000000e+00
6.02316705e-02 0.00000000e+00
6.07767535e-02 0.00000000e+00
6.13218365e-02 0.00000000e+00
6.18669195e-02 0.00000000e+00
6.24120025e-02 0.00000000e+00
6.29570855e-02 0.00000000e+00
6.35021684e-02 0.00000000e+00
6.40472514e-02 0.00000000e+00
6.45923344e-02 0.00000000e+00
6.51374174e-02 0.00000000e+00
6.56825004e-02 0.00000000e+00
6.62275834e-02 0.00000000e+00
6.67726664e-02 0.00000000e+00
6.73177494e-02 0.00000000e+00
6.78628324e-02 0.00000000e+00
6.84079154e-02 0.00000000e+00
6.89529984e-02 0.00000000e+00
6.94980813e-02 0.00000000e+00
7.00431643e-02 0.00000000e+00
7.05882473e-02 0.00000000e+00
7.11333303e-02 0.00000000e+00
7.16784133e-02 0.00000000e+00
7.22234963e-02 0.00000000e+00
7.27685793e-02 0.00000000e+00
7.33136623e-02 0.00000000e+00
7.38587453e-02 0.00000000e+00
7.44038283e-02 0.00000000e+00
7.49489113e-02 0.00000000e+00
7.54939942e-02 0.00000000e+00
7.60390772e-02 0.00000000e+00
7.65841602e-02 0.00000000e+00
7.71292432e-02 0.00000000e+00
7.76743262e-02 0.00000000e+00
7.82194092e-02 0.00000000e+00
7.87644922e-02 0.00000000e+00
7.93095752e-02 0.00000000e+00
7.98546582e-02 0.00000000e+00
8.03997412e-02 0.00000000e+00
8.09448242e-02 0.00000000e+00
8.14899071e-02 0.00000000e+00
8.20349901e-02 0.00000000e+00
8.25800731e-02 0.00000000e+00
8.31251561e-02 0.00000000e+00
8.36702391e-02 0.00000000e+00
8.42153221e-02 0.00000000e+00
8.47604051e-02 0.00000000e+00
8.53054881e-02 0.00000000e+00
8.58505711e-02 0.00000000e+00
8.63956541e-02 0.00000000e+00
8.69407371e-02 0.00000000e+00
8.74858200e-02 0.00000000e+00
8.80309030e-02 0.00000000e+00
8.85759860e-02 0.00000000e+00
8.91210690e-02 0.00000000e+00
8.96661520e-02 0.00000000e+00
9.02112350e-02 0.00000000e+00
9.07563180e-02 0.00000000e+00
9.13014010e-02 0.00000000e+00
9.18464840e-02 0.00000000e+00
9.23915670e-02 0.00000000e+00
9.29366500e-02 0.00000000e+00
9.34817329e-02 0.00000000e+00
9.40268159e-02 0.00000000e+00
9.45718989e-02 0.00000000e+00
9.51169819e-02 0.00000000e+00
9.56620649e-02 0.00000000e+00
9.62071479e-02 0.00000000e+00
9.67522309e-02 0.00000000e+00
9.72973139e-02 0.00000000e+00
9.78423969e-02 0.00000000e+00
9.83874799e-02 0.00000000e+00
9.89325629e-02 0.00000000e+00
9.94776458e-02 0.00000000e+00
1.00022729e-01 0.00000000e+00
1.00567812e-01 0.00000000e+00
1.01112895e-01 0.00000000e+00
1.01657978e-01 0.00000000e+00
1.02203061e-01 0.00000000e+00
1.02748144e-01 0.00000000e+00
1.03293227e-01 0.00000000e+00
1.03838310e-01 0.00000000e+00
1.04383393e-01 0.00000000e+00
1.04928476e-01 0.00000000e+00
1.05473559e-01 0.00000000e+00
1.06018642e-01 0.00000000e+00
1.06563725e-01 0.00000000e+00
1.07108808e-01 0.00000000e+00
1.07653891e-01 0.00000000e+00
1.08198974e-01 0.00000000e+00
1.08744057e-01 0.00000000e+00
1.09289140e-01 0.00000000e+00
1.09834223e-01 0.00000000e+00
1.10379306e-01 0.00000000e+00
1.10924389e-01 0.00000000e+00
1.11469472e-01 0.00000000e+00
1.12014555e-01 0.00000000e+00
1.12559638e-01 0.00000000e+00
1.13104721e-01 0.00000000e+00
1.13649804e-01 0.00000000e+00
1.14194887e-01 0.00000000e+00
1.14739970e-01 0.00000000e+00
1.15285053e-01 0.00000000e+00
1.15830136e-01 0.00000000e+00
1.16375219e-01 0.00000000e+00
1.16920302e-01 0.00000000e+00
1.17465385e-01 0.00000000e+00
1.18010468e-01 0.00000000e+00
1.18555551e-01 0.00000000e+00
1.19100634e-01 0.00000000e+00
1.19645717e-01 0.00000000e+00
1.20190800e-01 0.00000000e+00
1.20735882e-01 0.00000000e+00
1.21280965e-01 0.00000000e+00
1.21826048e-01 0.00000000e+00
1.22371131e-01 0.00000000e+00
1.22916214e-01 0.00000000e+00
1.23461297e-01 0.00000000e+00
1.24006380e-01 0.00000000e+00
1.24551463e-01 0.00000000e+00
1.25096546e-01 0.00000000e+00
1.25641629e-01 0.00000000e+00
1.26186712e-01 0.00000000e+00
1.26731795e-01 0.00000000e+00
1.27276878e-01 0.00000000e+00
1.27821961e-01 0.00000000e+00
1.28367044e-01 0.00000000e+00
1.28912127e-01 0.00000000e+00
1.29457210e-01 0.00000000e+00
1.30002293e-01 0.00000000e+00
1.30547376e-01 0.00000000e+00
1.31092459e-01 0.00000000e+00
1.31637542e-01 0.00000000e+00
1.32182625e-01 0.00000000e+00
1.32727708e-01 0.00000000e+00
1.33272791e-01 0.00000000e+00
1.33817874e-01 0.00000000e+00
1.34362957e-01 0.00000000e+00
1.34908040e-01 0.00000000e+00
1.35453123e-01 0.00000000e+00
1.35998206e-01 0.00000000e+00
1.36543289e-01 0.00000000e+00
1.37088372e-01 0.00000000e+00
1.37633455e-01 0.00000000e+00
1.38178538e-01 0.00000000e+00
1.38723621e-01 0.00000000e+00
1.39268704e-01 0.00000000e+00
1.39813787e-01 0.00000000e+00
1.40358870e-01 0.00000000e+00
1.40903953e-01 0.00000000e+00
1.41449036e-01 0.00000000e+00
1.41994119e-01 0.00000000e+00
1.42539202e-01 0.00000000e+00
1.43084285e-01 0.00000000e+00
1.43629368e-01 0.00000000e+00
1.44174451e-01 0.00000000e+00
1.44719534e-01 0.00000000e+00
1.45264617e-01 0.00000000e+00
1.45809700e-01 0.00000000e+00
1.46354783e-01 0.00000000e+00
1.46899866e-01 0.00000000e+00
1.47444949e-01 0.00000000e+00
1.47990032e-01 0.00000000e+00
1.48535115e-01 0.00000000e+00
1.49080198e-01 0.00000000e+00
1.49625281e-01 0.00000000e+00
1.50170364e-01 0.00000000e+00
1.50715447e-01 0.00000000e+00
1.51260530e-01 0.00000000e+00
1.51805613e-01 0.00000000e+00
1.52350696e-01 0.00000000e+00
1.52895779e-01 0.00000000e+00
1.53440862e-01 0.00000000e+00
1.53985945e-01 0.00000000e+00
1.54531028e-01 0.00000000e+00
1.55076111e-01 0.00000000e+00
1.55621194e-01 0.00000000e+00
1.56166277e-01 0.00000000e+00
1.56711360e-01 0.00000000e+00
1.57256443e-01 0.00000000e+00
1.57801526e-01 0.00000000e+00
1.58346609e-01 0.00000000e+00
1.58891692e-01 0.00000000e+00
1.59436775e-01 0.00000000e+00
1.59981858e-01 0.00000000e+00
1.60526941e-01 0.00000000e+00
1.61072024e-01 0.00000000e+00
1.61617107e-01 0.00000000e+00
1.62162190e-01 0.00000000e+00
1.62707273e-01 0.00000000e+00
1.63252356e-01 0.00000000e+00
1.63797439e-01 0.00000000e+00
1.64342522e-01 0.00000000e+00
1.64887605e-01 0.00000000e+00
1.65432688e-01 0.00000000e+00
1.65977771e-01 0.00000000e+00
1.66522854e-01 0.00000000e+00
1.67067937e-01 0.00000000e+00
1.67613020e-01 0.00000000e+00
1.68158103e-01 0.00000000e+00
1.68703186e-01 0.00000000e+00
1.69248269e-01 0.00000000e+00
1.69793352e-01 0.00000000e+00
1.70338435e-01 0.00000000e+00
1.70883518e-01 0.00000000e+00
1.71428601e-01 0.00000000e+00
1.71973684e-01 0.00000000e+00
1.72518767e-01 0.00000000e+00
1.73063850e-01 0.00000000e+00
1.73608933e-01 0.00000000e+00
1.74154016e-01 0.00000000e+00
1.74699099e-01 0.00000000e+00
1.75244182e-01 0.00000000e+00
1.75789265e-01 0.00000000e+00
1.76334348e-01 0.00000000e+00
1.76879431e-01 0.00000000e+00
1.77424514e-01 0.00000000e+00
1.77969597e-01 0.00000000e+00
1.78514680e-01 0.00000000e+00
1.79059763e-01 0.00000000e+00
1.79604846e-01 0.00000000e+00
1.80149929e-01 0.00000000e+00
1.80695011e-01 0.00000000e+00
1.81240094e-01 0.00000000e+00
1.81785177e-01 0.00000000e+00
1.82330260e-01 0.00000000e+00
1.82875343e-01 0.00000000e+00
1.83420426e-01 0.00000000e+00
1.83965509e-01 0.00000000e+00
1.84510592e-01 0.00000000e+00
1.85055675e-01 0.00000000e+00
1.85600758e-01 0.00000000e+00
1.86145841e-01 0.00000000e+00
1.86690924e-01 0.00000000e+00
1.87236007e-01 0.00000000e+00
1.87781090e-01 0.00000000e+00
1.88326173e-01 0.00000000e+00
1.88871256e-01 0.00000000e+00
1.89416339e-01 0.00000000e+00
1.89961422e-01 0.00000000e+00
1.90506505e-01 0.00000000e+00
1.91051588e-01 0.00000000e+00
1.91596671e-01 0.00000000e+00
1.92141754e-01 0.00000000e+00
1.92686837e-01 0.00000000e+00
1.93231920e-01 0.00000000e+00
1.93777003e-01 0.00000000e+00
1.94322086e-01 0.00000000e+00
1.94867169e-01 0.00000000e+00
1.95412252e-01 0.00000000e+00
1.95957335e-01 0.00000000e+00
1.96502418e-01 0.00000000e+00
1.97047501e-01 0.00000000e+00
1.97592584e-01 0.00000000e+00
1.98137667e-01 0.00000000e+00
1.98682750e-01 0.00000000e+00
1.99227833e-01 0.00000000e+00
1.99772916e-01 0.00000000e+00
2.00317999e-01 0.00000000e+00
2.00863082e-01 0.00000000e+00
2.01408165e-01 0.00000000e+00
2.01953248e-01 0.00000000e+00
2.02498331e-01 0.00000000e+00
2.03043414e-01 0.00000000e+00
2.03588497e-01 0.00000000e+00
2.04133580e-01 0.00000000e+00
2.04678663e-01 0.00000000e+00
2.05223746e-01 0.00000000e+00
2.05768829e-01 0.00000000e+00
2.06313912e-01 0.00000000e+00
2.06858995e-01 0.00000000e+00
2.07404078e-01 0.00000000e+00
2.07949161e-01 0.00000000e+00
2.08494244e-01 0.00000000e+00
2.09039327e-01 0.00000000e+00
2.09584410e-01 0.00000000e+00
2.10129493e-01 0.00000000e+00
2.10674576e-01 0.00000000e+00
2.11219659e-01 0.00000000e+00
2.11764742e-01 0.00000000e+00
2.12309825e-01 0.00000000e+00
2.12854908e-01 0.00000000e+00
2.13399991e-01 0.00000000e+00
2.13945074e-01 0.00000000e+00
2.14490157e-01 0.00000000e+00
2.15035240e-01 0.00000000e+00
2.15580323e-01 0.00000000e+00
2.16125406e-01 0.00000000e+00
2.16670489e-01 0.00000000e+00
2.17215572e-01 0.00000000e+00
2.17760655e-01 0.00000000e+00
2.18305738e-01 0.00000000e+00
2.18850821e-01 0.00000000e+00
2.19395904e-01 0.00000000e+00
2.19940987e-01 0.00000000e+00
2.20486070e-01 0.00000000e+00
2.21031153e-01 0.00000000e+00
2.21576236e-01 0.00000000e+00
2.22121319e-01 0.00000000e+00
2.22666402e-01 0.00000000e+00
2.23211485e-01 0.00000000e+00
2.23756568e-01 0.00000000e+00
2.24301651e-01 0.00000000e+00
2.24846734e-01 0.00000000e+00
2.25391817e-01 0.00000000e+00
2.25936900e-01 0.00000000e+00
2.26481983e-01 0.00000000e+00
2.27027066e-01 0.00000000e+00
2.27572149e-01 0.00000000e+00
2.28117232e-01 0.00000000e+00
2.28662315e-01 0.00000000e+00
2.29207398e-01 0.00000000e+00
2.29752481e-01 0.00000000e+00
2.30297564e-01 0.00000000e+00
2.30842647e-01 0.00000000e+00
2.31387730e-01 0.00000000e+00
2.31932813e-01 0.00000000e+00
2.32477896e-01 0.00000000e+00
2.33022979e-01 0.00000000e+00
2.33568062e-01 0.00000000e+00
2.34113145e-01 0.00000000e+00
2.34658228e-01 0.00000000e+00
2.35203311e-01 0.00000000e+00
2.35748394e-01 0.00000000e+00
2.36293477e-01 0.00000000e+00
2.36838560e-01 0.00000000e+00
2.37383643e-01 0.00000000e+00
2.37928726e-01 0.00000000e+00
2.38473809e-01 0.00000000e+00
2.39018892e-01 0.00000000e+00
2.39563975e-01 0.00000000e+00
2.40109058e-01 0.00000000e+00
2.40654141e-01 0.00000000e+00
2.41199223e-01 0.00000000e+00
2.41744306e-01 0.00000000e+00
2.42289389e-01 0.00000000e+00
2.42834472e-01 0.00000000e+00
2.43379555e-01 0.00000000e+00
2.43924638e-01 0.00000000e+00
2.44469721e-01 0.00000000e+00
2.45014804e-01 0.00000000e+00
2.45559887e-01 0.00000000e+00
2.46104970e-01 0.00000000e+00
2.46650053e-01 0.00000000e+00
2.47195136e-01 0.00000000e+00
2.47740219e-01 0.00000000e+00
2.48285302e-01 0.00000000e+00
2.48830385e-01 0.00000000e+00
2.49375468e-01 0.00000000e+00
2.49920551e-01 0.00000000e+00
2.50465634e-01 0.00000000e+00
2.51010717e-01 0.00000000e+00
2.51555800e-01 0.00000000e+00
2.52100883e-01 0.00000000e+00
2.52645966e-01 0.00000000e+00
2.53191049e-01 0.00000000e+00
2.53736132e-01 0.00000000e+00
2.54281215e-01 0.00000000e+00
2.54826298e-01 0.00000000e+00
2.55371381e-01 0.00000000e+00
2.55916464e-01 0.00000000e+00
2.56461547e-01 0.00000000e+00
2.57006630e-01 0.00000000e+00
2.57551713e-01 0.00000000e+00
2.58096796e-01 0.00000000e+00
2.58641879e-01 0.00000000e+00
2.59186962e-01 0.00000000e+00
2.59732045e-01 0.00000000e+00
2.60277128e-01 0.00000000e+00
2.60822211e-01 0.00000000e+00
2.61367294e-01 0.00000000e+00
2.61912377e-01 0.00000000e+00
2.62457460e-01 0.00000000e+00
2.63002543e-01 0.00000000e+00
2.63547626e-01 0.00000000e+00
2.64092709e-01 0.00000000e+00
2.64637792e-01 0.00000000e+00
2.65182875e-01 0.00000000e+00
2.65727958e-01 0.00000000e+00
2.66273041e-01 0.00000000e+00
2.66818124e-01 0.00000000e+00
2.67363207e-01 0.00000000e+00
2.67908290e-01 0.00000000e+00
2.68453373e-01 0.00000000e+00
2.68998456e-01 0.00000000e+00
2.69543539e-01 0.00000000e+00
2.70088622e-01 0.00000000e+00
2.70633705e-01 0.00000000e+00
2.71178788e-01 0.00000000e+00
2.71723871e-01 0.00000000e+00
2.72268954e-01 0.00000000e+00
2.72814037e-01 0.00000000e+00
2.73359120e-01 0.00000000e+00
2.73904203e-01 0.00000000e+00
2.74449286e-01 0.00000000e+00
2.74994369e-01 0.00000000e+00
2.75539452e-01 0.00000000e+00
2.76084535e-01 0.00000000e+00
2.76629618e-01 0.00000000e+00
2.77174701e-01 0.00000000e+00
2.77719784e-01 0.00000000e+00
2.78264867e-01 0.00000000e+00
2.78809950e-01 0.00000000e+00
2.79355033e-01 0.00000000e+00
2.79900116e-01 0.00000000e+00
2.80445199e-01 0.00000000e+00
2.80990282e-01 0.00000000e+00
2.81535365e-01 0.00000000e+00
2.82080448e-01 0.00000000e+00
2.82625531e-01 0.00000000e+00
2.83170614e-01 0.00000000e+00
2.83715697e-01 0.00000000e+00
2.84260780e-01 0.00000000e+00
2.84805863e-01 0.00000000e+00
2.85350946e-01 0.00000000e+00
2.85896029e-01 0.00000000e+00
2.86441112e-01 0.00000000e+00
2.86986195e-01 0.00000000e+00
2.87531278e-01 0.00000000e+00
2.88076361e-01 0.00000000e+00
2.88621444e-01 0.00000000e+00
2.89166527e-01 0.00000000e+00
2.89711610e-01 0.00000000e+00
2.90256693e-01 0.00000000e+00
2.90801776e-01 0.00000000e+00
2.91346859e-01 0.00000000e+00
2.91891942e-01 0.00000000e+00
2.92437025e-01 0.00000000e+00
2.92982108e-01 0.00000000e+00
2.93527191e-01 0.00000000e+00
2.94072274e-01 0.00000000e+00
2.94617357e-01 0.00000000e+00
2.95162440e-01 0.00000000e+00
2.95707523e-01 0.00000000e+00
2.96252606e-01 0.00000000e+00
2.96797689e-01 0.00000000e+00
2.97342772e-01 0.00000000e+00
2.97887855e-01 0.00000000e+00
2.98432938e-01 0.00000000e+00
2.98978021e-01 0.00000000e+00
2.99523104e-01 0.00000000e+00
3.00068187e-01 0.00000000e+00
3.00613270e-01 0.00000000e+00
3.01158352e-01 0.00000000e+00
3.01703435e-01 0.00000000e+00
3.02248518e-01 0.00000000e+00
3.02793601e-01 0.00000000e+00
3.03338684e-01 0.00000000e+00
3.03883767e-01 0.00000000e+00
3.04428850e-01 0.00000000e+00
3.04973933e-01 0.00000000e+00
3.05519016e-01 0.00000000e+00
3.06064099e-01 0.00000000e+00
3.06609182e-01 0.00000000e+00
3.07154265e-01 0.00000000e+00
3.07699348e-01 0.00000000e+00
3.08244431e-01 0.00000000e+00
3.08789514e-01 0.00000000e+00
3.09334597e-01 0.00000000e+00
3.09879680e-01 0.00000000e+00
3.10424763e-01 0.00000000e+00
3.10969846e-01 0.00000000e+00
3.11514929e-01 0.00000000e+00
3.12060012e-01 0.00000000e+00
3.12605095e-01 0.00000000e+00
3.13150178e-01 0.00000000e+00
3.13695261e-01 0.00000000e+00
3.14240344e-01 0.00000000e+00
3.14785427e-01 0.00000000e+00
3.15330510e-01 0.00000000e+00
3.15875593e-01 0.00000000e+00
3.16420676e-01 0.00000000e+00
3.16965759e-01 0.00000000e+00
3.17510842e-01 0.00000000e+00
3.18055925e-01 0.00000000e+00
3.18601008e-01 0.00000000e+00
3.19146091e-01 0.00000000e+00
3.19691174e-01 0.00000000e+00
3.20236257e-01 0.00000000e+00
3.20781340e-01 0.00000000e+00
3.21326423e-01 0.00000000e+00
3.21871506e-01 0.00000000e+00
3.22416589e-01 0.00000000e+00
3.22961672e-01 0.00000000e+00
3.23506755e-01 0.00000000e+00
3.24051838e-01 0.00000000e+00
3.24596921e-01 0.00000000e+00
3.25142004e-01 0.00000000e+00
3.25687087e-01 0.00000000e+00
3.26232170e-01 0.00000000e+00
3.26777253e-01 0.00000000e+00
3.27322336e-01 0.00000000e+00
3.27867419e-01 0.00000000e+00
3.28412502e-01 0.00000000e+00
3.28957585e-01 0.00000000e+00
3.29502668e-01 0.00000000e+00
3.30047751e-01 0.00000000e+00
3.30592834e-01 0.00000000e+00
3.31137917e-01 0.00000000e+00
3.31683000e-01 0.00000000e+00
3.32228083e-01 0.00000000e+00
3.32773166e-01 0.00000000e+00
3.33318249e-01 0.00000000e+00
3.33863332e-01 0.00000000e+00
3.34408415e-01 0.00000000e+00
3.34953498e-01 0.00000000e+00
3.35498581e-01 0.00000000e+00
3.36043664e-01 0.00000000e+00
3.36588747e-01 0.00000000e+00
3.37133830e-01 0.00000000e+00
3.37678913e-01 0.00000000e+00
3.38223996e-01 0.00000000e+00
3.38769079e-01 0.00000000e+00
3.39314162e-01 0.00000000e+00
3.39859245e-01 0.00000000e+00
3.40404328e-01 0.00000000e+00
3.40949411e-01 0.00000000e+00
3.41494494e-01 0.00000000e+00
3.42039577e-01 0.00000000e+00
3.42584660e-01 0.00000000e+00
3.43129743e-01 0.00000000e+00
3.43674826e-01 0.00000000e+00
3.44219909e-01 0.00000000e+00
3.44764992e-01 0.00000000e+00
3.45310075e-01 0.00000000e+00
3.45855158e-01 0.00000000e+00
3.46400241e-01 0.00000000e+00
3.46945324e-01 0.00000000e+00
3.47490407e-01 0.00000000e+00
3.48035490e-01 0.00000000e+00
3.48580573e-01 0.00000000e+00
3.49125656e-01 0.00000000e+00
3.49670739e-01 0.00000000e+00
3.50215822e-01 0.00000000e+00
3.50760905e-01 0.00000000e+00
3.51305988e-01 0.00000000e+00
3.51851071e-01 0.00000000e+00
3.52396154e-01 0.00000000e+00
3.52941237e-01 0.00000000e+00
3.53486320e-01 0.00000000e+00
3.54031403e-01 0.00000000e+00
3.54576486e-01 0.00000000e+00
3.55121569e-01 0.00000000e+00
3.55666652e-01 0.00000000e+00
3.56211735e-01 0.00000000e+00
3.56756818e-01 0.00000000e+00
3.57301901e-01 0.00000000e+00
3.57846984e-01 0.00000000e+00
3.58392067e-01 0.00000000e+00
3.58937150e-01 0.00000000e+00
3.59482233e-01 0.00000000e+00
3.60027316e-01 0.00000000e+00
3.60572399e-01 0.00000000e+00
3.61117482e-01 0.00000000e+00
3.61662564e-01 0.00000000e+00
3.62207647e-01 0.00000000e+00
3.62752730e-01 0.00000000e+00
3.63297813e-01 0.00000000e+00
3.63842896e-01 0.00000000e+00
3.64387979e-01 0.00000000e+00
3.64933062e-01 0.00000000e+00
3.65478145e-01 0.00000000e+00
3.66023228e-01 0.00000000e+00
3.66568311e-01 0.00000000e+00
3.67113394e-01 0.00000000e+00
3.67658477e-01 0.00000000e+00
3.68203560e-01 0.00000000e+00
3.68748643e-01 0.00000000e+00
3.69293726e-01 0.00000000e+00
3.69838809e-01 0.00000000e+00
3.70383892e-01 0.00000000e+00
3.70928975e-01 0.00000000e+00
3.71474058e-01 0.00000000e+00
3.72019141e-01 0.00000000e+00
3.72564224e-01 0.00000000e+00
3.73109307e-01 0.00000000e+00
3.73654390e-01 0.00000000e+00
3.74199473e-01 0.00000000e+00
3.74744556e-01 0.00000000e+00
3.75289639e-01 0.00000000e+00
3.75834722e-01 0.00000000e+00
3.76379805e-01 0.00000000e+00
3.76924888e-01 0.00000000e+00
3.77469971e-01 0.00000000e+00
3.78015054e-01 0.00000000e+00
3.78560137e-01 0.00000000e+00
3.79105220e-01 0.00000000e+00
3.79650303e-01 0.00000000e+00
3.80195386e-01 0.00000000e+00
3.80740469e-01 0.00000000e+00
3.81285552e-01 0.00000000e+00
3.81830635e-01 0.00000000e+00
3.82375718e-01 0.00000000e+00
3.82920801e-01 0.00000000e+00
3.83465884e-01 0.00000000e+00
3.84010967e-01 0.00000000e+00
3.84556050e-01 0.00000000e+00
3.85101133e-01 0.00000000e+00
3.85646216e-01 0.00000000e+00
3.86191299e-01 0.00000000e+00
3.86736382e-01 0.00000000e+00
3.87281465e-01 0.00000000e+00
3.87826548e-01 0.00000000e+00
3.88371631e-01 0.00000000e+00
3.88916714e-01 0.00000000e+00
3.89461797e-01 0.00000000e+00
3.90006880e-01 0.00000000e+00
3.90551963e-01 0.00000000e+00
3.91097046e-01 0.00000000e+00
3.91642129e-01 0.00000000e+00
3.92187212e-01 0.00000000e+00
3.92732295e-01 0.00000000e+00
3.93277378e-01 0.00000000e+00
3.93822461e-01 0.00000000e+00
3.94367544e-01 0.00000000e+00
3.94912627e-01 0.00000000e+00
3.95457710e-01 0.00000000e+00
3.96002793e-01 0.00000000e+00
3.96547876e-01 0.00000000e+00
3.97092959e-01 0.00000000e+00
3.97638042e-01 0.00000000e+00
3.98183125e-01 0.00000000e+00
3.98728208e-01 0.00000000e+00
3.99273291e-01 0.00000000e+00
3.99818374e-01 0.00000000e+00
4.00363457e-01 0.00000000e+00
4.00908540e-01 0.00000000e+00
4.01453623e-01 0.00000000e+00
4.01998706e-01 0.00000000e+00
4.02543789e-01 0.00000000e+00
4.03088872e-01 0.00000000e+00
4.03633955e-01 0.00000000e+00
4.04179038e-01 0.00000000e+00
4.04724121e-01 0.00000000e+00
4.05269204e-01 0.00000000e+00
4.05814287e-01 0.00000000e+00
4.06359370e-01 0.00000000e+00
4.06904453e-01 0.00000000e+00
4.07449536e-01 0.00000000e+00
4.07994619e-01 0.00000000e+00
4.08539702e-01 0.00000000e+00
4.09084785e-01 0.00000000e+00
4.09629868e-01 0.00000000e+00
4.10174951e-01 0.00000000e+00
4.10720034e-01 0.00000000e+00
4.11265117e-01 0.00000000e+00
4.11810200e-01 0.00000000e+00
4.12355283e-01 0.00000000e+00
4.12900366e-01 0.00000000e+00
4.13445449e-01 0.00000000e+00
4.13990532e-01 0.00000000e+00
4.14535615e-01 0.00000000e+00
4.15080698e-01 0.00000000e+00
4.15625781e-01 0.00000000e+00
4.16170864e-01 0.00000000e+00
4.16715947e-01 0.00000000e+00
4.17261030e-01 0.00000000e+00
4.17806113e-01 0.00000000e+00
4.18351196e-01 0.00000000e+00
4.18896279e-01 0.00000000e+00
4.19441362e-01 0.00000000e+00
4.19986445e-01 0.00000000e+00
4.20531528e-01 0.00000000e+00
4.21076611e-01 0.00000000e+00
4.21621693e-01 0.00000000e+00
4.22166776e-01 0.00000000e+00
4.22711859e-01 0.00000000e+00
4.23256942e-01 0.00000000e+00
4.23802025e-01 0.00000000e+00
4.24347108e-01 0.00000000e+00
4.24892191e-01 0.00000000e+00
4.25437274e-01 0.00000000e+00
4.25982357e-01 0.00000000e+00
4.26527440e-01 0.00000000e+00
4.27072523e-01 0.00000000e+00
4.27617606e-01 0.00000000e+00
4.28162689e-01 0.00000000e+00
4.28707772e-01 0.00000000e+00
4.29252855e-01 0.00000000e+00
4.29797938e-01 0.00000000e+00
4.30343021e-01 0.00000000e+00
4.30888104e-01 0.00000000e+00
4.31433187e-01 0.00000000e+00
4.31978270e-01 0.00000000e+00
4.32523353e-01 0.00000000e+00
4.33068436e-01 0.00000000e+00
4.33613519e-01 0.00000000e+00
4.34158602e-01 0.00000000e+00
4.34703685e-01 0.00000000e+00
4.35248768e-01 0.00000000e+00
4.35793851e-01 0.00000000e+00
4.36338934e-01 0.00000000e+00
4.36884017e-01 0.00000000e+00
4.37429100e-01 0.00000000e+00
4.37974183e-01 0.00000000e+00
4.38519266e-01 0.00000000e+00
4.39064349e-01 0.00000000e+00
4.39609432e-01 0.00000000e+00
4.40154515e-01 0.00000000e+00
4.40699598e-01 0.00000000e+00
4.41244681e-01 0.00000000e+00
4.41789764e-01 0.00000000e+00
4.42334847e-01 0.00000000e+00
4.42879930e-01 0.00000000e+00
4.43425013e-01 0.00000000e+00
4.43970096e-01 0.00000000e+00
4.44515179e-01 0.00000000e+00
4.45060262e-01 0.00000000e+00
4.45605345e-01 0.00000000e+00
4.46150428e-01 0.00000000e+00
4.46695511e-01 0.00000000e+00
4.47240594e-01 0.00000000e+00
4.47785677e-01 0.00000000e+00
4.48330760e-01 0.00000000e+00
4.48875843e-01 0.00000000e+00
4.49420926e-01 0.00000000e+00
4.49966009e-01 0.00000000e+00
4.50511092e-01 0.00000000e+00
4.51056175e-01 0.00000000e+00
4.51601258e-01 0.00000000e+00
4.52146341e-01 0.00000000e+00
4.52691424e-01 0.00000000e+00
4.53236507e-01 0.00000000e+00
4.53781590e-01 0.00000000e+00
4.54326673e-01 0.00000000e+00
4.54871756e-01 0.00000000e+00
4.55416839e-01 0.00000000e+00
4.55961922e-01 0.00000000e+00
4.56507005e-01 0.00000000e+00
4.57052088e-01 0.00000000e+00
4.57597171e-01 0.00000000e+00
4.58142254e-01 0.00000000e+00
4.58687337e-01 0.00000000e+00
4.59232420e-01 0.00000000e+00
4.59777503e-01 0.00000000e+00
4.60322586e-01 0.00000000e+00
4.60867669e-01 0.00000000e+00
4.61412752e-01 0.00000000e+00
4.61957835e-01 0.00000000e+00
4.62502918e-01 0.00000000e+00
4.63048001e-01 0.00000000e+00
4.63593084e-01 0.00000000e+00
4.64138167e-01 0.00000000e+00
4.64683250e-01 0.00000000e+00
4.65228333e-01 0.00000000e+00
4.65773416e-01 0.00000000e+00
4.66318499e-01 0.00000000e+00
4.66863582e-01 0.00000000e+00
4.67408665e-01 0.00000000e+00
4.67953748e-01 0.00000000e+00
4.68498831e-01 0.00000000e+00
4.69043914e-01 0.00000000e+00
4.69588997e-01 0.00000000e+00
4.70134080e-01 0.00000000e+00
4.70679163e-01 0.00000000e+00
4.71224246e-01 0.00000000e+00
4.71769329e-01 0.00000000e+00
4.72314412e-01 0.00000000e+00
4.72859495e-01 0.00000000e+00
4.73404578e-01 0.00000000e+00
4.73949661e-01 0.00000000e+00
4.74494744e-01 0.00000000e+00
4.75039827e-01 0.00000000e+00
4.75584910e-01 0.00000000e+00
4.76129993e-01 0.00000000e+00
4.76675076e-01 0.00000000e+00
4.77220159e-01 0.00000000e+00
4.77765242e-01 0.00000000e+00
4.78310325e-01 0.00000000e+00
4.78855408e-01 0.00000000e+00
4.79400491e-01 0.00000000e+00
4.79945574e-01 0.00000000e+00
4.80490657e-01 0.00000000e+00
4.81035740e-01 0.00000000e+00
4.81580823e-01 0.00000000e+00
4.82125905e-01 0.00000000e+00
4.82670988e-01 0.00000000e+00
4.83216071e-01 0.00000000e+00
4.83761154e-01 0.00000000e+00
4.84306237e-01 0.00000000e+00
4.84851320e-01 0.00000000e+00
4.85396403e-01 0.00000000e+00
4.85941486e-01 0.00000000e+00
4.86486569e-01 0.00000000e+00
4.87031652e-01 0.00000000e+00
4.87576735e-01 0.00000000e+00
4.88121818e-01 0.00000000e+00
4.88666901e-01 0.00000000e+00
4.89211984e-01 0.00000000e+00
4.89757067e-01 0.00000000e+00
4.90302150e-01 0.00000000e+00
4.90847233e-01 0.00000000e+00
4.91392316e-01 0.00000000e+00
4.91937399e-01 0.00000000e+00
4.92482482e-01 0.00000000e+00
4.93027565e-01 0.00000000e+00
4.93572648e-01 0.00000000e+00
4.94117731e-01 0.00000000e+00
4.94662814e-01 0.00000000e+00
4.95207897e-01 0.00000000e+00
4.95752980e-01 0.00000000e+00
4.96298063e-01 0.00000000e+00
4.96843146e-01 0.00000000e+00
4.97388229e-01 0.00000000e+00
4.97933312e-01 0.00000000e+00
4.98478395e-01 0.00000000e+00
4.99023478e-01 0.00000000e+00
4.99568561e-01 0.00000000e+00
5.00113644e-01 0.00000000e+00
0.00000000e+00 2.72541495e-04
0.00000000e+00 8.17624486e-04
0.00000000e+00 1.36270748e-03
0.00000000e+00 1.90779047e-03
0.00000000e+00 2.45287346e-03
0.00000000e+00 2.99795645e-03
0.00000000e+00 3.54303944e-03
0.00000000e+00 4.08812243e-03
0.00000000e+00 4.63320542e-03
0.00000000e+00 5.17828841e-03
0.00000000e+00 5.72337140e-03
0.00000000e+00 6.26845440e-03
0.00000000e+00 6.81353739e-03
0.00000000e+00 7.35862038e-03
0.00000000e+00 7.90370337e-03
0.00000000e+00 8.44878636e-03
0.00000000e+00 8.99386935e-03
0.00000000e+00 9.53895234e-03
0.00000000e+00 1.00840353e-02
0.00000000e+00 1.06291183e-02
0.00000000e+00 1.11742013e-02
0.00000000e+00 1.17192843e-02
0.00000000e+00 1.22643673e-02
0.00000000e+00 1.28094503e-02
0.00000000e+00 1.33545333e-02
0.00000000e+00 1.38996163e-02
0.00000000e+00 1.44446993e-02
0.00000000e+00 1.49897823e-02
0.00000000e+00 1.55348652e-02
0.00000000e+00 1.60799482e-02
0.00000000e+00 1.66250312e-02
0.00000000e+00 1.71701142e-02
0.00000000e+00 1.77151972e-02
0.00000000e+00 1.82602802e-02
0.00000000e+00 1.88053632e-02
0.00000000e+00 1.93504462e-02
0.00000000e+00 1.98955292e-02
0.00000000e+00 2.04406122e-02
0.00000000e+00 2.09856952e-02
0.00000000e+00 2.15307781e-02
0.00000000e+00 2.20758611e-02
0.00000000e+00 2.26209441e-02
0.00000000e+00 2.31660271e-02
0.00000000e+00 2.37111101e-02
0.00000000e+00 2.42561931e-02
0.00000000e+00 2.48012761e-02
0.00000000e+00 2.53463591e-02
0.00000000e+00 2.58914421e-02
0.00000000e+00 2.64365251e-02
0.00000000e+00 2.69816081e-02
0.00000000e+00 2.75266910e-02
0.00000000e+00 2.80717740e-02
0.00000000e+00 2.86168570e-02
0.00000000e+00 2.91619400e-02
0.00000000e+00 2.97070230e-02
0.00000000e+00 3.02521060e-02
0.00000000e+00 3.07971890e-02
0.00000000e+00 3.13422720e-02
0.00000000e+00 3.18873550e-02
0.00000000e+00 3.24324380e-02
0.00000000e+00 3.29775210e-02
0.00000000e+00 3.35226039e-02
0.00000000e+00 3.40676869e-02
0.00000000e+00 3.46127699e-02
0.00000000e+00 3.51578529e-02
0.00000000e+00 3.57029359e-02
0.00000000e+00 3.62480189e-02
0.00000000e+00 3.67931019e-02
0.00000000e+00 3.73381849e-02
0.00000000e+00 3.78832679e-02
0.00000000e+00 3.84283509e-02
0.00000000e+00 3.89734339e-02
0.00000000e+00 3.95185168e-02
0.00000000e+00 4.00635998e-02
0.00000000e+00 4.06086828e-02
0.00000000e+00 4.11537658e-02
0.00000000e+00 4.16988488e-02
0.00000000e+00 4.22439318e-02
0.00000000e+00 4.27890148e-02
0.00000000e+00 4.33340978e-02
0.00000000e+00 4.38791808e-02
0.00000000e+00 4.44242638e-02
0.00000000e+00 4.49693468e-02
0.00000000e+00 4.55144297e-02
0.00000000e+00 4.60595127e-02
0.00000000e+00 4.66045957e-02
0.00000000e+00 4.71496787e-02
0.00000000e+00 4.76947617e-02
0.00000000e+00 4.82398447e-02
0.00000000e+00 4.87849277e-02
0.00000000e+00 4.93300107e-02
0.00000000e+00 4.98750937e-02
0.00000000e+00 5.04201767e-02
0.00000000e+00 5.09652597e-02
0.00000000e+00 5.15103426e-02
0.00000000e+00 5.20554256e-02
0.00000000e+00 5.26005086e-02
0.00000000e+00 5.31455916e-02
0.00000000e+00 5.36906746e-02
0.00000000e+00 5.42357576e-02
0.00000000e+00 5.47808406e-02
0.00000000e+00 5.53259236e-02
0.00000000e+00 5.58710066e-02
0.00000000e+00 5.64160896e-02
0.00000000e+00 5.69611726e-02
0.00000000e+00 5.75062555e-02
0.00000000e+00 5.80513385e-02
0.00000000e+00 5.85964215e-02
0.00000000e+00 5.91415045e-02
0.00000000e+00 5.96865875e-02
0.00000000e+00 6.02316705e-02
0.00000000e+00 6.07767535e-02
0.00000000e+00 6.13218365e-02
0.00000000e+00 6.18669195e-02
0.00000000e+00 6.24120025e-02
0.00000000e+00 6.29570855e-02
0.00000000e+00 6.35021684e-02
0.00000000e+00 6.40472514e-02
0.00000000e+00 6.45923344e-02
0.00000000e+00 6.51374174e-02
0.00000000e+00 6.56825004e-02
0.00000000e+00 6.62275834e-02
0.00000000e+00 6.67726664e-02
0.00000000e+00 6.73177494e-02
0.00000000e+00 6.78628324e-02
0.00000000e+00 6.84079154e-02
0.00000000e+00 6.89529984e-02
0.00000000e+00 6.94980813e-02
0.00000000e+00 7.00431643e-02
0.00000000e+00 7.05882473e-02
0.00000000e+00 7.11333303e-02
0.00000000e+00 7.16784133e-02
0.00000000e+00 7.22234963e-02
0.00000000e+00 7.27685793e-02
0.00000000e+00 7.33136623e-02
0.00000000e+00 7.38587453e-02
0.00000000e+00 7.44038283e-02
0.00000000e+00 7.49489113e-02
0.00000000e+00 7.54939942e-02
0.00000000e+00 7.60390772e-02
0.00000000e+00 7.65841602e-02
0.00000000e+00 7.71292432e-02
0.00000000e+00 7.76743262e-02
0.00000000e+00 7.82194092e-02
0.00000000e+00 7.87644922e-02
0.00000000e+00 7.93095752e-02
0.00000000e+00 7.98546582e-02
0.00000000e+00 8.03997412e-02
0.00000000e+00 8.09448242e-02
0.00000000e+00 8.14899071e-02
0.00000000e+00 8.20349901e-02
0.00000000e+00 8.25800731e-02
0.00000000e+00 8.31251561e-02
0.00000000e+00 8.36702391e-02
0.00000000e+00 8.42153221e-02
0.00000000e+00 8.47604051e-02
0.00000000e+00 8.53054881e-02
0.00000000e+00 8.58505711e-02
0.00000000e+00 8.63956541e-02
0.00000000e+00 8.69407371e-02
0.00000000e+00 8.74858200e-02
0.00000000e+00 8.80309030e-02
0.00000000e+00 8.85759860e-02
0.00000000e+00 8.91210690e-02
0.00000000e+00 8.96661520e-02
0.00000000e+00 9.02112350e-02
0.00000000e+00 9.07563180e-02
0.00000000e+00 9.13014010e-02
0.00000000e+00 9.18464840e-02
0.00000000e+00 9.23915670e-02
0.00000000e+00 9.29366500e-02
0.00000000e+00 9.34817329e-02
0.00000000e+00 9.40268159e-02
0.00000000e+00 9.45718989e-02
0.00000000e+00 9.51169819e-02
0.00000000e+00 9.56620649e-02
0.00000000e+00 9.62071479e-02
0.00000000e+00 9.67522309e-02
0.00000000e+00 9.72973139e-02
0.00000000e+00 9.78423969e-02
0.00000000e+00 9.83874799e-02
0.00000000e+00 9.89325629e-02
0.00000000e+00 9.94776458e-02
0.00000000e+00 1.00022729e-01
0.00000000e+00 1.00567812e-01
0.00000000e+00 1.01112895e-01
0.00000000e+00 1.01657978e-01
0.00000000e+00 1.02203061e-01
0.00000000e+00 1.02748144e-01
0.00000000e+00 1.03293227e-01
0.00000000e+00 1.03838310e-01
0.00000000e+00 1.04383393e-01
0.00000000e+00 1.04928476e-01
0.00000000e+00 1.05473559e-01
0.00000000e+00 1.06018642e-01
0.00000000e+00 1.06563725e-01
0.00000000e+00 1.07108808e-01
0.00000000e+00 1.07653891e-01
0.00000000e+00 1.08198974e-01
0.00000000e+00 1.08744057e-01
0.00000000e+00 1.09289140e-01
0.00000000e+00 1.09834223e-01
0.00000000e+00 1.10379306e-01
0.00000000e+00 1.10924389e-01
0.00000000e+00 1.11469472e-01
0.00000000e+00 1.12014555e-01
0.00000000e+00 1.12559638e-01
0.00000000e+00 1.13104721e-01
0.00000000e+00 1.13649804e-01
0.00000000e+00 1.14194887e-01
0.00000000e+00 1.14739970e-01
0.00000000e+00 1.15285053e-01
0.00000000e+00 1.15830136e-01
0.00000000e+00 1.16375219e-01
0.00000000e+00 1.16920302e-01
0.00000000e+00 1.17465385e-01
0.00000000e+00 1.18010468e-01
0.00000000e+00 1.18555551e-01
0.00000000e+00 1.19100634e-01
0.00000000e+00 1.19645717e-01
0.00000000e+00 1.20190800e-01
0.00000000e+00 1.20735882e-01
0.00000000e+00 1.21280965e-01
0.00000000e+00 1.21826048e-01
0.00000000e+00 1.22371131e-01
0.00000000e+00 1.22916214e-01
0.00000000e+00 1.23461297e-01
0.00000000e+00 1.24006380e-01
0.00000000e+00 1.24551463e-01
0.00000000e+00 1.25096546e-01
0.00000000e+00 1.25641629e-01
0.00000000e+00 1.26186712e-01
0.00000000e+00 1.26731795e-01
0.00000000e+00 1.27276878e-01
0.00000000e+00 1.27821961e-01
0.00000000e+00 1.28367044e-01
0.00000000e+00 1.28912127e-01
0.00000000e+00 1.29457210e-01
0.00000000e+00 1.30002293e-01
0.00000000e+00 1.30547376e-01
0.00000000e+00 1.31092459e-01
0.00000000e+00 1.31637542e-01
0.00000000e+00 1.32182625e-01
0.00000000e+00 1.32727708e-01
0.00000000e+00 1.33272791e-01
0.00000000e+00 1.33817874e-01
0.00000000e+00 1.34362957e-01
0.00000000e+00 1.34908040e-01
0.00000000e+00 1.35453123e-01
0.00000000e+00 1.35998206e-01
0.00000000e+00 1.36543289e-01
0.00000000e+00 1.37088372e-01
0.00000000e+00 1.37633455e-01
0.00000000e+00 1.38178538e-01
0.00000000e+00 1.38723621e-01
0.00000000e+00 1.39268704e-01
0.00000000e+00 1.39813787e-01
0.00000000e+00 1.40358870e-01
0.00000000e+00 1.40903953e-01
0.00000000e+00 1.41449036e-01
0.00000000e+00 1.41994119e-01
0.00000000e+00 1.42539202e-01
0.00000000e+00 1.43084285e-01
0.00000000e+00 1.43629368e-01
0.00000000e+00 1.44174451e-01
0.00000000e+00 1.44719534e-01
0.00000000e+00 1.45264617e-01
0.00000000e+00 1.45809700e-01
0.00000000e+00 1.46354783e-01
0.00000000e+00 1.46899866e-01
0.00000000e+00 1.47444949e-01
0.00000000e+00 1.47990032e-01
0.00000000e+00 1.48535115e-01
0.00000000e+00 1.49080198e-01
0.00000000e+00 1.49625281e-01
0.00000000e+00 1.50170364e-01
0.00000000e+00 1.50715447e-01
0.00000000e+00 1.51260530e-01
0.00000000e+00 1.51805613e-01
0.00000000e+00 1.52350696e-01
0.00000000e+00 1.52895779e-01
0.00000000e+00 1.53440862e-01
0.00000000e+00 1.53985945e-01
0.00000000e+00 1.54531028e-01
0.00000000e+00 1.55076111e-01
0.00000000e+00 1.55621194e-01
0.00000000e+00 1.56166277e-01
0.00000000e+00 1.56711360e-01
0.00000000e+00 1.57256443e-01
0.00000000e+00 1.57801526e-01
0.00000000e+00 1.58346609e-01
0.00000000e+00 1.58891692e-01
0.00000000e+00 1.59436775e-01
0.00000000e+00 1.59981858e-01
0.00000000e+00 1.60526941e-01
0.00000000e+00 1.61072024e-01
0.00000000e+00 1.61617107e-01
0.00000000e+00 1.62162190e-01
0.00000000e+00 1.62707273e-01
0.00000000e+00 1.63252356e-01
0.00000000e+00 1.63797439e-01
0.00000000e+00 1.64342522e-01
0.00000000e+00 1.64887605e-01
0.00000000e+00 1.65432688e-01
0.00000000e+00 1.65977771e-01
0.00000000e+00 1.66522854e-01
0.00000000e+00 1.67067937e-01
0.00000000e+00 1.67613020e-01
0.00000000e+00 1.68158103e-01
0.00000000e+00 1.68703186e-01
0.00000000e+00 1.69248269e-01
0.00000000e+00 1.69793352e-01
0.00000000e+00 1.70338435e-01
0.00000000e+00 1.70883518e-01
0.00000000e+00 1.71428601e-01
0.00000000e+00 1.71973684e-01
0.00000000e+00 1.72518767e-01
0.00000000e+00 1.73063850e-01
0.00000000e+00 1.73608933e-01
0.00000000e+00 1.74154016e-01
0.00000000e+00 1.74699099e-01
0.00000000e+00 1.75244182e-01
0.00000000e+00 1.75789265e-01
0.00000000e+00 1.76334348e-01
0.00000000e+00 1.76879431e-01
0.00000000e+00 1.77424514e-01
0.00000000e+00 1.77969597e-01
0.00000000e+00 1.78514680e-01
0.00000000e+00 1.79059763e-01
0.00000000e+00 1.79604846e-01
0.00000000e+00 1.80149929e-01
0.00000000e+00 1.80695011e-01
0.00000000e+00 1.81240094e-01
0.00000000e+00 1.81785177e-01
0.00000000e+00 1.82330260e-01
0.00000000e+00 1.82875343e-01
0.00000000e+00 1.83420426e-01
0.00000000e+00 1.83965509e-01
0.00000000e+00 1.84510592e-01
0.00000000e+00 1.85055675e-01
0.00000000e+00 1.85600758e-01
0.00000000e+00 1.86145841e-01
0.00000000e+00 1.86690924e-01
0.00000000e+00 1.87236007e-01
0.00000000e+00 1.87781090e-01
0.00000000e+00 1.88326173e-01
0.00000000e+00 1.88871256e-01
0.00000000e+00 1.89416339e-01
0.00000000e+00 1.89961422e-01
0.00000000e+00 1.90506505e-01
0.00000000e+00 1.91051588e-01
0.00000000e+00 1.91596671e-01
0.00000000e+00 1.92141754e-01
0.00000000e+00 1.92686837e-01
0.00000000e+00 1.93231920e-01
0.00000000e+00 1.93777003e-01
0.00000000e+00 1.94322086e-01
0.00000000e+00 1.94867169e-01
0.00000000e+00 1.95412252e-01
0.00000000e+00 1.95957335e-01
0.00000000e+00 1.96502418e-01
0.00000000e+00 1.97047501e-01
0.00000000e+00 1.97592584e-01
0.00000000e+00 1.98137667e-01
0.00000000e+00 1.98682750e-01
0.00000000e+00 1.99227833e-01
0.00000000e+00 1.99772916e-01
0.00000000e+00 2.00317999e-01
0.00000000e+00 2.00863082e-01
0.00000000e+00 2.01408165e-01
0.00000000e+00 2.01953248e-01
0.00000000e+00 2.02498331e-01
0.00000000e+00 2.03043414e-01
0.00000000e+00 2.03588497e-01
0.00000000e+00 2.04133580e-01
0.00000000e+00 2.04678663e-01
0.00000000e+00 2.05223746e-01
0.00000000e+00 2.05768829e-01
0.00000000e+00 2.06313912e-01
0.00000000e+00 2.06858995e-01
0.00000000e+00 2.07404078e-01
0.00000000e+00 2.07949161e-01
0.00000000e+00 2.08494244e-01
0.00000000e+00 2.09039327e-01
0.00000000e+00 2.09584410e-01
0.00000000e+00 2.10129493e-01
0.00000000e+00 2.10674576e-01
0.00000000e+00 2.11219659e-01
0.00000000e+00 2.11764742e-01
0.00000000e+00 2.12309825e-01
0.00000000e+00 2.12854908e-01
0.00000000e+00 2.13399991e-01
0.00000000e+00 2.13945074e-01
0.00000000e+00 2.14490157e-01
0.00000000e+00 2.15035240e-01
0.00000000e+00 2.15580323e-01
0.00000000e+00 2.16125406e-01
0.00000000e+00 2.16670489e-01
0.00000000e+00 2.17215572e-01
0.00000000e+00 2.17760655e-01
0.00000000e+00 2.18305738e-01
0.00000000e+00 2.18850821e-01
0.00000000e+00 2.19395904e-01
0.00000000e+00 2.19940987e-01
0.00000000e+00 2.20486070e-01
0.00000000e+00 2.21031153e-01
0.00000000e+00 2.21576236e-01
0.00000000e+00 2.22121319e-01
0.00000000e+00 2.22666402e-01
0.00000000e+00 2.23211485e-01
0.00000000e+00 2.23756568e-01
0.00000000e+00 2.24301651e-01
0.00000000e+00 2.24846734e-01
0.00000000e+00 2.25391817e-01
0.00000000e+00 2.25936900e-01
0.00000000e+00 2.26481983e-01
0.00000000e+00 2.27027066e-01
0.00000000e+00 2.27572149e-01
0.00000000e+00 2.28117232e-01
0.00000000e+00 2.28662315e-01
0.00000000e+00 2.29207398e-01
0.00000000e+00 2.29752481e-01
0.00000000e+00 2.30297564e-01
0.00000000e+00 2.30842647e-01
0.00000000e+00 2.31387730e-01
0.00000000e+00 2.31932813e-01
0.00000000e+00 2.32477896e-01
0.00000000e+00 2.33022979e-01
0.00000000e+00 2.33568062e-01
0.00000000e+00 2.34113145e-01
0.00000000e+00 2.34658228e-01
0.00000000e+00 2.35203311e-01
0.00000000e+00 2.35748394e-01
0.00000000e+00 2.36293477e-01
0.00000000e+00 2.36838560e-01
0.00000000e+00 2.37383643e-01
0.00000000e+00 2.37928726e-01
0.00000000e+00 2.38473809e-01
0.00000000e+00 2.39018892e-01
0.00000000e+00 2.39563975e-01
0.00000000e+00 2.40109058e-01
0.00000000e+00 2.40654141e-01
0.00000000e+00 2.41199223e-01
0.00000000e+00 2.41744306e-01
0.00000000e+00 2.42289389e-01
0.00000000e+00 2.42834472e-01
0.00000000e+00 2.43379555e-01
0.00000000e+00 2.43924638e-01
0.00000000e+00 2.44469721e-01
0.00000000e+00 2.45014804e-01
0.00000000e+00 2.45559887e-01
0.00000000e+00 2.46104970e-01
0.00000000e+00 2.46650053e-01
0.00000000e+00 2.47195136e-01
0.00000000e+00 2.47740219e-01
0.00000000e+00 2.48285302e-01
0.00000000e+00 2.48830385e-01
0.00000000e+00 2.49375468e-01
0.00000000e+00 2.49920551e-01
0.00000000e+00 2.50465634e-01
0.00000000e+00 2.51010717e-01
0.00000000e+00 2.51555800e-01
0.00000000e+00 2.52100883e-01
0.00000000e+00 2.52645966e-01
0.00000000e+00 2.53191049e-01
0.00000000e+00 2.53736132e-01
0.00000000e+00 2.54281215e-01
0.00000000e+00 2.54826298e-01
0.00000000e+00 2.55371381e-01
0.00000000e+00 2.55916464e-01
0.00000000e+00 2.56461547e-01
0.00000000e+00 2.57006630e-01
0.00000000e+00 2.57551713e-01
0.00000000e+00 2.58096796e-01
0.00000000e+00 2.58641879e-01
0.00000000e+00 2.59186962e-01
0.00000000e+00 2.59732045e-01
0.00000000e+00 2.60277128e-01
0.00000000e+00 2.60822211e-01
0.00000000e+00 2.61367294e-01
0.00000000e+00 2.61912377e-01
0.00000000e+00 2.62457460e-01
0.00000000e+00 2.63002543e-01
0.00000000e+00 2.63547626e-01
0.00000000e+00 2.64092709e-01
0.00000000e+00 2.64637792e-01
0.00000000e+00 2.65182875e-01
0.00000000e+00 2.65727958e-01
0.00000000e+00 2.66273041e-01
0.00000000e+00 2.66818124e-01
0.00000000e+00 2.67363207e-01
0.00000000e+00 2.67908290e-01
0.00000000e+00 2.68453373e-01
0.00000000e+00 2.68998456e-01
0.00000000e+00 2.69543539e-01
0.00000000e+00 2.70088622e-01
0.00000000e+00 2.70633705e-01
0.00000000e+00 2.71178788e-01
0.00000000e+00 2.71723871e-01
0.00000000e+00 2.72268954e-01
0.00000000e+00 2.72814037e-01
0.00000000e+00 2.73359120e-01
0.00000000e+00 2.73904203e-01
0.00000000e+00 2.74449286e-01
0.00000000e+00 2.74994369e-01
0.00000000e+00 2.75539452e-01
0.00000000e+00 2.76084535e-01
0.00000000e+00 2.76629618e-01
0.00000000e+00 2.77174701e-01
0.00000000e+00 2.77719784e-01
0.00000000e+00 2.78264867e-01
0.00000000e+00 2.78809950e-01
0.00000000e+00 2.79355033e-01
0.00000000e+00 2.79900116e-01
0.00000000e+00 2.80445199e-01
0.00000000e+00 2.80990282e-01
0.00000000e+00 2.81535365e-01
0.00000000e+00 2.82080448e-01
0.00000000e+00 2.82625531e-01
0.00000000e+00 2.83170614e-01
0.00000000e+00 2.83715697e-01
0.00000000e+00 2.84260780e-01
0.00000000e+00 2.84805863e-01
0.00000000e+00 2.85350946e-01
0.00000000e+00 2.85896029e-01
0.00000000e+00 2.86441112e-01
0.00000000e+00 2.86986195e-01
0.00000000e+00 2.87531278e-01
0.00000000e+00 2.88076361e-01
0.00000000e+00 2.88621444e-01
0.00000000e+00 2.89166527e-01
0.00000000e+00 2.89711610e-01
0.00000000e+00 2.90256693e-01
0.00000000e+00 2.90801776e-01
0.00000000e+00 2.91346859e-01
0.00000000e+00 2.91891942e-01
0.00000000e+00 2.92437025e-01
0.00000000e+00 2.92982108e-01
0.00000000e+00 2.93527191e-01
0.00000000e+00 2.94072274e-01
0.00000000e+00 2.94617357e-01
0.00000000e+00 2.95162440e-01
0.00000000e+00 2.95707523e-01
0.00000000e+00 2.96252606e-01
0.00000000e+00 2.96797689e-01
0.00000000e+00 2.97342772e-01
0.00000000e+00 2.97887855e-01
0.00000000e+00 2.98432938e-01
0.00000000e+00 2.98978021e-01
0.00000000e+00 2.99523104e-01
0.00000000e+00 3.00068187e-01
0.00000000e+00 3.00613270e-01
0.00000000e+00 3.01158352e-01
0.00000000e+00 3.01703435e-01
0.00000000e+00 3.02248518e-01
0.00000000e+00 3.02793601e-01
0.00000000e+00 3.03338684e-01
0.00000000e+00 3.03883767e-01
0.00000000e+00 3.04428850e-01
0.00000000e+00 3.04973933e-01
0.00000000e+00 3.05519016e-01
0.00000000e+00 3.06064099e-01
0.00000000e+00 3.06609182e-01
0.00000000e+00 3.07154265e-01
0.00000000e+00 3.07699348e-01
0.00000000e+00 3.08244431e-01
0.00000000e+00 3.08789514e-01
0.00000000e+00 3.09334597e-01
0.00000000e+00 3.09879680e-01
0.00000000e+00 3.10424763e-01
0.00000000e+00 3.10969846e-01
0.00000000e+00 3.11514929e-01
0.00000000e+00 3.12060012e-01
0.00000000e+00 3.12605095e-01
0.00000000e+00 3.13150178e-01
0.00000000e+00 3.13695261e-01
0.00000000e+00 3.14240344e-01
0.00000000e+00 3.14785427e-01
0.00000000e+00 3.15330510e-01
0.00000000e+00 3.15875593e-01
0.00000000e+00 3.16420676e-01
0.00000000e+00 3.16965759e-01
0.00000000e+00 3.17510842e-01
0.00000000e+00 3.18055925e-01
0.00000000e+00 3.18601008e-01
0.00000000e+00 3.19146091e-01
0.00000000e+00 3.19691174e-01
0.00000000e+00 3.20236257e-01
0.00000000e+00 3.20781340e-01
0.00000000e+00 3.21326423e-01
0.00000000e+00 3.21871506e-01
0.00000000e+00 3.22416589e-01
0.00000000e+00 3.22961672e-01
0.00000000e+00 3.23506755e-01
0.00000000e+00 3.24051838e-01
0.00000000e+00 3.24596921e-01
0.00000000e+00 3.25142004e-01
0.00000000e+00 3.25687087e-01
0.00000000e+00 3.26232170e-01
0.00000000e+00 3.26777253e-01
0.00000000e+00 3.27322336e-01
0.00000000e+00 3.27867419e-01
0.00000000e+00 3.28412502e-01
0.00000000e+00 3.28957585e-01
0.00000000e+00 3.29502668e-01
0.00000000e+00 3.30047751e-01
0.00000000e+00 3.30592834e-01
0.00000000e+00 3.31137917e-01
0.00000000e+00 3.31683000e-01
0.00000000e+00 3.32228083e-01
0.00000000e+00 3.32773166e-01
0.00000000e+00 3.33318249e-01
0.00000000e+00 3.33863332e-01
0.00000000e+00 3.34408415e-01
0.00000000e+00 3.34953498e-01
0.00000000e+00 3.35498581e-01
0.00000000e+00 3.36043664e-01
0.00000000e+00 3.36588747e-01
0.00000000e+00 3.37133830e-01
0.00000000e+00 3.37678913e-01
0.00000000e+00 3.38223996e-01
0.00000000e+00 3.38769079e-01
0.00000000e+00 3.39314162e-01
0.00000000e+00 3.39859245e-01
0.00000000e+00 3.40404328e-01
0.00000000e+00 3.40949411e-01
0.00000000e+00 3.41494494e-01
0.00000000e+00 3.42039577e-01
0.00000000e+00 3.42584660e-01
0.00000000e+00 3.43129743e-01
0.00000000e+00 3.43674826e-01
0.00000000e+00 3.44219909e-01
0.00000000e+00 3.44764992e-01
0.00000000e+00 3.45310075e-01
0.00000000e+00 3.45855158e-01
0.00000000e+00 3.46400241e-01
0.00000000e+00 3.46945324e-01
0.00000000e+00 3.47490407e-01
0.00000000e+00 3.48035490e-01
0.00000000e+00 3.48580573e-01
0.00000000e+00 3.49125656e-01
0.00000000e+00 3.49670739e-01
0.00000000e+00 3.50215822e-01
0.00000000e+00 3.50760905e-01
0.00000000e+00 3.51305988e-01
0.00000000e+00 3.51851071e-01
0.00000000e+00 3.52396154e-01
0.00000000e+00 3.52941237e-01
0.00000000e+00 3.53486320e-01
0.00000000e+00 3.54031403e-01
0.00000000e+00 3.54576486e-01
0.00000000e+00 3.55121569e-01
0.00000000e+00 3.55666652e-01
0.00000000e+00 3.56211735e-01
0.00000000e+00 3.56756818e-01
0.00000000e+00 3.57301901e-01
0.00000000e+00 3.57846984e-01
0.00000000e+00 3.58392067e-01
0.00000000e+00 3.58937150e-01
0.00000000e+00 3.59482233e-01
0.00000000e+00 3.60027316e-01
0.00000000e+00 3.60572399e-01
0.00000000e+00 3.61117482e-01
0.00000000e+00 3.61662564e-01
0.00000000e+00 3.62207647e-01
0.00000000e+00 3.62752730e-01
0.00000000e+00 3.63297813e-01
0.00000000e+00 3.63842896e-01
0.00000000e+00 3.64387979e-01
0.00000000e+00 3.64933062e-01
0.00000000e+00 3.65478145e-01
0.00000000e+00 3.66023228e-01
0.00000000e+00 3.66568311e-01
0.00000000e+00 3.67113394e-01
0.00000000e+00 3.67658477e-01
0.00000000e+00 3.68203560e-01
0.00000000e+00 3.68748643e-01
0.00000000e+00 3.69293726e-01
0.00000000e+00 3.69838809e-01
0.00000000e+00 3.70383892e-01
0.00000000e+00 3.70928975e-01
0.00000000e+00 3.71474058e-01
0.00000000e+00 3.72019141e-01
0.00000000e+00 3.72564224e-01
0.00000000e+00 3.73109307e-01
0.00000000e+00 3.73654390e-01
0.00000000e+00 3.74199473e-01
0.00000000e+00 3.74744556e-01
0.00000000e+00 3.75289639e-01
0.00000000e+00 3.75834722e-01
0.00000000e+00 3.76379805e-01
0.00000000e+00 3.76924888e-01
0.00000000e+00 3.77469971e-01
0.00000000e+00 3.78015054e-01
0.00000000e+00 3.78560137e-01
0.00000000e+00 3.79105220e-01
0.00000000e+00 3.79650303e-01
0.00000000e+00 3.80195386e-01
0.00000000e+00 3.80740469e-01
0.00000000e+00 3.81285552e-01
0.00000000e+00 3.81830635e-01
0.00000000e+00 3.82375718e-01
0.00000000e+00 3.82920801e-01
0.00000000e+00 3.83465884e-01
0.00000000e+00 3.84010967e-01
0.00000000e+00 3.84556050e-01
0.00000000e+00 3.85101133e-01
0.00000000e+00 3.85646216e-01
0.00000000e+00 3.86191299e-01
0.00000000e+00 3.86736382e-01
0.00000000e+00 3.87281465e-01
0.00000000e+00 3.87826548e-01
0.00000000e+00 3.88371631e-01
0.00000000e+00 3.88916714e-01
0.00000000e+00 3.89461797e-01
0.00000000e+00 3.90006880e-01
0.00000000e+00 3.90551963e-01
0.00000000e+00 3.91097046e-01
0.00000000e+00 3.91642129e-01
0.00000000e+00 3.92187212e-01
0.00000000e+00 3.92732295e-01
0.00000000e+00 3.93277378e-01
0.00000000e+00 3.93822461e-01
0.00000000e+00 3.94367544e-01
0.00000000e+00 3.94912627e-01
0.00000000e+00 3.95457710e-01
0.00000000e+00 3.96002793e-01
0.00000000e+00 3.96547876e-01
0.00000000e+00 3.97092959e-01
0.00000000e+00 3.97638042e-01
0.00000000e+00 3.98183125e-01
0.00000000e+00 3.98728208e-01
0.00000000e+00 3.99273291e-01
0.00000000e+00 3.99818374e-01
0.00000000e+00 4.00363457e-01
0.00000000e+00 4.00908540e-01
0.00000000e+00 4.01453623e-01
0.00000000e+00 4.01998706e-01
0.00000000e+00 4.02543789e-01
0.00000000e+00 4.03088872e-01
0.00000000e+00 4.03633955e-01
0.00000000e+00 4.04179038e-01
0.00000000e+00 4.04724121e-01
0.00000000e+00 4.05269204e-01
0.00000000e+00 4.05814287e-01
0.00000000e+00 4.06359370e-01
0.00000000e+00 4.06904453e-01
0.00000000e+00 4.07449536e-01
0.00000000e+00 4.07994619e-01
0.00000000e+00 4.08539702e-01
0.00000000e+00 4.09084785e-01
0.00000000e+00 4.09629868e-01
0.00000000e+00 4.10174951e-01
0.00000000e+00 4.10720034e-01
0.00000000e+00 4.11265117e-01
0.00000000e+00 4.11810200e-01
0.00000000e+00 4.12355283e-01
0.00000000e+00 4.12900366e-01
0.00000000e+00 4.13445449e-01
0.00000000e+00 4.13990532e-01
0.00000000e+00 4.14535615e-01
0.00000000e+00 4.15080698e-01
0.00000000e+00 4.15625781e-01
0.00000000e+00 4.16170864e-01
0.00000000e+00 4.16715947e-01
0.00000000e+00 4.17261030e-01
0.00000000e+00 4.17806113e-01
0.00000000e+00 4.18351196e-01
0.00000000e+00 4.18896279e-01
0.00000000e+00 4.19441362e-01
0.00000000e+00 4.19986445e-01
0.00000000e+00 4.20531528e-01
0.00000000e+00 4.21076611e-01
0.00000000e+00 4.21621693e-01
0.00000000e+00 4.22166776e-01
0.00000000e+00 4.22711859e-01
0.00000000e+00 4.23256942e-01
0.00000000e+00 4.23802025e-01
0.00000000e+00 4.24347108e-01
0.00000000e+00 4.24892191e-01
0.00000000e+00 4.25437274e-01
0.00000000e+00 4.25982357e-01
0.00000000e+00 4.26527440e-01
0.00000000e+00 4.27072523e-01
0.00000000e+00 4.27617606e-01
0.00000000e+00 4.28162689e-01
0.00000000e+00 4.28707772e-01
0.00000000e+00 4.29252855e-01
0.00000000e+00 4.29797938e-01
0.00000000e+00 4.30343021e-01
0.00000000e+00 4.30888104e-01
0.00000000e+00 4.31433187e-01
0.00000000e+00 4.31978270e-01
0.00000000e+00 4.32523353e-01
0.00000000e+00 4.33068436e-01
0.00000000e+00 4.33613519e-01
0.00000000e+00 4.34158602e-01
0.00000000e+00 4.34703685e-01
0.00000000e+00 4.35248768e-01
0.00000000e+00 4.35793851e-01
0.00000000e+00 4.36338934e-01
0.00000000e+00 4.36884017e-01
0.00000000e+00 4.37429100e-01
0.00000000e+00 4.37974183e-01
0.00000000e+00 4.38519266e-01
0.00000000e+00 4.39064349e-01
0.00000000e+00 4.39609432e-01
0.00000000e+00 4.40154515e-01
0.00000000e+00 4.40699598e-01
0.00000000e+00 4.41244681e-01
0.00000000e+00 4.41789764e-01
0.00000000e+00 4.42334847e-01
0.00000000e+00 4.42879930e-01
0.00000000e+00 4.43425013e-01
0.00000000e+00 4.43970096e-01
0.00000000e+00 4.44515179e-01
0.00000000e+00 4.45060262e-01
0.00000000e+00 4.45605345e-01
0.00000000e+00 4.46150428e-01
0.00000000e+00 4.46695511e-01
0.00000000e+00 4.47240594e-01
0.00000000e+00 4.47785677e-01
0.00000000e+00 4.48330760e-01
0.00000000e+00 4.48875843e-01
0.00000000e+00 4.49420926e-01
0.00000000e+00 4.49966009e-01
0.00000000e+00 4.50511092e-01
0.00000000e+00 4.51056175e-01
0.00000000e+00 4.51601258e-01
0.00000000e+00 4.52146341e-01
0.00000000e+00 4.52691424e-01
0.00000000e+00 4.53236507e-01
0.00000000e+00 4.53781590e-01
0.00000000e+00 4.54326673e-01
0.00000000e+00 4.54871756e-01
0.00000000e+00 4.55416839e-01
0.00000000e+00 4.55961922e-01
0.00000000e+00 4.56507005e-01
0.00000000e+00 4.57052088e-01
0.00000000e+00 4.57597171e-01
0.00000000e+00 4.58142254e-01
0.00000000e+00 4.58687337e-01
0.00000000e+00 4.59232420e-01
0.00000000e+00 4.59777503e-01
0.00000000e+00 4.60322586e-01
0.00000000e+00 4.60867669e-01
0.00000000e+00 4.61412752e-01
0.00000000e+00 4.61957835e-01
0.00000000e+00 4.62502918e-01
0.00000000e+00 4.63048001e-01
0.00000000e+00 4.63593084e-01
0.00000000e+00 4.64138167e-01
0.00000000e+00 4.64683250e-01
0.00000000e+00 4.65228333e-01
0.00000000e+00 4.65773416e-01
0.00000000e+00 4.66318499e-01
0.00000000e+00 4.66863582e-01
0.00000000e+00 4.67408665e-01
0.00000000e+00 4.67953748e-01
0.00000000e+00 4.68498831e-01
0.00000000e+00 4.69043914e-01
0.00000000e+00 4.69588997e-01
0.00000000e+00 4.70134080e-01
0.00000000e+00 4.70679163e-01
0.00000000e+00 4.71224246e-01
0.00000000e+00 4.71769329e-01
0.00000000e+00 4.72314412e-01
0.00000000e+00 4.72859495e-01
0.00000000e+00 4.73404578e-01
0.00000000e+00 4.73949661e-01
0.00000000e+00 4.74494744e-01
0.00000000e+00 4.75039827e-01
0.00000000e+00 4.75584910e-01
0.00000000e+00 4.76129993e-01
0.00000000e+00 4.76675076e-01
0.00000000e+00 4.77220159e-01
0.00000000e+00 4.77765242e-01
0.00000000e+00 4.78310325e-01
0.00000000e+00 4.78855408e-01
0.00000000e+00 4.79400491e-01
0.00000000e+00 4.79945574e-01
0.00000000e+00 4.80490657e-01
0.00000000e+00 4.81035740e-01
0.00000000e+00 4.81580823e-01
0.00000000e+00 4.82125905e-01
0.00000000e+00 4.82670988e-01
0.00000000e+00 4.83216071e-01
0.00000000e+00 4.83761154e-01
0.00000000e+00 4.84306237e-01
0.00000000e+00 4.84851320e-01
0.00000000e+00 4.85396403e-01
0.00000000e+00 4.85941486e-01
0.00000000e+00 4.86486569e-01
0.00000000e+00 4.87031652e-01
0.00000000e+00 4.87576735e-01
0.00000000e+00 4.88121818e-01
0.00000000e+00 4.88666901e-01
0.00000000e+00 4.89211984e-01
0.00000000e+00 4.89757067e-01
0.00000000e+00 4.90302150e-01
0.00000000e+00 4.90847233e-01
0.00000000e+00 4.91392316e-01
0.00000000e+00 4.91937399e-01
0.00000000e+00 4.92482482e-01
0.00000000e+00 4.93027565e-01
0.00000000e+00 4.93572648e-01
0.00000000e+00 4.94117731e-01
0.00000000e+00 4.94662814e-01
0.00000000e+00 4.95207897e-01
0.00000000e+00 4.95752980e-01
0.00000000e+00 4.96298063e-01
0.00000000e+00 4.96843146e-01
0.00000000e+00 4.97388229e-01
0.00000000e+00 4.97933312e-01
0.00000000e+00 4.98478395e-01
0.00000000e+00 4.99023478e-01
0.00000000e+00 4.99568561e-01
0.00000000e+00 5.00113644e-01
