% L-Bracket Geometry
% N_total=3204, N_horizontal=1602, N_vertical=1602
% Resolution: 100 segments per wavelength
% Format: x(m) y(m)
1.56143565e-04 0.00000000e+00
4.68430695e-04 0.00000000e+00
7.80717826e-04 0.00000000e+00
1.09300496e-03 0.00000000e+00
1.40529209e-03 0.00000000e+00
1.71757922e-03 0.00000000e+00
2.02986635e-03 0.00000000e+00
2.34215348e-03 0.00000000e+00
2.65444061e-03 0.00000000e+00
2.96672774e-03 0.00000000e+00
3.27901487e-03 0.00000000e+00
3.59130200e-03 0.00000000e+00
3.90358913e-03 0.00000000e+00
4.21587626e-03 0.00000000e+00
4.52816339e-03 0.00000000e+00
4.84045052e-03 0.00000000e+00
5.15273765e-03 0.00000000e+00
5.46502478e-03 0.00000000e+00
5.77731191e-03 0.00000000e+00
6.08959904e-03 0.00000000e+00
6.40188617e-03 0.00000000e+00
6.71417330e-03 0.00000000e+00
7.02646043e-03 0.00000000e+00
7.33874756e-03 0.00000000e+00
7.65103469e-03 0.00000000e+00
7.96332182e-03 0.00000000e+00
8.27560895e-03 0.00000000e+00
8.58789608e-03 0.00000000e+00
8.90018321e-03 0.00000000e+00
9.21247034e-03 0.00000000e+00
9.52475747e-03 0.00000000e+00
9.83704460e-03 0.00000000e+00
1.01493317e-02 0.00000000e+00
1.04616189e-02 0.00000000e+00
1.07739060e-02 0.00000000e+00
1.10861931e-02 0.00000000e+00
1.13984803e-02 0.00000000e+00
1.17107674e-02 0.00000000e+00
1.20230545e-02 0.00000000e+00
1.23353416e-02 0.00000000e+00
1.26476288e-02 0.00000000e+00
1.29599159e-02 0.00000000e+00
1.32722030e-02 0.00000000e+00
1.35844902e-02 0.00000000e+00
1.38967773e-02 0.00000000e+00
1.42090644e-02 0.00000000e+00
1.45213516e-02 0.00000000e+00
1.48336387e-02 0.00000000e+00
1.51459258e-02 0.00000000e+00
1.54582129e-02 0.00000000e+00
1.57705001e-02 0.00000000e+00
1.60827872e-02 0.00000000e+00
1.63950743e-02 0.00000000e+00
1.67073615e-02 0.00000000e+00
1.70196486e-02 0.00000000e+00
1.73319357e-02 0.00000000e+00
1.76442229e-02 0.00000000e+00
1.79565100e-02 0.00000000e+00
1.82687971e-02 0.00000000e+00
1.85810842e-02 0.00000000e+00
1.88933714e-02 0.00000000e+00
1.92056585e-02 0.00000000e+00
1.95179456e-02 0.00000000e+00
1.98302328e-02 0.00000000e+00
2.01425199e-02 0.00000000e+00
2.04548070e-02 0.00000000e+00
2.07670942e-02 0.00000000e+00
2.10793813e-02 0.00000000e+00
2.13916684e-02 0.00000000e+00
2.17039556e-02 0.00000000e+00
2.20162427e-02 0.00000000e+00
2.23285298e-02 0.00000000e+00
2.26408169e-02 0.00000000e+00
2.29531041e-02 0.00000000e+00
2.32653912e-02 0.00000000e+00
2.35776783e-02 0.00000000e+00
2.38899655e-02 0.00000000e+00
2.42022526e-02 0.00000000e+00
2.45145397e-02 0.00000000e+00
2.48268269e-02 0.00000000e+00
2.51391140e-02 0.00000000e+00
2.54514011e-02 0.00000000e+00
2.57636882e-02 0.00000000e+00
2.60759754e-02 0.00000000e+00
2.63882625e-02 0.00000000e+00
2.67005496e-02 0.00000000e+00
2.70128368e-02 0.00000000e+00
2.73251239e-02 0.00000000e+00
2.76374110e-02 0.00000000e+00
2.79496982e-02 0.00000000e+00
2.82619853e-02 0.00000000e+00
2.85742724e-02 0.00000000e+00
2.88865595e-02 0.00000000e+00
2.91988467e-02 0.00000000e+00
2.95111338e-02 0.00000000e+00
2.98234209e-02 0.00000000e+00
3.01357081e-02 0.00000000e+00
3.04479952e-02 0.00000000e+00
3.07602823e-02 0.00000000e+00
3.10725695e-02 0.00000000e+00
3.13848566e-02 0.00000000e+00
3.16971437e-02 0.00000000e+00
3.20094308e-02 0.00000000e+00
3.23217180e-02 0.00000000e+00
3.26340051e-02 0.00000000e+00
3.29462922e-02 0.00000000e+00
3.32585794e-02 0.00000000e+00
3.35708665e-02 0.00000000e+00
3.38831536e-02 0.00000000e+00
3.41954408e-02 0.00000000e+00
3.45077279e-02 0.00000000e+00
3.48200150e-02 0.00000000e+00
3.51323022e-02 0.00000000e+00
3.54445893e-02 0.00000000e+00
3.57568764e-02 0.00000000e+00
3.60691635e-02 0.00000000e+00
3.63814507e-02 0.00000000e+00
3.66937378e-02 0.00000000e+00
3.70060249e-02 0.00000000e+00
3.73183121e-02 0.00000000e+00
3.76305992e-02 0.00000000e+00
3.79428863e-02 0.00000000e+00
3.82551735e-02 0.00000000e+00
3.85674606e-02 0.00000000e+00
3.88797477e-02 0.00000000e+00
3.91920348e-02 0.00000000e+00
3.95043220e-02 0.00000000e+00
3.98166091e-02 0.00000000e+00
4.01288962e-02 0.00000000e+00
4.04411834e-02 0.00000000e+00
4.07534705e-02 0.00000000e+00
4.10657576e-02 0.00000000e+00
4.13780448e-02 0.00000000e+00
4.16903319e-02 0.00000000e+00
4.20026190e-02 0.00000000e+00
4.23149061e-02 0.00000000e+00
4.26271933e-02 0.00000000e+00
4.29394804e-02 0.00000000e+00
4.32517675e-02 0.00000000e+00
4.35640547e-02 0.00000000e+00
4.38763418e-02 0.00000000e+00
4.41886289e-02 0.00000000e+00
4.45009161e-02 0.00000000e+00
4.48132032e-02 0.00000000e+00
4.51254903e-02 0.00000000e+00
4.54377774e-02 0.00000000e+00
4.57500646e-02 0.00000000e+00
4.60623517e-02 0.00000000e+00
4.63746388e-02 0.00000000e+00
4.66869260e-02 0.00000000e+00
4.69992131e-02 0.00000000e+00
4.73115002e-02 0.00000000e+00
4.76237874e-02 0.00000000e+00
4.79360745e-02 0.00000000e+00
4.82483616e-02 0.00000000e+00
4.85606488e-02 0.00000000e+00
4.88729359e-02 0.00000000e+00
4.91852230e-02 0.00000000e+00
4.94975101e-02 0.00000000e+00
4.98097973e-02 0.00000000e+00
5.01220844e-02 0.00000000e+00
5.04343715e-02 0.00000000e+00
5.07466587e-02 0.00000000e+00
5.10589458e-02 0.00000000e+00
5.13712329e-02 0.00000000e+00
5.16835201e-02 0.00000000e+00
5.19958072e-02 0.00000000e+00
5.23080943e-02 0.00000000e+00
5.26203814e-02 0.00000000e+00
5.29326686e-02 0.00000000e+00
5.32449557e-02 0.00000000e+00
5.35572428e-02 0.00000000e+00
5.38695300e-02 0.00000000e+00
5.41818171e-02 0.00000000e+00
5.44941042e-02 0.00000000e+00
5.48063914e-02 0.00000000e+00
5.51186785e-02 0.00000000e+00
5.54309656e-02 0.00000000e+00
5.57432527e-02 0.00000000e+00
5.60555399e-02 0.00000000e+00
5.63678270e-02 0.00000000e+00
5.66801141e-02 0.00000000e+00
5.69924013e-02 0.00000000e+00
5.73046884e-02 0.00000000e+00
5.76169755e-02 0.00000000e+00
5.79292627e-02 0.00000000e+00
5.82415498e-02 0.00000000e+00
5.85538369e-02 0.00000000e+00
5.88661240e-02 0.00000000e+00
5.91784112e-02 0.00000000e+00
5.94906983e-02 0.00000000e+00
5.98029854e-02 0.00000000e+00
6.01152726e-02 0.00000000e+00
6.04275597e-02 0.00000000e+00
6.07398468e-02 0.00000000e+00
6.10521340e-02 0.00000000e+00
6.13644211e-02 0.00000000e+00
6.16767082e-02 0.00000000e+00
6.19889954e-02 0.00000000e+00
6.23012825e-02 0.00000000e+00
6.26135696e-02 0.00000000e+00
6.29258567e-02 0.00000000e+00
6.32381439e-02 0.00000000e+00
6.35504310e-02 0.00000000e+00
6.38627181e-02 0.00000000e+00
6.41750053e-02 0.00000000e+00
6.44872924e-02 0.00000000e+00
6.47995795e-02 0.00000000e+00
6.51118667e-02 0.00000000e+00
6.54241538e-02 0.00000000e+00
6.57364409e-02 0.00000000e+00
6.60487280e-02 0.00000000e+00
6.63610152e-02 0.00000000e+00
6.66733023e-02 0.00000000e+00
6.69855894e-02 0.00000000e+00
6.72978766e-02 0.00000000e+00
6.76101637e-02 0.00000000e+00
6.79224508e-02 0.00000000e+00
6.82347380e-02 0.00000000e+00
6.85470251e-02 0.00000000e+00
6.88593122e-02 0.00000000e+00
6.91715993e-02 0.00000000e+00
6.94838865e-02 0.00000000e+00
6.97961736e-02 0.00000000e+00
7.01084607e-02 0.00000000e+00
7.04207479e-02 0.00000000e+00
7.07330350e-02 0.00000000e+00
7.10453221e-02 0.00000000e+00
7.13576093e-02 0.00000000e+00
7.16698964e-02 0.00000000e+00
7.19821835e-02 0.00000000e+00
7.22944706e-02 0.00000000e+00
7.26067578e-02 0.00000000e+00
7.29190449e-02 0.00000000e+00
7.32313320e-02 0.00000000e+00
7.35436192e-02 0.00000000e+00
7.38559063e-02 0.00000000e+00
7.41681934e-02 0.00000000e+00
7.44804806e-02 0.00000000e+00
7.47927677e-02 0.00000000e+00
7.51050548e-02 0.00000000e+00
7.54173420e-02 0.00000000e+00
7.57296291e-02 0.00000000e+00
7.60419162e-02 0.00000000e+00
7.63542033e-02 0.00000000e+00
7.66664905e-02 0.00000000e+00
7.69787776e-02 0.00000000e+00
7.72910647e-02 0.00000000e+00
7.76033519e-02 0.00000000e+00
7.79156390e-02 0.00000000e+00
7.82279261e-02 0.00000000e+00
7.85402133e-02 0.00000000e+00
7.88525004e-02 0.00000000e+00
7.91647875e-02 0.00000000e+00
7.94770746e-02 0.00000000e+00
7.97893618e-02 0.00000000e+00
8.01016489e-02 0.00000000e+00
8.04139360e-02 0.00000000e+00
8.07262232e-02 0.00000000e+00
8.10385103e-02 0.00000000e+00
8.13507974e-02 0.00000000e+00
8.16630846e-02 0.00000000e+00
8.19753717e-02 0.00000000e+00
8.22876588e-02 0.00000000e+00
8.25999459e-02 0.00000000e+00
8.29122331e-02 0.00000000e+00
8.32245202e-02 0.00000000e+00
8.35368073e-02 0.00000000e+00
8.38490945e-02 0.00000000e+00
8.41613816e-02 0.00000000e+00
8.44736687e-02 0.00000000e+00
8.47859559e-02 0.00000000e+00
8.50982430e-02 0.00000000e+00
8.54105301e-02 0.00000000e+00
8.57228172e-02 0.00000000e+00
8.60351044e-02 0.00000000e+00
8.63473915e-02 0.00000000e+00
8.66596786e-02 0.00000000e+00
8.69719658e-02 0.00000000e+00
8.72842529e-02 0.00000000e+00
8.75965400e-02 0.00000000e+00
8.79088272e-02 0.00000000e+00
8.82211143e-02 0.00000000e+00
8.85334014e-02 0.00000000e+00
8.88456886e-02 0.00000000e+00
8.91579757e-02 0.00000000e+00
8.94702628e-02 0.00000000e+00
8.97825499e-02 0.00000000e+00
9.00948371e-02 0.00000000e+00
9.04071242e-02 0.00000000e+00
9.07194113e-02 0.00000000e+00
9.10316985e-02 0.00000000e+00
9.13439856e-02 0.00000000e+00
9.16562727e-02 0.00000000e+00
9.19685599e-02 0.00000000e+00
9.22808470e-02 0.00000000e+00
9.25931341e-02 0.00000000e+00
9.29054212e-02 0.00000000e+00
9.32177084e-02 0.00000000e+00
9.35299955e-02 0.00000000e+00
9.38422826e-02 0.00000000e+00
9.41545698e-02 0.00000000e+00
9.44668569e-02 0.00000000e+00
9.47791440e-02 0.00000000e+00
9.50914312e-02 0.00000000e+00
9.54037183e-02 0.00000000e+00
9.57160054e-02 0.00000000e+00
9.60282925e-02 0.00000000e+00
9.63405797e-02 0.00000000e+00
9.66528668e-02 0.00000000e+00
9.69651539e-02 0.00000000e+00
9.72774411e-02 0.00000000e+00
9.75897282e-02 0.00000000e+00
9.79020153e-02 0.00000000e+00
9.82143025e-02 0.00000000e+00
9.85265896e-02 0.00000000e+00
9.88388767e-02 0.00000000e+00
9.91511638e-02 0.00000000e+00
9.94634510e-02 0.00000000e+00
9.97757381e-02 0.00000000e+00
1.00088025e-01 0.00000000e+00
1.00400312e-01 0.00000000e+00
1.00712599e-01 0.00000000e+00
1.01024887e-01 0.00000000e+00
1.01337174e-01 0.00000000e+00
1.01649461e-01 0.00000000e+00
1.01961748e-01 0.00000000e+00
1.02274035e-01 0.00000000e+00
1.02586322e-01 0.00000000e+00
1.02898609e-01 0.00000000e+00
1.03210897e-01 0.00000000e+00
1.03523184e-01 0.00000000e+00
1.03835471e-01 0.00000000e+00
1.04147758e-01 0.00000000e+00
1.04460045e-01 0.00000000e+00
1.04772332e-01 0.00000000e+00
1.05084619e-01 0.00000000e+00
1.05396906e-01 0.00000000e+00
1.05709194e-01 0.00000000e+00
1.06021481e-01 0.00000000e+00
1.06333768e-01 0.00000000e+00
1.06646055e-01 0.00000000e+00
1.06958342e-01 0.00000000e+00
1.07270629e-01 0.00000000e+00
1.07582916e-01 0.00000000e+00
1.07895203e-01 0.00000000e+00
1.08207491e-01 0.00000000e+00
1.08519778e-01 0.00000000e+00
1.08832065e-01 0.00000000e+00
1.09144352e-01 0.00000000e+00
1.09456639e-01 0.00000000e+00
1.09768926e-01 0.00000000e+00
1.10081213e-01 0.00000000e+00
1.10393501e-01 0.00000000e+00
1.10705788e-01 0.00000000e+00
1.11018075e-01 0.00000000e+00
1.11330362e-01 0.00000000e+00
1.11642649e-01 0.00000000e+00
1.11954936e-01 0.00000000e+00
1.12267223e-01 0.00000000e+00
1.12579510e-01 0.00000000e+00
1.12891798e-01 0.00000000e+00
1.13204085e-01 0.00000000e+00
1.13516372e-01 0.00000000e+00
1.13828659e-01 0.00000000e+00
1.14140946e-01 0.00000000e+00
1.14453233e-01 0.00000000e+00
1.14765520e-01 0.00000000e+00
1.15077807e-01 0.00000000e+00
1.15390095e-01 0.00000000e+00
1.15702382e-01 0.00000000e+00
1.16014669e-01 0.00000000e+00
1.16326956e-01 0.00000000e+00
1.16639243e-01 0.00000000e+00
1.16951530e-01 0.00000000e+00
1.17263817e-01 0.00000000e+00
1.17576105e-01 0.00000000e+00
1.17888392e-01 0.00000000e+00
1.18200679e-01 0.00000000e+00
1.18512966e-01 0.00000000e+00
1.18825253e-01 0.00000000e+00
1.19137540e-01 0.00000000e+00
1.19449827e-01 0.00000000e+00
1.19762114e-01 0.00000000e+00
1.20074402e-01 0.00000000e+00
1.20386689e-01 0.00000000e+00
1.20698976e-01 0.00000000e+00
1.21011263e-01 0.00000000e+00
1.21323550e-01 0.00000000e+00
1.21635837e-01 0.00000000e+00
1.21948124e-01 0.00000000e+00
1.22260411e-01 0.00000000e+00
1.22572699e-01 0.00000000e+00
1.22884986e-01 0.00000000e+00
1.23197273e-01 0.00000000e+00
1.23509560e-01 0.00000000e+00
1.23821847e-01 0.00000000e+00
1.24134134e-01 0.00000000e+00
1.24446421e-01 0.00000000e+00
1.24758709e-01 0.00000000e+00
1.25070996e-01 0.00000000e+00
1.25383283e-01 0.00000000e+00
1.25695570e-01 0.00000000e+00
1.26007857e-01 0.00000000e+00
1.26320144e-01 0.00000000e+00
1.26632431e-01 0.00000000e+00
1.26944718e-01 0.00000000e+00
1.27257006e-01 0.00000000e+00
1.27569293e-01 0.00000000e+00
1.27881580e-01 0.00000000e+00
1.28193867e-01 0.00000000e+00
1.28506154e-01 0.00000000e+00
1.28818441e-01 0.00000000e+00
1.29130728e-01 0.00000000e+00
1.29443015e-01 0.00000000e+00
1.29755303e-01 0.00000000e+00
1.30067590e-01 0.00000000e+00
1.30379877e-01 0.00000000e+00
1.30692164e-01 0.00000000e+00
1.31004451e-01 0.00000000e+00
1.31316738e-01 0.00000000e+00
1.31629025e-01 0.00000000e+00
1.31941313e-01 0.00000000e+00
1.32253600e-01 0.00000000e+00
1.32565887e-01 0.00000000e+00
1.32878174e-01 0.00000000e+00
1.33190461e-01 0.00000000e+00
1.33502748e-01 0.00000000e+00
1.33815035e-01 0.00000000e+00
1.34127322e-01 0.00000000e+00
1.34439610e-01 0.00000000e+00
1.34751897e-01 0.00000000e+00
1.35064184e-01 0.00000000e+00
1.35376471e-01 0.00000000e+00
1.35688758e-01 0.00000000e+00
1.36001045e-01 0.00000000e+00
1.36313332e-01 0.00000000e+00
1.36625619e-01 0.00000000e+00
1.36937907e-01 0.00000000e+00
1.37250194e-01 0.00000000e+00
1.37562481e-01 0.00000000e+00
1.37874768e-01 0.00000000e+00
1.38187055e-01 0.00000000e+00
1.38499342e-01 0.00000000e+00
1.38811629e-01 0.00000000e+00
1.39123917e-01 0.00000000e+00
1.39436204e-01 0.00000000e+00
1.39748491e-01 0.00000000e+00
1.40060778e-01 0.00000000e+00
1.40373065e-01 0.00000000e+00
1.40685352e-01 0.00000000e+00
1.40997639e-01 0.00000000e+00
1.41309926e-01 0.00000000e+00
1.41622214e-01 0.00000000e+00
1.41934501e-01 0.00000000e+00
1.42246788e-01 0.00000000e+00
1.42559075e-01 0.00000000e+00
1.42871362e-01 0.00000000e+00
1.43183649e-01 0.00000000e+00
1.43495936e-01 0.00000000e+00
1.43808223e-01 0.00000000e+00
1.44120511e-01 0.00000000e+00
1.44432798e-01 0.00000000e+00
1.44745085e-01 0.00000000e+00
1.45057372e-01 0.00000000e+00
1.45369659e-01 0.00000000e+00
1.45681946e-01 0.00000000e+00
1.45994233e-01 0.00000000e+00
1.46306521e-01 0.00000000e+00
1.46618808e-01 0.00000000e+00
1.46931095e-01 0.00000000e+00
1.47243382e-01 0.00000000e+00
1.47555669e-01 0.00000000e+00
1.47867956e-01 0.00000000e+00
1.48180243e-01 0.00000000e+00
1.48492530e-01 0.00000000e+00
1.48804818e-01 0.00000000e+00
1.49117105e-01 0.00000000e+00
1.49429392e-01 0.00000000e+00
1.49741679e-01 0.00000000e+00
1.50053966e-01 0.00000000e+00
1.50366253e-01 0.00000000e+00
1.50678540e-01 0.00000000e+00
1.50990827e-01 0.00000000e+00
1.51303115e-01 0.00000000e+00
1.51615402e-01 0.00000000e+00
1.51927689e-01 0.00000000e+00
1.52239976e-01 0.00000000e+00
1.52552263e-01 0.00000000e+00
1.52864550e-01 0.00000000e+00
1.53176837e-01 0.00000000e+00
1.53489125e-01 0.00000000e+00
1.53801412e-01 0.00000000e+00
1.54113699e-01 0.00000000e+00
1.54425986e-01 0.00000000e+00
1.54738273e-01 0.00000000e+00
1.55050560e-01 0.00000000e+00
1.55362847e-01 0.00000000e+00
1.55675134e-01 0.00000000e+00
1.55987422e-01 0.00000000e+00
1.56299709e-01 0.00000000e+00
1.56611996e-01 0.00000000e+00
1.56924283e-01 0.00000000e+00
1.57236570e-01 0.00000000e+00
1.57548857e-01 0.00000000e+00
1.57861144e-01 0.00000000e+00
1.58173431e-01 0.00000000e+00
1.58485719e-01 0.00000000e+00
1.58798006e-01 0.00000000e+00
1.59110293e-01 0.00000000e+00
1.59422580e-01 0.00000000e+00
1.59734867e-01 0.00000000e+00
1.60047154e-01 0.00000000e+00
1.60359441e-01 0.00000000e+00
1.60671729e-01 0.00000000e+00
1.60984016e-01 0.00000000e+00
1.61296303e-01 0.00000000e+00
1.61608590e-01 0.00000000e+00
1.61920877e-01 0.00000000e+00
1.62233164e-01 0.00000000e+00
1.62545451e-01 0.00000000e+00
1.62857738e-01 0.00000000e+00
1.63170026e-01 0.00000000e+00
1.63482313e-01 0.00000000e+00
1.63794600e-01 0.00000000e+00
1.64106887e-01 0.00000000e+00
1.64419174e-01 0.00000000e+00
1.64731461e-01 0.00000000e+00
1.65043748e-01 0.00000000e+00
1.65356035e-01 0.00000000e+00
1.65668323e-01 0.00000000e+00
1.65980610e-01 0.00000000e+00
1.66292897e-01 0.00000000e+00
1.66605184e-01 0.00000000e+00
1.66917471e-01 0.00000000e+00
1.67229758e-01 0.00000000e+00
1.67542045e-01 0.00000000e+00
1.67854332e-01 0.00000000e+00
1.68166620e-01 0.00000000e+00
1.68478907e-01 0.00000000e+00
1.68791194e-01 0.00000000e+00
1.69103481e-01 0.00000000e+00
1.69415768e-01 0.00000000e+00
1.69728055e-01 0.00000000e+00
1.70040342e-01 0.00000000e+00
1.70352630e-01 0.00000000e+00
1.70664917e-01 0.00000000e+00
1.70977204e-01 0.00000000e+00
1.71289491e-01 0.00000000e+00
1.71601778e-01 0.00000000e+00
1.71914065e-01 0.00000000e+00
1.72226352e-01 0.00000000e+00
1.72538639e-01 0.00000000e+00
1.72850927e-01 0.00000000e+00
1.73163214e-01 0.00000000e+00
1.73475501e-01 0.00000000e+00
1.73787788e-01 0.00000000e+00
1.74100075e-01 0.00000000e+00
1.74412362e-01 0.00000000e+00
1.74724649e-01 0.00000000e+00
1.75036936e-01 0.00000000e+00
1.75349224e-01 0.00000000e+00
1.75661511e-01 0.00000000e+00
1.75973798e-01 0.00000000e+00
1.76286085e-01 0.00000000e+00
1.76598372e-01 0.00000000e+00
1.76910659e-01 0.00000000e+00
1.77222946e-01 0.00000000e+00
1.77535234e-01 0.00000000e+00
1.77847521e-01 0.00000000e+00
1.78159808e-01 0.00000000e+00
1.78472095e-01 0.00000000e+00
1.78784382e-01 0.00000000e+00
1.79096669e-01 0.00000000e+00
1.79408956e-01 0.00000000e+00
1.79721243e-01 0.00000000e+00
1.80033531e-01 0.00000000e+00
1.80345818e-01 0.00000000e+00
1.80658105e-01 0.00000000e+00
1.80970392e-01 0.00000000e+00
1.81282679e-01 0.00000000e+00
1.81594966e-01 0.00000000e+00
1.81907253e-01 0.00000000e+00
1.82219540e-01 0.00000000e+00
1.82531828e-01 0.00000000e+00
1.82844115e-01 0.00000000e+00
1.83156402e-01 0.00000000e+00
1.83468689e-01 0.00000000e+00
1.83780976e-01 0.00000000e+00
1.84093263e-01 0.00000000e+00
1.84405550e-01 0.00000000e+00
1.84717838e-01 0.00000000e+00
1.85030125e-01 0.00000000e+00
1.85342412e-01 0.00000000e+00
1.85654699e-01 0.00000000e+00
1.85966986e-01 0.00000000e+00
1.86279273e-01 0.00000000e+00
1.86591560e-01 0.00000000e+00
1.86903847e-01 0.00000000e+00
1.87216135e-01 0.00000000e+00
1.87528422e-01 0.00000000e+00
1.87840709e-01 0.00000000e+00
1.88152996e-01 0.00000000e+00
1.88465283e-01 0.00000000e+00
1.88777570e-01 0.00000000e+00
1.89089857e-01 0.00000000e+00
1.89402144e-01 0.00000000e+00
1.89714432e-01 0.00000000e+00
1.90026719e-01 0.00000000e+00
1.90339006e-01 0.00000000e+00
1.90651293e-01 0.00000000e+00
1.90963580e-01 0.00000000e+00
1.91275867e-01 0.00000000e+00
1.91588154e-01 0.00000000e+00
1.91900442e-01 0.00000000e+00
1.92212729e-01 0.00000000e+00
1.92525016e-01 0.00000000e+00
1.92837303e-01 0.00000000e+00
1.93149590e-01 0.00000000e+00
1.93461877e-01 0.00000000e+00
1.93774164e-01 0.00000000e+00
1.94086451e-01 0.00000000e+00
1.94398739e-01 0.00000000e+00
1.94711026e-01 0.00000000e+00
1.95023313e-01 0.00000000e+00
1.95335600e-01 0.00000000e+00
1.95647887e-01 0.00000000e+00
1.95960174e-01 0.00000000e+00
1.96272461e-01 0.00000000e+00
1.96584748e-01 0.00000000e+00
1.96897036e-01 0.00000000e+00
1.97209323e-01 0.00000000e+00
1.97521610e-01 0.00000000e+00
1.97833897e-01 0.00000000e+00
1.98146184e-01 0.00000000e+00
1.98458471e-01 0.00000000e+00
1.98770758e-01 0.00000000e+00
1.99083046e-01 0.00000000e+00
1.99395333e-01 0.00000000e+00
1.99707620e-01 0.00000000e+00
2.00019907e-01 0.00000000e+00
2.00332194e-01 0.00000000e+00
2.00644481e-01 0.00000000e+00
2.00956768e-01 0.00000000e+00
2.01269055e-01 0.00000000e+00
2.01581343e-01 0.00000000e+00
2.01893630e-01 0.00000000e+00
2.02205917e-01 0.00000000e+00
2.02518204e-01 0.00000000e+00
2.02830491e-01 0.00000000e+00
2.03142778e-01 0.00000000e+00
2.03455065e-01 0.00000000e+00
2.03767352e-01 0.00000000e+00
2.04079640e-01 0.00000000e+00
2.04391927e-01 0.00000000e+00
2.04704214e-01 0.00000000e+00
2.05016501e-01 0.00000000e+00
2.05328788e-01 0.00000000e+00
2.05641075e-01 0.00000000e+00
2.05953362e-01 0.00000000e+00
2.06265650e-01 0.00000000e+00
2.06577937e-01 0.00000000e+00
2.06890224e-01 0.00000000e+00
2.07202511e-01 0.00000000e+00
2.07514798e-01 0.00000000e+00
2.07827085e-01 0.00000000e+00
2.08139372e-01 0.00000000e+00
2.08451659e-01 0.00000000e+00
2.08763947e-01 0.00000000e+00
2.09076234e-01 0.00000000e+00
2.09388521e-01 0.00000000e+00
2.09700808e-01 0.00000000e+00
2.10013095e-01 0.00000000e+00
2.10325382e-01 0.00000000e+00
2.10637669e-01 0.00000000e+00
2.10949956e-01 0.00000000e+00
2.11262244e-01 0.00000000e+00
2.11574531e-01 0.00000000e+00
2.11886818e-01 0.00000000e+00
2.12199105e-01 0.00000000e+00
2.12511392e-01 0.00000000e+00
2.12823679e-01 0.00000000e+00
2.13135966e-01 0.00000000e+00
2.13448254e-01 0.00000000e+00
2.13760541e-01 0.00000000e+00
2.14072828e-01 0.00000000e+00
2.14385115e-01 0.00000000e+00
2.14697402e-01 0.00000000e+00
2.15009689e-01 0.00000000e+00
2.15321976e-01 0.00000000e+00
2.15634263e-01 0.00000000e+00
2.15946551e-01 0.00000000e+00
2.16258838e-01 0.00000000e+00
2.16571125e-01 0.00000000e+00
2.16883412e-01 0.00000000e+00
2.17195699e-01 0.00000000e+00
2.17507986e-01 0.00000000e+00
2.17820273e-01 0.00000000e+00
2.18132560e-01 0.00000000e+00
2.18444848e-01 0.00000000e+00
2.18757135e-01 0.00000000e+00
2.19069422e-01 0.00000000e+00
2.19381709e-01 0.00000000e+00
2.19693996e-01 0.00000000e+00
2.20006283e-01 0.00000000e+00
2.20318570e-01 0.00000000e+00
2.20630858e-01 0.00000000e+00
2.20943145e-01 0.00000000e+00
2.21255432e-01 0.00000000e+00
2.21567719e-01 0.00000000e+00
2.21880006e-01 0.00000000e+00
2.22192293e-01 0.00000000e+00
2.22504580e-01 0.00000000e+00
2.22816867e-01 0.00000000e+00
2.23129155e-01 0.00000000e+00
2.23441442e-01 0.00000000e+00
2.23753729e-01 0.00000000e+00
2.24066016e-01 0.00000000e+00
2.24378303e-01 0.00000000e+00
2.24690590e-01 0.00000000e+00
2.25002877e-01 0.00000000e+00
2.25315164e-01 0.00000000e+00
2.25627452e-01 0.00000000e+00
2.25939739e-01 0.00000000e+00
2.26252026e-01 0.00000000e+00
2.26564313e-01 0.00000000e+00
2.26876600e-01 0.00000000e+00
2.27188887e-01 0.00000000e+00
2.27501174e-01 0.00000000e+00
2.27813462e-01 0.00000000e+00
2.28125749e-01 0.00000000e+00
2.28438036e-01 0.00000000e+00
2.28750323e-01 0.00000000e+00
2.29062610e-01 0.00000000e+00
2.29374897e-01 0.00000000e+00
2.29687184e-01 0.00000000e+00
2.29999471e-01 0.00000000e+00
2.30311759e-01 0.00000000e+00
2.30624046e-01 0.00000000e+00
2.30936333e-01 0.00000000e+00
2.31248620e-01 0.00000000e+00
2.31560907e-01 0.00000000e+00
2.31873194e-01 0.00000000e+00
2.32185481e-01 0.00000000e+00
2.32497768e-01 0.00000000e+00
2.32810056e-01 0.00000000e+00
2.33122343e-01 0.00000000e+00
2.33434630e-01 0.00000000e+00
2.33746917e-01 0.00000000e+00
2.34059204e-01 0.00000000e+00
2.34371491e-01 0.00000000e+00
2.34683778e-01 0.00000000e+00
2.34996065e-01 0.00000000e+00
2.35308353e-01 0.00000000e+00
2.35620640e-01 0.00000000e+00
2.35932927e-01 0.00000000e+00
2.36245214e-01 0.00000000e+00
2.36557501e-01 0.00000000e+00
2.36869788e-01 0.00000000e+00
2.37182075e-01 0.00000000e+00
2.37494363e-01 0.00000000e+00
2.37806650e-01 0.00000000e+00
2.38118937e-01 0.00000000e+00
2.38431224e-01 0.00000000e+00
2.38743511e-01 0.00000000e+00
2.39055798e-01 0.00000000e+00
2.39368085e-01 0.00000000e+00
2.39680372e-01 0.00000000e+00
2.39992660e-01 0.00000000e+00
2.40304947e-01 0.00000000e+00
2.40617234e-01 0.00000000e+00
2.40929521e-01 0.00000000e+00
2.41241808e-01 0.00000000e+00
2.41554095e-01 0.00000000e+00
2.41866382e-01 0.00000000e+00
2.42178669e-01 0.00000000e+00
2.42490957e-01 0.00000000e+00
2.42803244e-01 0.00000000e+00
2.43115531e-01 0.00000000e+00
2.43427818e-01 0.00000000e+00
2.43740105e-01 0.00000000e+00
2.44052392e-01 0.00000000e+00
2.44364679e-01 0.00000000e+00
2.44676967e-01 0.00000000e+00
2.44989254e-01 0.00000000e+00
2.45301541e-01 0.00000000e+00
2.45613828e-01 0.00000000e+00
2.45926115e-01 0.00000000e+00
2.46238402e-01 0.00000000e+00
2.46550689e-01 0.00000000e+00
2.46862976e-01 0.00000000e+00
2.47175264e-01 0.00000000e+00
2.47487551e-01 0.00000000e+00
2.47799838e-01 0.00000000e+00
2.48112125e-01 0.00000000e+00
2.48424412e-01 0.00000000e+00
2.48736699e-01 0.00000000e+00
2.49048986e-01 0.00000000e+00
2.49361273e-01 0.00000000e+00
2.49673561e-01 0.00000000e+00
2.49985848e-01 0.00000000e+00
2.50298135e-01 0.00000000e+00
2.50610422e-01 0.00000000e+00
2.50922709e-01 0.00000000e+00
2.51234996e-01 0.00000000e+00
2.51547283e-01 0.00000000e+00
2.51859571e-01 0.00000000e+00
2.52171858e-01 0.00000000e+00
2.52484145e-01 0.00000000e+00
2.52796432e-01 0.00000000e+00
2.53108719e-01 0.00000000e+00
2.53421006e-01 0.00000000e+00
2.53733293e-01 0.00000000e+00
2.54045580e-01 0.00000000e+00
2.54357868e-01 0.00000000e+00
2.54670155e-01 0.00000000e+00
2.54982442e-01 0.00000000e+00
2.55294729e-01 0.00000000e+00
2.55607016e-01 0.00000000e+00
2.55919303e-01 0.00000000e+00
2.56231590e-01 0.00000000e+00
2.56543877e-01 0.00000000e+00
2.56856165e-01 0.00000000e+00
2.57168452e-01 0.00000000e+00
2.57480739e-01 0.00000000e+00
2.57793026e-01 0.00000000e+00
2.58105313e-01 0.00000000e+00
2.58417600e-01 0.00000000e+00
2.58729887e-01 0.00000000e+00
2.59042175e-01 0.00000000e+00
2.59354462e-01 0.00000000e+00
2.59666749e-01 0.00000000e+00
2.59979036e-01 0.00000000e+00
2.60291323e-01 0.00000000e+00
2.60603610e-01 0.00000000e+00
2.60915897e-01 0.00000000e+00
2.61228184e-01 0.00000000e+00
2.61540472e-01 0.00000000e+00
2.61852759e-01 0.00000000e+00
2.62165046e-01 0.00000000e+00
2.62477333e-01 0.00000000e+00
2.62789620e-01 0.00000000e+00
2.63101907e-01 0.00000000e+00
2.63414194e-01 0.00000000e+00
2.63726481e-01 0.00000000e+00
2.64038769e-01 0.00000000e+00
2.64351056e-01 0.00000000e+00
2.64663343e-01 0.00000000e+00
2.64975630e-01 0.00000000e+00
2.65287917e-01 0.00000000e+00
2.65600204e-01 0.00000000e+00
2.65912491e-01 0.00000000e+00
2.66224779e-01 0.00000000e+00
2.66537066e-01 0.00000000e+00
2.66849353e-01 0.00000000e+00
2.67161640e-01 0.00000000e+00
2.67473927e-01 0.00000000e+00
2.67786214e-01 0.00000000e+00
2.68098501e-01 0.00000000e+00
2.68410788e-01 0.00000000e+00
2.68723076e-01 0.00000000e+00
2.69035363e-01 0.00000000e+00
2.69347650e-01 0.00000000e+00
2.69659937e-01 0.00000000e+00
2.69972224e-01 0.00000000e+00
2.70284511e-01 0.00000000e+00
2.70596798e-01 0.00000000e+00
2.70909085e-01 0.00000000e+00
2.71221373e-01 0.00000000e+00
2.71533660e-01 0.00000000e+00
2.71845947e-01 0.00000000e+00
2.72158234e-01 0.00000000e+00
2.72470521e-01 0.00000000e+00
2.72782808e-01 0.00000000e+00
2.73095095e-01 0.00000000e+00
2.73407383e-01 0.00000000e+00
2.73719670e-01 0.00000000e+00
2.74031957e-01 0.00000000e+00
2.74344244e-01 0.00000000e+00
2.74656531e-01 0.00000000e+00
2.74968818e-01 0.00000000e+00
2.75281105e-01 0.00000000e+00
2.75593392e-01 0.00000000e+00
2.75905680e-01 0.00000000e+00
2.76217967e-01 0.00000000e+00
2.76530254e-01 0.00000000e+00
2.76842541e-01 0.00000000e+00
2.77154828e-01 0.00000000e+00
2.77467115e-01 0.00000000e+00
2.77779402e-01 0.00000000e+00
2.78091689e-01 0.00000000e+00
2.78403977e-01 0.00000000e+00
2.78716264e-01 0.00000000e+00
2.79028551e-01 0.00000000e+00
2.79340838e-01 0.00000000e+00
2.79653125e-01 0.00000000e+00
2.79965412e-01 0.00000000e+00
2.80277699e-01 0.00000000e+00
2.80589987e-01 0.00000000e+00
2.80902274e-01 0.00000000e+00
2.81214561e-01 0.00000000e+00
2.81526848e-01 0.00000000e+00
2.81839135e-01 0.00000000e+00
2.82151422e-01 0.00000000e+00
2.82463709e-01 0.00000000e+00
2.82775996e-01 0.00000000e+00
2.83088284e-01 0.00000000e+00
2.83400571e-01 0.00000000e+00
2.83712858e-01 0.00000000e+00
2.84025145e-01 0.00000000e+00
2.84337432e-01 0.00000000e+00
2.84649719e-01 0.00000000e+00
2.84962006e-01 0.00000000e+00
2.85274293e-01 0.00000000e+00
2.85586581e-01 0.00000000e+00
2.85898868e-01 0.00000000e+00
2.86211155e-01 0.00000000e+00
2.86523442e-01 0.00000000e+00
2.86835729e-01 0.00000000e+00
2.87148016e-01 0.00000000e+00
2.87460303e-01 0.00000000e+00
2.87772591e-01 0.00000000e+00
2.88084878e-01 0.00000000e+00
2.88397165e-01 0.00000000e+00
2.88709452e-01 0.00000000e+00
2.89021739e-01 0.00000000e+00
2.89334026e-01 0.00000000e+00
2.89646313e-01 0.00000000e+00
2.89958600e-01 0.00000000e+00
2.90270888e-01 0.00000000e+00
2.90583175e-01 0.00000000e+00
2.90895462e-01 0.00000000e+00
2.91207749e-01 0.00000000e+00
2.91520036e-01 0.00000000e+00
2.91832323e-01 0.00000000e+00
2.92144610e-01 0.00000000e+00
2.92456897e-01 0.00000000e+00
2.92769185e-01 0.00000000e+00
2.93081472e-01 0.00000000e+00
2.93393759e-01 0.00000000e+00
2.93706046e-01 0.00000000e+00
2.94018333e-01 0.00000000e+00
2.94330620e-01 0.00000000e+00
2.94642907e-01 0.00000000e+00
2.94955195e-01 0.00000000e+00
2.95267482e-01 0.00000000e+00
2.95579769e-01 0.00000000e+00
2.95892056e-01 0.00000000e+00
2.96204343e-01 0.00000000e+00
2.96516630e-01 0.00000000e+00
2.96828917e-01 0.00000000e+00
2.97141204e-01 0.00000000e+00
2.97453492e-01 0.00000000e+00
2.97765779e-01 0.00000000e+00
2.98078066e-01 0.00000000e+00
2.98390353e-01 0.00000000e+00
2.98702640e-01 0.00000000e+00
2.99014927e-01 0.00000000e+00
2.99327214e-01 0.00000000e+00
2.99639501e-01 0.00000000e+00
2.99951789e-01 0.00000000e+00
3.00264076e-01 0.00000000e+00
3.00576363e-01 0.00000000e+00
3.00888650e-01 0.00000000e+00
3.01200937e-01 0.00000000e+00
3.01513224e-01 0.00000000e+00
3.01825511e-01 0.00000000e+00
3.02137798e-01 0.00000000e+00
3.02450086e-01 0.00000000e+00
3.02762373e-01 0.00000000e+00
3.03074660e-01 0.00000000e+00
3.03386947e-01 0.00000000e+00
3.03699234e-01 0.00000000e+00
3.04011521e-01 0.00000000e+00
3.04323808e-01 0.00000000e+00
3.04636096e-01 0.00000000e+00
3.04948383e-01 0.00000000e+00
3.05260670e-01 0.00000000e+00
3.05572957e-01 0.00000000e+00
3.05885244e-01 0.00000000e+00
3.06197531e-01 0.00000000e+00
3.06509818e-01 0.00000000e+00
3.06822105e-01 0.00000000e+00
3.07134393e-01 0.00000000e+00
3.07446680e-01 0.00000000e+00
3.07758967e-01 0.00000000e+00
3.08071254e-01 0.00000000e+00
3.08383541e-01 0.00000000e+00
3.08695828e-01 0.00000000e+00
3.09008115e-01 0.00000000e+00
3.09320402e-01 0.00000000e+00
3.09632690e-01 0.00000000e+00
3.09944977e-01 0.00000000e+00
3.10257264e-01 0.00000000e+00
3.10569551e-01 0.00000000e+00
3.10881838e-01 0.00000000e+00
3.11194125e-01 0.00000000e+00
3.11506412e-01 0.00000000e+00
3.11818700e-01 0.00000000e+00
3.12130987e-01 0.00000000e+00
3.12443274e-01 0.00000000e+00
3.12755561e-01 0.00000000e+00
3.13067848e-01 0.00000000e+00
3.13380135e-01 0.00000000e+00
3.13692422e-01 0.00000000e+00
3.14004709e-01 0.00000000e+00
3.14316997e-01 0.00000000e+00
3.14629284e-01 0.00000000e+00
3.14941571e-01 0.00000000e+00
3.15253858e-01 0.00000000e+00
3.15566145e-01 0.00000000e+00
3.15878432e-01 0.00000000e+00
3.16190719e-01 0.00000000e+00
3.16503006e-01 0.00000000e+00
3.16815294e-01 0.00000000e+00
3.17127581e-01 0.00000000e+00
3.17439868e-01 0.00000000e+00
3.17752155e-01 0.00000000e+00
3.18064442e-01 0.00000000e+00
3.18376729e-01 0.00000000e+00
3.18689016e-01 0.00000000e+00
3.19001304e-01 0.00000000e+00
3.19313591e-01 0.00000000e+00
3.19625878e-01 0.00000000e+00
3.19938165e-01 0.00000000e+00
3.20250452e-01 0.00000000e+00
3.20562739e-01 0.00000000e+00
3.20875026e-01 0.00000000e+00
3.21187313e-01 0.00000000e+00
3.21499601e-01 0.00000000e+00
3.21811888e-01 0.00000000e+00
3.22124175e-01 0.00000000e+00
3.22436462e-01 0.00000000e+00
3.22748749e-01 0.00000000e+00
3.23061036e-01 0.00000000e+00
3.23373323e-01 0.00000000e+00
3.23685610e-01 0.00000000e+00
3.23997898e-01 0.00000000e+00
3.24310185e-01 0.00000000e+00
3.24622472e-01 0.00000000e+00
3.24934759e-01 0.00000000e+00
3.25247046e-01 0.00000000e+00
3.25559333e-01 0.00000000e+00
3.25871620e-01 0.00000000e+00
3.26183908e-01 0.00000000e+00
3.26496195e-01 0.00000000e+00
3.26808482e-01 0.00000000e+00
3.27120769e-01 0.00000000e+00
3.27433056e-01 0.00000000e+00
3.27745343e-01 0.00000000e+00
3.28057630e-01 0.00000000e+00
3.28369917e-01 0.00000000e+00
3.28682205e-01 0.00000000e+00
3.28994492e-01 0.00000000e+00
3.29306779e-01 0.00000000e+00
3.29619066e-01 0.00000000e+00
3.29931353e-01 0.00000000e+00
3.30243640e-01 0.00000000e+00
3.30555927e-01 0.00000000e+00
3.30868214e-01 0.00000000e+00
3.31180502e-01 0.00000000e+00
3.31492789e-01 0.00000000e+00
3.31805076e-01 0.00000000e+00
3.32117363e-01 0.00000000e+00
3.32429650e-01 0.00000000e+00
3.32741937e-01 0.00000000e+00
3.33054224e-01 0.00000000e+00
3.33366512e-01 0.00000000e+00
3.33678799e-01 0.00000000e+00
3.33991086e-01 0.00000000e+00
3.34303373e-01 0.00000000e+00
3.34615660e-01 0.00000000e+00
3.34927947e-01 0.00000000e+00
3.35240234e-01 0.00000000e+00
3.35552521e-01 0.00000000e+00
3.35864809e-01 0.00000000e+00
3.36177096e-01 0.00000000e+00
3.36489383e-01 0.00000000e+00
3.36801670e-01 0.00000000e+00
3.37113957e-01 0.00000000e+00
3.37426244e-01 0.00000000e+00
3.37738531e-01 0.00000000e+00
3.38050818e-01 0.00000000e+00
3.38363106e-01 0.00000000e+00
3.38675393e-01 0.00000000e+00
3.38987680e-01 0.00000000e+00
3.39299967e-01 0.00000000e+00
3.39612254e-01 0.00000000e+00
3.39924541e-01 0.00000000e+00
3.40236828e-01 0.00000000e+00
3.40549116e-01 0.00000000e+00
3.40861403e-01 0.00000000e+00
3.41173690e-01 0.00000000e+00
3.41485977e-01 0.00000000e+00
3.41798264e-01 0.00000000e+00
3.42110551e-01 0.00000000e+00
3.42422838e-01 0.00000000e+00
3.42735125e-01 0.00000000e+00
3.43047413e-01 0.00000000e+00
3.43359700e-01 0.00000000e+00
3.43671987e-01 0.00000000e+00
3.43984274e-01 0.00000000e+00
3.44296561e-01 0.00000000e+00
3.44608848e-01 0.00000000e+00
3.44921135e-01 0.00000000e+00
3.45233422e-01 0.00000000e+00
3.45545710e-01 0.00000000e+00
3.45857997e-01 0.00000000e+00
3.46170284e-01 0.00000000e+00
3.46482571e-01 0.00000000e+00
3.46794858e-01 0.00000000e+00
3.47107145e-01 0.00000000e+00
3.47419432e-01 0.00000000e+00
3.47731720e-01 0.00000000e+00
3.48044007e-01 0.00000000e+00
3.48356294e-01 0.00000000e+00
3.48668581e-01 0.00000000e+00
3.48980868e-01 0.00000000e+00
3.49293155e-01 0.00000000e+00
3.49605442e-01 0.00000000e+00
3.49917729e-01 0.00000000e+00
3.50230017e-01 0.00000000e+00
3.50542304e-01 0.00000000e+00
3.50854591e-01 0.00000000e+00
3.51166878e-01 0.00000000e+00
3.51479165e-01 0.00000000e+00
3.51791452e-01 0.00000000e+00
3.52103739e-01 0.00000000e+00
3.52416026e-01 0.00000000e+00
3.52728314e-01 0.00000000e+00
3.53040601e-01 0.00000000e+00
3.53352888e-01 0.00000000e+00
3.53665175e-01 0.00000000e+00
3.53977462e-01 0.00000000e+00
3.54289749e-01 0.00000000e+00
3.54602036e-01 0.00000000e+00
3.54914324e-01 0.00000000e+00
3.55226611e-01 0.00000000e+00
3.55538898e-01 0.00000000e+00
3.55851185e-01 0.00000000e+00
3.56163472e-01 0.00000000e+00
3.56475759e-01 0.00000000e+00
3.56788046e-01 0.00000000e+00
3.57100333e-01 0.00000000e+00
3.57412621e-01 0.00000000e+00
3.57724908e-01 0.00000000e+00
3.58037195e-01 0.00000000e+00
3.58349482e-01 0.00000000e+00
3.58661769e-01 0.00000000e+00
3.58974056e-01 0.00000000e+00
3.59286343e-01 0.00000000e+00
3.59598630e-01 0.00000000e+00
3.59910918e-01 0.00000000e+00
3.60223205e-01 0.00000000e+00
3.60535492e-01 0.00000000e+00
3.60847779e-01 0.00000000e+00
3.61160066e-01 0.00000000e+00
3.61472353e-01 0.00000000e+00
3.61784640e-01 0.00000000e+00
3.62096928e-01 0.00000000e+00
3.62409215e-01 0.00000000e+00
3.62721502e-01 0.00000000e+00
3.63033789e-01 0.00000000e+00
3.63346076e-01 0.00000000e+00
3.63658363e-01 0.00000000e+00
3.63970650e-01 0.00000000e+00
3.64282937e-01 0.00000000e+00
3.64595225e-01 0.00000000e+00
3.64907512e-01 0.00000000e+00
3.65219799e-01 0.00000000e+00
3.65532086e-01 0.00000000e+00
3.65844373e-01 0.00000000e+00
3.66156660e-01 0.00000000e+00
3.66468947e-01 0.00000000e+00
3.66781234e-01 0.00000000e+00
3.67093522e-01 0.00000000e+00
3.67405809e-01 0.00000000e+00
3.67718096e-01 0.00000000e+00
3.68030383e-01 0.00000000e+00
3.68342670e-01 0.00000000e+00
3.68654957e-01 0.00000000e+00
3.68967244e-01 0.00000000e+00
3.69279531e-01 0.00000000e+00
3.69591819e-01 0.00000000e+00
3.69904106e-01 0.00000000e+00
3.70216393e-01 0.00000000e+00
3.70528680e-01 0.00000000e+00
3.70840967e-01 0.00000000e+00
3.71153254e-01 0.00000000e+00
3.71465541e-01 0.00000000e+00
3.71777829e-01 0.00000000e+00
3.72090116e-01 0.00000000e+00
3.72402403e-01 0.00000000e+00
3.72714690e-01 0.00000000e+00
3.73026977e-01 0.00000000e+00
3.73339264e-01 0.00000000e+00
3.73651551e-01 0.00000000e+00
3.73963838e-01 0.00000000e+00
3.74276126e-01 0.00000000e+00
3.74588413e-01 0.00000000e+00
3.74900700e-01 0.00000000e+00
3.75212987e-01 0.00000000e+00
3.75525274e-01 0.00000000e+00
3.75837561e-01 0.00000000e+00
3.76149848e-01 0.00000000e+00
3.76462135e-01 0.00000000e+00
3.76774423e-01 0.00000000e+00
3.77086710e-01 0.00000000e+00
3.77398997e-01 0.00000000e+00
3.77711284e-01 0.00000000e+00
3.78023571e-01 0.00000000e+00
3.78335858e-01 0.00000000e+00
3.78648145e-01 0.00000000e+00
3.78960433e-01 0.00000000e+00
3.79272720e-01 0.00000000e+00
3.79585007e-01 0.00000000e+00
3.79897294e-01 0.00000000e+00
3.80209581e-01 0.00000000e+00
3.80521868e-01 0.00000000e+00
3.80834155e-01 0.00000000e+00
3.81146442e-01 0.00000000e+00
3.81458730e-01 0.00000000e+00
3.81771017e-01 0.00000000e+00
3.82083304e-01 0.00000000e+00
3.82395591e-01 0.00000000e+00
3.82707878e-01 0.00000000e+00
3.83020165e-01 0.00000000e+00
3.83332452e-01 0.00000000e+00
3.83644739e-01 0.00000000e+00
3.83957027e-01 0.00000000e+00
3.84269314e-01 0.00000000e+00
3.84581601e-01 0.00000000e+00
3.84893888e-01 0.00000000e+00
3.85206175e-01 0.00000000e+00
3.85518462e-01 0.00000000e+00
3.85830749e-01 0.00000000e+00
3.86143037e-01 0.00000000e+00
3.86455324e-01 0.00000000e+00
3.86767611e-01 0.00000000e+00
3.87079898e-01 0.00000000e+00
3.87392185e-01 0.00000000e+00
3.87704472e-01 0.00000000e+00
3.88016759e-01 0.00000000e+00
3.88329046e-01 0.00000000e+00
3.88641334e-01 0.00000000e+00
3.88953621e-01 0.00000000e+00
3.89265908e-01 0.00000000e+00
3.89578195e-01 0.00000000e+00
3.89890482e-01 0.00000000e+00
3.90202769e-01 0.00000000e+00
3.90515056e-01 0.00000000e+00
3.90827343e-01 0.00000000e+00
3.91139631e-01 0.00000000e+00
3.91451918e-01 0.00000000e+00
3.91764205e-01 0.00000000e+00
3.92076492e-01 0.00000000e+00
3.92388779e-01 0.00000000e+00
3.92701066e-01 0.00000000e+00
3.93013353e-01 0.00000000e+00
3.93325641e-01 0.00000000e+00
3.93637928e-01 0.00000000e+00
3.93950215e-01 0.00000000e+00
3.94262502e-01 0.00000000e+00
3.94574789e-01 0.00000000e+00
3.94887076e-01 0.00000000e+00
3.95199363e-01 0.00000000e+00
3.95511650e-01 0.00000000e+00
3.95823938e-01 0.00000000e+00
3.96136225e-01 0.00000000e+00
3.96448512e-01 0.00000000e+00
3.96760799e-01 0.00000000e+00
3.97073086e-01 0.00000000e+00
3.97385373e-01 0.00000000e+00
3.97697660e-01 0.00000000e+00
3.98009947e-01 0.00000000e+00
3.98322235e-01 0.00000000e+00
3.98634522e-01 0.00000000e+00
3.98946809e-01 0.00000000e+00
3.99259096e-01 0.00000000e+00
3.99571383e-01 0.00000000e+00
3.99883670e-01 0.00000000e+00
4.00195957e-01 0.00000000e+00
4.00508245e-01 0.00000000e+00
4.00820532e-01 0.00000000e+00
4.01132819e-01 0.00000000e+00
4.01445106e-01 0.00000000e+00
4.01757393e-01 0.00000000e+00
4.02069680e-01 0.00000000e+00
4.02381967e-01 0.00000000e+00
4.02694254e-01 0.00000000e+00
4.03006542e-01 0.00000000e+00
4.03318829e-01 0.00000000e+00
4.03631116e-01 0.00000000e+00
4.03943403e-01 0.00000000e+00
4.04255690e-01 0.00000000e+00
4.04567977e-01 0.00000000e+00
4.04880264e-01 0.00000000e+00
4.05192551e-01 0.00000000e+00
4.05504839e-01 0.00000000e+00
4.05817126e-01 0.00000000e+00
4.06129413e-01 0.00000000e+00
4.06441700e-01 0.00000000e+00
4.06753987e-01 0.00000000e+00
4.07066274e-01 0.00000000e+00
4.07378561e-01 0.00000000e+00
4.07690849e-01 0.00000000e+00
4.08003136e-01 0.00000000e+00
4.08315423e-01 0.00000000e+00
4.08627710e-01 0.00000000e+00
4.08939997e-01 0.00000000e+00
4.09252284e-01 0.00000000e+00
4.09564571e-01 0.00000000e+00
4.09876858e-01 0.00000000e+00
4.10189146e-01 0.00000000e+00
4.10501433e-01 0.00000000e+00
4.10813720e-01 0.00000000e+00
4.11126007e-01 0.00000000e+00
4.11438294e-01 0.00000000e+00
4.11750581e-01 0.00000000e+00
4.12062868e-01 0.00000000e+00
4.12375155e-01 0.00000000e+00
4.12687443e-01 0.00000000e+00
4.12999730e-01 0.00000000e+00
4.13312017e-01 0.00000000e+00
4.13624304e-01 0.00000000e+00
4.13936591e-01 0.00000000e+00
4.14248878e-01 0.00000000e+00
4.14561165e-01 0.00000000e+00
4.14873453e-01 0.00000000e+00
4.15185740e-01 0.00000000e+00
4.15498027e-01 0.00000000e+00
4.15810314e-01 0.00000000e+00
4.16122601e-01 0.00000000e+00
4.16434888e-01 0.00000000e+00
4.16747175e-01 0.00000000e+00
4.17059462e-01 0.00000000e+00
4.17371750e-01 0.00000000e+00
4.17684037e-01 0.00000000e+00
4.17996324e-01 0.00000000e+00
4.18308611e-01 0.00000000e+00
4.18620898e-01 0.00000000e+00
4.18933185e-01 0.00000000e+00
4.19245472e-01 0.00000000e+00
4.19557759e-01 0.00000000e+00
4.19870047e-01 0.00000000e+00
4.20182334e-01 0.00000000e+00
4.20494621e-01 0.00000000e+00
4.20806908e-01 0.00000000e+00
4.21119195e-01 0.00000000e+00
4.21431482e-01 0.00000000e+00
4.21743769e-01 0.00000000e+00
4.22056057e-01 0.00000000e+00
4.22368344e-01 0.00000000e+00
4.22680631e-01 0.00000000e+00
4.22992918e-01 0.00000000e+00
4.23305205e-01 0.00000000e+00
4.23617492e-01 0.00000000e+00
4.23929779e-01 0.00000000e+00
4.24242066e-01 0.00000000e+00
4.24554354e-01 0.00000000e+00
4.24866641e-01 0.00000000e+00
4.25178928e-01 0.00000000e+00
4.25491215e-01 0.00000000e+00
4.25803502e-01 0.00000000e+00
4.26115789e-01 0.00000000e+00
4.26428076e-01 0.00000000e+00
4.26740363e-01 0.00000000e+00
4.27052651e-01 0.00000000e+00
4.27364938e-01 0.00000000e+00
4.27677225e-01 0.00000000e+00
4.27989512e-01 0.00000000e+00
4.28301799e-01 0.00000000e+00
4.28614086e-01 0.00000000e+00
4.28926373e-01 0.00000000e+00
4.29238661e-01 0.00000000e+00
4.29550948e-01 0.00000000e+00
4.29863235e-01 0.00000000e+00
4.30175522e-01 0.00000000e+00
4.30487809e-01 0.00000000e+00
4.30800096e-01 0.00000000e+00
4.31112383e-01 0.00000000e+00
4.31424670e-01 0.00000000e+00
4.31736958e-01 0.00000000e+00
4.32049245e-01 0.00000000e+00
4.32361532e-01 0.00000000e+00
4.32673819e-01 0.00000000e+00
4.32986106e-01 0.00000000e+00
4.33298393e-01 0.00000000e+00
4.33610680e-01 0.00000000e+00
4.33922967e-01 0.00000000e+00
4.34235255e-01 0.00000000e+00
4.34547542e-01 0.00000000e+00
4.34859829e-01 0.00000000e+00
4.35172116e-01 0.00000000e+00
4.35484403e-01 0.00000000e+00
4.35796690e-01 0.00000000e+00
4.36108977e-01 0.00000000e+00
4.36421264e-01 0.00000000e+00
4.36733552e-01 0.00000000e+00
4.37045839e-01 0.00000000e+00
4.37358126e-01 0.00000000e+00
4.37670413e-01 0.00000000e+00
4.37982700e-01 0.00000000e+00
4.38294987e-01 0.00000000e+00
4.38607274e-01 0.00000000e+00
4.38919562e-01 0.00000000e+00
4.39231849e-01 0.00000000e+00
4.39544136e-01 0.00000000e+00
4.39856423e-01 0.00000000e+00
4.40168710e-01 0.00000000e+00
4.40480997e-01 0.00000000e+00
4.40793284e-01 0.00000000e+00
4.41105571e-01 0.00000000e+00
4.41417859e-01 0.00000000e+00
4.41730146e-01 0.00000000e+00
4.42042433e-01 0.00000000e+00
4.42354720e-01 0.00000000e+00
4.42667007e-01 0.00000000e+00
4.42979294e-01 0.00000000e+00
4.43291581e-01 0.00000000e+00
4.43603868e-01 0.00000000e+00
4.43916156e-01 0.00000000e+00
4.44228443e-01 0.00000000e+00
4.44540730e-01 0.00000000e+00
4.44853017e-01 0.00000000e+00
4.45165304e-01 0.00000000e+00
4.45477591e-01 0.00000000e+00
4.45789878e-01 0.00000000e+00
4.46102166e-01 0.00000000e+00
4.46414453e-01 0.00000000e+00
4.46726740e-01 0.00000000e+00
4.47039027e-01 0.00000000e+00
4.47351314e-01 0.00000000e+00
4.47663601e-01 0.00000000e+00
4.47975888e-01 0.00000000e+00
4.48288175e-01 0.00000000e+00
4.48600463e-01 0.00000000e+00
4.48912750e-01 0.00000000e+00
4.49225037e-01 0.00000000e+00
4.49537324e-01 0.00000000e+00
4.49849611e-01 0.00000000e+00
4.50161898e-01 0.00000000e+00
4.50474185e-01 0.00000000e+00
4.50786472e-01 0.00000000e+00
4.51098760e-01 0.00000000e+00
4.51411047e-01 0.00000000e+00
4.51723334e-01 0.00000000e+00
4.52035621e-01 0.00000000e+00
4.52347908e-01 0.00000000e+00
4.52660195e-01 0.00000000e+00
4.52972482e-01 0.00000000e+00
4.53284770e-01 0.00000000e+00
4.53597057e-01 0.00000000e+00
4.53909344e-01 0.00000000e+00
4.54221631e-01 0.00000000e+00
4.54533918e-01 0.00000000e+00
4.54846205e-01 0.00000000e+00
4.55158492e-01 0.00000000e+00
4.55470779e-01 0.00000000e+00
4.55783067e-01 0.00000000e+00
4.56095354e-01 0.00000000e+00
4.56407641e-01 0.00000000e+00
4.56719928e-01 0.00000000e+00
4.57032215e-01 0.00000000e+00
4.57344502e-01 0.00000000e+00
4.57656789e-01 0.00000000e+00
4.57969076e-01 0.00000000e+00
4.58281364e-01 0.00000000e+00
4.58593651e-01 0.00000000e+00
4.58905938e-01 0.00000000e+00
4.59218225e-01 0.00000000e+00
4.59530512e-01 0.00000000e+00
4.59842799e-01 0.00000000e+00
4.60155086e-01 0.00000000e+00
4.60467374e-01 0.00000000e+00
4.60779661e-01 0.00000000e+00
4.61091948e-01 0.00000000e+00
4.61404235e-01 0.00000000e+00
4.61716522e-01 0.00000000e+00
4.62028809e-01 0.00000000e+00
4.62341096e-01 0.00000000e+00
4.62653383e-01 0.00000000e+00
4.62965671e-01 0.00000000e+00
4.63277958e-01 0.00000000e+00
4.63590245e-01 0.00000000e+00
4.63902532e-01 0.00000000e+00
4.64214819e-01 0.00000000e+00
4.64527106e-01 0.00000000e+00
4.64839393e-01 0.00000000e+00
4.65151680e-01 0.00000000e+00
4.65463968e-01 0.00000000e+00
4.65776255e-01 0.00000000e+00
4.66088542e-01 0.00000000e+00
4.66400829e-01 0.00000000e+00
4.66713116e-01 0.00000000e+00
4.67025403e-01 0.00000000e+00
4.67337690e-01 0.00000000e+00
4.67649978e-01 0.00000000e+00
4.67962265e-01 0.00000000e+00
4.68274552e-01 0.00000000e+00
4.68586839e-01 0.00000000e+00
4.68899126e-01 0.00000000e+00
4.69211413e-01 0.00000000e+00
4.69523700e-01 0.00000000e+00
4.69835987e-01 0.00000000e+00
4.70148275e-01 0.00000000e+00
4.70460562e-01 0.00000000e+00
4.70772849e-01 0.00000000e+00
4.71085136e-01 0.00000000e+00
4.71397423e-01 0.00000000e+00
4.71709710e-01 0.00000000e+00
4.72021997e-01 0.00000000e+00
4.72334284e-01 0.00000000e+00
4.72646572e-01 0.00000000e+00
4.72958859e-01 0.00000000e+00
4.73271146e-01 0.00000000e+00
4.73583433e-01 0.00000000e+00
4.73895720e-01 0.00000000e+00
4.74208007e-01 0.00000000e+00
4.74520294e-01 0.00000000e+00
4.74832582e-01 0.00000000e+00
4.75144869e-01 0.00000000e+00
4.75457156e-01 0.00000000e+00
4.75769443e-01 0.00000000e+00
4.76081730e-01 0.00000000e+00
4.76394017e-01 0.00000000e+00
4.76706304e-01 0.00000000e+00
4.77018591e-01 0.00000000e+00
4.77330879e-01 0.00000000e+00
4.77643166e-01 0.00000000e+00
4.77955453e-01 0.00000000e+00
4.78267740e-01 0.00000000e+00
4.78580027e-01 0.00000000e+00
4.78892314e-01 0.00000000e+00
4.79204601e-01 0.00000000e+00
4.79516888e-01 0.00000000e+00
4.79829176e-01 0.00000000e+00
4.80141463e-01 0.00000000e+00
4.80453750e-01 0.00000000e+00
4.80766037e-01 0.00000000e+00
4.81078324e-01 0.00000000e+00
4.81390611e-01 0.00000000e+00
4.81702898e-01 0.00000000e+00
4.82015186e-01 0.00000000e+00
4.82327473e-01 0.00000000e+00
4.82639760e-01 0.00000000e+00
4.82952047e-01 0.00000000e+00
4.83264334e-01 0.00000000e+00
4.83576621e-01 0.00000000e+00
4.83888908e-01 0.00000000e+00
4.84201195e-01 0.00000000e+00
4.84513483e-01 0.00000000e+00
4.84825770e-01 0.00000000e+00
4.85138057e-01 0.00000000e+00
4.85450344e-01 0.00000000e+00
4.85762631e-01 0.00000000e+00
4.86074918e-01 0.00000000e+00
4.86387205e-01 0.00000000e+00
4.86699492e-01 0.00000000e+00
4.87011780e-01 0.00000000e+00
4.87324067e-01 0.00000000e+00
4.87636354e-01 0.00000000e+00
4.87948641e-01 0.00000000e+00
4.88260928e-01 0.00000000e+00
4.88573215e-01 0.00000000e+00
4.88885502e-01 0.00000000e+00
4.89197790e-01 0.00000000e+00
4.89510077e-01 0.00000000e+00
4.89822364e-01 0.00000000e+00
4.90134651e-01 0.00000000e+00
4.90446938e-01 0.00000000e+00
4.90759225e-01 0.00000000e+00
4.91071512e-01 0.00000000e+00
4.91383799e-01 0.00000000e+00
4.91696087e-01 0.00000000e+00
4.92008374e-01 0.00000000e+00
4.92320661e-01 0.00000000e+00
4.92632948e-01 0.00000000e+00
4.92945235e-01 0.00000000e+00
4.93257522e-01 0.00000000e+00
4.93569809e-01 0.00000000e+00
4.93882096e-01 0.00000000e+00
4.94194384e-01 0.00000000e+00
4.94506671e-01 0.00000000e+00
4.94818958e-01 0.00000000e+00
4.95131245e-01 0.00000000e+00
4.95443532e-01 0.00000000e+00
4.95755819e-01 0.00000000e+00
4.96068106e-01 0.00000000e+00
4.96380394e-01 0.00000000e+00
4.96692681e-01 0.00000000e+00
4.97004968e-01 0.00000000e+00
4.97317255e-01 0.00000000e+00
4.97629542e-01 0.00000000e+00
4.97941829e-01 0.00000000e+00
4.98254116e-01 0.00000000e+00
4.98566403e-01 0.00000000e+00
4.98878691e-01 0.00000000e+00
4.99190978e-01 0.00000000e+00
4.99503265e-01 0.00000000e+00
4.99815552e-01 0.00000000e+00
5.00127839e-01 0.00000000e+00
0.00000000e+00 1.56143565e-04
0.00000000e+00 4.68430695e-04
0.00000000e+00 7.80717826e-04
0.00000000e+00 1.09300496e-03
0.00000000e+00 1.40529209e-03
0.00000000e+00 1.71757922e-03
0.00000000e+00 2.02986635e-03
0.00000000e+00 2.34215348e-03
0.00000000e+00 2.65444061e-03
0.00000000e+00 2.96672774e-03
0.00000000e+00 3.27901487e-03
0.00000000e+00 3.59130200e-03
0.00000000e+00 3.90358913e-03
0.00000000e+00 4.21587626e-03
0.00000000e+00 4.52816339e-03
0.00000000e+00 4.84045052e-03
0.00000000e+00 5.15273765e-03
0.00000000e+00 5.46502478e-03
0.00000000e+00 5.77731191e-03
0.00000000e+00 6.08959904e-03
0.00000000e+00 6.40188617e-03
0.00000000e+00 6.71417330e-03
0.00000000e+00 7.02646043e-03
0.00000000e+00 7.33874756e-03
0.00000000e+00 7.65103469e-03
0.00000000e+00 7.96332182e-03
0.00000000e+00 8.27560895e-03
0.00000000e+00 8.58789608e-03
0.00000000e+00 8.90018321e-03
0.00000000e+00 9.21247034e-03
0.00000000e+00 9.52475747e-03
0.00000000e+00 9.83704460e-03
0.00000000e+00 1.01493317e-02
0.00000000e+00 1.04616189e-02
0.00000000e+00 1.07739060e-02
0.00000000e+00 1.10861931e-02
0.00000000e+00 1.13984803e-02
0.00000000e+00 1.17107674e-02
0.00000000e+00 1.20230545e-02
0.00000000e+00 1.23353416e-02
0.00000000e+00 1.26476288e-02
0.00000000e+00 1.29599159e-02
0.00000000e+00 1.32722030e-02
0.00000000e+00 1.35844902e-02
0.00000000e+00 1.38967773e-02
0.00000000e+00 1.42090644e-02
0.00000000e+00 1.45213516e-02
0.00000000e+00 1.48336387e-02
0.00000000e+00 1.51459258e-02
0.00000000e+00 1.54582129e-02
0.00000000e+00 1.57705001e-02
0.00000000e+00 1.60827872e-02
0.00000000e+00 1.63950743e-02
0.00000000e+00 1.67073615e-02
0.00000000e+00 1.70196486e-02
0.00000000e+00 1.73319357e-02
0.00000000e+00 1.76442229e-02
0.00000000e+00 1.79565100e-02
0.00000000e+00 1.82687971e-02
0.00000000e+00 1.85810842e-02
0.00000000e+00 1.88933714e-02
0.00000000e+00 1.92056585e-02
0.00000000e+00 1.95179456e-02
0.00000000e+00 1.98302328e-02
0.00000000e+00 2.01425199e-02
0.00000000e+00 2.04548070e-02
0.00000000e+00 2.07670942e-02
0.00000000e+00 2.10793813e-02
0.00000000e+00 2.13916684e-02
0.00000000e+00 2.17039556e-02
0.00000000e+00 2.20162427e-02
0.00000000e+00 2.23285298e-02
0.00000000e+00 2.26408169e-02
0.00000000e+00 2.29531041e-02
0.00000000e+00 2.32653912e-02
0.00000000e+00 2.35776783e-02
0.00000000e+00 2.38899655e-02
0.00000000e+00 2.42022526e-02
0.00000000e+00 2.45145397e-02
0.00000000e+00 2.48268269e-02
0.00000000e+00 2.51391140e-02
0.00000000e+00 2.54514011e-02
0.00000000e+00 2.57636882e-02
0.00000000e+00 2.60759754e-02
0.00000000e+00 2.63882625e-02
0.00000000e+00 2.67005496e-02
0.00000000e+00 2.70128368e-02
0.00000000e+00 2.73251239e-02
0.00000000e+00 2.76374110e-02
0.00000000e+00 2.79496982e-02
0.00000000e+00 2.82619853e-02
0.00000000e+00 2.85742724e-02
0.00000000e+00 2.88865595e-02
0.00000000e+00 2.91988467e-02
0.00000000e+00 2.95111338e-02
0.00000000e+00 2.98234209e-02
0.00000000e+00 3.01357081e-02
0.00000000e+00 3.04479952e-02
0.00000000e+00 3.07602823e-02
0.00000000e+00 3.10725695e-02
0.00000000e+00 3.13848566e-02
0.00000000e+00 3.16971437e-02
0.00000000e+00 3.20094308e-02
0.00000000e+00 3.23217180e-02
0.00000000e+00 3.26340051e-02
0.00000000e+00 3.29462922e-02
0.00000000e+00 3.32585794e-02
0.00000000e+00 3.35708665e-02
0.00000000e+00 3.38831536e-02
0.00000000e+00 3.41954408e-02
0.00000000e+00 3.45077279e-02
0.00000000e+00 3.48200150e-02
0.00000000e+00 3.51323022e-02
0.00000000e+00 3.54445893e-02
0.00000000e+00 3.57568764e-02
0.00000000e+00 3.60691635e-02
0.00000000e+00 3.63814507e-02
0.00000000e+00 3.66937378e-02
0.00000000e+00 3.70060249e-02
0.00000000e+00 3.73183121e-02
0.00000000e+00 3.76305992e-02
0.00000000e+00 3.79428863e-02
0.00000000e+00 3.82551735e-02
0.00000000e+00 3.85674606e-02
0.00000000e+00 3.88797477e-02
0.00000000e+00 3.91920348e-02
0.00000000e+00 3.95043220e-02
0.00000000e+00 3.98166091e-02
0.00000000e+00 4.01288962e-02
0.00000000e+00 4.04411834e-02
0.00000000e+00 4.07534705e-02
0.00000000e+00 4.10657576e-02
0.00000000e+00 4.13780448e-02
0.00000000e+00 4.16903319e-02
0.00000000e+00 4.20026190e-02
0.00000000e+00 4.23149061e-02
0.00000000e+00 4.26271933e-02
0.00000000e+00 4.29394804e-02
0.00000000e+00 4.32517675e-02
0.00000000e+00 4.35640547e-02
0.00000000e+00 4.38763418e-02
0.00000000e+00 4.41886289e-02
0.00000000e+00 4.45009161e-02
0.00000000e+00 4.48132032e-02
0.00000000e+00 4.51254903e-02
0.00000000e+00 4.54377774e-02
0.00000000e+00 4.57500646e-02
0.00000000e+00 4.60623517e-02
0.00000000e+00 4.63746388e-02
0.00000000e+00 4.66869260e-02
0.00000000e+00 4.69992131e-02
0.00000000e+00 4.73115002e-02
0.00000000e+00 4.76237874e-02
0.00000000e+00 4.79360745e-02
0.00000000e+00 4.82483616e-02
0.00000000e+00 4.85606488e-02
0.00000000e+00 4.88729359e-02
0.00000000e+00 4.91852230e-02
0.00000000e+00 4.94975101e-02
0.00000000e+00 4.98097973e-02
0.00000000e+00 5.01220844e-02
0.00000000e+00 5.04343715e-02
0.00000000e+00 5.07466587e-02
0.00000000e+00 5.10589458e-02
0.00000000e+00 5.13712329e-02
0.00000000e+00 5.16835201e-02
0.00000000e+00 5.19958072e-02
0.00000000e+00 5.23080943e-02
0.00000000e+00 5.26203814e-02
0.00000000e+00 5.29326686e-02
0.00000000e+00 5.32449557e-02
0.00000000e+00 5.35572428e-02
0.00000000e+00 5.38695300e-02
0.00000000e+00 5.41818171e-02
0.00000000e+00 5.44941042e-02
0.00000000e+00 5.48063914e-02
0.00000000e+00 5.51186785e-02
0.00000000e+00 5.54309656e-02
0.00000000e+00 5.57432527e-02
0.00000000e+00 5.60555399e-02
0.00000000e+00 5.63678270e-02
0.00000000e+00 5.66801141e-02
0.00000000e+00 5.69924013e-02
0.00000000e+00 5.73046884e-02
0.00000000e+00 5.76169755e-02
0.00000000e+00 5.79292627e-02
0.00000000e+00 5.82415498e-02
0.00000000e+00 5.85538369e-02
0.00000000e+00 5.88661240e-02
0.00000000e+00 5.91784112e-02
0.00000000e+00 5.94906983e-02
0.00000000e+00 5.98029854e-02
0.00000000e+00 6.01152726e-02
0.00000000e+00 6.04275597e-02
0.00000000e+00 6.07398468e-02
0.00000000e+00 6.10521340e-02
0.00000000e+00 6.13644211e-02
0.00000000e+00 6.16767082e-02
0.00000000e+00 6.19889954e-02
0.00000000e+00 6.23012825e-02
0.00000000e+00 6.26135696e-02
0.00000000e+00 6.29258567e-02
0.00000000e+00 6.32381439e-02
0.00000000e+00 6.35504310e-02
0.00000000e+00 6.38627181e-02
0.00000000e+00 6.41750053e-02
0.00000000e+00 6.44872924e-02
0.00000000e+00 6.47995795e-02
0.00000000e+00 6.51118667e-02
0.00000000e+00 6.54241538e-02
0.00000000e+00 6.57364409e-02
0.00000000e+00 6.60487280e-02
0.00000000e+00 6.63610152e-02
0.00000000e+00 6.66733023e-02
0.00000000e+00 6.69855894e-02
0.00000000e+00 6.72978766e-02
0.00000000e+00 6.76101637e-02
0.00000000e+00 6.79224508e-02
0.00000000e+00 6.82347380e-02
0.00000000e+00 6.85470251e-02
0.00000000e+00 6.88593122e-02
0.00000000e+00 6.91715993e-02
0.00000000e+00 6.94838865e-02
0.00000000e+00 6.97961736e-02
0.00000000e+00 7.01084607e-02
0.00000000e+00 7.04207479e-02
0.00000000e+00 7.07330350e-02
0.00000000e+00 7.10453221e-02
0.00000000e+00 7.13576093e-02
0.00000000e+00 7.16698964e-02
0.00000000e+00 7.19821835e-02
0.00000000e+00 7.22944706e-02
0.00000000e+00 7.26067578e-02
0.00000000e+00 7.29190449e-02
0.00000000e+00 7.32313320e-02
0.00000000e+00 7.35436192e-02
0.00000000e+00 7.38559063e-02
0.00000000e+00 7.41681934e-02
0.00000000e+00 7.44804806e-02
0.00000000e+00 7.47927677e-02
0.00000000e+00 7.51050548e-02
0.00000000e+00 7.54173420e-02
0.00000000e+00 7.57296291e-02
0.00000000e+00 7.60419162e-02
0.00000000e+00 7.63542033e-02
0.00000000e+00 7.66664905e-02
0.00000000e+00 7.69787776e-02
0.00000000e+00 7.72910647e-02
0.00000000e+00 7.76033519e-02
0.00000000e+00 7.79156390e-02
0.00000000e+00 7.82279261e-02
0.00000000e+00 7.85402133e-02
0.00000000e+00 7.88525004e-02
0.00000000e+00 7.91647875e-02
0.00000000e+00 7.94770746e-02
0.00000000e+00 7.97893618e-02
0.00000000e+00 8.01016489e-02
0.00000000e+00 8.04139360e-02
0.00000000e+00 8.07262232e-02
0.00000000e+00 8.10385103e-02
0.00000000e+00 8.13507974e-02
0.00000000e+00 8.16630846e-02
0.00000000e+00 8.19753717e-02
0.00000000e+00 8.22876588e-02
0.00000000e+00 8.25999459e-02
0.00000000e+00 8.29122331e-02
0.00000000e+00 8.32245202e-02
0.00000000e+00 8.35368073e-02
0.00000000e+00 8.38490945e-02
0.00000000e+00 8.41613816e-02
0.00000000e+00 8.44736687e-02
0.00000000e+00 8.47859559e-02
0.00000000e+00 8.50982430e-02
0.00000000e+00 8.54105301e-02
0.00000000e+00 8.57228172e-02
0.00000000e+00 8.60351044e-02
0.00000000e+00 8.63473915e-02
0.00000000e+00 8.66596786e-02
0.00000000e+00 8.69719658e-02
0.00000000e+00 8.72842529e-02
0.00000000e+00 8.75965400e-02
0.00000000e+00 8.79088272e-02
0.00000000e+00 8.82211143e-02
0.00000000e+00 8.85334014e-02
0.00000000e+00 8.88456886e-02
0.00000000e+00 8.91579757e-02
0.00000000e+00 8.94702628e-02
0.00000000e+00 8.97825499e-02
0.00000000e+00 9.00948371e-02
0.00000000e+00 9.04071242e-02
0.00000000e+00 9.07194113e-02
0.00000000e+00 9.10316985e-02
0.00000000e+00 9.13439856e-02
0.00000000e+00 9.16562727e-02
0.00000000e+00 9.19685599e-02
0.00000000e+00 9.22808470e-02
0.00000000e+00 9.25931341e-02
0.00000000e+00 9.29054212e-02
0.00000000e+00 9.32177084e-02
0.00000000e+00 9.35299955e-02
0.00000000e+00 9.38422826e-02
0.00000000e+00 9.41545698e-02
0.00000000e+00 9.44668569e-02
0.00000000e+00 9.47791440e-02
0.00000000e+00 9.50914312e-02
0.00000000e+00 9.54037183e-02
0.00000000e+00 9.57160054e-02
0.00000000e+00 9.60282925e-02
0.00000000e+00 9.63405797e-02
0.00000000e+00 9.66528668e-02
0.00000000e+00 9.69651539e-02
0.00000000e+00 9.72774411e-02
0.00000000e+00 9.75897282e-02
0.00000000e+00 9.79020153e-02
0.00000000e+00 9.82143025e-02
0.00000000e+00 9.85265896e-02
0.00000000e+00 9.88388767e-02
0.00000000e+00 9.91511638e-02
0.00000000e+00 9.94634510e-02
0.00000000e+00 9.97757381e-02
0.00000000e+00 1.00088025e-01
0.00000000e+00 1.00400312e-01
0.00000000e+00 1.00712599e-01
0.00000000e+00 1.01024887e-01
0.00000000e+00 1.01337174e-01
0.00000000e+00 1.01649461e-01
0.00000000e+00 1.01961748e-01
0.00000000e+00 1.02274035e-01
0.00000000e+00 1.02586322e-01
0.00000000e+00 1.02898609e-01
0.00000000e+00 1.03210897e-01
0.00000000e+00 1.03523184e-01
0.00000000e+00 1.03835471e-01
0.00000000e+00 1.04147758e-01
0.00000000e+00 1.04460045e-01
0.00000000e+00 1.04772332e-01
0.00000000e+00 1.05084619e-01
0.00000000e+00 1.05396906e-01
0.00000000e+00 1.05709194e-01
0.00000000e+00 1.06021481e-01
0.00000000e+00 1.06333768e-01
0.00000000e+00 1.06646055e-01
0.00000000e+00 1.06958342e-01
0.00000000e+00 1.07270629e-01
0.00000000e+00 1.07582916e-01
0.00000000e+00 1.07895203e-01
0.00000000e+00 1.08207491e-01
0.00000000e+00 1.08519778e-01
0.00000000e+00 1.08832065e-01
0.00000000e+00 1.09144352e-01
0.00000000e+00 1.09456639e-01
0.00000000e+00 1.09768926e-01
0.00000000e+00 1.10081213e-01
0.00000000e+00 1.10393501e-01
0.00000000e+00 1.10705788e-01
0.00000000e+00 1.11018075e-01
0.00000000e+00 1.11330362e-01
0.00000000e+00 1.11642649e-01
0.00000000e+00 1.11954936e-01
0.00000000e+00 1.12267223e-01
0.00000000e+00 1.12579510e-01
0.00000000e+00 1.12891798e-01
0.00000000e+00 1.13204085e-01
0.00000000e+00 1.13516372e-01
0.00000000e+00 1.13828659e-01
0.00000000e+00 1.14140946e-01
0.00000000e+00 1.14453233e-01
0.00000000e+00 1.14765520e-01
0.00000000e+00 1.15077807e-01
0.00000000e+00 1.15390095e-01
0.00000000e+00 1.15702382e-01
0.00000000e+00 1.16014669e-01
0.00000000e+00 1.16326956e-01
0.00000000e+00 1.16639243e-01
0.00000000e+00 1.16951530e-01
0.00000000e+00 1.17263817e-01
0.00000000e+00 1.17576105e-01
0.00000000e+00 1.17888392e-01
0.00000000e+00 1.18200679e-01
0.00000000e+00 1.18512966e-01
0.00000000e+00 1.18825253e-01
0.00000000e+00 1.19137540e-01
0.00000000e+00 1.19449827e-01
0.00000000e+00 1.19762114e-01
0.00000000e+00 1.20074402e-01
0.00000000e+00 1.20386689e-01
0.00000000e+00 1.20698976e-01
0.00000000e+00 1.21011263e-01
0.00000000e+00 1.21323550e-01
0.00000000e+00 1.21635837e-01
0.00000000e+00 1.21948124e-01
0.00000000e+00 1.22260411e-01
0.00000000e+00 1.22572699e-01
0.00000000e+00 1.22884986e-01
0.00000000e+00 1.23197273e-01
0.00000000e+00 1.23509560e-01
0.00000000e+00 1.23821847e-01
0.00000000e+00 1.24134134e-01
0.00000000e+00 1.24446421e-01
0.00000000e+00 1.24758709e-01
0.00000000e+00 1.25070996e-01
0.00000000e+00 1.25383283e-01
0.00000000e+00 1.25695570e-01
0.00000000e+00 1.26007857e-01
0.00000000e+00 1.26320144e-01
0.00000000e+00 1.26632431e-01
0.00000000e+00 1.26944718e-01
0.00000000e+00 1.27257006e-01
0.00000000e+00 1.27569293e-01
0.00000000e+00 1.27881580e-01
0.00000000e+00 1.28193867e-01
0.00000000e+00 1.28506154e-01
0.00000000e+00 1.28818441e-01
0.00000000e+00 1.29130728e-01
0.00000000e+00 1.29443015e-01
0.00000000e+00 1.29755303e-01
0.00000000e+00 1.30067590e-01
0.00000000e+00 1.30379877e-01
0.00000000e+00 1.30692164e-01
0.00000000e+00 1.31004451e-01
0.00000000e+00 1.31316738e-01
0.00000000e+00 1.31629025e-01
0.00000000e+00 1.31941313e-01
0.00000000e+00 1.32253600e-01
0.00000000e+00 1.32565887e-01
0.00000000e+00 1.32878174e-01
0.00000000e+00 1.33190461e-01
0.00000000e+00 1.33502748e-01
0.00000000e+00 1.33815035e-01
0.00000000e+00 1.34127322e-01
0.00000000e+00 1.34439610e-01
0.00000000e+00 1.34751897e-01
0.00000000e+00 1.35064184e-01
0.00000000e+00 1.35376471e-01
0.00000000e+00 1.35688758e-01
0.00000000e+00 1.36001045e-01
0.00000000e+00 1.36313332e-01
0.00000000e+00 1.36625619e-01
0.00000000e+00 1.36937907e-01
0.00000000e+00 1.37250194e-01
0.00000000e+00 1.37562481e-01
0.00000000e+00 1.37874768e-01
0.00000000e+00 1.38187055e-01
0.00000000e+00 1.38499342e-01
0.00000000e+00 1.38811629e-01
0.00000000e+00 1.39123917e-01
0.00000000e+00 1.39436204e-01
0.00000000e+00 1.39748491e-01
0.00000000e+00 1.40060778e-01
0.00000000e+00 1.40373065e-01
0.00000000e+00 1.40685352e-01
0.00000000e+00 1.40997639e-01
0.00000000e+00 1.41309926e-01
0.00000000e+00 1.41622214e-01
0.00000000e+00 1.41934501e-01
0.00000000e+00 1.42246788e-01
0.00000000e+00 1.42559075e-01
0.00000000e+00 1.42871362e-01
0.00000000e+00 1.43183649e-01
0.00000000e+00 1.43495936e-01
0.00000000e+00 1.43808223e-01
0.00000000e+00 1.44120511e-01
0.00000000e+00 1.44432798e-01
0.00000000e+00 1.44745085e-01
0.00000000e+00 1.45057372e-01
0.00000000e+00 1.45369659e-01
0.00000000e+00 1.45681946e-01
0.00000000e+00 1.45994233e-01
0.00000000e+00 1.46306521e-01
0.00000000e+00 1.46618808e-01
0.00000000e+00 1.46931095e-01
0.00000000e+00 1.47243382e-01
0.00000000e+00 1.47555669e-01
0.00000000e+00 1.47867956e-01
0.00000000e+00 1.48180243e-01
0.00000000e+00 1.48492530e-01
0.00000000e+00 1.48804818e-01
0.00000000e+00 1.49117105e-01
0.00000000e+00 1.49429392e-01
0.00000000e+00 1.49741679e-01
0.00000000e+00 1.50053966e-01
0.00000000e+00 1.50366253e-01
0.00000000e+00 1.50678540e-01
0.00000000e+00 1.50990827e-01
0.00000000e+00 1.51303115e-01
0.00000000e+00 1.51615402e-01
0.00000000e+00 1.51927689e-01
0.00000000e+00 1.52239976e-01
0.00000000e+00 1.52552263e-01
0.00000000e+00 1.52864550e-01
0.00000000e+00 1.53176837e-01
0.00000000e+00 1.53489125e-01
0.00000000e+00 1.53801412e-01
0.00000000e+00 1.54113699e-01
0.00000000e+00 1.54425986e-01
0.00000000e+00 1.54738273e-01
0.00000000e+00 1.55050560e-01
0.00000000e+00 1.55362847e-01
0.00000000e+00 1.55675134e-01
0.00000000e+00 1.55987422e-01
0.00000000e+00 1.56299709e-01
0.00000000e+00 1.56611996e-01
0.00000000e+00 1.56924283e-01
0.00000000e+00 1.57236570e-01
0.00000000e+00 1.57548857e-01
0.00000000e+00 1.57861144e-01
0.00000000e+00 1.58173431e-01
0.00000000e+00 1.58485719e-01
0.00000000e+00 1.58798006e-01
0.00000000e+00 1.59110293e-01
0.00000000e+00 1.59422580e-01
0.00000000e+00 1.59734867e-01
0.00000000e+00 1.60047154e-01
0.00000000e+00 1.60359441e-01
0.00000000e+00 1.60671729e-01
0.00000000e+00 1.60984016e-01
0.00000000e+00 1.61296303e-01
0.00000000e+00 1.61608590e-01
0.00000000e+00 1.61920877e-01
0.00000000e+00 1.62233164e-01
0.00000000e+00 1.62545451e-01
0.00000000e+00 1.62857738e-01
0.00000000e+00 1.63170026e-01
0.00000000e+00 1.63482313e-01
0.00000000e+00 1.63794600e-01
0.00000000e+00 1.64106887e-01
0.00000000e+00 1.64419174e-01
0.00000000e+00 1.64731461e-01
0.00000000e+00 1.65043748e-01
0.00000000e+00 1.65356035e-01
0.00000000e+00 1.65668323e-01
0.00000000e+00 1.65980610e-01
0.00000000e+00 1.66292897e-01
0.00000000e+00 1.66605184e-01
0.00000000e+00 1.66917471e-01
0.00000000e+00 1.67229758e-01
0.00000000e+00 1.67542045e-01
0.00000000e+00 1.67854332e-01
0.00000000e+00 1.68166620e-01
0.00000000e+00 1.68478907e-01
0.00000000e+00 1.68791194e-01
0.00000000e+00 1.69103481e-01
0.00000000e+00 1.69415768e-01
0.00000000e+00 1.69728055e-01
0.00000000e+00 1.70040342e-01
0.00000000e+00 1.70352630e-01
0.00000000e+00 1.70664917e-01
0.00000000e+00 1.70977204e-01
0.00000000e+00 1.71289491e-01
0.00000000e+00 1.71601778e-01
0.00000000e+00 1.71914065e-01
0.00000000e+00 1.72226352e-01
0.00000000e+00 1.72538639e-01
0.00000000e+00 1.72850927e-01
0.00000000e+00 1.73163214e-01
0.00000000e+00 1.73475501e-01
0.00000000e+00 1.73787788e-01
0.00000000e+00 1.74100075e-01
0.00000000e+00 1.74412362e-01
0.00000000e+00 1.74724649e-01
0.00000000e+00 1.75036936e-01
0.00000000e+00 1.75349224e-01
0.00000000e+00 1.75661511e-01
0.00000000e+00 1.75973798e-01
0.00000000e+00 1.76286085e-01
0.00000000e+00 1.76598372e-01
0.00000000e+00 1.76910659e-01
0.00000000e+00 1.77222946e-01
0.00000000e+00 1.77535234e-01
0.00000000e+00 1.77847521e-01
0.00000000e+00 1.78159808e-01
0.00000000e+00 1.78472095e-01
0.00000000e+00 1.78784382e-01
0.00000000e+00 1.79096669e-01
0.00000000e+00 1.79408956e-01
0.00000000e+00 1.79721243e-01
0.00000000e+00 1.80033531e-01
0.00000000e+00 1.80345818e-01
0.00000000e+00 1.80658105e-01
0.00000000e+00 1.80970392e-01
0.00000000e+00 1.81282679e-01
0.00000000e+00 1.81594966e-01
0.00000000e+00 1.81907253e-01
0.00000000e+00 1.82219540e-01
0.00000000e+00 1.82531828e-01
0.00000000e+00 1.82844115e-01
0.00000000e+00 1.83156402e-01
0.00000000e+00 1.83468689e-01
0.00000000e+00 1.83780976e-01
0.00000000e+00 1.84093263e-01
0.00000000e+00 1.84405550e-01
0.00000000e+00 1.84717838e-01
0.00000000e+00 1.85030125e-01
0.00000000e+00 1.85342412e-01
0.00000000e+00 1.85654699e-01
0.00000000e+00 1.85966986e-01
0.00000000e+00 1.86279273e-01
0.00000000e+00 1.86591560e-01
0.00000000e+00 1.86903847e-01
0.00000000e+00 1.87216135e-01
0.00000000e+00 1.87528422e-01
0.00000000e+00 1.87840709e-01
0.00000000e+00 1.88152996e-01
0.00000000e+00 1.88465283e-01
0.00000000e+00 1.88777570e-01
0.00000000e+00 1.89089857e-01
0.00000000e+00 1.89402144e-01
0.00000000e+00 1.89714432e-01
0.00000000e+00 1.90026719e-01
0.00000000e+00 1.90339006e-01
0.00000000e+00 1.90651293e-01
0.00000000e+00 1.90963580e-01
0.00000000e+00 1.91275867e-01
0.00000000e+00 1.91588154e-01
0.00000000e+00 1.91900442e-01
0.00000000e+00 1.92212729e-01
0.00000000e+00 1.92525016e-01
0.00000000e+00 1.92837303e-01
0.00000000e+00 1.93149590e-01
0.00000000e+00 1.93461877e-01
0.00000000e+00 1.93774164e-01
0.00000000e+00 1.94086451e-01
0.00000000e+00 1.94398739e-01
0.00000000e+00 1.94711026e-01
0.00000000e+00 1.95023313e-01
0.00000000e+00 1.95335600e-01
0.00000000e+00 1.95647887e-01
0.00000000e+00 1.95960174e-01
0.00000000e+00 1.96272461e-01
0.00000000e+00 1.96584748e-01
0.00000000e+00 1.96897036e-01
0.00000000e+00 1.97209323e-01
0.00000000e+00 1.97521610e-01
0.00000000e+00 1.97833897e-01
0.00000000e+00 1.98146184e-01
0.00000000e+00 1.98458471e-01
0.00000000e+00 1.98770758e-01
0.00000000e+00 1.99083046e-01
0.00000000e+00 1.99395333e-01
0.00000000e+00 1.99707620e-01
0.00000000e+00 2.00019907e-01
0.00000000e+00 2.00332194e-01
0.00000000e+00 2.00644481e-01
0.00000000e+00 2.00956768e-01
0.00000000e+00 2.01269055e-01
0.00000000e+00 2.01581343e-01
0.00000000e+00 2.01893630e-01
0.00000000e+00 2.02205917e-01
0.00000000e+00 2.02518204e-01
0.00000000e+00 2.02830491e-01
0.00000000e+00 2.03142778e-01
0.00000000e+00 2.03455065e-01
0.00000000e+00 2.03767352e-01
0.00000000e+00 2.04079640e-01
0.00000000e+00 2.04391927e-01
0.00000000e+00 2.04704214e-01
0.00000000e+00 2.05016501e-01
0.00000000e+00 2.05328788e-01
0.00000000e+00 2.05641075e-01
0.00000000e+00 2.05953362e-01
0.00000000e+00 2.06265650e-01
0.00000000e+00 2.06577937e-01
0.00000000e+00 2.06890224e-01
0.00000000e+00 2.07202511e-01
0.00000000e+00 2.07514798e-01
0.00000000e+00 2.07827085e-01
0.00000000e+00 2.08139372e-01
0.00000000e+00 2.08451659e-01
0.00000000e+00 2.08763947e-01
0.00000000e+00 2.09076234e-01
0.00000000e+00 2.09388521e-01
0.00000000e+00 2.09700808e-01
0.00000000e+00 2.10013095e-01
0.00000000e+00 2.10325382e-01
0.00000000e+00 2.10637669e-01
0.00000000e+00 2.10949956e-01
0.00000000e+00 2.11262244e-01
0.00000000e+00 2.11574531e-01
0.00000000e+00 2.11886818e-01
0.00000000e+00 2.12199105e-01
0.00000000e+00 2.12511392e-01
0.00000000e+00 2.12823679e-01
0.00000000e+00 2.13135966e-01
0.00000000e+00 2.13448254e-01
0.00000000e+00 2.13760541e-01
0.00000000e+00 2.14072828e-01
0.00000000e+00 2.14385115e-01
0.00000000e+00 2.14697402e-01
0.00000000e+00 2.15009689e-01
0.00000000e+00 2.15321976e-01
0.00000000e+00 2.15634263e-01
0.00000000e+00 2.15946551e-01
0.00000000e+00 2.16258838e-01
0.00000000e+00 2.16571125e-01
0.00000000e+00 2.16883412e-01
0.00000000e+00 2.17195699e-01
0.00000000e+00 2.17507986e-01
0.00000000e+00 2.17820273e-01
0.00000000e+00 2.18132560e-01
0.00000000e+00 2.18444848e-01
0.00000000e+00 2.18757135e-01
0.00000000e+00 2.19069422e-01
0.00000000e+00 2.19381709e-01
0.00000000e+00 2.19693996e-01
0.00000000e+00 2.20006283e-01
0.00000000e+00 2.20318570e-01
0.00000000e+00 2.20630858e-01
0.00000000e+00 2.20943145e-01
0.00000000e+00 2.21255432e-01
0.00000000e+00 2.21567719e-01
0.00000000e+00 2.21880006e-01
0.00000000e+00 2.22192293e-01
0.00000000e+00 2.22504580e-01
0.00000000e+00 2.22816867e-01
0.00000000e+00 2.23129155e-01
0.00000000e+00 2.23441442e-01
0.00000000e+00 2.23753729e-01
0.00000000e+00 2.24066016e-01
0.00000000e+00 2.24378303e-01
0.00000000e+00 2.24690590e-01
0.00000000e+00 2.25002877e-01
0.00000000e+00 2.25315164e-01
0.00000000e+00 2.25627452e-01
0.00000000e+00 2.25939739e-01
0.00000000e+00 2.26252026e-01
0.00000000e+00 2.26564313e-01
0.00000000e+00 2.26876600e-01
0.00000000e+00 2.27188887e-01
0.00000000e+00 2.27501174e-01
0.00000000e+00 2.27813462e-01
0.00000000e+00 2.28125749e-01
0.00000000e+00 2.28438036e-01
0.00000000e+00 2.28750323e-01
0.00000000e+00 2.29062610e-01
0.00000000e+00 2.29374897e-01
0.00000000e+00 2.29687184e-01
0.00000000e+00 2.29999471e-01
0.00000000e+00 2.30311759e-01
0.00000000e+00 2.30624046e-01
0.00000000e+00 2.30936333e-01
0.00000000e+00 2.31248620e-01
0.00000000e+00 2.31560907e-01
0.00000000e+00 2.31873194e-01
0.00000000e+00 2.32185481e-01
0.00000000e+00 2.32497768e-01
0.00000000e+00 2.32810056e-01
0.00000000e+00 2.33122343e-01
0.00000000e+00 2.33434630e-01
0.00000000e+00 2.33746917e-01
0.00000000e+00 2.34059204e-01
0.00000000e+00 2.34371491e-01
0.00000000e+00 2.34683778e-01
0.00000000e+00 2.34996065e-01
0.00000000e+00 2.35308353e-01
0.00000000e+00 2.35620640e-01
0.00000000e+00 2.35932927e-01
0.00000000e+00 2.36245214e-01
0.00000000e+00 2.36557501e-01
0.00000000e+00 2.36869788e-01
0.00000000e+00 2.37182075e-01
0.00000000e+00 2.37494363e-01
0.00000000e+00 2.37806650e-01
0.00000000e+00 2.38118937e-01
0.00000000e+00 2.38431224e-01
0.00000000e+00 2.38743511e-01
0.00000000e+00 2.39055798e-01
0.00000000e+00 2.39368085e-01
0.00000000e+00 2.39680372e-01
0.00000000e+00 2.39992660e-01
0.00000000e+00 2.40304947e-01
0.00000000e+00 2.40617234e-01
0.00000000e+00 2.40929521e-01
0.00000000e+00 2.41241808e-01
0.00000000e+00 2.41554095e-01
0.00000000e+00 2.41866382e-01
0.00000000e+00 2.42178669e-01
0.00000000e+00 2.42490957e-01
0.00000000e+00 2.42803244e-01
0.00000000e+00 2.43115531e-01
0.00000000e+00 2.43427818e-01
0.00000000e+00 2.43740105e-01
0.00000000e+00 2.44052392e-01
0.00000000e+00 2.44364679e-01
0.00000000e+00 2.44676967e-01
0.00000000e+00 2.44989254e-01
0.00000000e+00 2.45301541e-01
0.00000000e+00 2.45613828e-01
0.00000000e+00 2.45926115e-01
0.00000000e+00 2.46238402e-01
0.00000000e+00 2.46550689e-01
0.00000000e+00 2.46862976e-01
0.00000000e+00 2.47175264e-01
0.00000000e+00 2.47487551e-01
0.00000000e+00 2.47799838e-01
0.00000000e+00 2.48112125e-01
0.00000000e+00 2.48424412e-01
0.00000000e+00 2.48736699e-01
0.00000000e+00 2.49048986e-01
0.00000000e+00 2.49361273e-01
0.00000000e+00 2.49673561e-01
0.00000000e+00 2.49985848e-01
0.00000000e+00 2.50298135e-01
0.00000000e+00 2.50610422e-01
0.00000000e+00 2.50922709e-01
0.00000000e+00 2.51234996e-01
0.00000000e+00 2.51547283e-01
0.00000000e+00 2.51859571e-01
0.00000000e+00 2.52171858e-01
0.00000000e+00 2.52484145e-01
0.00000000e+00 2.52796432e-01
0.00000000e+00 2.53108719e-01
0.00000000e+00 2.53421006e-01
0.00000000e+00 2.53733293e-01
0.00000000e+00 2.54045580e-01
0.00000000e+00 2.54357868e-01
0.00000000e+00 2.54670155e-01
0.00000000e+00 2.54982442e-01
0.00000000e+00 2.55294729e-01
0.00000000e+00 2.55607016e-01
0.00000000e+00 2.55919303e-01
0.00000000e+00 2.56231590e-01
0.00000000e+00 2.56543877e-01
0.00000000e+00 2.56856165e-01
0.00000000e+00 2.57168452e-01
0.00000000e+00 2.57480739e-01
0.00000000e+00 2.57793026e-01
0.00000000e+00 2.58105313e-01
0.00000000e+00 2.58417600e-01
0.00000000e+00 2.58729887e-01
0.00000000e+00 2.59042175e-01
0.00000000e+00 2.59354462e-01
0.00000000e+00 2.59666749e-01
0.00000000e+00 2.59979036e-01
0.00000000e+00 2.60291323e-01
0.00000000e+00 2.60603610e-01
0.00000000e+00 2.60915897e-01
0.00000000e+00 2.61228184e-01
0.00000000e+00 2.61540472e-01
0.00000000e+00 2.61852759e-01
0.00000000e+00 2.62165046e-01
0.00000000e+00 2.62477333e-01
0.00000000e+00 2.62789620e-01
0.00000000e+00 2.63101907e-01
0.00000000e+00 2.63414194e-01
0.00000000e+00 2.63726481e-01
0.00000000e+00 2.64038769e-01
0.00000000e+00 2.64351056e-01
0.00000000e+00 2.64663343e-01
0.00000000e+00 2.64975630e-01
0.00000000e+00 2.65287917e-01
0.00000000e+00 2.65600204e-01
0.00000000e+00 2.65912491e-01
0.00000000e+00 2.66224779e-01
0.00000000e+00 2.66537066e-01
0.00000000e+00 2.66849353e-01
0.00000000e+00 2.67161640e-01
0.00000000e+00 2.67473927e-01
0.00000000e+00 2.67786214e-01
0.00000000e+00 2.68098501e-01
0.00000000e+00 2.68410788e-01
0.00000000e+00 2.68723076e-01
0.00000000e+00 2.69035363e-01
0.00000000e+00 2.69347650e-01
0.00000000e+00 2.69659937e-01
0.00000000e+00 2.69972224e-01
0.00000000e+00 2.70284511e-01
0.00000000e+00 2.70596798e-01
0.00000000e+00 2.70909085e-01
0.00000000e+00 2.71221373e-01
0.00000000e+00 2.71533660e-01
0.00000000e+00 2.71845947e-01
0.00000000e+00 2.72158234e-01
0.00000000e+00 2.72470521e-01
0.00000000e+00 2.72782808e-01
0.00000000e+00 2.73095095e-01
0.00000000e+00 2.73407383e-01
0.00000000e+00 2.73719670e-01
0.00000000e+00 2.74031957e-01
0.00000000e+00 2.74344244e-01
0.00000000e+00 2.74656531e-01
0.00000000e+00 2.74968818e-01
0.00000000e+00 2.75281105e-01
0.00000000e+00 2.75593392e-01
0.00000000e+00 2.75905680e-01
0.00000000e+00 2.76217967e-01
0.00000000e+00 2.76530254e-01
0.00000000e+00 2.76842541e-01
0.00000000e+00 2.77154828e-01
0.00000000e+00 2.77467115e-01
0.00000000e+00 2.77779402e-01
0.00000000e+00 2.78091689e-01
0.00000000e+00 2.78403977e-01
0.00000000e+00 2.78716264e-01
0.00000000e+00 2.79028551e-01
0.00000000e+00 2.79340838e-01
0.00000000e+00 2.79653125e-01
0.00000000e+00 2.79965412e-01
0.00000000e+00 2.80277699e-01
0.00000000e+00 2.80589987e-01
0.00000000e+00 2.80902274e-01
0.00000000e+00 2.81214561e-01
0.00000000e+00 2.81526848e-01
0.00000000e+00 2.81839135e-01
0.00000000e+00 2.82151422e-01
0.00000000e+00 2.82463709e-01
0.00000000e+00 2.82775996e-01
0.00000000e+00 2.83088284e-01
0.00000000e+00 2.83400571e-01
0.00000000e+00 2.83712858e-01
0.00000000e+00 2.84025145e-01
0.00000000e+00 2.84337432e-01
0.00000000e+00 2.84649719e-01
0.00000000e+00 2.84962006e-01
0.00000000e+00 2.85274293e-01
0.00000000e+00 2.85586581e-01
0.00000000e+00 2.85898868e-01
0.00000000e+00 2.86211155e-01
0.00000000e+00 2.86523442e-01
0.00000000e+00 2.86835729e-01
0.00000000e+00 2.87148016e-01
0.00000000e+00 2.87460303e-01
0.00000000e+00 2.87772591e-01
0.00000000e+00 2.88084878e-01
0.00000000e+00 2.88397165e-01
0.00000000e+00 2.88709452e-01
0.00000000e+00 2.89021739e-01
0.00000000e+00 2.89334026e-01
0.00000000e+00 2.89646313e-01
0.00000000e+00 2.89958600e-01
0.00000000e+00 2.90270888e-01
0.00000000e+00 2.90583175e-01
0.00000000e+00 2.90895462e-01
0.00000000e+00 2.91207749e-01
0.00000000e+00 2.91520036e-01
0.00000000e+00 2.91832323e-01
0.00000000e+00 2.92144610e-01
0.00000000e+00 2.92456897e-01
0.00000000e+00 2.92769185e-01
0.00000000e+00 2.93081472e-01
0.00000000e+00 2.93393759e-01
0.00000000e+00 2.93706046e-01
0.00000000e+00 2.94018333e-01
0.00000000e+00 2.94330620e-01
0.00000000e+00 2.94642907e-01
0.00000000e+00 2.94955195e-01
0.00000000e+00 2.95267482e-01
0.00000000e+00 2.95579769e-01
0.00000000e+00 2.95892056e-01
0.00000000e+00 2.96204343e-01
0.00000000e+00 2.96516630e-01
0.00000000e+00 2.96828917e-01
0.00000000e+00 2.97141204e-01
0.00000000e+00 2.97453492e-01
0.00000000e+00 2.97765779e-01
0.00000000e+00 2.98078066e-01
0.00000000e+00 2.98390353e-01
0.00000000e+00 2.98702640e-01
0.00000000e+00 2.99014927e-01
0.00000000e+00 2.99327214e-01
0.00000000e+00 2.99639501e-01
0.00000000e+00 2.99951789e-01
0.00000000e+00 3.00264076e-01
0.00000000e+00 3.00576363e-01
0.00000000e+00 3.00888650e-01
0.00000000e+00 3.01200937e-01
0.00000000e+00 3.01513224e-01
0.00000000e+00 3.01825511e-01
0.00000000e+00 3.02137798e-01
0.00000000e+00 3.02450086e-01
0.00000000e+00 3.02762373e-01
0.00000000e+00 3.03074660e-01
0.00000000e+00 3.03386947e-01
0.00000000e+00 3.03699234e-01
0.00000000e+00 3.04011521e-01
0.00000000e+00 3.04323808e-01
0.00000000e+00 3.04636096e-01
0.00000000e+00 3.04948383e-01
0.00000000e+00 3.05260670e-01
0.00000000e+00 3.05572957e-01
0.00000000e+00 3.05885244e-01
0.00000000e+00 3.06197531e-01
0.00000000e+00 3.06509818e-01
0.00000000e+00 3.06822105e-01
0.00000000e+00 3.07134393e-01
0.00000000e+00 3.07446680e-01
0.00000000e+00 3.07758967e-01
0.00000000e+00 3.08071254e-01
0.00000000e+00 3.08383541e-01
0.00000000e+00 3.08695828e-01
0.00000000e+00 3.09008115e-01
0.00000000e+00 3.09320402e-01
0.00000000e+00 3.09632690e-01
0.00000000e+00 3.09944977e-01
0.00000000e+00 3.10257264e-01
0.00000000e+00 3.10569551e-01
0.00000000e+00 3.10881838e-01
0.00000000e+00 3.11194125e-01
0.00000000e+00 3.11506412e-01
0.00000000e+00 3.11818700e-01
0.00000000e+00 3.12130987e-01
0.00000000e+00 3.12443274e-01
0.00000000e+00 3.12755561e-01
0.00000000e+00 3.13067848e-01
0.00000000e+00 3.13380135e-01
0.00000000e+00 3.13692422e-01
0.00000000e+00 3.14004709e-01
0.00000000e+00 3.14316997e-01
0.00000000e+00 3.14629284e-01
0.00000000e+00 3.14941571e-01
0.00000000e+00 3.15253858e-01
0.00000000e+00 3.15566145e-01
0.00000000e+00 3.15878432e-01
0.00000000e+00 3.16190719e-01
0.00000000e+00 3.16503006e-01
0.00000000e+00 3.16815294e-01
0.00000000e+00 3.17127581e-01
0.00000000e+00 3.17439868e-01
0.00000000e+00 3.17752155e-01
0.00000000e+00 3.18064442e-01
0.00000000e+00 3.18376729e-01
0.00000000e+00 3.18689016e-01
0.00000000e+00 3.19001304e-01
0.00000000e+00 3.19313591e-01
0.00000000e+00 3.19625878e-01
0.00000000e+00 3.19938165e-01
0.00000000e+00 3.20250452e-01
0.00000000e+00 3.20562739e-01
0.00000000e+00 3.20875026e-01
0.00000000e+00 3.21187313e-01
0.00000000e+00 3.21499601e-01
0.00000000e+00 3.21811888e-01
0.00000000e+00 3.22124175e-01
0.00000000e+00 3.22436462e-01
0.00000000e+00 3.22748749e-01
0.00000000e+00 3.23061036e-01
0.00000000e+00 3.23373323e-01
0.00000000e+00 3.23685610e-01
0.00000000e+00 3.23997898e-01
0.00000000e+00 3.24310185e-01
0.00000000e+00 3.24622472e-01
0.00000000e+00 3.24934759e-01
0.00000000e+00 3.25247046e-01
0.00000000e+00 3.25559333e-01
0.00000000e+00 3.25871620e-01
0.00000000e+00 3.26183908e-01
0.00000000e+00 3.26496195e-01
0.00000000e+00 3.26808482e-01
0.00000000e+00 3.27120769e-01
0.00000000e+00 3.27433056e-01
0.00000000e+00 3.27745343e-01
0.00000000e+00 3.28057630e-01
0.00000000e+00 3.28369917e-01
0.00000000e+00 3.28682205e-01
0.00000000e+00 3.28994492e-01
0.00000000e+00 3.29306779e-01
0.00000000e+00 3.29619066e-01
0.00000000e+00 3.29931353e-01
0.00000000e+00 3.30243640e-01
0.00000000e+00 3.30555927e-01
0.00000000e+00 3.30868214e-01
0.00000000e+00 3.31180502e-01
0.00000000e+00 3.31492789e-01
0.00000000e+00 3.31805076e-01
0.00000000e+00 3.32117363e-01
0.00000000e+00 3.32429650e-01
0.00000000e+00 3.32741937e-01
0.00000000e+00 3.33054224e-01
0.00000000e+00 3.33366512e-01
0.00000000e+00 3.33678799e-01
0.00000000e+00 3.33991086e-01
0.00000000e+00 3.34303373e-01
0.00000000e+00 3.34615660e-01
0.00000000e+00 3.34927947e-01
0.00000000e+00 3.35240234e-01
0.00000000e+00 3.35552521e-01
0.00000000e+00 3.35864809e-01
0.00000000e+00 3.36177096e-01
0.00000000e+00 3.36489383e-01
0.00000000e+00 3.36801670e-01
0.00000000e+00 3.37113957e-01
0.00000000e+00 3.37426244e-01
0.00000000e+00 3.37738531e-01
0.00000000e+00 3.38050818e-01
0.00000000e+00 3.38363106e-01
0.00000000e+00 3.38675393e-01
0.00000000e+00 3.38987680e-01
0.00000000e+00 3.39299967e-01
0.00000000e+00 3.39612254e-01
0.00000000e+00 3.39924541e-01
0.00000000e+00 3.40236828e-01
0.00000000e+00 3.40549116e-01
0.00000000e+00 3.40861403e-01
0.00000000e+00 3.41173690e-01
0.00000000e+00 3.41485977e-01
0.00000000e+00 3.41798264e-01
0.00000000e+00 3.42110551e-01
0.00000000e+00 3.42422838e-01
0.00000000e+00 3.42735125e-01
0.00000000e+00 3.43047413e-01
0.00000000e+00 3.43359700e-01
0.00000000e+00 3.43671987e-01
0.00000000e+00 3.43984274e-01
0.00000000e+00 3.44296561e-01
0.00000000e+00 3.44608848e-01
0.00000000e+00 3.44921135e-01
0.00000000e+00 3.45233422e-01
0.00000000e+00 3.45545710e-01
0.00000000e+00 3.45857997e-01
0.00000000e+00 3.46170284e-01
0.00000000e+00 3.46482571e-01
0.00000000e+00 3.46794858e-01
0.00000000e+00 3.47107145e-01
0.00000000e+00 3.47419432e-01
0.00000000e+00 3.47731720e-01
0.00000000e+00 3.48044007e-01
0.00000000e+00 3.48356294e-01
0.00000000e+00 3.48668581e-01
0.00000000e+00 3.48980868e-01
0.00000000e+00 3.49293155e-01
0.00000000e+00 3.49605442e-01
0.00000000e+00 3.49917729e-01
0.00000000e+00 3.50230017e-01
0.00000000e+00 3.50542304e-01
0.00000000e+00 3.50854591e-01
0.00000000e+00 3.51166878e-01
0.00000000e+00 3.51479165e-01
0.00000000e+00 3.51791452e-01
0.00000000e+00 3.52103739e-01
0.00000000e+00 3.52416026e-01
0.00000000e+00 3.52728314e-01
0.00000000e+00 3.53040601e-01
0.00000000e+00 3.53352888e-01
0.00000000e+00 3.53665175e-01
0.00000000e+00 3.53977462e-01
0.00000000e+00 3.54289749e-01
0.00000000e+00 3.54602036e-01
0.00000000e+00 3.54914324e-01
0.00000000e+00 3.55226611e-01
0.00000000e+00 3.55538898e-01
0.00000000e+00 3.55851185e-01
0.00000000e+00 3.56163472e-01
0.00000000e+00 3.56475759e-01
0.00000000e+00 3.56788046e-01
0.00000000e+00 3.57100333e-01
0.00000000e+00 3.57412621e-01
0.00000000e+00 3.57724908e-01
0.00000000e+00 3.58037195e-01
0.00000000e+00 3.58349482e-01
0.00000000e+00 3.58661769e-01
0.00000000e+00 3.58974056e-01
0.00000000e+00 3.59286343e-01
0.00000000e+00 3.59598630e-01
0.00000000e+00 3.59910918e-01
0.00000000e+00 3.60223205e-01
0.00000000e+00 3.60535492e-01
0.00000000e+00 3.60847779e-01
0.00000000e+00 3.61160066e-01
0.00000000e+00 3.61472353e-01
0.00000000e+00 3.61784640e-01
0.00000000e+00 3.62096928e-01
0.00000000e+00 3.62409215e-01
0.00000000e+00 3.62721502e-01
0.00000000e+00 3.63033789e-01
0.00000000e+00 3.63346076e-01
0.00000000e+00 3.63658363e-01
0.00000000e+00 3.63970650e-01
0.00000000e+00 3.64282937e-01
0.00000000e+00 3.64595225e-01
0.00000000e+00 3.64907512e-01
0.00000000e+00 3.65219799e-01
0.00000000e+00 3.65532086e-01
0.00000000e+00 3.65844373e-01
0.00000000e+00 3.66156660e-01
0.00000000e+00 3.66468947e-01
0.00000000e+00 3.66781234e-01
0.00000000e+00 3.67093522e-01
0.00000000e+00 3.67405809e-01
0.00000000e+00 3.67718096e-01
0.00000000e+00 3.68030383e-01
0.00000000e+00 3.68342670e-01
0.00000000e+00 3.68654957e-01
0.00000000e+00 3.68967244e-01
0.00000000e+00 3.69279531e-01
0.00000000e+00 3.69591819e-01
0.00000000e+00 3.69904106e-01
0.00000000e+00 3.70216393e-01
0.00000000e+00 3.70528680e-01
0.00000000e+00 3.70840967e-01
0.00000000e+00 3.71153254e-01
0.00000000e+00 3.71465541e-01
0.00000000e+00 3.71777829e-01
0.00000000e+00 3.72090116e-01
0.00000000e+00 3.72402403e-01
0.00000000e+00 3.72714690e-01
0.00000000e+00 3.73026977e-01
0.00000000e+00 3.73339264e-01
0.00000000e+00 3.73651551e-01
0.00000000e+00 3.73963838e-01
0.00000000e+00 3.74276126e-01
0.00000000e+00 3.74588413e-01
0.00000000e+00 3.74900700e-01
0.00000000e+00 3.75212987e-01
0.00000000e+00 3.75525274e-01
0.00000000e+00 3.75837561e-01
0.00000000e+00 3.76149848e-01
0.00000000e+00 3.76462135e-01
0.00000000e+00 3.76774423e-01
0.00000000e+00 3.77086710e-01
0.00000000e+00 3.77398997e-01
0.00000000e+00 3.77711284e-01
0.00000000e+00 3.78023571e-01
0.00000000e+00 3.78335858e-01
0.00000000e+00 3.78648145e-01
0.00000000e+00 3.78960433e-01
0.00000000e+00 3.79272720e-01
0.00000000e+00 3.79585007e-01
0.00000000e+00 3.79897294e-01
0.00000000e+00 3.80209581e-01
0.00000000e+00 3.80521868e-01
0.00000000e+00 3.80834155e-01
0.00000000e+00 3.81146442e-01
0.00000000e+00 3.81458730e-01
0.00000000e+00 3.81771017e-01
0.00000000e+00 3.82083304e-01
0.00000000e+00 3.82395591e-01
0.00000000e+00 3.82707878e-01
0.00000000e+00 3.83020165e-01
0.00000000e+00 3.83332452e-01
0.00000000e+00 3.83644739e-01
0.00000000e+00 3.83957027e-01
0.00000000e+00 3.84269314e-01
0.00000000e+00 3.84581601e-01
0.00000000e+00 3.84893888e-01
0.00000000e+00 3.85206175e-01
0.00000000e+00 3.85518462e-01
0.00000000e+00 3.85830749e-01
0.00000000e+00 3.86143037e-01
0.00000000e+00 3.86455324e-01
0.00000000e+00 3.86767611e-01
0.00000000e+00 3.87079898e-01
0.00000000e+00 3.87392185e-01
0.00000000e+00 3.87704472e-01
0.00000000e+00 3.88016759e-01
0.00000000e+00 3.88329046e-01
0.00000000e+00 3.88641334e-01
0.00000000e+00 3.88953621e-01
0.00000000e+00 3.89265908e-01
0.00000000e+00 3.89578195e-01
0.00000000e+00 3.89890482e-01
0.00000000e+00 3.90202769e-01
0.00000000e+00 3.90515056e-01
0.00000000e+00 3.90827343e-01
0.00000000e+00 3.91139631e-01
0.00000000e+00 3.91451918e-01
0.00000000e+00 3.91764205e-01
0.00000000e+00 3.92076492e-01
0.00000000e+00 3.92388779e-01
0.00000000e+00 3.92701066e-01
0.00000000e+00 3.93013353e-01
0.00000000e+00 3.93325641e-01
0.00000000e+00 3.93637928e-01
0.00000000e+00 3.93950215e-01
0.00000000e+00 3.94262502e-01
0.00000000e+00 3.94574789e-01
0.00000000e+00 3.94887076e-01
0.00000000e+00 3.95199363e-01
0.00000000e+00 3.95511650e-01
0.00000000e+00 3.95823938e-01
0.00000000e+00 3.96136225e-01
0.00000000e+00 3.96448512e-01
0.00000000e+00 3.96760799e-01
0.00000000e+00 3.97073086e-01
0.00000000e+00 3.97385373e-01
0.00000000e+00 3.97697660e-01
0.00000000e+00 3.98009947e-01
0.00000000e+00 3.98322235e-01
0.00000000e+00 3.98634522e-01
0.00000000e+00 3.98946809e-01
0.00000000e+00 3.99259096e-01
0.00000000e+00 3.99571383e-01
0.00000000e+00 3.99883670e-01
0.00000000e+00 4.00195957e-01
0.00000000e+00 4.00508245e-01
0.00000000e+00 4.00820532e-01
0.00000000e+00 4.01132819e-01
0.00000000e+00 4.01445106e-01
0.00000000e+00 4.01757393e-01
0.00000000e+00 4.02069680e-01
0.00000000e+00 4.02381967e-01
0.00000000e+00 4.02694254e-01
0.00000000e+00 4.03006542e-01
0.00000000e+00 4.03318829e-01
0.00000000e+00 4.03631116e-01
0.00000000e+00 4.03943403e-01
0.00000000e+00 4.04255690e-01
0.00000000e+00 4.04567977e-01
0.00000000e+00 4.04880264e-01
0.00000000e+00 4.05192551e-01
0.00000000e+00 4.05504839e-01
0.00000000e+00 4.05817126e-01
0.00000000e+00 4.06129413e-01
0.00000000e+00 4.06441700e-01
0.00000000e+00 4.06753987e-01
0.00000000e+00 4.07066274e-01
0.00000000e+00 4.07378561e-01
0.00000000e+00 4.07690849e-01
0.00000000e+00 4.08003136e-01
0.00000000e+00 4.08315423e-01
0.00000000e+00 4.08627710e-01
0.00000000e+00 4.08939997e-01
0.00000000e+00 4.09252284e-01
0.00000000e+00 4.09564571e-01
0.00000000e+00 4.09876858e-01
0.00000000e+00 4.10189146e-01
0.00000000e+00 4.10501433e-01
0.00000000e+00 4.10813720e-01
0.00000000e+00 4.11126007e-01
0.00000000e+00 4.11438294e-01
0.00000000e+00 4.11750581e-01
0.00000000e+00 4.12062868e-01
0.00000000e+00 4.12375155e-01
0.00000000e+00 4.12687443e-01
0.00000000e+00 4.12999730e-01
0.00000000e+00 4.13312017e-01
0.00000000e+00 4.13624304e-01
0.00000000e+00 4.13936591e-01
0.00000000e+00 4.14248878e-01
0.00000000e+00 4.14561165e-01
0.00000000e+00 4.14873453e-01
0.00000000e+00 4.15185740e-01
0.00000000e+00 4.15498027e-01
0.00000000e+00 4.15810314e-01
0.00000000e+00 4.16122601e-01
0.00000000e+00 4.16434888e-01
0.00000000e+00 4.16747175e-01
0.00000000e+00 4.17059462e-01
0.00000000e+00 4.17371750e-01
0.00000000e+00 4.17684037e-01
0.00000000e+00 4.17996324e-01
0.00000000e+00 4.18308611e-01
0.00000000e+00 4.18620898e-01
0.00000000e+00 4.18933185e-01
0.00000000e+00 4.19245472e-01
0.00000000e+00 4.19557759e-01
0.00000000e+00 4.19870047e-01
0.00000000e+00 4.20182334e-01
0.00000000e+00 4.20494621e-01
0.00000000e+00 4.20806908e-01
0.00000000e+00 4.21119195e-01
0.00000000e+00 4.21431482e-01
0.00000000e+00 4.21743769e-01
0.00000000e+00 4.22056057e-01
0.00000000e+00 4.22368344e-01
0.00000000e+00 4.22680631e-01
0.00000000e+00 4.22992918e-01
0.00000000e+00 4.23305205e-01
0.00000000e+00 4.23617492e-01
0.00000000e+00 4.23929779e-01
0.00000000e+00 4.24242066e-01
0.00000000e+00 4.24554354e-01
0.00000000e+00 4.24866641e-01
0.00000000e+00 4.25178928e-01
0.00000000e+00 4.25491215e-01
0.00000000e+00 4.25803502e-01
0.00000000e+00 4.26115789e-01
0.00000000e+00 4.26428076e-01
0.00000000e+00 4.26740363e-01
0.00000000e+00 4.27052651e-01
0.00000000e+00 4.27364938e-01
0.00000000e+00 4.27677225e-01
0.00000000e+00 4.27989512e-01
0.00000000e+00 4.28301799e-01
0.00000000e+00 4.28614086e-01
0.00000000e+00 4.28926373e-01
0.00000000e+00 4.29238661e-01
0.00000000e+00 4.29550948e-01
0.00000000e+00 4.29863235e-01
0.00000000e+00 4.30175522e-01
0.00000000e+00 4.30487809e-01
0.00000000e+00 4.30800096e-01
0.00000000e+00 4.31112383e-01
0.00000000e+00 4.31424670e-01
0.00000000e+00 4.31736958e-01
0.00000000e+00 4.32049245e-01
0.00000000e+00 4.32361532e-01
0.00000000e+00 4.32673819e-01
0.00000000e+00 4.32986106e-01
0.00000000e+00 4.33298393e-01
0.00000000e+00 4.33610680e-01
0.00000000e+00 4.33922967e-01
0.00000000e+00 4.34235255e-01
0.00000000e+00 4.34547542e-01
0.00000000e+00 4.34859829e-01
0.00000000e+00 4.35172116e-01
0.00000000e+00 4.35484403e-01
0.00000000e+00 4.35796690e-01
0.00000000e+00 4.36108977e-01
0.00000000e+00 4.36421264e-01
0.00000000e+00 4.36733552e-01
0.00000000e+00 4.37045839e-01
0.00000000e+00 4.37358126e-01
0.00000000e+00 4.37670413e-01
0.00000000e+00 4.37982700e-01
0.00000000e+00 4.38294987e-01
0.00000000e+00 4.38607274e-01
0.00000000e+00 4.38919562e-01
0.00000000e+00 4.39231849e-01
0.00000000e+00 4.39544136e-01
0.00000000e+00 4.39856423e-01
0.00000000e+00 4.40168710e-01
0.00000000e+00 4.40480997e-01
0.00000000e+00 4.40793284e-01
0.00000000e+00 4.41105571e-01
0.00000000e+00 4.41417859e-01
0.00000000e+00 4.41730146e-01
0.00000000e+00 4.42042433e-01
0.00000000e+00 4.42354720e-01
0.00000000e+00 4.42667007e-01
0.00000000e+00 4.42979294e-01
0.00000000e+00 4.43291581e-01
0.00000000e+00 4.43603868e-01
0.00000000e+00 4.43916156e-01
0.00000000e+00 4.44228443e-01
0.00000000e+00 4.44540730e-01
0.00000000e+00 4.44853017e-01
0.00000000e+00 4.45165304e-01
0.00000000e+00 4.45477591e-01
0.00000000e+00 4.45789878e-01
0.00000000e+00 4.46102166e-01
0.00000000e+00 4.46414453e-01
0.00000000e+00 4.46726740e-01
0.00000000e+00 4.47039027e-01
0.00000000e+00 4.47351314e-01
0.00000000e+00 4.47663601e-01
0.00000000e+00 4.47975888e-01
0.00000000e+00 4.48288175e-01
0.00000000e+00 4.48600463e-01
0.00000000e+00 4.48912750e-01
0.00000000e+00 4.49225037e-01
0.00000000e+00 4.49537324e-01
0.00000000e+00 4.49849611e-01
0.00000000e+00 4.50161898e-01
0.00000000e+00 4.50474185e-01
0.00000000e+00 4.50786472e-01
0.00000000e+00 4.51098760e-01
0.00000000e+00 4.51411047e-01
0.00000000e+00 4.51723334e-01
0.00000000e+00 4.52035621e-01
0.00000000e+00 4.52347908e-01
0.00000000e+00 4.52660195e-01
0.00000000e+00 4.52972482e-01
0.00000000e+00 4.53284770e-01
0.00000000e+00 4.53597057e-01
0.00000000e+00 4.53909344e-01
0.00000000e+00 4.54221631e-01
0.00000000e+00 4.54533918e-01
0.00000000e+00 4.54846205e-01
0.00000000e+00 4.55158492e-01
0.00000000e+00 4.55470779e-01
0.00000000e+00 4.55783067e-01
0.00000000e+00 4.56095354e-01
0.00000000e+00 4.56407641e-01
0.00000000e+00 4.56719928e-01
0.00000000e+00 4.57032215e-01
0.00000000e+00 4.57344502e-01
0.00000000e+00 4.57656789e-01
0.00000000e+00 4.57969076e-01
0.00000000e+00 4.58281364e-01
0.00000000e+00 4.58593651e-01
0.00000000e+00 4.58905938e-01
0.00000000e+00 4.59218225e-01
0.00000000e+00 4.59530512e-01
0.00000000e+00 4.59842799e-01
0.00000000e+00 4.60155086e-01
0.00000000e+00 4.60467374e-01
0.00000000e+00 4.60779661e-01
0.00000000e+00 4.61091948e-01
0.00000000e+00 4.61404235e-01
0.00000000e+00 4.61716522e-01
0.00000000e+00 4.62028809e-01
0.00000000e+00 4.62341096e-01
0.00000000e+00 4.62653383e-01
0.00000000e+00 4.62965671e-01
0.00000000e+00 4.63277958e-01
0.00000000e+00 4.63590245e-01
0.00000000e+00 4.63902532e-01
0.00000000e+00 4.64214819e-01
0.00000000e+00 4.64527106e-01
0.00000000e+00 4.64839393e-01
0.00000000e+00 4.65151680e-01
0.00000000e+00 4.65463968e-01
0.00000000e+00 4.65776255e-01
0.00000000e+00 4.66088542e-01
0.00000000e+00 4.66400829e-01
0.00000000e+00 4.66713116e-01
0.00000000e+00 4.67025403e-01
0.00000000e+00 4.67337690e-01
0.00000000e+00 4.67649978e-01
0.00000000e+00 4.67962265e-01
0.00000000e+00 4.68274552e-01
0.00000000e+00 4.68586839e-01
0.00000000e+00 4.68899126e-01
0.00000000e+00 4.69211413e-01
0.00000000e+00 4.69523700e-01
0.00000000e+00 4.69835987e-01
0.00000000e+00 4.70148275e-01
0.00000000e+00 4.70460562e-01
0.00000000e+00 4.70772849e-01
0.00000000e+00 4.71085136e-01
0.00000000e+00 4.71397423e-01
0.00000000e+00 4.71709710e-01
0.00000000e+00 4.72021997e-01
0.00000000e+00 4.72334284e-01
0.00000000e+00 4.72646572e-01
0.00000000e+00 4.72958859e-01
0.00000000e+00 4.73271146e-01
0.00000000e+00 4.73583433e-01
0.00000000e+00 4.73895720e-01
0.00000000e+00 4.74208007e-01
0.00000000e+00 4.74520294e-01
0.00000000e+00 4.74832582e-01
0.00000000e+00 4.75144869e-01
0.00000000e+00 4.75457156e-01
0.00000000e+00 4.75769443e-01
0.00000000e+00 4.76081730e-01
0.00000000e+00 4.76394017e-01
0.00000000e+00 4.76706304e-01
0.00000000e+00 4.77018591e-01
0.00000000e+00 4.77330879e-01
0.00000000e+00 4.77643166e-01
0.00000000e+00 4.77955453e-01
0.00000000e+00 4.78267740e-01
0.00000000e+00 4.78580027e-01
0.00000000e+00 4.78892314e-01
0.00000000e+00 4.79204601e-01
0.00000000e+00 4.79516888e-01
0.00000000e+00 4.79829176e-01
0.00000000e+00 4.80141463e-01
0.00000000e+00 4.80453750e-01
0.00000000e+00 4.80766037e-01
0.00000000e+00 4.81078324e-01
0.00000000e+00 4.81390611e-01
0.00000000e+00 4.81702898e-01
0.00000000e+00 4.82015186e-01
0.00000000e+00 4.82327473e-01
0.00000000e+00 4.82639760e-01
0.00000000e+00 4.82952047e-01
0.00000000e+00 4.83264334e-01
0.00000000e+00 4.83576621e-01
0.00000000e+00 4.83888908e-01
0.00000000e+00 4.84201195e-01
0.00000000e+00 4.84513483e-01
0.00000000e+00 4.84825770e-01
0.00000000e+00 4.85138057e-01
0.00000000e+00 4.85450344e-01
0.00000000e+00 4.85762631e-01
0.00000000e+00 4.86074918e-01
0.00000000e+00 4.86387205e-01
0.00000000e+00 4.86699492e-01
0.00000000e+00 4.87011780e-01
0.00000000e+00 4.87324067e-01
0.00000000e+00 4.87636354e-01
0.00000000e+00 4.87948641e-01
0.00000000e+00 4.88260928e-01
0.00000000e+00 4.88573215e-01
0.00000000e+00 4.88885502e-01
0.00000000e+00 4.89197790e-01
0.00000000e+00 4.89510077e-01
0.00000000e+00 4.89822364e-01
0.00000000e+00 4.90134651e-01
0.00000000e+00 4.90446938e-01
0.00000000e+00 4.90759225e-01
0.00000000e+00 4.91071512e-01
0.00000000e+00 4.91383799e-01
0.00000000e+00 4.91696087e-01
0.00000000e+00 4.92008374e-01
0.00000000e+00 4.92320661e-01
0.00000000e+00 4.92632948e-01
0.00000000e+00 4.92945235e-01
0.00000000e+00 4.93257522e-01
0.00000000e+00 4.93569809e-01
0.00000000e+00 4.93882096e-01
0.00000000e+00 4.94194384e-01
0.00000000e+00 4.94506671e-01
0.00000000e+00 4.94818958e-01
0.00000000e+00 4.95131245e-01
0.00000000e+00 4.95443532e-01
0.00000000e+00 4.95755819e-01
0.00000000e+00 4.96068106e-01
0.00000000e+00 4.96380394e-01
0.00000000e+00 4.96692681e-01
0.00000000e+00 4.97004968e-01
0.00000000e+00 4.97317255e-01
0.00000000e+00 4.97629542e-01
0.00000000e+00 4.97941829e-01
0.00000000e+00 4.98254116e-01
0.00000000e+00 4.98566403e-01
0.00000000e+00 4.98878691e-01
0.00000000e+00 4.99190978e-01
0.00000000e+00 4.99503265e-01
0.00000000e+00 4.99815552e-01
0.00000000e+00 5.00127839e-01
