% L-Bracket Geometry
% N_total=334, N_horizontal=167, N_vertical=167
% Resolution: 100 segments per wavelength
% Format: x(m) y(m)
1.49897823e-03 0.00000000e+00
4.49693468e-03 0.00000000e+00
7.49489113e-03 0.00000000e+00
1.04928476e-02 0.00000000e+00
1.34908040e-02 0.00000000e+00
1.64887605e-02 0.00000000e+00
1.94867169e-02 0.00000000e+00
2.24846734e-02 0.00000000e+00
2.54826298e-02 0.00000000e+00
2.84805863e-02 0.00000000e+00
3.14785427e-02 0.00000000e+00
3.44764992e-02 0.00000000e+00
3.74744556e-02 0.00000000e+00
4.04724121e-02 0.00000000e+00
4.34703685e-02 0.00000000e+00
4.64683250e-02 0.00000000e+00
4.94662814e-02 0.00000000e+00
5.24642379e-02 0.00000000e+00
5.54621943e-02 0.00000000e+00
5.84601508e-02 0.00000000e+00
6.14581072e-02 0.00000000e+00
6.44560637e-02 0.00000000e+00
6.74540201e-02 0.00000000e+00
7.04519766e-02 0.00000000e+00
7.34499330e-02 0.00000000e+00
7.64478895e-02 0.00000000e+00
7.94458459e-02 0.00000000e+00
8.24438024e-02 0.00000000e+00
8.54417588e-02 0.00000000e+00
8.84397153e-02 0.00000000e+00
9.14376717e-02 0.00000000e+00
9.44356282e-02 0.00000000e+00
9.74335846e-02 0.00000000e+00
1.00431541e-01 0.00000000e+00
1.03429498e-01 0.00000000e+00
1.06427454e-01 0.00000000e+00
1.09425410e-01 0.00000000e+00
1.12423367e-01 0.00000000e+00
1.15421323e-01 0.00000000e+00
1.18419280e-01 0.00000000e+00
1.21417236e-01 0.00000000e+00
1.24415193e-01 0.00000000e+00
1.27413149e-01 0.00000000e+00
1.30411106e-01 0.00000000e+00
1.33409062e-01 0.00000000e+00
1.36407018e-01 0.00000000e+00
1.39404975e-01 0.00000000e+00
1.42402931e-01 0.00000000e+00
1.45400888e-01 0.00000000e+00
1.48398844e-01 0.00000000e+00
1.51396801e-01 0.00000000e+00
1.54394757e-01 0.00000000e+00
1.57392714e-01 0.00000000e+00
1.60390670e-01 0.00000000e+00
1.63388627e-01 0.00000000e+00
1.66386583e-01 0.00000000e+00
1.69384539e-01 0.00000000e+00
1.72382496e-01 0.00000000e+00
1.75380452e-01 0.00000000e+00
1.78378409e-01 0.00000000e+00
1.81376365e-01 0.00000000e+00
1.84374322e-01 0.00000000e+00
1.87372278e-01 0.00000000e+00
1.90370235e-01 0.00000000e+00
1.93368191e-01 0.00000000e+00
1.96366147e-01 0.00000000e+00
1.99364104e-01 0.00000000e+00
2.02362060e-01 0.00000000e+00
2.05360017e-01 0.00000000e+00
2.08357973e-01 0.00000000e+00
2.11355930e-01 0.00000000e+00
2.14353886e-01 0.00000000e+00
2.17351843e-01 0.00000000e+00
2.20349799e-01 0.00000000e+00
2.23347756e-01 0.00000000e+00
2.26345712e-01 0.00000000e+00
2.29343668e-01 0.00000000e+00
2.32341625e-01 0.00000000e+00
2.35339581e-01 0.00000000e+00
2.38337538e-01 0.00000000e+00
2.41335494e-01 0.00000000e+00
2.44333451e-01 0.00000000e+00
2.47331407e-01 0.00000000e+00
2.50329364e-01 0.00000000e+00
2.53327320e-01 0.00000000e+00
2.56325276e-01 0.00000000e+00
2.59323233e-01 0.00000000e+00
2.62321189e-01 0.00000000e+00
2.65319146e-01 0.00000000e+00
2.68317102e-01 0.00000000e+00
2.71315059e-01 0.00000000e+00
2.74313015e-01 0.00000000e+00
2.77310972e-01 0.00000000e+00
2.80308928e-01 0.00000000e+00
2.83306885e-01 0.00000000e+00
2.86304841e-01 0.00000000e+00
2.89302797e-01 0.00000000e+00
2.92300754e-01 0.00000000e+00
2.95298710e-01 0.00000000e+00
2.98296667e-01 0.00000000e+00
3.01294623e-01 0.00000000e+00
3.04292580e-01 0.00000000e+00
3.07290536e-01 0.00000000e+00
3.10288493e-01 0.00000000e+00
3.13286449e-01 0.00000000e+00
3.16284405e-01 0.00000000e+00
3.19282362e-01 0.00000000e+00
3.22280318e-01 0.00000000e+00
3.25278275e-01 0.00000000e+00
3.28276231e-01 0.00000000e+00
3.31274188e-01 0.00000000e+00
3.34272144e-01 0.00000000e+00
3.37270101e-01 0.00000000e+00
3.40268057e-01 0.00000000e+00
3.43266014e-01 0.00000000e+00
3.46263970e-01 0.00000000e+00
3.49261926e-01 0.00000000e+00
3.52259883e-01 0.00000000e+00
3.55257839e-01 0.00000000e+00
3.58255796e-01 0.00000000e+00
3.61253752e-01 0.00000000e+00
3.64251709e-01 0.00000000e+00
3.67249665e-01 0.00000000e+00
3.70247622e-01 0.00000000e+00
3.73245578e-01 0.00000000e+00
3.76243535e-01 0.00000000e+00
3.79241491e-01 0.00000000e+00
3.82239447e-01 0.00000000e+00
3.85237404e-01 0.00000000e+00
3.88235360e-01 0.00000000e+00
3.91233317e-01 0.00000000e+00
3.94231273e-01 0.00000000e+00
3.97229230e-01 0.00000000e+00
4.00227186e-01 0.00000000e+00
4.03225143e-01 0.00000000e+00
4.06223099e-01 0.00000000e+00
4.09221055e-01 0.00000000e+00
4.12219012e-01 0.00000000e+00
4.15216968e-01 0.00000000e+00
4.18214925e-01 0.00000000e+00
4.21212881e-01 0.00000000e+00
4.24210838e-01 0.00000000e+00
4.27208794e-01 0.00000000e+00
4.30206751e-01 0.00000000e+00
4.33204707e-01 0.00000000e+00
4.36202664e-01 0.00000000e+00
4.39200620e-01 0.00000000e+00
4.42198576e-01 0.00000000e+00
4.45196533e-01 0.00000000e+00
4.48194489e-01 0.00000000e+00
4.51192446e-01 0.00000000e+00
4.54190402e-01 0.00000000e+00
4.57188359e-01 0.00000000e+00
4.60186315e-01 0.00000000e+00
4.63184272e-01 0.00000000e+00
4.66182228e-01 0.00000000e+00
4.69180184e-01 0.00000000e+00
4.72178141e-01 0.00000000e+00
4.75176097e-01 0.00000000e+00
4.78174054e-01 0.00000000e+00
4.81172010e-01 0.00000000e+00
4.84169967e-01 0.00000000e+00
4.87167923e-01 0.00000000e+00
4.90165880e-01 0.00000000e+00
4.93163836e-01 0.00000000e+00
4.96161793e-01 0.00000000e+00
4.99159749e-01 0.00000000e+00
0.00000000e+00 1.49897823e-03
0.00000000e+00 4.49693468e-03
0.00000000e+00 7.49489113e-03
0.00000000e+00 1.04928476e-02
0.00000000e+00 1.34908040e-02
0.00000000e+00 1.64887605e-02
0.00000000e+00 1.94867169e-02
0.00000000e+00 2.24846734e-02
0.00000000e+00 2.54826298e-02
0.00000000e+00 2.84805863e-02
0.00000000e+00 3.14785427e-02
0.00000000e+00 3.44764992e-02
0.00000000e+00 3.74744556e-02
0.00000000e+00 4.04724121e-02
0.00000000e+00 4.34703685e-02
0.00000000e+00 4.64683250e-02
0.00000000e+00 4.94662814e-02
0.00000000e+00 5.24642379e-02
0.00000000e+00 5.54621943e-02
0.00000000e+00 5.84601508e-02
0.00000000e+00 6.14581072e-02
0.00000000e+00 6.44560637e-02
0.00000000e+00 6.74540201e-02
0.00000000e+00 7.04519766e-02
0.00000000e+00 7.34499330e-02
0.00000000e+00 7.64478895e-02
0.00000000e+00 7.94458459e-02
0.00000000e+00 8.24438024e-02
0.00000000e+00 8.54417588e-02
0.00000000e+00 8.84397153e-02
0.00000000e+00 9.14376717e-02
0.00000000e+00 9.44356282e-02
0.00000000e+00 9.74335846e-02
0.00000000e+00 1.00431541e-01
0.00000000e+00 1.03429498e-01
0.00000000e+00 1.06427454e-01
0.00000000e+00 1.09425410e-01
0.00000000e+00 1.12423367e-01
0.00000000e+00 1.15421323e-01
0.00000000e+00 1.18419280e-01
0.00000000e+00 1.21417236e-01
0.00000000e+00 1.24415193e-01
0.00000000e+00 1.27413149e-01
0.00000000e+00 1.30411106e-01
0.00000000e+00 1.33409062e-01
0.00000000e+00 1.36407018e-01
0.00000000e+00 1.39404975e-01
0.00000000e+00 1.42402931e-01
0.00000000e+00 1.45400888e-01
0.00000000e+00 1.48398844e-01
0.00000000e+00 1.51396801e-01
0.00000000e+00 1.54394757e-01
0.00000000e+00 1.57392714e-01
0.00000000e+00 1.60390670e-01
0.00000000e+00 1.63388627e-01
0.00000000e+00 1.66386583e-01
0.00000000e+00 1.69384539e-01
0.00000000e+00 1.72382496e-01
0.00000000e+00 1.75380452e-01
0.00000000e+00 1.78378409e-01
0.00000000e+00 1.81376365e-01
0.00000000e+00 1.84374322e-01
0.00000000e+00 1.87372278e-01
0.00000000e+00 1.90370235e-01
0.00000000e+00 1.93368191e-01
0.00000000e+00 1.96366147e-01
0.00000000e+00 1.99364104e-01
0.00000000e+00 2.02362060e-01
0.00000000e+00 2.05360017e-01
0.00000000e+00 2.08357973e-01
0.00000000e+00 2.11355930e-01
0.00000000e+00 2.14353886e-01
0.00000000e+00 2.17351843e-01
0.00000000e+00 2.20349799e-01
0.00000000e+00 2.23347756e-01
0.00000000e+00 2.26345712e-01
0.00000000e+00 2.29343668e-01
0.00000000e+00 2.32341625e-01
0.00000000e+00 2.35339581e-01
0.00000000e+00 2.38337538e-01
0.00000000e+00 2.41335494e-01
0.00000000e+00 2.44333451e-01
0.00000000e+00 2.47331407e-01
0.00000000e+00 2.50329364e-01
0.00000000e+00 2.53327320e-01
0.00000000e+00 2.56325276e-01
0.00000000e+00 2.59323233e-01
0.00000000e+00 2.62321189e-01
0.00000000e+00 2.65319146e-01
0.00000000e+00 2.68317102e-01
0.00000000e+00 2.71315059e-01
0.00000000e+00 2.74313015e-01
0.00000000e+00 2.77310972e-01
0.00000000e+00 2.80308928e-01
0.00000000e+00 2.83306885e-01
0.00000000e+00 2.86304841e-01
0.00000000e+00 2.89302797e-01
0.00000000e+00 2.92300754e-01
0.00000000e+00 2.95298710e-01
0.00000000e+00 2.98296667e-01
0.00000000e+00 3.01294623e-01
0.00000000e+00 3.04292580e-01
0.00000000e+00 3.07290536e-01
0.00000000e+00 3.10288493e-01
0.00000000e+00 3.13286449e-01
0.00000000e+00 3.16284405e-01
0.00000000e+00 3.19282362e-01
0.00000000e+00 3.22280318e-01
0.00000000e+00 3.25278275e-01
0.00000000e+00 3.28276231e-01
0.00000000e+00 3.31274188e-01
0.00000000e+00 3.34272144e-01
0.00000000e+00 3.37270101e-01
0.00000000e+00 3.40268057e-01
0.00000000e+00 3.43266014e-01
0.00000000e+00 3.46263970e-01
0.00000000e+00 3.49261926e-01
0.00000000e+00 3.52259883e-01
0.00000000e+00 3.55257839e-01
0.00000000e+00 3.58255796e-01
0.00000000e+00 3.61253752e-01
0.00000000e+00 3.64251709e-01
0.00000000e+00 3.67249665e-01
0.00000000e+00 3.70247622e-01
0.00000000e+00 3.73245578e-01
0.00000000e+00 3.76243535e-01
0.00000000e+00 3.79241491e-01
0.00000000e+00 3.82239447e-01
0.00000000e+00 3.85237404e-01
0.00000000e+00 3.88235360e-01
0.00000000e+00 3.91233317e-01
0.00000000e+00 3.94231273e-01
0.00000000e+00 3.97229230e-01
0.00000000e+00 4.00227186e-01
0.00000000e+00 4.03225143e-01
0.00000000e+00 4.06223099e-01
0.00000000e+00 4.09221055e-01
0.00000000e+00 4.12219012e-01
0.00000000e+00 4.15216968e-01
0.00000000e+00 4.18214925e-01
0.00000000e+00 4.21212881e-01
0.00000000e+00 4.24210838e-01
0.00000000e+00 4.27208794e-01
0.00000000e+00 4.30206751e-01
0.00000000e+00 4.33204707e-01
0.00000000e+00 4.36202664e-01
0.00000000e+00 4.39200620e-01
0.00000000e+00 4.42198576e-01
0.00000000e+00 4.45196533e-01
0.00000000e+00 4.48194489e-01
0.00000000e+00 4.51192446e-01
0.00000000e+00 4.54190402e-01
0.00000000e+00 4.57188359e-01
0.00000000e+00 4.60186315e-01
0.00000000e+00 4.63184272e-01
0.00000000e+00 4.66182228e-01
0.00000000e+00 4.69180184e-01
0.00000000e+00 4.72178141e-01
0.00000000e+00 4.75176097e-01
0.00000000e+00 4.78174054e-01
0.00000000e+00 4.81172010e-01
0.00000000e+00 4.84169967e-01
0.00000000e+00 4.87167923e-01
0.00000000e+00 4.90165880e-01
0.00000000e+00 4.93163836e-01
0.00000000e+00 4.96161793e-01
0.00000000e+00 4.99159749e-01
