% ======================================================
% L-Bracket Method of Moments Solution
% ======================================================
% Frequency: 8.200 GHz
% Wavelength: 0.036560 m
% Segments: N=2736 (1368 horiz + 1368 vert)
% Transmitter: (25.0000, 25.0000) m
%
% Solver: SSOR with hierarchical omega
% omega = 0.1010
% iterations = 340
% convergence = 9.87e-10
% time = 191.05 seconds
% ======================================================
% Format: (real, imaginary) current coefficients
% ======================================================
( 9.25423835e-07,-1.01165462e-06)
( 2.71403678e-06,-4.16434285e-06)
( 4.46615443e-06,-7.08468927e-06)
( 6.21444673e-06,-9.98309912e-06)
( 7.95220705e-06,-1.28556486e-05)
( 9.67527593e-06,-1.56995387e-05)
( 1.13799156e-05,-1.85104228e-05)
( 1.30625799e-05,-2.12834307e-05)
( 1.47198409e-05,-2.40134897e-05)
( 1.63483595e-05,-2.66954661e-05)
( 1.79448760e-05,-2.93242376e-05)
( 1.95062076e-05,-3.18947362e-05)
( 2.10292499e-05,-3.44019754e-05)
( 2.25109799e-05,-3.68410716e-05)
( 2.39484599e-05,-3.92072595e-05)
( 2.53388426e-05,-4.14959065e-05)
( 2.66793751e-05,-4.37025242e-05)
( 2.79674044e-05,-4.58227795e-05)
( 2.92003819e-05,-4.78525044e-05)
( 3.03758679e-05,-4.97877052e-05)
( 3.14915368e-05,-5.16245713e-05)
( 3.25451808e-05,-5.33594832e-05)
( 3.35347146e-05,-5.49890199e-05)
( 3.44581790e-05,-5.65099663e-05)
( 3.53137450e-05,-5.79193194e-05)
( 3.60997173e-05,-5.92142949e-05)
( 3.68145373e-05,-6.03923324e-05)
( 3.74567867e-05,-6.14511011e-05)
( 3.80251893e-05,-6.23885041e-05)
( 3.85186147e-05,-6.32026829e-05)
( 3.89360794e-05,-6.38920211e-05)
( 3.92767494e-05,-6.44551474e-05)
( 3.95399417e-05,-6.48909391e-05)
( 3.97251254e-05,-6.51985235e-05)
( 3.98319231e-05,-6.53772804e-05)
( 3.98601113e-05,-6.54268431e-05)
( 3.98096212e-05,-6.53470990e-05)
( 3.96805385e-05,-6.51381903e-05)
( 3.94731034e-05,-6.48005135e-05)
( 3.91877104e-05,-6.43347187e-05)
( 3.88249069e-05,-6.37417085e-05)
( 3.83853929e-05,-6.30226362e-05)
( 3.78700190e-05,-6.21789035e-05)
( 3.72797853e-05,-6.12121580e-05)
( 3.66158389e-05,-6.01242897e-05)
( 3.58794721e-05,-5.89174277e-05)
( 3.50721198e-05,-5.75939356e-05)
( 3.41953565e-05,-5.61564074e-05)
( 3.32508934e-05,-5.46076621e-05)
( 3.22405751e-05,-5.29507381e-05)
( 3.11663759e-05,-5.11888876e-05)
( 3.00303961e-05,-4.93255700e-05)
( 2.88348575e-05,-4.73644452e-05)
( 2.75820996e-05,-4.53093662e-05)
( 2.62745746e-05,-4.31643721e-05)
( 2.49148429e-05,-4.09336795e-05)
( 2.35055679e-05,-3.86216745e-05)
( 2.20495108e-05,-3.62329044e-05)
( 2.05495253e-05,-3.37720683e-05)
( 1.90085520e-05,-3.12440079e-05)
( 1.74296126e-05,-2.86536982e-05)
( 1.58158038e-05,-2.60062379e-05)
( 1.41702917e-05,-2.33068386e-05)
( 1.24963049e-05,-2.05608155e-05)
( 1.07971290e-05,-1.77735761e-05)
( 9.07609939e-06,-1.49506100e-05)
( 7.33659524e-06,-1.20974782e-05)
( 5.58203256e-06,-9.21980157e-06)
( 3.81585760e-06,-6.32325048e-06)
( 2.04154009e-06,-3.41353305e-06)
( 2.62566380e-07,-4.96384161e-07)
(-1.51756738e-06, 2.42244591e-06)
(-3.29536215e-06, 5.33720287e-06)
(-5.06732283e-06, 8.24213972e-06)
(-6.82996520e-06, 1.11315282e-05)
(-8.57982275e-06, 1.39996698e-05)
(-1.03134535e-05, 1.68409077e-05)
(-1.20274468e-05, 1.96496371e-05)
(-1.37184301e-05, 2.24203169e-05)
(-1.53830754e-05, 2.51474803e-05)
(-1.70181061e-05, 2.78257461e-05)
(-1.86203033e-05, 3.04498287e-05)
(-2.01865121e-05, 3.30145490e-05)
(-2.17136481e-05, 3.55148445e-05)
(-2.31987030e-05, 3.79457795e-05)
(-2.46387513e-05, 4.03025546e-05)
(-2.60309551e-05, 4.25805164e-05)
(-2.73725708e-05, 4.47751667e-05)
(-2.86609536e-05, 4.68821713e-05)
(-2.98935634e-05, 4.88973688e-05)
(-3.10679694e-05, 5.08167787e-05)
(-3.21818551e-05, 5.26366093e-05)
(-3.32330231e-05, 5.43532653e-05)
(-3.42193990e-05, 5.59633550e-05)
(-3.51390359e-05, 5.74636969e-05)
(-3.59901182e-05, 5.88513260e-05)
(-3.67709651e-05, 6.01234999e-05)
(-3.74800342e-05, 6.12777042e-05)
(-3.81159241e-05, 6.23116573e-05)
(-3.86773778e-05, 6.32233152e-05)
(-3.91632848e-05, 6.40108755e-05)
(-3.95726836e-05, 6.46727810e-05)
(-3.99047632e-05, 6.52077228e-05)
(-4.01588655e-05, 6.56146428e-05)
(-4.03344857e-05, 6.58927363e-05)
(-4.04312742e-05, 6.60414531e-05)
(-4.04490367e-05, 6.60604988e-05)
(-4.03877351e-05, 6.59498355e-05)
(-4.02474872e-05, 6.57096819e-05)
(-4.00285667e-05, 6.53405129e-05)
(-3.97314028e-05, 6.48430586e-05)
(-3.93565792e-05, 6.42183029e-05)
(-3.89048330e-05, 6.34674819e-05)
(-3.83770535e-05, 6.25920809e-05)
(-3.77742802e-05, 6.15938321e-05)
(-3.70977009e-05, 6.04747107e-05)
(-3.63486493e-05, 5.92369315e-05)
(-3.55286026e-05, 5.78829441e-05)
(-3.46391785e-05, 5.64154284e-05)
(-3.36821317e-05, 5.48372891e-05)
(-3.26593512e-05, 5.31516501e-05)
(-3.15728557e-05, 5.13618484e-05)
(-3.04247903e-05, 4.94714272e-05)
(-2.92174220e-05, 4.74841295e-05)
(-2.79531353e-05, 4.54038900e-05)
(-2.66344275e-05, 4.32348278e-05)
(-2.52639036e-05, 4.09812383e-05)
(-2.38442714e-05, 3.86475842e-05)
(-2.23783360e-05, 3.62384873e-05)
(-2.08689943e-05, 3.37587190e-05)
(-1.93192294e-05, 3.12131909e-05)
(-1.77321043e-05, 2.86069452e-05)
(-1.61107565e-05, 2.59451446e-05)
(-1.44583909e-05, 2.32330622e-05)
(-1.27782743e-05, 2.04760710e-05)
(-1.10737285e-05, 1.76796332e-05)
(-9.34812362e-06, 1.48492895e-05)
(-7.60487180e-06, 1.19906481e-05)
(-5.84742004e-06, 9.10937356e-06)
(-4.07924358e-06, 6.21117555e-06)
(-2.30383894e-06, 3.30179767e-06)
(-5.24716977e-07, 3.87005986e-07)
( 1.25460409e-06,-2.52742240e-06)
( 3.03060567e-06,-5.43571077e-06)
( 4.79977579e-06,-8.33209423e-06)
( 6.55861606e-06,-1.12108311e-05)
( 8.30364866e-06,-1.40662145e-05)
( 1.00314233e-05,-1.68925832e-05)
( 1.17385238e-05,-1.96843333e-05)
( 1.34215755e-05,-2.24359292e-05)
( 1.50772512e-05,-2.51419145e-05)
( 1.67022784e-05,-2.77969226e-05)
( 1.82934456e-05,-3.03956880e-05)
( 1.98476085e-05,-3.29330559e-05)
( 2.13616966e-05,-3.54039930e-05)
( 2.28327191e-05,-3.78035973e-05)
( 2.42577709e-05,-4.01271079e-05)
( 2.56340383e-05,-4.23699140e-05)
( 2.69588050e-05,-4.45275648e-05)
( 2.82294570e-05,-4.65957775e-05)
( 2.94434879e-05,-4.85704465e-05)
( 3.05985042e-05,-5.04476511e-05)
( 3.16922300e-05,-5.22236632e-05)
( 3.27225112e-05,-5.38949550e-05)
( 3.36873199e-05,-5.54582060e-05)
( 3.45847590e-05,-5.69103091e-05)
( 3.54130650e-05,-5.82483773e-05)
( 3.61706124e-05,-5.94697492e-05)
( 3.68559165e-05,-6.05719942e-05)
( 3.74676363e-05,-6.15529171e-05)
( 3.80045774e-05,-6.24105633e-05)
( 3.84656944e-05,-6.31432214e-05)
( 3.88500925e-05,-6.37494279e-05)
( 3.91570299e-05,-6.42279689e-05)
( 3.93859190e-05,-6.45778834e-05)
( 3.95363274e-05,-6.47984646e-05)
( 3.96079790e-05,-6.48892618e-05)
( 3.96007544e-05,-6.48500808e-05)
( 3.95146913e-05,-6.46809846e-05)
( 3.93499841e-05,-6.43822931e-05)
( 3.91069838e-05,-6.39545826e-05)
( 3.87861970e-05,-6.33986844e-05)
( 3.83882854e-05,-6.27156834e-05)
( 3.79140637e-05,-6.19069160e-05)
( 3.73644985e-05,-6.09739670e-05)
( 3.67407062e-05,-5.99186670e-05)
( 3.60439509e-05,-5.87430883e-05)
( 3.52756415e-05,-5.74495413e-05)
( 3.44373293e-05,-5.60405693e-05)
( 3.35307044e-05,-5.45189439e-05)
( 3.25575929e-05,-5.28876594e-05)
( 3.15199526e-05,-5.11499269e-05)
( 3.04198697e-05,-4.93091677e-05)
( 2.92595540e-05,-4.73690068e-05)
( 2.80413350e-05,-4.53332658e-05)
( 2.67676569e-05,-4.32059548e-05)
( 2.54410739e-05,-4.09912652e-05)
( 2.40642448e-05,-3.86935606e-05)
( 2.26399280e-05,-3.63173689e-05)
( 2.11709760e-05,-3.38673729e-05)
( 1.96603292e-05,-3.13484012e-05)
( 1.81110105e-05,-2.87654186e-05)
( 1.65261192e-05,-2.61235162e-05)
( 1.49088246e-05,-2.34279014e-05)
( 1.32623597e-05,-2.06838878e-05)
( 1.15900151e-05,-1.78968844e-05)
( 9.89513172e-06,-1.50723849e-05)
( 8.18109484e-06,-1.22159572e-05)
( 6.45132691e-06,-9.33323204e-06)
( 4.70928089e-06,-6.42989200e-06)
( 2.95843327e-06,-3.51166031e-06)
( 1.20227723e-06,-5.84289488e-07)
(-5.55684419e-07, 2.34644996e-06)
(-2.31194616e-06, 5.27478096e-06)
(-4.06300676e-06, 8.19493129e-06)
(-5.80537628e-06, 1.11011449e-05)
(-7.53558298e-06, 1.39876934e-05)
(-9.25018026e-06, 1.68488873e-05)
(-1.09457535e-05, 1.96790869e-05)
(-1.26189268e-05, 2.24727142e-05)
(-1.42663698e-05, 2.52242630e-05)
(-1.58848042e-05, 2.79283103e-05)
(-1.74710104e-05, 3.05795270e-05)
(-1.90218336e-05, 3.31726880e-05)
(-2.05341903e-05, 3.57026829e-05)
(-2.20050745e-05, 3.81645257e-05)
(-2.34315632e-05, 4.05533651e-05)
(-2.48108228e-05, 4.28644935e-05)
(-2.61401142e-05, 4.50933567e-05)
(-2.74167983e-05, 4.72355625e-05)
(-2.86383414e-05, 4.92868896e-05)
(-2.98023202e-05, 5.12432959e-05)
(-3.09064261e-05, 5.31009263e-05)
(-3.19484705e-05, 5.48561202e-05)
(-3.29263883e-05, 5.65054189e-05)
(-3.38382425e-05, 5.80455724e-05)
(-3.46822279e-05, 5.94735456e-05)
(-3.54566743e-05, 6.07865243e-05)
(-3.61600502e-05, 6.19819208e-05)
(-3.67909653e-05, 6.30573789e-05)
(-3.73481738e-05, 6.40107786e-05)
(-3.78305760e-05, 6.48402400e-05)
(-3.82372212e-05, 6.55441274e-05)
(-3.85673090e-05, 6.61210520e-05)
(-3.88201910e-05, 6.65698751e-05)
(-3.89953718e-05, 6.68897098e-05)
(-3.90925104e-05, 6.70799232e-05)
(-3.91114201e-05, 6.71401373e-05)
(-3.90520693e-05, 6.70702299e-05)
(-3.89145813e-05, 6.68703345e-05)
(-3.86992339e-05, 6.65408404e-05)
(-3.84064589e-05, 6.60823919e-05)
(-3.80368410e-05, 6.54958866e-05)
(-3.75911167e-05, 6.47824739e-05)
(-3.70701726e-05, 6.39435527e-05)
(-3.64750436e-05, 6.29807688e-05)
(-3.58069110e-05, 6.18960111e-05)
(-3.50670995e-05, 6.06914083e-05)
(-3.42570751e-05, 5.93693248e-05)
(-3.33784417e-05, 5.79323556e-05)
(-3.24329380e-05, 5.63833214e-05)
(-3.14224341e-05, 5.47252630e-05)
(-3.03489273e-05, 5.29614356e-05)
(-2.92145384e-05, 5.10953019e-05)
(-2.80215074e-05, 4.91305254e-05)
(-2.67721890e-05, 4.70709634e-05)
(-2.54690475e-05, 4.49206593e-05)
(-2.41146525e-05, 4.26838346e-05)
(-2.27116731e-05, 4.03648806e-05)
(-2.12628729e-05, 3.79683497e-05)
(-1.97711047e-05, 3.54989466e-05)
(-1.82393041e-05, 3.29615188e-05)
(-1.66704844e-05, 3.03610474e-05)
(-1.50677299e-05, 2.77026371e-05)
(-1.34341904e-05, 2.49915060e-05)
(-1.17730746e-05, 2.22329758e-05)
(-1.00876435e-05, 1.94324608e-05)
(-8.38120462e-06, 1.65954577e-05)
(-6.65710459e-06, 1.37275346e-05)
(-4.91872316e-06, 1.08343199e-05)
(-3.16946619e-06, 7.92149167e-06)
(-1.41275904e-06, 4.99476614e-06)
( 3.47960266e-07, 2.05988654e-06)
( 2.10924780e-06,-8.77388112e-07)
( 3.86766052e-06,-3.81129437e-06)
( 5.61976308e-06,-6.73607568e-06)
( 7.36213456e-06,-9.64599367e-06)
( 9.09137525e-06,-1.25353394e-05)
( 1.08041133e-05,-1.53984447e-05)
( 1.24970112e-05,-1.82296931e-05)
( 1.41667727e-05,-2.10235311e-05)
( 1.58101488e-05,-2.37744788e-05)
( 1.74239446e-05,-2.64771410e-05)
( 1.90050250e-05,-2.91262173e-05)
( 2.05503213e-05,-3.17165133e-05)
( 2.20568370e-05,-3.42429499e-05)
( 2.35216536e-05,-3.67005739e-05)
( 2.49419362e-05,-3.90845677e-05)
( 2.63149394e-05,-4.13902583e-05)
( 2.76380120e-05,-4.36131270e-05)
( 2.89086027e-05,-4.57488181e-05)
( 3.01242650e-05,-4.77931474e-05)
( 3.12826614e-05,-4.97421105e-05)
( 3.23815685e-05,-5.15918905e-05)
( 3.34188809e-05,-5.33388660e-05)
( 3.43926155e-05,-5.49796176e-05)
( 3.53009151e-05,-5.65109352e-05)
( 3.61420520e-05,-5.79298237e-05)
( 3.69144315e-05,-5.92335097e-05)
( 3.76165945e-05,-6.04194462e-05)
( 3.82472206e-05,-6.14853181e-05)
( 3.88051306e-05,-6.24290466e-05)
( 3.92892883e-05,-6.32487933e-05)
( 3.96988030e-05,-6.39429641e-05)
( 4.00329306e-05,-6.45102118e-05)
( 4.02910753e-05,-6.49494395e-05)
( 4.04727905e-05,-6.52598022e-05)
( 4.05777796e-05,-6.54407087e-05)
( 4.06058964e-05,-6.54918230e-05)
( 4.05571454e-05,-6.54130646e-05)
( 4.04316815e-05,-6.52046089e-05)
( 4.02298096e-05,-6.48668873e-05)
( 3.99519841e-05,-6.44005855e-05)
( 3.95988078e-05,-6.38066430e-05)
( 3.91710303e-05,-6.30862510e-05)
( 3.86695469e-05,-6.22408500e-05)
( 3.80953963e-05,-6.12721271e-05)
( 3.74497588e-05,-6.01820130e-05)
( 3.67339537e-05,-5.89726778e-05)
( 3.59494365e-05,-5.76465270e-05)
( 3.50977963e-05,-5.62061968e-05)
( 3.41807522e-05,-5.46545492e-05)
( 3.32001501e-05,-5.29946660e-05)
( 3.21579588e-05,-5.12298431e-05)
( 3.10562663e-05,-4.93635839e-05)
( 2.98972754e-05,-4.73995926e-05)
( 2.86832992e-05,-4.53417668e-05)
( 2.74167570e-05,-4.31941902e-05)
( 2.61001688e-05,-4.09611240e-05)
( 2.47361509e-05,-3.86469993e-05)
( 2.33274103e-05,-3.62564080e-05)
( 2.18767395e-05,-3.37940939e-05)
( 2.03870111e-05,-3.12649433e-05)
( 1.88611718e-05,-2.86739757e-05)
( 1.73022369e-05,-2.60263336e-05)
( 1.57132841e-05,-2.33272728e-05)
( 1.40974476e-05,-2.05821517e-05)
( 1.24579118e-05,-1.77964213e-05)
( 1.07979053e-05,-1.49756138e-05)
( 9.12069422e-06,-1.21253323e-05)
( 7.42957583e-06,-9.25123975e-06)
( 5.72787230e-06,-6.35904737e-06)
( 4.01892402e-06,-3.45450396e-06)
( 2.30608305e-06,-5.43384277e-07)
( 5.92706608e-07, 2.36852223e-06)
(-1.11784955e-06, 5.27542284e-06)
(-2.82223767e-06, 8.17153294e-06)
(-4.51712456e-06, 1.10510875e-05)
(-6.19919812e-06, 1.39083523e-05)
(-7.86517377e-06, 1.67376354e-05)
(-9.51180091e-06, 1.95332982e-05)
(-1.11358692e-05, 2.22897668e-05)
(-1.27342150e-05, 2.50015427e-05)
(-1.43037272e-05, 2.76632141e-05)
(-1.58413536e-05, 3.02694660e-05)
(-1.73441067e-05, 3.28150914e-05)
(-1.88090697e-05, 3.52950009e-05)
(-2.02334018e-05, 3.77042336e-05)
(-2.16143440e-05, 4.00379659e-05)
(-2.29492247e-05, 4.22915223e-05)
(-2.42354641e-05, 4.44603835e-05)
(-2.54705802e-05, 4.65401962e-05)
(-2.66521929e-05, 4.85267814e-05)
(-2.77780287e-05, 5.04161427e-05)
(-2.88459255e-05, 5.22044745e-05)
(-2.98538364e-05, 5.38881693e-05)
(-3.07998338e-05, 5.54638251e-05)
(-3.16821133e-05, 5.69282523e-05)
(-3.24989967e-05, 5.82784797e-05)
(-3.32489357e-05, 5.95117608e-05)
(-3.39305148e-05, 6.06255793e-05)
(-3.45424539e-05, 6.16176539e-05)
(-3.50836107e-05, 6.24859435e-05)
(-3.55529831e-05, 6.32286505e-05)
(-3.59497110e-05, 6.38442251e-05)
(-3.62730780e-05, 6.43313685e-05)
(-3.65225126e-05, 6.46890351e-05)
(-3.66975896e-05, 6.49164350e-05)
(-3.67980304e-05, 6.50130358e-05)
(-3.68237040e-05, 6.49785634e-05)
(-3.67746269e-05, 6.48130032e-05)
(-3.66509632e-05, 6.45165996e-05)
(-3.64530240e-05, 6.40898563e-05)
(-3.61812672e-05, 6.35335348e-05)
(-3.58362960e-05, 6.28486536e-05)
(-3.54188581e-05, 6.20364860e-05)
(-3.49298441e-05, 6.10985577e-05)
(-3.43702856e-05, 6.00366441e-05)
(-3.37413534e-05, 5.88527666e-05)
(-3.30443548e-05, 5.75491892e-05)
(-3.22807315e-05, 5.61284136e-05)
(-3.14520561e-05, 5.45931748e-05)
(-3.05600296e-05, 5.29464356e-05)
(-2.96064779e-05, 5.11913811e-05)
(-2.85933480e-05, 4.93314120e-05)
(-2.75227040e-05, 4.73701386e-05)
(-2.63967238e-05, 4.53113733e-05)
(-2.52176938e-05, 4.31591236e-05)
(-2.39880052e-05, 4.09175838e-05)
(-2.27101490e-05, 3.85911271e-05)
(-2.13867108e-05, 3.61842970e-05)
(-2.00203662e-05, 3.37017983e-05)
(-1.86138754e-05, 3.11484882e-05)
(-1.71700775e-05, 2.85293662e-05)
(-1.56918851e-05, 2.58495648e-05)
(-1.41822788e-05, 2.31143392e-05)
(-1.26443008e-05, 2.03290569e-05)
(-1.10810493e-05, 1.74991875e-05)
(-9.49567255e-06, 1.46302913e-05)
(-7.89136208e-06, 1.17280091e-05)
(-6.27134694e-06, 8.79805037e-06)
(-4.63888708e-06, 5.84618257e-06)
(-2.99726703e-06, 2.87821939e-06)
(-1.34978940e-06,-9.99905523e-08)
( 3.00231646e-07,-3.08257530e-06)
( 1.94947688e-06,-6.06365116e-06)
( 3.59462860e-06,-9.03733436e-06)
( 5.23237711e-06,-1.19977526e-05)
( 6.85942731e-06,-1.49390569e-05)
( 8.47250517e-06,-1.78554328e-05)
( 1.00683642e-05,-2.07411122e-05)
( 1.16437917e-05,-2.35903848e-05)
( 1.31956156e-05,-2.63976090e-05)
( 1.47207099e-05,-2.91572238e-05)
( 1.62160018e-05,-3.18637591e-05)
( 1.76784769e-05,-3.45118470e-05)
( 1.91051858e-05,-3.70962324e-05)
( 2.04932497e-05,-3.96117835e-05)
( 2.18398659e-05,-4.20535015e-05)
( 2.31423136e-05,-4.44165314e-05)
( 2.43979594e-05,-4.66961710e-05)
( 2.56042622e-05,-4.88878805e-05)
( 2.67587784e-05,-5.09872914e-05)
( 2.78591668e-05,-5.29902156e-05)
( 2.89031931e-05,-5.48926532e-05)
( 2.98887346e-05,-5.66908008e-05)
( 3.08137840e-05,-5.83810592e-05)
( 3.16764539e-05,-5.99600403e-05)
( 3.24749801e-05,-6.14245742e-05)
( 3.32077256e-05,-6.27717151e-05)
( 3.38731834e-05,-6.39987477e-05)
( 3.44699796e-05,-6.51031924e-05)
( 3.49968766e-05,-6.60828102e-05)
( 3.54527751e-05,-6.69356074e-05)
( 3.58367163e-05,-6.76598394e-05)
( 3.61478843e-05,-6.82540145e-05)
( 3.63856072e-05,-6.87168967e-05)
( 3.65493590e-05,-6.90475084e-05)
( 3.66387600e-05,-6.92451321e-05)
( 3.66535785e-05,-6.93093122e-05)
( 3.65937305e-05,-6.92398559e-05)
( 3.64592801e-05,-6.90368335e-05)
( 3.62504399e-05,-6.87005786e-05)
( 3.59675699e-05,-6.82316871e-05)
( 3.56111774e-05,-6.76310166e-05)
( 3.51819157e-05,-6.68996841e-05)
( 3.46805829e-05,-6.60390645e-05)
( 3.41081207e-05,-6.50507876e-05)
( 3.34656120e-05,-6.39367348e-05)
( 3.27542792e-05,-6.26990358e-05)
( 3.19754816e-05,-6.13400642e-05)
( 3.11307132e-05,-5.98624326e-05)
( 3.02215990e-05,-5.82689881e-05)
( 2.92498925e-05,-5.65628061e-05)
( 2.82174719e-05,-5.47471846e-05)
( 2.71263365e-05,-5.28256374e-05)
( 2.59786029e-05,-5.08018875e-05)
( 2.47765005e-05,-4.86798596e-05)
( 2.35223676e-05,-4.64636724e-05)
( 2.22186462e-05,-4.41576303e-05)
( 2.08678777e-05,-4.17662151e-05)
( 1.94726976e-05,-3.92940773e-05)
( 1.80358305e-05,-3.67460262e-05)
( 1.65600843e-05,-3.41270213e-05)
( 1.50483452e-05,-3.14421619e-05)
( 1.35035716e-05,-2.86966773e-05)
( 1.19287884e-05,-2.58959163e-05)
( 1.03270810e-05,-2.30453365e-05)
( 8.70158913e-06,-2.01504939e-05)
( 7.05550071e-06,-1.72170316e-05)
( 5.39204546e-06,-1.42506687e-05)
( 3.71448855e-06,-1.12571889e-05)
( 2.02612411e-06,-8.24242946e-06)
( 3.30268663e-07,-5.21226895e-06)
(-1.36974539e-06,-2.17261625e-06)
(-3.07057643e-06, 8.70601470e-07)
(-4.76888025e-06, 3.91145037e-06)
(-6.46131668e-06, 6.94400170e-06)
(-8.14455621e-06, 9.96234357e-06)
(-9.81528663e-06, 1.29605926e-05)
(-1.14702196e-05, 1.59329055e-05)
(-1.31060971e-05, 1.88734908e-05)
(-1.47196980e-05, 2.17766201e-05)
(-1.63078446e-05, 2.46366395e-05)
(-1.78674084e-05, 2.74479809e-05)
(-1.93953171e-05, 3.02051728e-05)
(-2.08885601e-05, 3.29028511e-05)
(-2.23441945e-05, 3.55357698e-05)
(-2.37593513e-05, 3.80988114e-05)
(-2.51312410e-05, 4.05869970e-05)
(-2.64571587e-05, 4.29954959e-05)
(-2.77344902e-05, 4.53196355e-05)
(-2.89607164e-05, 4.75549100e-05)
(-3.01334191e-05, 4.96969900e-05)
(-3.12502849e-05, 5.17417303e-05)
(-3.23091108e-05, 5.36851785e-05)
(-3.33078076e-05, 5.55235827e-05)
(-3.42444045e-05, 5.72533987e-05)
(-3.51170532e-05, 5.88712972e-05)
(-3.59240311e-05, 6.03741703e-05)
(-3.66637449e-05, 6.17591374e-05)
(-3.73347338e-05, 6.30235509e-05)
(-3.79356723e-05, 6.41650017e-05)
(-3.84653726e-05, 6.51813234e-05)
(-3.89227876e-05, 6.60705968e-05)
(-3.93070119e-05, 6.68311538e-05)
(-3.96172844e-05, 6.74615803e-05)
(-3.98529897e-05, 6.79607188e-05)
(-4.00136586e-05, 6.83276713e-05)
(-4.00989697e-05, 6.85618002e-05)
(-4.01087498e-05, 6.86627300e-05)
(-4.00429740e-05, 6.86303479e-05)
(-3.99017657e-05, 6.84648037e-05)
(-3.96853966e-05, 6.81665095e-05)
(-3.93942857e-05, 6.77361391e-05)
(-3.90289987e-05, 6.71746261e-05)
(-3.85902466e-05, 6.64831625e-05)
(-3.80788845e-05, 6.56631957e-05)
(-3.74959093e-05, 6.47164259e-05)
(-3.68424582e-05, 6.36448028e-05)
(-3.61198062e-05, 6.24505211e-05)
(-3.53293631e-05, 6.11360167e-05)
(-3.44726713e-05, 5.97039613e-05)
(-3.35514020e-05, 5.81572575e-05)
(-3.25673523e-05, 5.64990325e-05)
(-3.15224412e-05, 5.47326321e-05)
(-3.04187060e-05, 5.28616141e-05)
(-2.92582977e-05, 5.08897409e-05)
(-2.80434773e-05, 4.88209724e-05)
(-2.67766108e-05, 4.66594576e-05)
(-2.54601642e-05, 4.44095266e-05)
(-2.40966993e-05, 4.20756822e-05)
(-2.26888677e-05, 3.96625905e-05)
(-2.12394059e-05, 3.71750718e-05)
(-1.97511299e-05, 3.46180911e-05)
(-1.82269292e-05, 3.19967481e-05)
(-1.66697611e-05, 2.93162671e-05)
(-1.50826450e-05, 2.65819869e-05)
(-1.34686559e-05, 2.37993496e-05)
(-1.18309188e-05, 2.09738906e-05)
(-1.01726020e-05, 1.81112267e-05)
(-8.49691084e-06, 1.52170460e-05)
(-6.80708157e-06, 1.22970957e-05)
(-5.10637459e-06, 9.35717130e-06)
(-3.39806811e-06, 6.40310502e-06)
(-1.68545156e-06, 3.44075411e-06)
( 2.81809071e-08, 4.75989394e-07)
( 1.73953700e-06,-2.48531634e-06)
( 3.44533278e-06,-5.43729997e-06)
( 5.14229919e-06,-8.37411963e-06)
( 6.82718852e-06,-1.12899662e-05)
( 8.49678081e-06,-1.41790748e-05)
( 1.01478902e-05,-1.70357360e-05)
( 1.17773713e-05,-1.98543076e-05)
( 1.33821253e-05,-2.26292251e-05)
( 1.49591058e-05,-2.53550128e-05)
( 1.65053254e-05,-2.80262951e-05)
( 1.80178609e-05,-3.06378065e-05)
( 1.94938595e-05,-3.31844021e-05)
( 2.09305440e-05,-3.56610679e-05)
( 2.23252184e-05,-3.80629305e-05)
( 2.36752731e-05,-4.03852669e-05)
( 2.49781898e-05,-4.26235133e-05)
( 2.62315467e-05,-4.47732745e-05)
( 2.74330226e-05,-4.68303324e-05)
( 2.85804021e-05,-4.87906544e-05)
( 2.96715790e-05,-5.06504010e-05)
( 3.07045610e-05,-5.24059334e-05)
( 3.16774730e-05,-5.40538210e-05)
( 3.25885610e-05,-5.55908477e-05)
( 3.34361949e-05,-5.70140183e-05)
( 3.42188721e-05,-5.83205644e-05)
( 3.49352196e-05,-5.95079499e-05)
( 3.55839973e-05,-6.05738757e-05)
( 3.61640994e-05,-6.15162844e-05)
( 3.66745571e-05,-6.23333643e-05)
( 3.71145396e-05,-6.30235527e-05)
( 3.74833560e-05,-6.35855392e-05)
( 3.77804564e-05,-6.40182680e-05)
( 3.80054321e-05,-6.43209402e-05)
( 3.81580172e-05,-6.44930150e-05)
( 3.82380878e-05,-6.45342111e-05)
( 3.82456628e-05,-6.44445069e-05)
( 3.81809030e-05,-6.42241407e-05)
( 3.80441110e-05,-6.38736099e-05)
( 3.78357299e-05,-6.33936703e-05)
( 3.75563424e-05,-6.27853346e-05)
( 3.72066694e-05,-6.20498701e-05)
( 3.67875681e-05,-6.11887962e-05)
( 3.63000301e-05,-6.02038816e-05)
( 3.57451792e-05,-5.90971408e-05)
( 3.51242691e-05,-5.78708297e-05)
( 3.44386803e-05,-5.65274417e-05)
( 3.36899172e-05,-5.50697021e-05)
( 3.28796050e-05,-5.35005634e-05)
( 3.20094863e-05,-5.18231991e-05)
( 3.10814168e-05,-5.00409975e-05)
( 3.00973625e-05,-4.81575548e-05)
( 2.90593943e-05,-4.61766686e-05)
( 2.79696846e-05,-4.41023296e-05)
( 2.68305024e-05,-4.19387144e-05)
( 2.56442086e-05,-3.96901771e-05)
( 2.44132514e-05,-3.73612405e-05)
( 2.31401608e-05,-3.49565874e-05)
( 2.18275438e-05,-3.24810513e-05)
( 2.04780789e-05,-2.99396068e-05)
( 1.90945105e-05,-2.73373602e-05)
( 1.76796438e-05,-2.46795388e-05)
( 1.62363385e-05,-2.19714811e-05)
( 1.47675035e-05,-1.92186263e-05)
( 1.32760909e-05,-1.64265031e-05)
( 1.17650897e-05,-1.36007195e-05)
( 1.02375203e-05,-1.07469511e-05)
( 8.69642842e-06,-7.87093035e-06)
( 7.14487851e-06,-4.97843523e-06)
( 5.58594816e-06,-2.07527761e-06)
( 4.02272178e-06, 8.32707982e-07)
( 2.45828448e-06, 3.73967593e-06)
( 8.95715962e-07, 6.63978104e-06)
(-6.61915518e-07, 9.52719007e-06)
(-2.21155924e-06, 1.23960932e-05)
(-3.75018801e-06, 1.52407157e-05)
(-5.27480406e-06, 1.80553288e-05)
(-6.78244497e-06, 2.08342618e-05)
(-8.27018939e-06, 2.35719125e-05)
(-9.73516277e-06, 2.62627587e-05)
(-1.11745429e-05, 2.89013691e-05)
(-1.25855655e-05, 3.14824138e-05)
(-1.39655292e-05, 3.40006752e-05)
(-1.53118013e-05, 3.64510579e-05)
(-1.66218223e-05, 3.88285992e-05)
(-1.78931110e-05, 4.11284789e-05)
(-1.91232694e-05, 4.33460286e-05)
(-2.03099869e-05, 4.54767411e-05)
(-2.14510450e-05, 4.75162794e-05)
(-2.25443211e-05, 4.94604856e-05)
(-2.35877930e-05, 5.13053885e-05)
(-2.45795422e-05, 5.30472124e-05)
(-2.55177576e-05, 5.46823839e-05)
(-2.64007391e-05, 5.62075395e-05)
(-2.72269001e-05, 5.76195322e-05)
(-2.79947712e-05, 5.89154379e-05)
(-2.87030021e-05, 6.00925611e-05)
(-2.93503645e-05, 6.11484407e-05)
(-2.99357538e-05, 6.20808547e-05)
(-3.04581916e-05, 6.28878250e-05)
(-3.09168269e-05, 6.35676211e-05)
(-3.13109375e-05, 6.41187641e-05)
(-3.16399315e-05, 6.45400295e-05)
(-3.19033478e-05, 6.48304499e-05)
(-3.21008570e-05, 6.49893170e-05)
(-3.22322615e-05, 6.50161834e-05)
(-3.22974961e-05, 6.49108634e-05)
(-3.22966270e-05, 6.46734338e-05)
(-3.22298524e-05, 6.43042338e-05)
(-3.20975011e-05, 6.38038648e-05)
(-3.19000318e-05, 6.31731888e-05)
(-3.16380319e-05, 6.24133277e-05)
(-3.13122164e-05, 6.15256609e-05)
(-3.09234256e-05, 6.05118226e-05)
(-3.04726236e-05, 5.93736993e-05)
(-2.99608963e-05, 5.81134259e-05)
(-2.93894484e-05, 5.67333818e-05)
(-2.87596014e-05, 5.52361866e-05)
(-2.80727906e-05, 5.36246948e-05)
(-2.73305618e-05, 5.19019908e-05)
(-2.65345683e-05, 5.00713827e-05)
(-2.56865672e-05, 4.81363963e-05)
(-2.47884161e-05, 4.61007679e-05)
(-2.38420687e-05, 4.39684375e-05)
(-2.28495714e-05, 4.17435413e-05)
(-2.18130584e-05, 3.94304034e-05)
(-2.07347481e-05, 3.70335276e-05)
(-1.96169378e-05, 3.45575888e-05)
(-1.84619995e-05, 3.20074239e-05)
(-1.72723750e-05, 2.93880223e-05)
(-1.60505708e-05, 2.67045163e-05)
(-1.47991534e-05, 2.39621713e-05)
(-1.35207435e-05, 2.11663752e-05)
(-1.22180115e-05, 1.83226283e-05)
(-1.08936715e-05, 1.54365322e-05)
(-9.55047617e-06, 1.25137792e-05)
(-8.19121129e-06, 9.56014079e-06)
(-6.81869006e-06, 6.58145667e-06)
(-5.43574752e-06, 3.58362322e-06)
(-4.04523500e-06, 5.72581850e-07)
(-2.65001434e-06,-2.44569258e-06)
(-1.25295234e-06,-5.46520357e-06)
( 1.43085024e-07,-8.47994475e-06)
( 1.53523818e-06,-1.14839117e-05)
( 2.92065964e-06,-1.44711139e-05)
( 4.29651964e-06,-1.74355865e-05)
( 5.66001165e-06,-2.03714020e-05)
( 7.00835796e-06,-2.32726822e-05)
( 8.33881507e-06,-2.61336098e-05)
( 9.64867914e-06,-2.89484398e-05)
( 1.09352913e-05,-3.17115111e-05)
( 1.21960426e-05,-3.44172576e-05)
( 1.34283798e-05,-3.70602197e-05)
( 1.46298094e-05,-3.96350546e-05)
( 1.57979032e-05,-4.21365473e-05)
( 1.69303030e-05,-4.45596213e-05)
( 1.80247249e-05,-4.68993483e-05)
( 1.90789639e-05,-4.91509584e-05)
( 2.00908982e-05,-5.13098495e-05)
( 2.10584933e-05,-5.33715970e-05)
( 2.19798060e-05,-5.53319622e-05)
( 2.28529882e-05,-5.71869014e-05)
( 2.36762904e-05,-5.89325737e-05)
( 2.44480651e-05,-6.05653491e-05)
( 2.51667700e-05,-6.20818159e-05)
( 2.58309710e-05,-6.34787876e-05)
( 2.64393450e-05,-6.47533093e-05)
( 2.69906825e-05,-6.59026645e-05)
( 2.74838898e-05,-6.69243799e-05)
( 2.79179911e-05,-6.78162310e-05)
( 2.82921305e-05,-6.85762470e-05)
( 2.86055737e-05,-6.92027146e-05)
( 2.88577091e-05,-6.96941819e-05)
( 2.90480492e-05,-7.00494616e-05)
( 2.91762315e-05,-7.02676334e-05)
( 2.92420193e-05,-7.03480468e-05)
( 2.92453018e-05,-7.02903219e-05)
( 2.91860946e-05,-7.00943510e-05)
( 2.90645393e-05,-6.97602990e-05)
( 2.88809038e-05,-6.92886036e-05)
( 2.86355810e-05,-6.86799741e-05)
( 2.83290886e-05,-6.79353914e-05)
( 2.79620677e-05,-6.70561053e-05)
( 2.75352818e-05,-6.60436331e-05)
( 2.70496152e-05,-6.48997566e-05)
( 2.65060709e-05,-6.36265191e-05)
( 2.59057691e-05,-6.22262213e-05)
( 2.52499448e-05,-6.07014175e-05)
( 2.45399455e-05,-5.90549105e-05)
( 2.37772280e-05,-5.72897467e-05)
( 2.29633564e-05,-5.54092101e-05)
( 2.20999981e-05,-5.34168160e-05)
( 2.11889214e-05,-5.13163047e-05)
( 2.02319912e-05,-4.91116341e-05)
( 1.92311658e-05,-4.68069721e-05)
( 1.81884930e-05,-4.44066887e-05)
( 1.71061061e-05,-4.19153478e-05)
( 1.59862194e-05,-3.93376980e-05)
( 1.48311240e-05,-3.66786634e-05)
( 1.36431834e-05,-3.39433348e-05)
( 1.24248287e-05,-3.11369588e-05)
( 1.11785540e-05,-2.82649284e-05)
( 9.90691095e-06,-2.53327721e-05)
( 8.61250435e-06,-2.23461433e-05)
( 7.29798658e-06,-1.93108090e-05)
( 5.96605248e-06,-1.62326389e-05)
( 4.61943402e-06,-1.31175938e-05)
( 3.26089484e-06,-9.97171353e-06)
( 1.89322480e-06,-6.80110575e-06)
( 5.19234424e-07,-3.61193346e-06)
(-8.58250691e-07,-4.10403027e-07)
(-2.23639548e-06, 2.79724799e-06)
(-3.61236109e-06, 6.00476316e-06)
(-4.98331048e-06, 9.20587957e-06)
(-6.34641416e-06, 1.23943401e-05)
(-7.69885579e-06, 1.55639059e-05)
(-9.03783784e-06, 1.87083687e-05)
(-1.03605872e-05, 2.18215628e-05)
(-1.16643606e-05, 2.48973781e-05)
(-1.29464505e-05, 2.79297711e-05)
(-1.42041901e-05, 3.09127778e-05)
(-1.54349589e-05, 3.38405253e-05)
(-1.66361880e-05, 3.67072433e-05)
(-1.78053654e-05, 3.95072755e-05)
(-1.89400409e-05, 4.22350915e-05)
(-2.00378309e-05, 4.48852969e-05)
(-2.10964239e-05, 4.74526450e-05)
(-2.21135844e-05, 4.99320466e-05)
(-2.30871583e-05, 5.23185804e-05)
(-2.40150763e-05, 5.46075030e-05)
(-2.48953593e-05, 5.67942580e-05)
(-2.57261216e-05, 5.88744857e-05)
(-2.65055750e-05, 6.08440313e-05)
(-2.72320329e-05, 6.26989536e-05)
(-2.79039132e-05, 6.44355329e-05)
(-2.85197423e-05, 6.60502783e-05)
(-2.90781574e-05, 6.75399348e-05)
(-2.95779102e-05, 6.89014902e-05)
(-3.00178689e-05, 7.01321806e-05)
(-3.03970210e-05, 7.12294966e-05)
(-3.07144756e-05, 7.21911881e-05)
(-3.09694647e-05, 7.30152689e-05)
(-3.11613460e-05, 7.37000209e-05)
(-3.12896031e-05, 7.42439973e-05)
(-3.13538479e-05, 7.46460264e-05)
(-3.13538208e-05, 7.49052129e-05)
(-3.12893916e-05, 7.50209408e-05)
(-3.11605603e-05, 7.49928743e-05)
(-3.09674565e-05, 7.48209587e-05)
(-3.07103403e-05, 7.45054205e-05)
(-3.03896014e-05, 7.40467673e-05)
(-3.00057584e-05, 7.34457867e-05)
(-2.95594583e-05, 7.27035451e-05)
(-2.90514755e-05, 7.18213854e-05)
(-2.84827098e-05, 7.08009249e-05)
(-2.78541854e-05, 6.96440517e-05)
(-2.71670490e-05, 6.83529214e-05)
(-2.64225670e-05, 6.69299529e-05)
(-2.56221242e-05, 6.53778235e-05)
(-2.47672203e-05, 6.36994641e-05)
(-2.38594674e-05, 6.18980531e-05)
(-2.29005871e-05, 5.99770104e-05)
(-2.18924068e-05, 5.79399908e-05)
(-2.08368567e-05, 5.57908767e-05)
(-1.97359654e-05, 5.35337704e-05)
(-1.85918567e-05, 5.11729863e-05)
(-1.74067449e-05, 4.87130425e-05)
(-1.61829308e-05, 4.61586515e-05)
(-1.49227970e-05, 4.35147116e-05)
(-1.36288034e-05, 4.07862967e-05)
(-1.23034822e-05, 3.79786466e-05)
(-1.09494331e-05, 3.50971567e-05)
(-9.56931793e-06, 3.21473673e-05)
(-8.16585551e-06, 2.91349530e-05)
(-6.74181625e-06, 2.60657111e-05)
(-5.30001663e-06, 2.29455506e-05)
(-3.84331358e-06, 1.97804803e-05)
(-2.37459877e-06, 1.65765971e-05)
(-8.96792839e-07, 1.33400743e-05)
( 5.87160427e-07, 1.00771489e-05)
( 2.07430005e-06, 6.79410976e-06)
( 3.56165377e-06, 3.49728520e-06)
( 5.04624405e-06, 1.93030413e-07)
( 6.52509407e-06,-3.11228486e-06)
( 7.99523370e-06,-6.41228891e-06)
( 9.45370558e-06,-9.70062054e-06)
( 1.08975710e-05,-1.29709415e-05)
( 1.23239160e-05,-1.62169491e-05)
( 1.37298571e-05,-1.94323882e-05)
( 1.51125473e-05,-2.26110639e-05)
( 1.64691818e-05,-2.57468533e-05)
( 1.77970039e-05,-2.88337176e-05)
( 1.90933103e-05,-3.18657140e-05)
( 2.03554568e-05,-3.48370074e-05)
( 2.15808639e-05,-3.77418813e-05)
( 2.27670215e-05,-4.05747496e-05)
( 2.39114950e-05,-4.33301670e-05)
( 2.50119292e-05,-4.60028398e-05)
( 2.60660541e-05,-4.85876363e-05)
( 2.70716889e-05,-5.10795965e-05)
( 2.80267470e-05,-5.34739420e-05)
( 2.89292398e-05,-5.57660852e-05)
( 2.97772815e-05,-5.79516378e-05)
( 3.05690923e-05,-6.00264201e-05)
( 3.13030026e-05,-6.19864682e-05)
( 3.19774562e-05,-6.38280421e-05)
( 3.25910138e-05,-6.55476329e-05)
( 3.31423557e-05,-6.71419693e-05)
( 3.36302849e-05,-6.86080241e-05)
( 3.40537294e-05,-6.99430197e-05)
( 3.44117446e-05,-7.11444338e-05)
( 3.47035153e-05,-7.22100036e-05)
( 3.49283573e-05,-7.31377305e-05)
( 3.50857193e-05,-7.39258836e-05)
( 3.51751834e-05,-7.45730030e-05)
( 3.51964669e-05,-7.50779026e-05)
( 3.51494223e-05,-7.54396719e-05)
( 3.50340380e-05,-7.56576778e-05)
( 3.48504383e-05,-7.57315656e-05)
( 3.45988835e-05,-7.56612596e-05)
( 3.42797690e-05,-7.54469628e-05)
( 3.38936249e-05,-7.50891566e-05)
( 3.34411152e-05,-7.45885993e-05)
( 3.29230359e-05,-7.39463248e-05)
( 3.23403141e-05,-7.31636401e-05)
( 3.16940059e-05,-7.22421226e-05)
( 3.09852944e-05,-7.11836169e-05)
( 3.02154872e-05,-6.99902311e-05)
( 2.93860141e-05,-6.86643320e-05)
( 2.84984242e-05,-6.72085410e-05)
( 2.75543826e-05,-6.56257282e-05)
( 2.65556673e-05,-6.39190069e-05)
( 2.55041658e-05,-6.20917274e-05)
( 2.44018708e-05,-6.01474702e-05)
( 2.32508768e-05,-5.80900386e-05)
( 2.20533755e-05,-5.59234516e-05)
( 2.08116519e-05,-5.36519358e-05)
( 1.95280789e-05,-5.12799167e-05)
( 1.82051134e-05,-4.88120102e-05)
( 1.68452911e-05,-4.62530136e-05)
( 1.54512210e-05,-4.36078959e-05)
( 1.40255808e-05,-4.08817881e-05)
( 1.25711111e-05,-3.80799732e-05)
( 1.10906102e-05,-3.52078756e-05)
( 9.58692805e-06,-3.22710510e-05)
( 8.06296111e-06,-2.92751748e-05)
( 6.52164614e-06,-2.62260318e-05)
( 4.96595445e-06,-2.31295040e-05)
( 3.39888596e-06,-1.99915602e-05)
( 1.82346317e-06,-1.68182435e-05)
( 2.42725135e-07,-1.36156600e-05)
(-1.34027859e-06,-1.03899669e-05)
(-2.92249408e-06,-7.14736045e-06)
(-4.50086909e-06,-3.89406410e-06)
(-6.07235914e-06,-6.36316377e-07)
(-7.63393360e-06, 2.61964111e-06)
(-9.18258169e-06, 5.86757572e-06)
(-1.07153185e-05, 9.10127579e-06)
(-1.22291907e-05, 1.23145626e-05)
(-1.37212828e-05, 1.55013020e-05)
(-1.51887226e-05, 1.86554168e-05)
(-1.66286867e-05, 2.17708975e-05)
(-1.80384065e-05, 2.48418147e-05)
(-1.94151735e-05, 2.78623296e-05)
(-2.07563442e-05, 3.08267058e-05)
(-2.20593458e-05, 3.37293199e-05)
(-2.33216811e-05, 3.65646722e-05)
(-2.45409332e-05, 3.93273972e-05)
(-2.57147701e-05, 4.20122738e-05)
(-2.68409497e-05, 4.46142351e-05)
(-2.79173234e-05, 4.71283779e-05)
(-2.89418410e-05, 4.95499722e-05)
(-2.99125539e-05, 5.18744700e-05)
(-3.08276194e-05, 5.40975136e-05)
(-3.16853037e-05, 5.62149440e-05)
(-3.24839855e-05, 5.82228088e-05)
(-3.32221590e-05, 6.01173692e-05)
(-3.38984363e-05, 6.18951073e-05)
(-3.45115504e-05, 6.35527324e-05)
(-3.50603574e-05, 6.50871871e-05)
(-3.55438382e-05, 6.64956530e-05)
(-3.59611010e-05, 6.77755558e-05)
(-3.63113819e-05, 6.89245703e-05)
(-3.65940470e-05, 6.99406239e-05)
(-3.68085928e-05, 7.08219009e-05)
(-3.69546475e-05, 7.15668458e-05)
(-3.70319709e-05, 7.21741654e-05)
(-3.70404551e-05, 7.26428318e-05)
(-3.69801242e-05, 7.29720833e-05)
(-3.68511340e-05, 7.31614265e-05)
(-3.66537715e-05, 7.32106361e-05)
(-3.63884540e-05, 7.31197558e-05)
(-3.60557282e-05, 7.28890975e-05)
(-3.56562686e-05, 7.25192406e-05)
(-3.51908760e-05, 7.20110308e-05)
(-3.46604757e-05, 7.13655780e-05)
(-3.40661157e-05, 7.05842542e-05)
(-3.34089636e-05, 6.96686902e-05)
(-3.26903050e-05, 6.86207729e-05)
(-3.19115402e-05, 6.74426410e-05)
(-3.10741812e-05, 6.61366807e-05)
(-3.01798488e-05, 6.47055213e-05)
(-2.92302691e-05, 6.31520294e-05)
(-2.82272697e-05, 6.14793040e-05)
(-2.71727761e-05, 5.96906696e-05)
(-2.60688081e-05, 5.77896701e-05)
(-2.49174748e-05, 5.57800620e-05)
(-2.37209713e-05, 5.36658066e-05)
(-2.24815737e-05, 5.14510626e-05)
(-2.12016344e-05, 4.91401780e-05)
(-1.98835781e-05, 4.67376815e-05)
(-1.85298961e-05, 4.42482739e-05)
(-1.71431420e-05, 4.16768189e-05)
(-1.57259265e-05, 3.90283337e-05)
(-1.42809122e-05, 3.63079793e-05)
(-1.28108083e-05, 3.35210507e-05)
(-1.13183656e-05, 3.06729664e-05)
(-9.80637097e-06, 2.77692582e-05)
(-8.27764191e-06, 2.48155607e-05)
(-6.73502137e-06, 2.18176001e-05)
(-5.18137214e-06, 1.87811835e-05)
(-3.61957141e-06, 1.57121874e-05)
(-2.05250535e-06, 1.26165472e-05)
(-4.83063610e-07, 9.50024482e-06)
( 1.08586607e-06, 6.36929800e-06)
( 2.65140332e-06, 3.22974847e-06)
( 4.21068046e-06, 8.76504364e-08)
( 5.76084787e-06,-3.05094098e-06)
( 7.29907920e-06,-6.17998134e-06)
( 8.82257665e-06,-9.29344841e-06)
( 1.03285760e-05,-1.23853537e-05)
( 1.18143517e-05,-1.54497539e-05)
( 1.32772217e-05,-1.84807623e-05)
( 1.47145525e-05,-2.14725597e-05)
( 1.61237638e-05,-2.44194061e-05)
( 1.75023327e-05,-2.73156511e-05)
( 1.88477988e-05,-3.01557451e-05)
( 2.01577682e-05,-3.29342495e-05)
( 2.14299175e-05,-3.56458477e-05)
( 2.26619982e-05,-3.82853544e-05)
( 2.38518405e-05,-4.08477263e-05)
( 2.49973567e-05,-4.33280712e-05)
( 2.60965451e-05,-4.57216576e-05)
( 2.71474932e-05,-4.80239238e-05)
( 2.81483809e-05,-5.02304864e-05)
( 2.90974835e-05,-5.23371487e-05)
( 2.99931746e-05,-5.43399090e-05)
( 3.08339286e-05,-5.62349678e-05)
( 3.16183229e-05,-5.80187358e-05)
( 3.23450407e-05,-5.96878397e-05)
( 3.30128726e-05,-6.12391299e-05)
( 3.36207183e-05,-6.26696854e-05)
( 3.41675886e-05,-6.39768204e-05)
( 3.46526065e-05,-6.51580886e-05)
( 3.50750085e-05,-6.62112885e-05)
( 3.54341454e-05,-6.71344674e-05)
( 3.57294835e-05,-6.79259251e-05)
( 3.59606045e-05,-6.85842175e-05)
( 3.61272065e-05,-6.91081589e-05)
( 3.62291038e-05,-6.94968249e-05)
( 3.62662267e-05,-6.97495537e-05)
( 3.62386216e-05,-6.98659475e-05)
( 3.61464502e-05,-6.98458736e-05)
( 3.59899890e-05,-6.96894644e-05)
( 3.57696283e-05,-6.93971173e-05)
( 3.54858712e-05,-6.89694937e-05)
( 3.51393323e-05,-6.84075185e-05)
( 3.47307363e-05,-6.77123773e-05)
( 3.42609163e-05,-6.68855150e-05)
( 3.37308119e-05,-6.59286330e-05)
( 3.31414673e-05,-6.48436852e-05)
( 3.24940293e-05,-6.36328754e-05)
( 3.17897445e-05,-6.22986519e-05)
( 3.10299572e-05,-6.08437040e-05)
( 3.02161067e-05,-5.92709558e-05)
( 2.93497241e-05,-5.75835612e-05)
( 2.84324300e-05,-5.57848977e-05)
( 2.74659308e-05,-5.38785599e-05)
( 2.64520159e-05,-5.18683524e-05)
( 2.53925540e-05,-4.97582828e-05)
( 2.42894900e-05,-4.75525536e-05)
( 2.31448411e-05,-4.52555542e-05)
( 2.19606931e-05,-4.28718527e-05)
( 2.07391969e-05,-4.04061864e-05)
( 1.94825644e-05,-3.78634533e-05)
( 1.81930645e-05,-3.52487021e-05)
( 1.68730191e-05,-3.25671226e-05)
( 1.55247989e-05,-2.98240355e-05)
( 1.41508195e-05,-2.70248822e-05)
( 1.27535366e-05,-2.41752140e-05)
( 1.13354423e-05,-2.12806811e-05)
( 9.89906038e-06,-1.83470220e-05)
( 8.44694183e-06,-1.53800520e-05)
( 6.98166080e-06,-1.23856517e-05)
( 5.50580985e-06,-9.36975548e-06)
( 4.02199565e-06,-6.33834021e-06)
( 2.53283445e-06,-3.29741296e-06)
( 1.04094761e-06,-2.52999500e-07)
(-4.51042814e-07, 2.78886773e-06)
(-1.94051857e-06, 5.82216148e-06)
(-3.42486960e-06, 8.84087163e-06)
(-4.90149850e-06, 1.18390171e-05)
(-6.36782483e-06, 1.48106577e-05)
(-7.82128951e-06, 1.77499059e-05)
(-9.25935906e-06, 2.06509386e-05)
(-1.06795299e-05, 2.35080087e-05)
(-1.20793324e-05, 2.63154567e-05)
(-1.34563352e-05, 2.90677216e-05)
(-1.48081490e-05, 3.17593524e-05)
(-1.61324310e-05, 3.43850190e-05)
(-1.74268881e-05, 3.69395229e-05)
(-1.86892812e-05, 3.94178071e-05)
(-1.99174289e-05, 4.18149673e-05)
(-2.11092109e-05, 4.41262610e-05)
(-2.22625716e-05, 4.63471171e-05)
(-2.33755235e-05, 4.84731456e-05)
(-2.44461506e-05, 5.05001464e-05)
(-2.54726114e-05, 5.24241174e-05)
(-2.64531421e-05, 5.42412630e-05)
(-2.73860592e-05, 5.59480020e-05)
(-2.82697629e-05, 5.75409747e-05)
(-2.91027391e-05, 5.90170495e-05)
(-2.98835623e-05, 6.03733300e-05)
(-3.06108979e-05, 6.16071606e-05)
(-3.12835046e-05, 6.27161318e-05)
(-3.19002359e-05, 6.36980858e-05)
(-3.24600427e-05, 6.45511204e-05)
(-3.29619748e-05, 6.52735934e-05)
(-3.34051823e-05, 6.58641258e-05)
(-3.37889176e-05, 6.63216050e-05)
(-3.41125359e-05, 6.66451872e-05)
(-3.43754973e-05, 6.68342989e-05)
(-3.45773667e-05, 6.68886387e-05)
(-3.47178156e-05, 6.68081777e-05)
(-3.47966218e-05, 6.65931601e-05)
(-3.48136707e-05, 6.62441025e-05)
(-3.47689548e-05, 6.57617931e-05)
(-3.46625743e-05, 6.51472903e-05)
(-3.44947369e-05, 6.44019209e-05)
(-3.42657574e-05, 6.35272769e-05)
(-3.39760576e-05, 6.25252131e-05)
(-3.36261653e-05, 6.13978432e-05)
(-3.32167138e-05, 6.01475354e-05)
(-3.27484407e-05, 5.87769078e-05)
(-3.22221872e-05, 5.72888234e-05)
(-3.16388963e-05, 5.56863840e-05)
(-3.09996116e-05, 5.39729242e-05)
(-3.03054758e-05, 5.21520047e-05)
(-2.95577284e-05, 5.02274046e-05)
(-2.87577042e-05, 4.82031143e-05)
(-2.79068310e-05, 4.60833273e-05)
(-2.70066272e-05, 4.38724313e-05)
(-2.60586995e-05, 4.15749994e-05)
(-2.50647400e-05, 3.91957811e-05)
(-2.40265239e-05, 3.67396919e-05)
(-2.29459060e-05, 3.42118038e-05)
(-2.18248182e-05, 3.16173345e-05)
(-2.06652659e-05, 2.89616368e-05)
(-1.94693246e-05, 2.62501876e-05)
(-1.82391368e-05, 2.34885765e-05)
(-1.69769081e-05, 2.06824943e-05)
(-1.56849037e-05, 1.78377211e-05)
(-1.43654440e-05, 1.49601145e-05)
(-1.30209013e-05, 1.20555974e-05)
(-1.16536956e-05, 9.13014563e-06)
(-1.02662898e-05, 6.18977556e-06)
(-8.86118648e-06, 3.24053159e-06)
(-7.44092254e-06, 2.88473556e-07)
(-6.00806541e-06,-2.66033589e-06)
(-4.56520831e-06,-5.59984395e-06)
(-3.11496567e-06,-8.52402029e-06)
(-1.65996855e-06,-1.14268696e-05)
(-2.02859906e-07,-1.43024444e-05)
( 1.25371011e-06,-1.71448569e-05)
( 2.70708894e-06,-1.99482919e-05)
( 4.15462643e-06,-2.27070188e-05)
( 5.59367960e-06,-2.54154035e-05)
( 7.02161753e-06,-2.80679200e-05)
( 8.43582619e-06,-3.06591627e-05)
( 9.83371320e-06,-3.31838569e-05)
( 1.12127127e-05,-3.56368705e-05)
( 1.25702903e-05,-3.80132242e-05)
( 1.39039474e-05,-4.03081024e-05)
( 1.52112263e-05,-4.25168632e-05)
( 1.64897150e-05,-4.46350480e-05)
( 1.77370511e-05,-4.66583906e-05)
( 1.89509273e-05,-4.85828270e-05)
( 2.01290951e-05,-5.04045027e-05)
( 2.12693694e-05,-5.21197817e-05)
( 2.23696332e-05,-5.37252537e-05)
( 2.34278410e-05,-5.52177413e-05)
( 2.44420237e-05,-5.65943062e-05)
( 2.54102919e-05,-5.78522561e-05)
( 2.63308400e-05,-5.89891495e-05)
( 2.72019500e-05,-6.00028011e-05)
( 2.80219948e-05,-6.08912859e-05)
( 2.87894415e-05,-6.16529438e-05)
( 2.95028552e-05,-6.22863821e-05)
( 3.01609012e-05,-6.27904789e-05)
( 3.07623486e-05,-6.31643849e-05)
( 3.13060725e-05,-6.34075249e-05)
( 3.17910567e-05,-6.35195994e-05)
( 3.22163962e-05,-6.35005840e-05)
( 3.25812988e-05,-6.33507301e-05)
( 3.28850872e-05,-6.30705636e-05)
( 3.31272009e-05,-6.26608835e-05)
( 3.33071974e-05,-6.21227602e-05)
( 3.34247532e-05,-6.14575325e-05)
( 3.34796654e-05,-6.06668048e-05)
( 3.34718517e-05,-5.97524430e-05)
( 3.34013515e-05,-5.87165705e-05)
( 3.32683260e-05,-5.75615631e-05)
( 3.30730579e-05,-5.62900437e-05)
( 3.28159517e-05,-5.49048764e-05)
( 3.24975328e-05,-5.34091598e-05)
( 3.21184471e-05,-5.18062200e-05)
( 3.16794597e-05,-5.00996036e-05)
( 3.11814540e-05,-4.82930692e-05)
( 3.06254299e-05,-4.63905791e-05)
( 3.00125026e-05,-4.43962907e-05)
( 2.93438999e-05,-4.23145472e-05)
( 2.86209607e-05,-4.01498675e-05)
( 2.78451321e-05,-3.79069368e-05)
( 2.70179670e-05,-3.55905957e-05)
( 2.61411208e-05,-3.32058297e-05)
( 2.52163487e-05,-3.07577585e-05)
( 2.42455021e-05,-2.82516238e-05)
( 2.32305250e-05,-2.56927790e-05)
( 2.21734501e-05,-2.30866762e-05)
( 2.10763951e-05,-2.04388553e-05)
( 1.99415582e-05,-1.77549308e-05)
( 1.87712137e-05,-1.50405806e-05)
( 1.75677078e-05,-1.23015328e-05)
( 1.63334532e-05,-9.54355352e-06)
( 1.50709247e-05,-6.77243428e-06)
( 1.37826541e-05,-3.99397949e-06)
( 1.24712246e-05,-1.21399386e-06)
( 1.11392658e-05, 1.56173023e-06)
( 9.78944796e-06, 4.32742514e-06)
( 8.42447673e-06, 7.07736044e-06)
( 7.04708720e-06, 9.80585520e-06)
( 5.66003819e-06, 1.25072901e-05)
( 4.26610644e-06, 1.51761196e-05)
( 2.86808065e-06, 1.78068833e-05)
( 1.46875556e-06, 2.03942182e-05)
( 7.09259131e-08, 2.29328694e-05)
(-1.32261952e-06, 2.54177014e-05)
(-2.70910401e-06, 2.78437090e-05)
(-4.08576886e-06, 3.02060275e-05)
(-5.44987941e-06, 3.24999429e-05)
(-6.79873102e-06, 3.47209016e-05)
(-8.12965497e-06, 3.68645196e-05)
(-9.44002432e-06, 3.89265919e-05)
(-1.07272597e-05, 4.09031002e-05)
(-1.19888350e-05, 4.27902217e-05)
(-1.32222829e-05, 4.45843364e-05)
(-1.44252005e-05, 4.62820339e-05)
(-1.55952545e-05, 4.78801205e-05)
(-1.67301863e-05, 4.93756248e-05)
(-1.78278173e-05, 5.07658039e-05)
(-1.88860536e-05, 5.20481477e-05)
(-1.99028907e-05, 5.32203838e-05)
(-2.08764180e-05, 5.42804816e-05)
(-2.18048230e-05, 5.52266552e-05)
(-2.26863955e-05, 5.60573665e-05)
(-2.35195312e-05, 5.67713275e-05)
(-2.43027355e-05, 5.73675017e-05)
(-2.50346268e-05, 5.78451054e-05)
(-2.57139393e-05, 5.82036082e-05)
(-2.63395263e-05, 5.84427328e-05)
(-2.69103622e-05, 5.85624544e-05)
(-2.74255451e-05, 5.85629997e-05)
(-2.78842986e-05, 5.84448448e-05)
(-2.82859734e-05, 5.82087132e-05)
(-2.86300488e-05, 5.78555726e-05)
(-2.89161337e-05, 5.73866316e-05)
(-2.91439670e-05, 5.68033360e-05)
(-2.93134185e-05, 5.61073639e-05)
(-2.94244887e-05, 5.53006212e-05)
(-2.94773087e-05, 5.43852356e-05)
(-2.94721394e-05, 5.33635512e-05)
(-2.94093709e-05, 5.22381217e-05)
(-2.92895212e-05, 5.10117038e-05)
(-2.91132347e-05, 4.96872499e-05)
(-2.88812802e-05, 4.82679001e-05)
(-2.85945490e-05, 4.67569747e-05)
(-2.82540523e-05, 4.51579655e-05)
(-2.78609184e-05, 4.34745271e-05)
(-2.74163899e-05, 4.17104676e-05)
(-2.69218199e-05, 3.98697396e-05)
(-2.63786688e-05, 3.79564304e-05)
(-2.57885000e-05, 3.59747521e-05)
(-2.51529760e-05, 3.39290314e-05)
(-2.44738539e-05, 3.18236996e-05)
(-2.37529805e-05, 2.96632820e-05)
(-2.29922875e-05, 2.74523871e-05)
(-2.21937865e-05, 2.51956961e-05)
(-2.13595634e-05, 2.28979521e-05)
(-2.04917728e-05, 2.05639492e-05)
(-1.95926325e-05, 1.81985215e-05)
(-1.86644172e-05, 1.58065324e-05)
(-1.77094527e-05, 1.33928632e-05)
(-1.67301095e-05, 1.09624031e-05)
(-1.57287965e-05, 8.52003766e-06)
(-1.47079545e-05, 6.07063845e-06)
(-1.36700496e-05, 3.61905249e-06)
(-1.26175667e-05, 1.17009177e-06)
(-1.15530024e-05,-1.27147694e-06)
(-1.04788587e-05,-3.70094214e-06)
(-9.39763596e-06,-6.11365743e-06)
(-8.31182611e-06,-8.50505108e-06)
(-7.22390594e-06,-1.08706353e-05)
(-6.13633029e-06,-1.32060154e-05)
(-5.05152533e-06,-1.55068982e-05)
(-3.97188196e-06,-1.77691009e-05)
(-2.89974914e-06,-1.99885587e-05)
(-1.83742753e-06,-2.21613325e-05)
(-7.87163000e-07,-2.42836166e-05)
( 2.48859499e-07,-2.63517452e-05)
( 1.26852208e-06,-2.83621992e-05)
( 2.26977981e-06,-3.03116117e-05)
( 3.25066649e-06,-3.21967746e-05)
( 4.20930014e-06,-3.40146428e-05)
( 5.14388841e-06,-3.57623397e-05)
( 6.05273361e-06,-3.74371609e-05)
( 6.93423764e-06,-3.90365785e-05)
( 7.78690661e-06,-4.05582439e-05)
( 8.60935515e-06,-4.19999911e-05)
( 9.40031054e-06,-4.33598387e-05)
( 1.01586165e-05,-4.46359919e-05)
( 1.08832367e-05,-4.58268439e-05)
( 1.15732578e-05,-4.69309766e-05)
( 1.22278926e-05,-4.79471612e-05)
( 1.28464826e-05,-4.88743577e-05)
( 1.34285000e-05,-4.97117147e-05)
( 1.39735495e-05,-5.04585680e-05)
( 1.44813705e-05,-5.11144390e-05)
( 1.49518379e-05,-5.16790331e-05)
( 1.53849628e-05,-5.21522364e-05)
( 1.57808936e-05,-5.25341132e-05)
( 1.61399160e-05,-5.28249026e-05)
( 1.64624529e-05,-5.30250143e-05)
( 1.67490639e-05,-5.31350243e-05)
( 1.70004448e-05,-5.31556705e-05)
( 1.72174263e-05,-5.30878468e-05)
( 1.74009731e-05,-5.29325983e-05)
( 1.75521817e-05,-5.26911146e-05)
( 1.76722790e-05,-5.23647240e-05)
( 1.77626200e-05,-5.19548862e-05)
( 1.78246852e-05,-5.14631854e-05)
( 1.78600785e-05,-5.08913229e-05)
( 1.78705240e-05,-5.02411089e-05)
( 1.78578631e-05,-4.95144546e-05)
( 1.78240517e-05,-4.87133633e-05)
( 1.77711570e-05,-4.78399218e-05)
( 1.77013541e-05,-4.68962907e-05)
( 1.76169229e-05,-4.58846950e-05)
( 1.75202451e-05,-4.48074143e-05)
( 1.74138010e-05,-4.36667717e-05)
( 1.73001666e-05,-4.24651237e-05)
( 1.71820114e-05,-4.12048484e-05)
( 1.70620957e-05,-3.98883340e-05)
( 1.69432691e-05,-3.85179665e-05)
( 1.68284694e-05,-3.70961164e-05)
( 1.67207218e-05,-3.56251258e-05)
( 1.66231399e-05,-3.41072933e-05)
( 1.65389265e-05,-3.25448591e-05)
( 1.64713774e-05,-3.09399881e-05)
( 1.64238854e-05,-2.92947526e-05)
( 1.63999470e-05,-2.76111126e-05)
( 1.64031714e-05,-2.58908944e-05)
( 1.64372928e-05,-2.41357674e-05)
( 1.65061855e-05,-2.23472168e-05)
( 1.66138849e-05,-2.05265141e-05)
( 1.67646124e-05,-1.86746824e-05)
( 1.69628086e-05,-1.67924558e-05)
( 1.72131746e-05,-1.48802328e-05)
( 1.75207242e-05,-1.29380198e-05)
( 1.78908499e-05,-1.09653641e-05)
( 1.83294078e-05,-8.96127092e-06)
( 1.88428240e-05,-6.92410236e-06)
( 1.94382333e-05,-4.85145032e-06)
( 2.01236570e-05,-2.73997557e-06)
( 2.09082362e-05,-5.85201159e-07)
( 2.18025392e-05, 1.61875702e-06)
( 2.28189726e-05, 3.87954703e-06)
( 2.39723387e-05, 6.20706136e-06)
( 2.52806042e-05, 8.61409637e-06)
( 2.67659812e-05, 1.11172756e-05)
( 2.84564791e-05, 1.37383736e-05)
( 3.03881930e-05, 1.65062626e-05)
( 3.26087757e-05, 1.94598651e-05)
( 3.51828940e-05, 2.26527894e-05)
( 3.82011635e-05, 2.61609166e-05)
( 4.17955246e-05, 3.00954552e-05)
( 4.61673821e-05, 3.46268240e-05)
( 5.16432417e-05, 4.00318674e-05)
( 5.87964687e-05, 4.67971595e-05)
( 6.87513051e-05, 5.58768902e-05)
( 8.41751592e-05, 6.95342987e-05)
( 1.11312102e-04, 9.30668750e-05)
( 2.57124990e-04, 2.17105396e-04)
( 9.25415320e-07,-1.01164430e-06)
( 2.71404128e-06,-4.16434796e-06)
( 4.46615215e-06,-7.08468696e-06)
( 6.21444796e-06,-9.98310012e-06)
( 7.95220648e-06,-1.28556483e-05)
( 9.67527620e-06,-1.56995388e-05)
( 1.13799155e-05,-1.85104228e-05)
( 1.30625799e-05,-2.12834307e-05)
( 1.47198409e-05,-2.40134897e-05)
( 1.63483595e-05,-2.66954661e-05)
( 1.79448760e-05,-2.93242376e-05)
( 1.95062076e-05,-3.18947362e-05)
( 2.10292499e-05,-3.44019754e-05)
( 2.25109799e-05,-3.68410716e-05)
( 2.39484599e-05,-3.92072595e-05)
( 2.53388426e-05,-4.14959065e-05)
( 2.66793751e-05,-4.37025242e-05)
( 2.79674044e-05,-4.58227795e-05)
( 2.92003819e-05,-4.78525044e-05)
( 3.03758679e-05,-4.97877052e-05)
( 3.14915368e-05,-5.16245713e-05)
( 3.25451808e-05,-5.33594832e-05)
( 3.35347146e-05,-5.49890200e-05)
( 3.44581789e-05,-5.65099663e-05)
( 3.53137450e-05,-5.79193194e-05)
( 3.60997173e-05,-5.92142949e-05)
( 3.68145373e-05,-6.03923324e-05)
( 3.74567867e-05,-6.14511011e-05)
( 3.80251893e-05,-6.23885041e-05)
( 3.85186147e-05,-6.32026829e-05)
( 3.89360794e-05,-6.38920211e-05)
( 3.92767494e-05,-6.44551474e-05)
( 3.95399417e-05,-6.48909391e-05)
( 3.97251254e-05,-6.51985235e-05)
( 3.98319231e-05,-6.53772804e-05)
( 3.98601113e-05,-6.54268431e-05)
( 3.98096212e-05,-6.53470990e-05)
( 3.96805385e-05,-6.51381903e-05)
( 3.94731034e-05,-6.48005135e-05)
( 3.91877104e-05,-6.43347187e-05)
( 3.88249069e-05,-6.37417085e-05)
( 3.83853929e-05,-6.30226362e-05)
( 3.78700190e-05,-6.21789035e-05)
( 3.72797853e-05,-6.12121580e-05)
( 3.66158389e-05,-6.01242897e-05)
( 3.58794721e-05,-5.89174277e-05)
( 3.50721198e-05,-5.75939356e-05)
( 3.41953565e-05,-5.61564074e-05)
( 3.32508934e-05,-5.46076621e-05)
( 3.22405751e-05,-5.29507381e-05)
( 3.11663759e-05,-5.11888876e-05)
( 3.00303961e-05,-4.93255700e-05)
( 2.88348575e-05,-4.73644452e-05)
( 2.75820996e-05,-4.53093662e-05)
( 2.62745746e-05,-4.31643721e-05)
( 2.49148429e-05,-4.09336795e-05)
( 2.35055679e-05,-3.86216745e-05)
( 2.20495108e-05,-3.62329044e-05)
( 2.05495253e-05,-3.37720683e-05)
( 1.90085520e-05,-3.12440079e-05)
( 1.74296126e-05,-2.86536982e-05)
( 1.58158038e-05,-2.60062379e-05)
( 1.41702917e-05,-2.33068386e-05)
( 1.24963049e-05,-2.05608155e-05)
( 1.07971290e-05,-1.77735761e-05)
( 9.07609939e-06,-1.49506100e-05)
( 7.33659524e-06,-1.20974781e-05)
( 5.58203256e-06,-9.21980157e-06)
( 3.81585760e-06,-6.32325048e-06)
( 2.04154009e-06,-3.41353305e-06)
( 2.62566381e-07,-4.96384159e-07)
(-1.51756738e-06, 2.42244592e-06)
(-3.29536214e-06, 5.33720287e-06)
(-5.06732283e-06, 8.24213972e-06)
(-6.82996520e-06, 1.11315282e-05)
(-8.57982275e-06, 1.39996698e-05)
(-1.03134535e-05, 1.68409077e-05)
(-1.20274468e-05, 1.96496371e-05)
(-1.37184301e-05, 2.24203169e-05)
(-1.53830754e-05, 2.51474803e-05)
(-1.70181061e-05, 2.78257461e-05)
(-1.86203033e-05, 3.04498287e-05)
(-2.01865121e-05, 3.30145490e-05)
(-2.17136481e-05, 3.55148445e-05)
(-2.31987030e-05, 3.79457795e-05)
(-2.46387513e-05, 4.03025546e-05)
(-2.60309551e-05, 4.25805164e-05)
(-2.73725708e-05, 4.47751667e-05)
(-2.86609536e-05, 4.68821713e-05)
(-2.98935634e-05, 4.88973688e-05)
(-3.10679694e-05, 5.08167787e-05)
(-3.21818551e-05, 5.26366093e-05)
(-3.32330231e-05, 5.43532653e-05)
(-3.42193990e-05, 5.59633550e-05)
(-3.51390359e-05, 5.74636969e-05)
(-3.59901182e-05, 5.88513260e-05)
(-3.67709651e-05, 6.01234999e-05)
(-3.74800342e-05, 6.12777042e-05)
(-3.81159241e-05, 6.23116573e-05)
(-3.86773778e-05, 6.32233152e-05)
(-3.91632848e-05, 6.40108755e-05)
(-3.95726836e-05, 6.46727810e-05)
(-3.99047632e-05, 6.52077228e-05)
(-4.01588655e-05, 6.56146428e-05)
(-4.03344857e-05, 6.58927363e-05)
(-4.04312742e-05, 6.60414531e-05)
(-4.04490367e-05, 6.60604988e-05)
(-4.03877351e-05, 6.59498355e-05)
(-4.02474872e-05, 6.57096819e-05)
(-4.00285667e-05, 6.53405129e-05)
(-3.97314028e-05, 6.48430586e-05)
(-3.93565792e-05, 6.42183029e-05)
(-3.89048330e-05, 6.34674819e-05)
(-3.83770535e-05, 6.25920809e-05)
(-3.77742802e-05, 6.15938321e-05)
(-3.70977009e-05, 6.04747107e-05)
(-3.63486493e-05, 5.92369315e-05)
(-3.55286026e-05, 5.78829441e-05)
(-3.46391785e-05, 5.64154284e-05)
(-3.36821317e-05, 5.48372891e-05)
(-3.26593512e-05, 5.31516501e-05)
(-3.15728557e-05, 5.13618484e-05)
(-3.04247903e-05, 4.94714272e-05)
(-2.92174220e-05, 4.74841295e-05)
(-2.79531353e-05, 4.54038900e-05)
(-2.66344275e-05, 4.32348278e-05)
(-2.52639036e-05, 4.09812383e-05)
(-2.38442714e-05, 3.86475842e-05)
(-2.23783360e-05, 3.62384873e-05)
(-2.08689943e-05, 3.37587189e-05)
(-1.93192294e-05, 3.12131909e-05)
(-1.77321044e-05, 2.86069452e-05)
(-1.61107565e-05, 2.59451446e-05)
(-1.44583909e-05, 2.32330622e-05)
(-1.27782743e-05, 2.04760710e-05)
(-1.10737285e-05, 1.76796332e-05)
(-9.34812363e-06, 1.48492895e-05)
(-7.60487180e-06, 1.19906481e-05)
(-5.84742004e-06, 9.10937356e-06)
(-4.07924358e-06, 6.21117555e-06)
(-2.30383894e-06, 3.30179767e-06)
(-5.24716978e-07, 3.87005986e-07)
( 1.25460409e-06,-2.52742240e-06)
( 3.03060567e-06,-5.43571077e-06)
( 4.79977579e-06,-8.33209423e-06)
( 6.55861606e-06,-1.12108311e-05)
( 8.30364866e-06,-1.40662145e-05)
( 1.00314233e-05,-1.68925832e-05)
( 1.17385238e-05,-1.96843333e-05)
( 1.34215755e-05,-2.24359292e-05)
( 1.50772512e-05,-2.51419145e-05)
( 1.67022784e-05,-2.77969226e-05)
( 1.82934456e-05,-3.03956880e-05)
( 1.98476085e-05,-3.29330559e-05)
( 2.13616966e-05,-3.54039930e-05)
( 2.28327191e-05,-3.78035973e-05)
( 2.42577709e-05,-4.01271079e-05)
( 2.56340383e-05,-4.23699140e-05)
( 2.69588050e-05,-4.45275648e-05)
( 2.82294570e-05,-4.65957775e-05)
( 2.94434879e-05,-4.85704465e-05)
( 3.05985042e-05,-5.04476511e-05)
( 3.16922300e-05,-5.22236632e-05)
( 3.27225112e-05,-5.38949550e-05)
( 3.36873199e-05,-5.54582060e-05)
( 3.45847590e-05,-5.69103091e-05)
( 3.54130650e-05,-5.82483773e-05)
( 3.61706124e-05,-5.94697492e-05)
( 3.68559165e-05,-6.05719942e-05)
( 3.74676363e-05,-6.15529171e-05)
( 3.80045774e-05,-6.24105633e-05)
( 3.84656944e-05,-6.31432214e-05)
( 3.88500925e-05,-6.37494279e-05)
( 3.91570299e-05,-6.42279689e-05)
( 3.93859190e-05,-6.45778834e-05)
( 3.95363274e-05,-6.47984646e-05)
( 3.96079790e-05,-6.48892618e-05)
( 3.96007544e-05,-6.48500808e-05)
( 3.95146913e-05,-6.46809846e-05)
( 3.93499841e-05,-6.43822931e-05)
( 3.91069838e-05,-6.39545826e-05)
( 3.87861970e-05,-6.33986844e-05)
( 3.83882854e-05,-6.27156834e-05)
( 3.79140637e-05,-6.19069160e-05)
( 3.73644985e-05,-6.09739670e-05)
( 3.67407062e-05,-5.99186670e-05)
( 3.60439509e-05,-5.87430883e-05)
( 3.52756415e-05,-5.74495413e-05)
( 3.44373293e-05,-5.60405693e-05)
( 3.35307044e-05,-5.45189439e-05)
( 3.25575929e-05,-5.28876594e-05)
( 3.15199526e-05,-5.11499269e-05)
( 3.04198697e-05,-4.93091677e-05)
( 2.92595540e-05,-4.73690068e-05)
( 2.80413350e-05,-4.53332658e-05)
( 2.67676569e-05,-4.32059548e-05)
( 2.54410739e-05,-4.09912652e-05)
( 2.40642448e-05,-3.86935606e-05)
( 2.26399280e-05,-3.63173689e-05)
( 2.11709760e-05,-3.38673729e-05)
( 1.96603292e-05,-3.13484012e-05)
( 1.81110105e-05,-2.87654186e-05)
( 1.65261192e-05,-2.61235162e-05)
( 1.49088246e-05,-2.34279014e-05)
( 1.32623597e-05,-2.06838878e-05)
( 1.15900151e-05,-1.78968844e-05)
( 9.89513172e-06,-1.50723849e-05)
( 8.18109484e-06,-1.22159572e-05)
( 6.45132691e-06,-9.33323204e-06)
( 4.70928089e-06,-6.42989200e-06)
( 2.95843327e-06,-3.51166031e-06)
( 1.20227723e-06,-5.84289488e-07)
(-5.55684419e-07, 2.34644996e-06)
(-2.31194616e-06, 5.27478096e-06)
(-4.06300676e-06, 8.19493129e-06)
(-5.80537628e-06, 1.11011449e-05)
(-7.53558298e-06, 1.39876934e-05)
(-9.25018026e-06, 1.68488873e-05)
(-1.09457535e-05, 1.96790869e-05)
(-1.26189268e-05, 2.24727142e-05)
(-1.42663698e-05, 2.52242630e-05)
(-1.58848042e-05, 2.79283103e-05)
(-1.74710104e-05, 3.05795270e-05)
(-1.90218336e-05, 3.31726880e-05)
(-2.05341903e-05, 3.57026829e-05)
(-2.20050745e-05, 3.81645257e-05)
(-2.34315632e-05, 4.05533651e-05)
(-2.48108228e-05, 4.28644935e-05)
(-2.61401142e-05, 4.50933567e-05)
(-2.74167983e-05, 4.72355625e-05)
(-2.86383414e-05, 4.92868896e-05)
(-2.98023202e-05, 5.12432959e-05)
(-3.09064261e-05, 5.31009263e-05)
(-3.19484705e-05, 5.48561202e-05)
(-3.29263883e-05, 5.65054189e-05)
(-3.38382425e-05, 5.80455724e-05)
(-3.46822279e-05, 5.94735456e-05)
(-3.54566743e-05, 6.07865243e-05)
(-3.61600502e-05, 6.19819208e-05)
(-3.67909653e-05, 6.30573789e-05)
(-3.73481738e-05, 6.40107786e-05)
(-3.78305760e-05, 6.48402400e-05)
(-3.82372212e-05, 6.55441274e-05)
(-3.85673090e-05, 6.61210520e-05)
(-3.88201910e-05, 6.65698751e-05)
(-3.89953718e-05, 6.68897098e-05)
(-3.90925104e-05, 6.70799232e-05)
(-3.91114201e-05, 6.71401373e-05)
(-3.90520693e-05, 6.70702299e-05)
(-3.89145813e-05, 6.68703345e-05)
(-3.86992339e-05, 6.65408404e-05)
(-3.84064589e-05, 6.60823919e-05)
(-3.80368410e-05, 6.54958866e-05)
(-3.75911167e-05, 6.47824739e-05)
(-3.70701726e-05, 6.39435527e-05)
(-3.64750436e-05, 6.29807688e-05)
(-3.58069110e-05, 6.18960111e-05)
(-3.50670995e-05, 6.06914083e-05)
(-3.42570751e-05, 5.93693248e-05)
(-3.33784417e-05, 5.79323556e-05)
(-3.24329380e-05, 5.63833214e-05)
(-3.14224341e-05, 5.47252630e-05)
(-3.03489273e-05, 5.29614356e-05)
(-2.92145384e-05, 5.10953019e-05)
(-2.80215074e-05, 4.91305254e-05)
(-2.67721890e-05, 4.70709634e-05)
(-2.54690475e-05, 4.49206593e-05)
(-2.41146525e-05, 4.26838346e-05)
(-2.27116731e-05, 4.03648806e-05)
(-2.12628729e-05, 3.79683497e-05)
(-1.97711047e-05, 3.54989466e-05)
(-1.82393041e-05, 3.29615188e-05)
(-1.66704844e-05, 3.03610474e-05)
(-1.50677299e-05, 2.77026371e-05)
(-1.34341904e-05, 2.49915060e-05)
(-1.17730746e-05, 2.22329758e-05)
(-1.00876435e-05, 1.94324608e-05)
(-8.38120462e-06, 1.65954577e-05)
(-6.65710459e-06, 1.37275346e-05)
(-4.91872315e-06, 1.08343199e-05)
(-3.16946619e-06, 7.92149168e-06)
(-1.41275904e-06, 4.99476614e-06)
( 3.47960267e-07, 2.05988654e-06)
( 2.10924780e-06,-8.77388112e-07)
( 3.86766052e-06,-3.81129437e-06)
( 5.61976308e-06,-6.73607568e-06)
( 7.36213456e-06,-9.64599367e-06)
( 9.09137525e-06,-1.25353394e-05)
( 1.08041133e-05,-1.53984447e-05)
( 1.24970112e-05,-1.82296931e-05)
( 1.41667727e-05,-2.10235311e-05)
( 1.58101488e-05,-2.37744788e-05)
( 1.74239446e-05,-2.64771410e-05)
( 1.90050250e-05,-2.91262173e-05)
( 2.05503213e-05,-3.17165133e-05)
( 2.20568370e-05,-3.42429499e-05)
( 2.35216536e-05,-3.67005739e-05)
( 2.49419362e-05,-3.90845677e-05)
( 2.63149394e-05,-4.13902583e-05)
( 2.76380120e-05,-4.36131270e-05)
( 2.89086027e-05,-4.57488181e-05)
( 3.01242650e-05,-4.77931474e-05)
( 3.12826614e-05,-4.97421105e-05)
( 3.23815685e-05,-5.15918905e-05)
( 3.34188809e-05,-5.33388660e-05)
( 3.43926155e-05,-5.49796176e-05)
( 3.53009151e-05,-5.65109352e-05)
( 3.61420520e-05,-5.79298237e-05)
( 3.69144315e-05,-5.92335097e-05)
( 3.76165945e-05,-6.04194462e-05)
( 3.82472206e-05,-6.14853181e-05)
( 3.88051306e-05,-6.24290466e-05)
( 3.92892883e-05,-6.32487933e-05)
( 3.96988030e-05,-6.39429641e-05)
( 4.00329306e-05,-6.45102119e-05)
( 4.02910753e-05,-6.49494395e-05)
( 4.04727905e-05,-6.52598022e-05)
( 4.05777796e-05,-6.54407087e-05)
( 4.06058964e-05,-6.54918230e-05)
( 4.05571454e-05,-6.54130646e-05)
( 4.04316815e-05,-6.52046089e-05)
( 4.02298096e-05,-6.48668873e-05)
( 3.99519841e-05,-6.44005855e-05)
( 3.95988078e-05,-6.38066430e-05)
( 3.91710303e-05,-6.30862510e-05)
( 3.86695469e-05,-6.22408500e-05)
( 3.80953963e-05,-6.12721271e-05)
( 3.74497588e-05,-6.01820130e-05)
( 3.67339537e-05,-5.89726778e-05)
( 3.59494365e-05,-5.76465270e-05)
( 3.50977963e-05,-5.62061968e-05)
( 3.41807522e-05,-5.46545492e-05)
( 3.32001501e-05,-5.29946660e-05)
( 3.21579588e-05,-5.12298431e-05)
( 3.10562663e-05,-4.93635839e-05)
( 2.98972754e-05,-4.73995926e-05)
( 2.86832992e-05,-4.53417668e-05)
( 2.74167570e-05,-4.31941902e-05)
( 2.61001688e-05,-4.09611240e-05)
( 2.47361509e-05,-3.86469993e-05)
( 2.33274103e-05,-3.62564080e-05)
( 2.18767395e-05,-3.37940939e-05)
( 2.03870111e-05,-3.12649433e-05)
( 1.88611718e-05,-2.86739757e-05)
( 1.73022369e-05,-2.60263336e-05)
( 1.57132841e-05,-2.33272728e-05)
( 1.40974476e-05,-2.05821517e-05)
( 1.24579118e-05,-1.77964213e-05)
( 1.07979053e-05,-1.49756138e-05)
( 9.12069422e-06,-1.21253323e-05)
( 7.42957583e-06,-9.25123975e-06)
( 5.72787230e-06,-6.35904737e-06)
( 4.01892402e-06,-3.45450396e-06)
( 2.30608305e-06,-5.43384277e-07)
( 5.92706607e-07, 2.36852223e-06)
(-1.11784955e-06, 5.27542284e-06)
(-2.82223767e-06, 8.17153294e-06)
(-4.51712456e-06, 1.10510875e-05)
(-6.19919812e-06, 1.39083523e-05)
(-7.86517377e-06, 1.67376354e-05)
(-9.51180091e-06, 1.95332982e-05)
(-1.11358692e-05, 2.22897668e-05)
(-1.27342150e-05, 2.50015427e-05)
(-1.43037272e-05, 2.76632141e-05)
(-1.58413536e-05, 3.02694660e-05)
(-1.73441067e-05, 3.28150914e-05)
(-1.88090697e-05, 3.52950009e-05)
(-2.02334018e-05, 3.77042336e-05)
(-2.16143440e-05, 4.00379659e-05)
(-2.29492247e-05, 4.22915223e-05)
(-2.42354641e-05, 4.44603835e-05)
(-2.54705802e-05, 4.65401962e-05)
(-2.66521929e-05, 4.85267814e-05)
(-2.77780287e-05, 5.04161427e-05)
(-2.88459255e-05, 5.22044745e-05)
(-2.98538364e-05, 5.38881693e-05)
(-3.07998338e-05, 5.54638251e-05)
(-3.16821133e-05, 5.69282523e-05)
(-3.24989967e-05, 5.82784797e-05)
(-3.32489357e-05, 5.95117608e-05)
(-3.39305148e-05, 6.06255793e-05)
(-3.45424539e-05, 6.16176539e-05)
(-3.50836107e-05, 6.24859435e-05)
(-3.55529831e-05, 6.32286505e-05)
(-3.59497110e-05, 6.38442251e-05)
(-3.62730780e-05, 6.43313685e-05)
(-3.65225126e-05, 6.46890351e-05)
(-3.66975896e-05, 6.49164350e-05)
(-3.67980304e-05, 6.50130358e-05)
(-3.68237040e-05, 6.49785634e-05)
(-3.67746269e-05, 6.48130032e-05)
(-3.66509632e-05, 6.45165996e-05)
(-3.64530240e-05, 6.40898563e-05)
(-3.61812672e-05, 6.35335348e-05)
(-3.58362960e-05, 6.28486536e-05)
(-3.54188581e-05, 6.20364860e-05)
(-3.49298441e-05, 6.10985577e-05)
(-3.43702856e-05, 6.00366441e-05)
(-3.37413534e-05, 5.88527666e-05)
(-3.30443548e-05, 5.75491892e-05)
(-3.22807315e-05, 5.61284136e-05)
(-3.14520561e-05, 5.45931748e-05)
(-3.05600296e-05, 5.29464356e-05)
(-2.96064779e-05, 5.11913811e-05)
(-2.85933480e-05, 4.93314120e-05)
(-2.75227040e-05, 4.73701386e-05)
(-2.63967238e-05, 4.53113733e-05)
(-2.52176938e-05, 4.31591236e-05)
(-2.39880052e-05, 4.09175838e-05)
(-2.27101490e-05, 3.85911271e-05)
(-2.13867108e-05, 3.61842970e-05)
(-2.00203662e-05, 3.37017983e-05)
(-1.86138754e-05, 3.11484882e-05)
(-1.71700775e-05, 2.85293662e-05)
(-1.56918851e-05, 2.58495648e-05)
(-1.41822788e-05, 2.31143392e-05)
(-1.26443008e-05, 2.03290569e-05)
(-1.10810493e-05, 1.74991875e-05)
(-9.49567255e-06, 1.46302913e-05)
(-7.89136208e-06, 1.17280091e-05)
(-6.27134694e-06, 8.79805037e-06)
(-4.63888708e-06, 5.84618256e-06)
(-2.99726703e-06, 2.87821939e-06)
(-1.34978940e-06,-9.99905527e-08)
( 3.00231646e-07,-3.08257530e-06)
( 1.94947688e-06,-6.06365116e-06)
( 3.59462860e-06,-9.03733436e-06)
( 5.23237711e-06,-1.19977526e-05)
( 6.85942731e-06,-1.49390569e-05)
( 8.47250517e-06,-1.78554328e-05)
( 1.00683642e-05,-2.07411122e-05)
( 1.16437917e-05,-2.35903848e-05)
( 1.31956156e-05,-2.63976091e-05)
( 1.47207099e-05,-2.91572238e-05)
( 1.62160018e-05,-3.18637591e-05)
( 1.76784769e-05,-3.45118470e-05)
( 1.91051858e-05,-3.70962324e-05)
( 2.04932497e-05,-3.96117835e-05)
( 2.18398659e-05,-4.20535015e-05)
( 2.31423136e-05,-4.44165314e-05)
( 2.43979594e-05,-4.66961710e-05)
( 2.56042622e-05,-4.88878805e-05)
( 2.67587784e-05,-5.09872914e-05)
( 2.78591668e-05,-5.29902156e-05)
( 2.89031931e-05,-5.48926532e-05)
( 2.98887346e-05,-5.66908008e-05)
( 3.08137840e-05,-5.83810592e-05)
( 3.16764539e-05,-5.99600403e-05)
( 3.24749801e-05,-6.14245742e-05)
( 3.32077256e-05,-6.27717151e-05)
( 3.38731834e-05,-6.39987477e-05)
( 3.44699796e-05,-6.51031924e-05)
( 3.49968766e-05,-6.60828102e-05)
( 3.54527751e-05,-6.69356074e-05)
( 3.58367163e-05,-6.76598394e-05)
( 3.61478843e-05,-6.82540145e-05)
( 3.63856072e-05,-6.87168967e-05)
( 3.65493590e-05,-6.90475084e-05)
( 3.66387600e-05,-6.92451321e-05)
( 3.66535785e-05,-6.93093122e-05)
( 3.65937305e-05,-6.92398559e-05)
( 3.64592801e-05,-6.90368335e-05)
( 3.62504399e-05,-6.87005786e-05)
( 3.59675699e-05,-6.82316871e-05)
( 3.56111774e-05,-6.76310166e-05)
( 3.51819157e-05,-6.68996841e-05)
( 3.46805829e-05,-6.60390645e-05)
( 3.41081207e-05,-6.50507876e-05)
( 3.34656120e-05,-6.39367348e-05)
( 3.27542792e-05,-6.26990358e-05)
( 3.19754816e-05,-6.13400642e-05)
( 3.11307132e-05,-5.98624326e-05)
( 3.02215990e-05,-5.82689881e-05)
( 2.92498925e-05,-5.65628061e-05)
( 2.82174719e-05,-5.47471846e-05)
( 2.71263365e-05,-5.28256374e-05)
( 2.59786029e-05,-5.08018875e-05)
( 2.47765005e-05,-4.86798596e-05)
( 2.35223676e-05,-4.64636724e-05)
( 2.22186462e-05,-4.41576303e-05)
( 2.08678777e-05,-4.17662151e-05)
( 1.94726976e-05,-3.92940773e-05)
( 1.80358305e-05,-3.67460262e-05)
( 1.65600843e-05,-3.41270213e-05)
( 1.50483452e-05,-3.14421619e-05)
( 1.35035716e-05,-2.86966773e-05)
( 1.19287884e-05,-2.58959163e-05)
( 1.03270810e-05,-2.30453365e-05)
( 8.70158913e-06,-2.01504939e-05)
( 7.05550071e-06,-1.72170316e-05)
( 5.39204546e-06,-1.42506687e-05)
( 3.71448855e-06,-1.12571889e-05)
( 2.02612411e-06,-8.24242946e-06)
( 3.30268663e-07,-5.21226895e-06)
(-1.36974539e-06,-2.17261625e-06)
(-3.07057643e-06, 8.70601470e-07)
(-4.76888025e-06, 3.91145037e-06)
(-6.46131668e-06, 6.94400170e-06)
(-8.14455621e-06, 9.96234357e-06)
(-9.81528663e-06, 1.29605926e-05)
(-1.14702196e-05, 1.59329055e-05)
(-1.31060971e-05, 1.88734908e-05)
(-1.47196980e-05, 2.17766201e-05)
(-1.63078446e-05, 2.46366395e-05)
(-1.78674084e-05, 2.74479809e-05)
(-1.93953171e-05, 3.02051728e-05)
(-2.08885601e-05, 3.29028511e-05)
(-2.23441945e-05, 3.55357698e-05)
(-2.37593513e-05, 3.80988114e-05)
(-2.51312410e-05, 4.05869970e-05)
(-2.64571587e-05, 4.29954959e-05)
(-2.77344902e-05, 4.53196355e-05)
(-2.89607164e-05, 4.75549100e-05)
(-3.01334191e-05, 4.96969900e-05)
(-3.12502849e-05, 5.17417303e-05)
(-3.23091108e-05, 5.36851785e-05)
(-3.33078076e-05, 5.55235827e-05)
(-3.42444045e-05, 5.72533987e-05)
(-3.51170532e-05, 5.88712972e-05)
(-3.59240311e-05, 6.03741703e-05)
(-3.66637449e-05, 6.17591374e-05)
(-3.73347338e-05, 6.30235509e-05)
(-3.79356723e-05, 6.41650017e-05)
(-3.84653726e-05, 6.51813234e-05)
(-3.89227876e-05, 6.60705968e-05)
(-3.93070119e-05, 6.68311538e-05)
(-3.96172844e-05, 6.74615803e-05)
(-3.98529897e-05, 6.79607188e-05)
(-4.00136586e-05, 6.83276713e-05)
(-4.00989697e-05, 6.85618002e-05)
(-4.01087498e-05, 6.86627300e-05)
(-4.00429740e-05, 6.86303479e-05)
(-3.99017657e-05, 6.84648037e-05)
(-3.96853966e-05, 6.81665095e-05)
(-3.93942857e-05, 6.77361391e-05)
(-3.90289987e-05, 6.71746261e-05)
(-3.85902466e-05, 6.64831625e-05)
(-3.80788845e-05, 6.56631957e-05)
(-3.74959093e-05, 6.47164259e-05)
(-3.68424582e-05, 6.36448028e-05)
(-3.61198062e-05, 6.24505211e-05)
(-3.53293631e-05, 6.11360167e-05)
(-3.44726713e-05, 5.97039613e-05)
(-3.35514020e-05, 5.81572575e-05)
(-3.25673523e-05, 5.64990325e-05)
(-3.15224412e-05, 5.47326321e-05)
(-3.04187060e-05, 5.28616141e-05)
(-2.92582977e-05, 5.08897409e-05)
(-2.80434773e-05, 4.88209724e-05)
(-2.67766108e-05, 4.66594576e-05)
(-2.54601642e-05, 4.44095266e-05)
(-2.40966993e-05, 4.20756822e-05)
(-2.26888677e-05, 3.96625905e-05)
(-2.12394059e-05, 3.71750718e-05)
(-1.97511299e-05, 3.46180911e-05)
(-1.82269292e-05, 3.19967481e-05)
(-1.66697611e-05, 2.93162671e-05)
(-1.50826450e-05, 2.65819869e-05)
(-1.34686559e-05, 2.37993496e-05)
(-1.18309188e-05, 2.09738906e-05)
(-1.01726020e-05, 1.81112267e-05)
(-8.49691084e-06, 1.52170460e-05)
(-6.80708157e-06, 1.22970957e-05)
(-5.10637459e-06, 9.35717130e-06)
(-3.39806811e-06, 6.40310502e-06)
(-1.68545156e-06, 3.44075411e-06)
( 2.81809073e-08, 4.75989394e-07)
( 1.73953700e-06,-2.48531634e-06)
( 3.44533278e-06,-5.43729997e-06)
( 5.14229919e-06,-8.37411963e-06)
( 6.82718852e-06,-1.12899662e-05)
( 8.49678081e-06,-1.41790748e-05)
( 1.01478902e-05,-1.70357360e-05)
( 1.17773713e-05,-1.98543076e-05)
( 1.33821253e-05,-2.26292251e-05)
( 1.49591058e-05,-2.53550128e-05)
( 1.65053254e-05,-2.80262951e-05)
( 1.80178609e-05,-3.06378065e-05)
( 1.94938595e-05,-3.31844021e-05)
( 2.09305440e-05,-3.56610679e-05)
( 2.23252184e-05,-3.80629305e-05)
( 2.36752731e-05,-4.03852669e-05)
( 2.49781898e-05,-4.26235133e-05)
( 2.62315467e-05,-4.47732745e-05)
( 2.74330226e-05,-4.68303324e-05)
( 2.85804021e-05,-4.87906544e-05)
( 2.96715790e-05,-5.06504010e-05)
( 3.07045610e-05,-5.24059334e-05)
( 3.16774731e-05,-5.40538210e-05)
( 3.25885610e-05,-5.55908477e-05)
( 3.34361949e-05,-5.70140183e-05)
( 3.42188721e-05,-5.83205644e-05)
( 3.49352196e-05,-5.95079499e-05)
( 3.55839973e-05,-6.05738757e-05)
( 3.61640994e-05,-6.15162844e-05)
( 3.66745571e-05,-6.23333643e-05)
( 3.71145396e-05,-6.30235527e-05)
( 3.74833560e-05,-6.35855392e-05)
( 3.77804564e-05,-6.40182680e-05)
( 3.80054321e-05,-6.43209402e-05)
( 3.81580172e-05,-6.44930150e-05)
( 3.82380878e-05,-6.45342111e-05)
( 3.82456628e-05,-6.44445069e-05)
( 3.81809030e-05,-6.42241407e-05)
( 3.80441110e-05,-6.38736099e-05)
( 3.78357299e-05,-6.33936703e-05)
( 3.75563424e-05,-6.27853346e-05)
( 3.72066694e-05,-6.20498701e-05)
( 3.67875681e-05,-6.11887962e-05)
( 3.63000301e-05,-6.02038816e-05)
( 3.57451792e-05,-5.90971408e-05)
( 3.51242691e-05,-5.78708297e-05)
( 3.44386803e-05,-5.65274417e-05)
( 3.36899172e-05,-5.50697021e-05)
( 3.28796050e-05,-5.35005634e-05)
( 3.20094863e-05,-5.18231991e-05)
( 3.10814168e-05,-5.00409975e-05)
( 3.00973625e-05,-4.81575548e-05)
( 2.90593943e-05,-4.61766686e-05)
( 2.79696846e-05,-4.41023296e-05)
( 2.68305024e-05,-4.19387144e-05)
( 2.56442086e-05,-3.96901771e-05)
( 2.44132514e-05,-3.73612405e-05)
( 2.31401608e-05,-3.49565874e-05)
( 2.18275438e-05,-3.24810513e-05)
( 2.04780789e-05,-2.99396068e-05)
( 1.90945105e-05,-2.73373602e-05)
( 1.76796438e-05,-2.46795388e-05)
( 1.62363385e-05,-2.19714811e-05)
( 1.47675035e-05,-1.92186263e-05)
( 1.32760909e-05,-1.64265031e-05)
( 1.17650897e-05,-1.36007195e-05)
( 1.02375203e-05,-1.07469511e-05)
( 8.69642842e-06,-7.87093035e-06)
( 7.14487851e-06,-4.97843523e-06)
( 5.58594816e-06,-2.07527761e-06)
( 4.02272178e-06, 8.32707982e-07)
( 2.45828448e-06, 3.73967593e-06)
( 8.95715961e-07, 6.63978104e-06)
(-6.61915518e-07, 9.52719007e-06)
(-2.21155924e-06, 1.23960932e-05)
(-3.75018801e-06, 1.52407157e-05)
(-5.27480406e-06, 1.80553288e-05)
(-6.78244497e-06, 2.08342618e-05)
(-8.27018939e-06, 2.35719125e-05)
(-9.73516277e-06, 2.62627587e-05)
(-1.11745429e-05, 2.89013691e-05)
(-1.25855655e-05, 3.14824138e-05)
(-1.39655292e-05, 3.40006752e-05)
(-1.53118013e-05, 3.64510579e-05)
(-1.66218223e-05, 3.88285992e-05)
(-1.78931110e-05, 4.11284789e-05)
(-1.91232694e-05, 4.33460286e-05)
(-2.03099869e-05, 4.54767411e-05)
(-2.14510450e-05, 4.75162794e-05)
(-2.25443211e-05, 4.94604856e-05)
(-2.35877930e-05, 5.13053885e-05)
(-2.45795422e-05, 5.30472124e-05)
(-2.55177576e-05, 5.46823839e-05)
(-2.64007391e-05, 5.62075395e-05)
(-2.72269001e-05, 5.76195322e-05)
(-2.79947712e-05, 5.89154379e-05)
(-2.87030021e-05, 6.00925611e-05)
(-2.93503645e-05, 6.11484407e-05)
(-2.99357538e-05, 6.20808547e-05)
(-3.04581916e-05, 6.28878250e-05)
(-3.09168269e-05, 6.35676211e-05)
(-3.13109375e-05, 6.41187641e-05)
(-3.16399315e-05, 6.45400295e-05)
(-3.19033478e-05, 6.48304499e-05)
(-3.21008570e-05, 6.49893170e-05)
(-3.22322615e-05, 6.50161834e-05)
(-3.22974961e-05, 6.49108634e-05)
(-3.22966270e-05, 6.46734338e-05)
(-3.22298524e-05, 6.43042338e-05)
(-3.20975011e-05, 6.38038648e-05)
(-3.19000318e-05, 6.31731888e-05)
(-3.16380319e-05, 6.24133277e-05)
(-3.13122164e-05, 6.15256609e-05)
(-3.09234256e-05, 6.05118226e-05)
(-3.04726236e-05, 5.93736993e-05)
(-2.99608963e-05, 5.81134259e-05)
(-2.93894484e-05, 5.67333818e-05)
(-2.87596014e-05, 5.52361866e-05)
(-2.80727906e-05, 5.36246948e-05)
(-2.73305618e-05, 5.19019908e-05)
(-2.65345683e-05, 5.00713827e-05)
(-2.56865672e-05, 4.81363963e-05)
(-2.47884161e-05, 4.61007679e-05)
(-2.38420687e-05, 4.39684375e-05)
(-2.28495714e-05, 4.17435413e-05)
(-2.18130584e-05, 3.94304034e-05)
(-2.07347481e-05, 3.70335276e-05)
(-1.96169378e-05, 3.45575888e-05)
(-1.84619995e-05, 3.20074239e-05)
(-1.72723750e-05, 2.93880223e-05)
(-1.60505708e-05, 2.67045163e-05)
(-1.47991534e-05, 2.39621713e-05)
(-1.35207435e-05, 2.11663752e-05)
(-1.22180115e-05, 1.83226283e-05)
(-1.08936715e-05, 1.54365322e-05)
(-9.55047617e-06, 1.25137792e-05)
(-8.19121129e-06, 9.56014079e-06)
(-6.81869006e-06, 6.58145667e-06)
(-5.43574752e-06, 3.58362322e-06)
(-4.04523500e-06, 5.72581850e-07)
(-2.65001434e-06,-2.44569258e-06)
(-1.25295234e-06,-5.46520357e-06)
( 1.43085024e-07,-8.47994475e-06)
( 1.53523818e-06,-1.14839117e-05)
( 2.92065964e-06,-1.44711139e-05)
( 4.29651964e-06,-1.74355865e-05)
( 5.66001165e-06,-2.03714020e-05)
( 7.00835796e-06,-2.32726822e-05)
( 8.33881507e-06,-2.61336098e-05)
( 9.64867914e-06,-2.89484398e-05)
( 1.09352913e-05,-3.17115111e-05)
( 1.21960426e-05,-3.44172576e-05)
( 1.34283798e-05,-3.70602197e-05)
( 1.46298094e-05,-3.96350546e-05)
( 1.57979032e-05,-4.21365473e-05)
( 1.69303030e-05,-4.45596213e-05)
( 1.80247249e-05,-4.68993483e-05)
( 1.90789639e-05,-4.91509584e-05)
( 2.00908982e-05,-5.13098495e-05)
( 2.10584933e-05,-5.33715970e-05)
( 2.19798060e-05,-5.53319622e-05)
( 2.28529882e-05,-5.71869014e-05)
( 2.36762904e-05,-5.89325737e-05)
( 2.44480651e-05,-6.05653491e-05)
( 2.51667700e-05,-6.20818159e-05)
( 2.58309710e-05,-6.34787876e-05)
( 2.64393450e-05,-6.47533093e-05)
( 2.69906825e-05,-6.59026645e-05)
( 2.74838898e-05,-6.69243799e-05)
( 2.79179911e-05,-6.78162310e-05)
( 2.82921305e-05,-6.85762470e-05)
( 2.86055737e-05,-6.92027146e-05)
( 2.88577091e-05,-6.96941819e-05)
( 2.90480492e-05,-7.00494616e-05)
( 2.91762315e-05,-7.02676334e-05)
( 2.92420193e-05,-7.03480468e-05)
( 2.92453018e-05,-7.02903219e-05)
( 2.91860946e-05,-7.00943510e-05)
( 2.90645393e-05,-6.97602990e-05)
( 2.88809038e-05,-6.92886036e-05)
( 2.86355810e-05,-6.86799741e-05)
( 2.83290886e-05,-6.79353914e-05)
( 2.79620677e-05,-6.70561053e-05)
( 2.75352818e-05,-6.60436331e-05)
( 2.70496152e-05,-6.48997566e-05)
( 2.65060709e-05,-6.36265191e-05)
( 2.59057691e-05,-6.22262213e-05)
( 2.52499448e-05,-6.07014175e-05)
( 2.45399455e-05,-5.90549105e-05)
( 2.37772280e-05,-5.72897467e-05)
( 2.29633564e-05,-5.54092101e-05)
( 2.20999981e-05,-5.34168160e-05)
( 2.11889214e-05,-5.13163047e-05)
( 2.02319912e-05,-4.91116341e-05)
( 1.92311658e-05,-4.68069721e-05)
( 1.81884930e-05,-4.44066887e-05)
( 1.71061061e-05,-4.19153478e-05)
( 1.59862194e-05,-3.93376980e-05)
( 1.48311240e-05,-3.66786634e-05)
( 1.36431834e-05,-3.39433348e-05)
( 1.24248287e-05,-3.11369588e-05)
( 1.11785540e-05,-2.82649284e-05)
( 9.90691095e-06,-2.53327721e-05)
( 8.61250435e-06,-2.23461433e-05)
( 7.29798658e-06,-1.93108090e-05)
( 5.96605248e-06,-1.62326389e-05)
( 4.61943402e-06,-1.31175938e-05)
( 3.26089484e-06,-9.97171353e-06)
( 1.89322480e-06,-6.80110575e-06)
( 5.19234424e-07,-3.61193346e-06)
(-8.58250691e-07,-4.10403026e-07)
(-2.23639548e-06, 2.79724799e-06)
(-3.61236108e-06, 6.00476316e-06)
(-4.98331048e-06, 9.20587957e-06)
(-6.34641416e-06, 1.23943401e-05)
(-7.69885579e-06, 1.55639059e-05)
(-9.03783784e-06, 1.87083687e-05)
(-1.03605872e-05, 2.18215628e-05)
(-1.16643606e-05, 2.48973781e-05)
(-1.29464505e-05, 2.79297711e-05)
(-1.42041901e-05, 3.09127778e-05)
(-1.54349589e-05, 3.38405253e-05)
(-1.66361880e-05, 3.67072433e-05)
(-1.78053654e-05, 3.95072755e-05)
(-1.89400409e-05, 4.22350915e-05)
(-2.00378309e-05, 4.48852969e-05)
(-2.10964239e-05, 4.74526450e-05)
(-2.21135844e-05, 4.99320466e-05)
(-2.30871583e-05, 5.23185804e-05)
(-2.40150763e-05, 5.46075030e-05)
(-2.48953593e-05, 5.67942580e-05)
(-2.57261216e-05, 5.88744857e-05)
(-2.65055750e-05, 6.08440313e-05)
(-2.72320329e-05, 6.26989536e-05)
(-2.79039132e-05, 6.44355329e-05)
(-2.85197423e-05, 6.60502783e-05)
(-2.90781574e-05, 6.75399348e-05)
(-2.95779102e-05, 6.89014902e-05)
(-3.00178689e-05, 7.01321806e-05)
(-3.03970210e-05, 7.12294966e-05)
(-3.07144756e-05, 7.21911881e-05)
(-3.09694647e-05, 7.30152689e-05)
(-3.11613460e-05, 7.37000209e-05)
(-3.12896031e-05, 7.42439973e-05)
(-3.13538479e-05, 7.46460264e-05)
(-3.13538208e-05, 7.49052129e-05)
(-3.12893916e-05, 7.50209408e-05)
(-3.11605603e-05, 7.49928743e-05)
(-3.09674565e-05, 7.48209587e-05)
(-3.07103403e-05, 7.45054205e-05)
(-3.03896014e-05, 7.40467673e-05)
(-3.00057584e-05, 7.34457867e-05)
(-2.95594583e-05, 7.27035451e-05)
(-2.90514755e-05, 7.18213854e-05)
(-2.84827098e-05, 7.08009249e-05)
(-2.78541854e-05, 6.96440517e-05)
(-2.71670490e-05, 6.83529214e-05)
(-2.64225670e-05, 6.69299529e-05)
(-2.56221242e-05, 6.53778235e-05)
(-2.47672203e-05, 6.36994641e-05)
(-2.38594674e-05, 6.18980531e-05)
(-2.29005871e-05, 5.99770104e-05)
(-2.18924068e-05, 5.79399908e-05)
(-2.08368567e-05, 5.57908767e-05)
(-1.97359654e-05, 5.35337704e-05)
(-1.85918567e-05, 5.11729863e-05)
(-1.74067449e-05, 4.87130425e-05)
(-1.61829308e-05, 4.61586515e-05)
(-1.49227970e-05, 4.35147116e-05)
(-1.36288034e-05, 4.07862967e-05)
(-1.23034822e-05, 3.79786466e-05)
(-1.09494331e-05, 3.50971567e-05)
(-9.56931793e-06, 3.21473673e-05)
(-8.16585551e-06, 2.91349530e-05)
(-6.74181625e-06, 2.60657111e-05)
(-5.30001664e-06, 2.29455506e-05)
(-3.84331358e-06, 1.97804803e-05)
(-2.37459877e-06, 1.65765971e-05)
(-8.96792839e-07, 1.33400743e-05)
( 5.87160426e-07, 1.00771489e-05)
( 2.07430005e-06, 6.79410977e-06)
( 3.56165377e-06, 3.49728520e-06)
( 5.04624405e-06, 1.93030413e-07)
( 6.52509407e-06,-3.11228486e-06)
( 7.99523370e-06,-6.41228891e-06)
( 9.45370558e-06,-9.70062054e-06)
( 1.08975710e-05,-1.29709415e-05)
( 1.23239160e-05,-1.62169491e-05)
( 1.37298571e-05,-1.94323882e-05)
( 1.51125473e-05,-2.26110639e-05)
( 1.64691818e-05,-2.57468533e-05)
( 1.77970039e-05,-2.88337176e-05)
( 1.90933103e-05,-3.18657140e-05)
( 2.03554568e-05,-3.48370074e-05)
( 2.15808639e-05,-3.77418813e-05)
( 2.27670215e-05,-4.05747496e-05)
( 2.39114950e-05,-4.33301670e-05)
( 2.50119292e-05,-4.60028398e-05)
( 2.60660541e-05,-4.85876363e-05)
( 2.70716889e-05,-5.10795965e-05)
( 2.80267470e-05,-5.34739420e-05)
( 2.89292398e-05,-5.57660852e-05)
( 2.97772815e-05,-5.79516378e-05)
( 3.05690923e-05,-6.00264201e-05)
( 3.13030026e-05,-6.19864682e-05)
( 3.19774562e-05,-6.38280421e-05)
( 3.25910138e-05,-6.55476329e-05)
( 3.31423557e-05,-6.71419693e-05)
( 3.36302849e-05,-6.86080241e-05)
( 3.40537294e-05,-6.99430197e-05)
( 3.44117446e-05,-7.11444338e-05)
( 3.47035153e-05,-7.22100036e-05)
( 3.49283573e-05,-7.31377305e-05)
( 3.50857193e-05,-7.39258836e-05)
( 3.51751834e-05,-7.45730030e-05)
( 3.51964669e-05,-7.50779026e-05)
( 3.51494223e-05,-7.54396719e-05)
( 3.50340380e-05,-7.56576778e-05)
( 3.48504383e-05,-7.57315656e-05)
( 3.45988835e-05,-7.56612596e-05)
( 3.42797690e-05,-7.54469628e-05)
( 3.38936249e-05,-7.50891566e-05)
( 3.34411152e-05,-7.45885993e-05)
( 3.29230359e-05,-7.39463248e-05)
( 3.23403141e-05,-7.31636401e-05)
( 3.16940059e-05,-7.22421226e-05)
( 3.09852944e-05,-7.11836169e-05)
( 3.02154872e-05,-6.99902311e-05)
( 2.93860141e-05,-6.86643320e-05)
( 2.84984242e-05,-6.72085410e-05)
( 2.75543826e-05,-6.56257282e-05)
( 2.65556673e-05,-6.39190069e-05)
( 2.55041658e-05,-6.20917274e-05)
( 2.44018708e-05,-6.01474702e-05)
( 2.32508768e-05,-5.80900386e-05)
( 2.20533755e-05,-5.59234516e-05)
( 2.08116519e-05,-5.36519358e-05)
( 1.95280789e-05,-5.12799167e-05)
( 1.82051134e-05,-4.88120102e-05)
( 1.68452911e-05,-4.62530136e-05)
( 1.54512210e-05,-4.36078959e-05)
( 1.40255808e-05,-4.08817881e-05)
( 1.25711111e-05,-3.80799732e-05)
( 1.10906102e-05,-3.52078756e-05)
( 9.58692805e-06,-3.22710510e-05)
( 8.06296111e-06,-2.92751748e-05)
( 6.52164614e-06,-2.62260318e-05)
( 4.96595445e-06,-2.31295040e-05)
( 3.39888596e-06,-1.99915602e-05)
( 1.82346317e-06,-1.68182435e-05)
( 2.42725134e-07,-1.36156600e-05)
(-1.34027859e-06,-1.03899669e-05)
(-2.92249408e-06,-7.14736045e-06)
(-4.50086909e-06,-3.89406410e-06)
(-6.07235914e-06,-6.36316377e-07)
(-7.63393360e-06, 2.61964111e-06)
(-9.18258169e-06, 5.86757572e-06)
(-1.07153185e-05, 9.10127579e-06)
(-1.22291907e-05, 1.23145626e-05)
(-1.37212828e-05, 1.55013020e-05)
(-1.51887226e-05, 1.86554168e-05)
(-1.66286867e-05, 2.17708975e-05)
(-1.80384065e-05, 2.48418147e-05)
(-1.94151735e-05, 2.78623296e-05)
(-2.07563442e-05, 3.08267058e-05)
(-2.20593458e-05, 3.37293199e-05)
(-2.33216811e-05, 3.65646722e-05)
(-2.45409332e-05, 3.93273972e-05)
(-2.57147701e-05, 4.20122738e-05)
(-2.68409497e-05, 4.46142351e-05)
(-2.79173234e-05, 4.71283779e-05)
(-2.89418410e-05, 4.95499722e-05)
(-2.99125539e-05, 5.18744700e-05)
(-3.08276194e-05, 5.40975136e-05)
(-3.16853037e-05, 5.62149440e-05)
(-3.24839855e-05, 5.82228088e-05)
(-3.32221590e-05, 6.01173692e-05)
(-3.38984363e-05, 6.18951073e-05)
(-3.45115504e-05, 6.35527324e-05)
(-3.50603574e-05, 6.50871871e-05)
(-3.55438382e-05, 6.64956530e-05)
(-3.59611010e-05, 6.77755558e-05)
(-3.63113819e-05, 6.89245703e-05)
(-3.65940470e-05, 6.99406239e-05)
(-3.68085928e-05, 7.08219009e-05)
(-3.69546475e-05, 7.15668458e-05)
(-3.70319709e-05, 7.21741654e-05)
(-3.70404551e-05, 7.26428318e-05)
(-3.69801242e-05, 7.29720833e-05)
(-3.68511340e-05, 7.31614265e-05)
(-3.66537715e-05, 7.32106361e-05)
(-3.63884540e-05, 7.31197558e-05)
(-3.60557282e-05, 7.28890975e-05)
(-3.56562686e-05, 7.25192406e-05)
(-3.51908760e-05, 7.20110308e-05)
(-3.46604757e-05, 7.13655780e-05)
(-3.40661157e-05, 7.05842542e-05)
(-3.34089636e-05, 6.96686902e-05)
(-3.26903050e-05, 6.86207729e-05)
(-3.19115402e-05, 6.74426410e-05)
(-3.10741812e-05, 6.61366807e-05)
(-3.01798488e-05, 6.47055213e-05)
(-2.92302691e-05, 6.31520294e-05)
(-2.82272697e-05, 6.14793040e-05)
(-2.71727761e-05, 5.96906696e-05)
(-2.60688081e-05, 5.77896701e-05)
(-2.49174748e-05, 5.57800620e-05)
(-2.37209713e-05, 5.36658066e-05)
(-2.24815737e-05, 5.14510626e-05)
(-2.12016344e-05, 4.91401780e-05)
(-1.98835781e-05, 4.67376815e-05)
(-1.85298961e-05, 4.42482739e-05)
(-1.71431420e-05, 4.16768189e-05)
(-1.57259265e-05, 3.90283337e-05)
(-1.42809122e-05, 3.63079793e-05)
(-1.28108083e-05, 3.35210507e-05)
(-1.13183656e-05, 3.06729664e-05)
(-9.80637097e-06, 2.77692582e-05)
(-8.27764191e-06, 2.48155607e-05)
(-6.73502137e-06, 2.18176001e-05)
(-5.18137214e-06, 1.87811835e-05)
(-3.61957141e-06, 1.57121874e-05)
(-2.05250535e-06, 1.26165472e-05)
(-4.83063609e-07, 9.50024482e-06)
( 1.08586608e-06, 6.36929800e-06)
( 2.65140332e-06, 3.22974847e-06)
( 4.21068046e-06, 8.76504362e-08)
( 5.76084787e-06,-3.05094098e-06)
( 7.29907920e-06,-6.17998134e-06)
( 8.82257665e-06,-9.29344841e-06)
( 1.03285760e-05,-1.23853537e-05)
( 1.18143517e-05,-1.54497539e-05)
( 1.32772217e-05,-1.84807623e-05)
( 1.47145525e-05,-2.14725597e-05)
( 1.61237638e-05,-2.44194061e-05)
( 1.75023327e-05,-2.73156511e-05)
( 1.88477988e-05,-3.01557451e-05)
( 2.01577682e-05,-3.29342495e-05)
( 2.14299175e-05,-3.56458477e-05)
( 2.26619982e-05,-3.82853544e-05)
( 2.38518405e-05,-4.08477263e-05)
( 2.49973567e-05,-4.33280712e-05)
( 2.60965451e-05,-4.57216576e-05)
( 2.71474932e-05,-4.80239238e-05)
( 2.81483809e-05,-5.02304864e-05)
( 2.90974835e-05,-5.23371487e-05)
( 2.99931746e-05,-5.43399090e-05)
( 3.08339286e-05,-5.62349678e-05)
( 3.16183229e-05,-5.80187358e-05)
( 3.23450407e-05,-5.96878397e-05)
( 3.30128726e-05,-6.12391299e-05)
( 3.36207183e-05,-6.26696854e-05)
( 3.41675886e-05,-6.39768204e-05)
( 3.46526065e-05,-6.51580886e-05)
( 3.50750085e-05,-6.62112885e-05)
( 3.54341454e-05,-6.71344674e-05)
( 3.57294835e-05,-6.79259251e-05)
( 3.59606045e-05,-6.85842175e-05)
( 3.61272065e-05,-6.91081589e-05)
( 3.62291038e-05,-6.94968249e-05)
( 3.62662267e-05,-6.97495537e-05)
( 3.62386216e-05,-6.98659475e-05)
( 3.61464502e-05,-6.98458736e-05)
( 3.59899890e-05,-6.96894644e-05)
( 3.57696283e-05,-6.93971173e-05)
( 3.54858712e-05,-6.89694937e-05)
( 3.51393323e-05,-6.84075185e-05)
( 3.47307363e-05,-6.77123773e-05)
( 3.42609163e-05,-6.68855150e-05)
( 3.37308119e-05,-6.59286330e-05)
( 3.31414673e-05,-6.48436852e-05)
( 3.24940293e-05,-6.36328754e-05)
( 3.17897445e-05,-6.22986519e-05)
( 3.10299572e-05,-6.08437040e-05)
( 3.02161067e-05,-5.92709558e-05)
( 2.93497241e-05,-5.75835612e-05)
( 2.84324300e-05,-5.57848977e-05)
( 2.74659308e-05,-5.38785599e-05)
( 2.64520159e-05,-5.18683524e-05)
( 2.53925540e-05,-4.97582828e-05)
( 2.42894900e-05,-4.75525536e-05)
( 2.31448411e-05,-4.52555542e-05)
( 2.19606931e-05,-4.28718527e-05)
( 2.07391969e-05,-4.04061864e-05)
( 1.94825644e-05,-3.78634533e-05)
( 1.81930645e-05,-3.52487021e-05)
( 1.68730191e-05,-3.25671226e-05)
( 1.55247989e-05,-2.98240355e-05)
( 1.41508195e-05,-2.70248822e-05)
( 1.27535366e-05,-2.41752140e-05)
( 1.13354423e-05,-2.12806811e-05)
( 9.89906038e-06,-1.83470220e-05)
( 8.44694183e-06,-1.53800520e-05)
( 6.98166080e-06,-1.23856517e-05)
( 5.50580985e-06,-9.36975548e-06)
( 4.02199565e-06,-6.33834021e-06)
( 2.53283445e-06,-3.29741296e-06)
( 1.04094761e-06,-2.52999500e-07)
(-4.51042814e-07, 2.78886773e-06)
(-1.94051857e-06, 5.82216148e-06)
(-3.42486960e-06, 8.84087163e-06)
(-4.90149850e-06, 1.18390171e-05)
(-6.36782483e-06, 1.48106577e-05)
(-7.82128951e-06, 1.77499059e-05)
(-9.25935906e-06, 2.06509386e-05)
(-1.06795299e-05, 2.35080087e-05)
(-1.20793324e-05, 2.63154567e-05)
(-1.34563352e-05, 2.90677216e-05)
(-1.48081490e-05, 3.17593524e-05)
(-1.61324310e-05, 3.43850190e-05)
(-1.74268881e-05, 3.69395229e-05)
(-1.86892812e-05, 3.94178071e-05)
(-1.99174289e-05, 4.18149674e-05)
(-2.11092109e-05, 4.41262610e-05)
(-2.22625716e-05, 4.63471171e-05)
(-2.33755235e-05, 4.84731456e-05)
(-2.44461506e-05, 5.05001464e-05)
(-2.54726114e-05, 5.24241174e-05)
(-2.64531421e-05, 5.42412630e-05)
(-2.73860592e-05, 5.59480020e-05)
(-2.82697629e-05, 5.75409747e-05)
(-2.91027391e-05, 5.90170495e-05)
(-2.98835623e-05, 6.03733300e-05)
(-3.06108979e-05, 6.16071606e-05)
(-3.12835046e-05, 6.27161318e-05)
(-3.19002359e-05, 6.36980858e-05)
(-3.24600427e-05, 6.45511204e-05)
(-3.29619748e-05, 6.52735934e-05)
(-3.34051823e-05, 6.58641258e-05)
(-3.37889176e-05, 6.63216050e-05)
(-3.41125359e-05, 6.66451872e-05)
(-3.43754973e-05, 6.68342989e-05)
(-3.45773667e-05, 6.68886387e-05)
(-3.47178156e-05, 6.68081777e-05)
(-3.47966218e-05, 6.65931601e-05)
(-3.48136707e-05, 6.62441025e-05)
(-3.47689548e-05, 6.57617931e-05)
(-3.46625743e-05, 6.51472903e-05)
(-3.44947369e-05, 6.44019209e-05)
(-3.42657574e-05, 6.35272769e-05)
(-3.39760576e-05, 6.25252131e-05)
(-3.36261653e-05, 6.13978432e-05)
(-3.32167138e-05, 6.01475354e-05)
(-3.27484407e-05, 5.87769078e-05)
(-3.22221872e-05, 5.72888234e-05)
(-3.16388963e-05, 5.56863840e-05)
(-3.09996116e-05, 5.39729242e-05)
(-3.03054758e-05, 5.21520047e-05)
(-2.95577284e-05, 5.02274046e-05)
(-2.87577042e-05, 4.82031143e-05)
(-2.79068310e-05, 4.60833273e-05)
(-2.70066272e-05, 4.38724313e-05)
(-2.60586995e-05, 4.15749994e-05)
(-2.50647400e-05, 3.91957811e-05)
(-2.40265239e-05, 3.67396919e-05)
(-2.29459060e-05, 3.42118038e-05)
(-2.18248182e-05, 3.16173345e-05)
(-2.06652659e-05, 2.89616368e-05)
(-1.94693246e-05, 2.62501876e-05)
(-1.82391368e-05, 2.34885765e-05)
(-1.69769081e-05, 2.06824943e-05)
(-1.56849037e-05, 1.78377211e-05)
(-1.43654440e-05, 1.49601145e-05)
(-1.30209013e-05, 1.20555974e-05)
(-1.16536956e-05, 9.13014563e-06)
(-1.02662898e-05, 6.18977556e-06)
(-8.86118648e-06, 3.24053159e-06)
(-7.44092254e-06, 2.88473556e-07)
(-6.00806541e-06,-2.66033589e-06)
(-4.56520831e-06,-5.59984395e-06)
(-3.11496567e-06,-8.52402029e-06)
(-1.65996855e-06,-1.14268696e-05)
(-2.02859906e-07,-1.43024444e-05)
( 1.25371011e-06,-1.71448569e-05)
( 2.70708894e-06,-1.99482919e-05)
( 4.15462642e-06,-2.27070188e-05)
( 5.59367960e-06,-2.54154035e-05)
( 7.02161753e-06,-2.80679200e-05)
( 8.43582619e-06,-3.06591627e-05)
( 9.83371320e-06,-3.31838569e-05)
( 1.12127127e-05,-3.56368705e-05)
( 1.25702903e-05,-3.80132242e-05)
( 1.39039474e-05,-4.03081024e-05)
( 1.52112263e-05,-4.25168632e-05)
( 1.64897150e-05,-4.46350480e-05)
( 1.77370511e-05,-4.66583906e-05)
( 1.89509273e-05,-4.85828270e-05)
( 2.01290951e-05,-5.04045027e-05)
( 2.12693694e-05,-5.21197817e-05)
( 2.23696332e-05,-5.37252537e-05)
( 2.34278410e-05,-5.52177413e-05)
( 2.44420237e-05,-5.65943062e-05)
( 2.54102919e-05,-5.78522561e-05)
( 2.63308400e-05,-5.89891495e-05)
( 2.72019500e-05,-6.00028011e-05)
( 2.80219948e-05,-6.08912859e-05)
( 2.87894415e-05,-6.16529438e-05)
( 2.95028552e-05,-6.22863821e-05)
( 3.01609012e-05,-6.27904789e-05)
( 3.07623486e-05,-6.31643849e-05)
( 3.13060725e-05,-6.34075249e-05)
( 3.17910567e-05,-6.35195994e-05)
( 3.22163962e-05,-6.35005840e-05)
( 3.25812988e-05,-6.33507301e-05)
( 3.28850872e-05,-6.30705636e-05)
( 3.31272009e-05,-6.26608835e-05)
( 3.33071974e-05,-6.21227602e-05)
( 3.34247532e-05,-6.14575325e-05)
( 3.34796654e-05,-6.06668048e-05)
( 3.34718517e-05,-5.97524430e-05)
( 3.34013515e-05,-5.87165705e-05)
( 3.32683260e-05,-5.75615631e-05)
( 3.30730579e-05,-5.62900437e-05)
( 3.28159517e-05,-5.49048764e-05)
( 3.24975328e-05,-5.34091598e-05)
( 3.21184471e-05,-5.18062200e-05)
( 3.16794597e-05,-5.00996036e-05)
( 3.11814540e-05,-4.82930692e-05)
( 3.06254299e-05,-4.63905791e-05)
( 3.00125026e-05,-4.43962907e-05)
( 2.93438999e-05,-4.23145472e-05)
( 2.86209607e-05,-4.01498675e-05)
( 2.78451321e-05,-3.79069368e-05)
( 2.70179670e-05,-3.55905957e-05)
( 2.61411208e-05,-3.32058297e-05)
( 2.52163487e-05,-3.07577585e-05)
( 2.42455021e-05,-2.82516238e-05)
( 2.32305250e-05,-2.56927790e-05)
( 2.21734501e-05,-2.30866762e-05)
( 2.10763951e-05,-2.04388553e-05)
( 1.99415582e-05,-1.77549308e-05)
( 1.87712137e-05,-1.50405806e-05)
( 1.75677078e-05,-1.23015328e-05)
( 1.63334532e-05,-9.54355352e-06)
( 1.50709247e-05,-6.77243428e-06)
( 1.37826541e-05,-3.99397949e-06)
( 1.24712246e-05,-1.21399386e-06)
( 1.11392658e-05, 1.56173023e-06)
( 9.78944796e-06, 4.32742514e-06)
( 8.42447673e-06, 7.07736044e-06)
( 7.04708720e-06, 9.80585520e-06)
( 5.66003819e-06, 1.25072901e-05)
( 4.26610644e-06, 1.51761196e-05)
( 2.86808065e-06, 1.78068833e-05)
( 1.46875556e-06, 2.03942182e-05)
( 7.09259131e-08, 2.29328694e-05)
(-1.32261952e-06, 2.54177014e-05)
(-2.70910402e-06, 2.78437090e-05)
(-4.08576886e-06, 3.02060275e-05)
(-5.44987941e-06, 3.24999429e-05)
(-6.79873102e-06, 3.47209016e-05)
(-8.12965497e-06, 3.68645196e-05)
(-9.44002432e-06, 3.89265919e-05)
(-1.07272597e-05, 4.09031002e-05)
(-1.19888350e-05, 4.27902217e-05)
(-1.32222829e-05, 4.45843364e-05)
(-1.44252005e-05, 4.62820339e-05)
(-1.55952545e-05, 4.78801205e-05)
(-1.67301863e-05, 4.93756248e-05)
(-1.78278173e-05, 5.07658039e-05)
(-1.88860536e-05, 5.20481477e-05)
(-1.99028907e-05, 5.32203838e-05)
(-2.08764180e-05, 5.42804816e-05)
(-2.18048230e-05, 5.52266552e-05)
(-2.26863955e-05, 5.60573665e-05)
(-2.35195312e-05, 5.67713275e-05)
(-2.43027355e-05, 5.73675017e-05)
(-2.50346268e-05, 5.78451054e-05)
(-2.57139393e-05, 5.82036082e-05)
(-2.63395263e-05, 5.84427328e-05)
(-2.69103622e-05, 5.85624544e-05)
(-2.74255451e-05, 5.85629997e-05)
(-2.78842986e-05, 5.84448448e-05)
(-2.82859734e-05, 5.82087132e-05)
(-2.86300489e-05, 5.78555726e-05)
(-2.89161337e-05, 5.73866316e-05)
(-2.91439670e-05, 5.68033360e-05)
(-2.93134185e-05, 5.61073639e-05)
(-2.94244887e-05, 5.53006212e-05)
(-2.94773087e-05, 5.43852356e-05)
(-2.94721394e-05, 5.33635512e-05)
(-2.94093709e-05, 5.22381217e-05)
(-2.92895212e-05, 5.10117038e-05)
(-2.91132347e-05, 4.96872499e-05)
(-2.88812802e-05, 4.82679001e-05)
(-2.85945490e-05, 4.67569747e-05)
(-2.82540523e-05, 4.51579655e-05)
(-2.78609184e-05, 4.34745271e-05)
(-2.74163899e-05, 4.17104676e-05)
(-2.69218199e-05, 3.98697396e-05)
(-2.63786688e-05, 3.79564304e-05)
(-2.57885000e-05, 3.59747521e-05)
(-2.51529760e-05, 3.39290314e-05)
(-2.44738539e-05, 3.18236996e-05)
(-2.37529805e-05, 2.96632820e-05)
(-2.29922875e-05, 2.74523871e-05)
(-2.21937865e-05, 2.51956961e-05)
(-2.13595634e-05, 2.28979521e-05)
(-2.04917728e-05, 2.05639492e-05)
(-1.95926325e-05, 1.81985215e-05)
(-1.86644172e-05, 1.58065324e-05)
(-1.77094527e-05, 1.33928632e-05)
(-1.67301095e-05, 1.09624031e-05)
(-1.57287965e-05, 8.52003766e-06)
(-1.47079545e-05, 6.07063845e-06)
(-1.36700496e-05, 3.61905249e-06)
(-1.26175667e-05, 1.17009177e-06)
(-1.15530024e-05,-1.27147694e-06)
(-1.04788587e-05,-3.70094214e-06)
(-9.39763596e-06,-6.11365743e-06)
(-8.31182611e-06,-8.50505108e-06)
(-7.22390594e-06,-1.08706353e-05)
(-6.13633029e-06,-1.32060154e-05)
(-5.05152533e-06,-1.55068982e-05)
(-3.97188196e-06,-1.77691009e-05)
(-2.89974914e-06,-1.99885587e-05)
(-1.83742753e-06,-2.21613325e-05)
(-7.87163000e-07,-2.42836166e-05)
( 2.48859499e-07,-2.63517452e-05)
( 1.26852208e-06,-2.83621992e-05)
( 2.26977981e-06,-3.03116117e-05)
( 3.25066649e-06,-3.21967746e-05)
( 4.20930014e-06,-3.40146428e-05)
( 5.14388841e-06,-3.57623397e-05)
( 6.05273361e-06,-3.74371609e-05)
( 6.93423764e-06,-3.90365785e-05)
( 7.78690661e-06,-4.05582439e-05)
( 8.60935515e-06,-4.19999911e-05)
( 9.40031054e-06,-4.33598387e-05)
( 1.01586165e-05,-4.46359919e-05)
( 1.08832367e-05,-4.58268439e-05)
( 1.15732578e-05,-4.69309766e-05)
( 1.22278926e-05,-4.79471612e-05)
( 1.28464826e-05,-4.88743577e-05)
( 1.34285000e-05,-4.97117147e-05)
( 1.39735495e-05,-5.04585680e-05)
( 1.44813705e-05,-5.11144390e-05)
( 1.49518379e-05,-5.16790331e-05)
( 1.53849628e-05,-5.21522364e-05)
( 1.57808936e-05,-5.25341132e-05)
( 1.61399160e-05,-5.28249026e-05)
( 1.64624529e-05,-5.30250143e-05)
( 1.67490639e-05,-5.31350243e-05)
( 1.70004448e-05,-5.31556705e-05)
( 1.72174263e-05,-5.30878468e-05)
( 1.74009731e-05,-5.29325983e-05)
( 1.75521817e-05,-5.26911146e-05)
( 1.76722790e-05,-5.23647240e-05)
( 1.77626200e-05,-5.19548862e-05)
( 1.78246852e-05,-5.14631854e-05)
( 1.78600785e-05,-5.08913229e-05)
( 1.78705239e-05,-5.02411089e-05)
( 1.78578631e-05,-4.95144546e-05)
( 1.78240517e-05,-4.87133633e-05)
( 1.77711570e-05,-4.78399218e-05)
( 1.77013541e-05,-4.68962907e-05)
( 1.76169229e-05,-4.58846950e-05)
( 1.75202451e-05,-4.48074143e-05)
( 1.74138010e-05,-4.36667717e-05)
( 1.73001666e-05,-4.24651237e-05)
( 1.71820114e-05,-4.12048484e-05)
( 1.70620957e-05,-3.98883340e-05)
( 1.69432691e-05,-3.85179665e-05)
( 1.68284694e-05,-3.70961164e-05)
( 1.67207218e-05,-3.56251258e-05)
( 1.66231399e-05,-3.41072933e-05)
( 1.65389265e-05,-3.25448591e-05)
( 1.64713774e-05,-3.09399881e-05)
( 1.64238854e-05,-2.92947526e-05)
( 1.63999470e-05,-2.76111126e-05)
( 1.64031714e-05,-2.58908944e-05)
( 1.64372928e-05,-2.41357674e-05)
( 1.65061855e-05,-2.23472168e-05)
( 1.66138849e-05,-2.05265141e-05)
( 1.67646124e-05,-1.86746824e-05)
( 1.69628086e-05,-1.67924558e-05)
( 1.72131746e-05,-1.48802328e-05)
( 1.75207242e-05,-1.29380198e-05)
( 1.78908499e-05,-1.09653641e-05)
( 1.83294078e-05,-8.96127091e-06)
( 1.88428240e-05,-6.92410236e-06)
( 1.94382333e-05,-4.85145032e-06)
( 2.01236570e-05,-2.73997557e-06)
( 2.09082362e-05,-5.85201159e-07)
( 2.18025392e-05, 1.61875702e-06)
( 2.28189726e-05, 3.87954703e-06)
( 2.39723387e-05, 6.20706136e-06)
( 2.52806042e-05, 8.61409637e-06)
( 2.67659812e-05, 1.11172756e-05)
( 2.84564791e-05, 1.37383736e-05)
( 3.03881930e-05, 1.65062626e-05)
( 3.26087757e-05, 1.94598651e-05)
( 3.51828940e-05, 2.26527894e-05)
( 3.82011635e-05, 2.61609166e-05)
( 4.17955246e-05, 3.00954552e-05)
( 4.61673821e-05, 3.46268240e-05)
( 5.16432417e-05, 4.00318674e-05)
( 5.87964687e-05, 4.67971595e-05)
( 6.87513051e-05, 5.58768902e-05)
( 8.41751592e-05, 6.95342987e-05)
( 1.11312102e-04, 9.30668750e-05)
( 2.57124990e-04, 2.17105396e-04)
