% ======================================================
% L-Bracket Method of Moments Solution
% ======================================================
% Frequency: 7.200 GHz
% Wavelength: 0.041638 m
% Segments: N=2402 (1201 horiz + 1201 vert)
% Transmitter: (25.0000, 25.0000) m
%
% Solver: SSOR with hierarchical omega
% omega = 0.1010
% iterations = 387
% convergence = 9.54e-10
% time = 146.91 seconds
% ======================================================
% Format: (real, imaginary) current coefficients
% ======================================================
( 1.50111442e-07,-1.43120461e-06)
( 6.28643212e-07,-5.30266000e-06)
( 1.07102456e-06,-8.93984705e-06)
( 1.51005631e-06,-1.25545606e-05)
( 1.94518386e-06,-1.61395379e-05)
( 2.37601375e-06,-1.96899527e-05)
( 2.80189827e-06,-2.31997698e-05)
( 3.22210697e-06,-2.66625803e-05)
( 3.63587454e-06,-3.00718538e-05)
( 4.04242497e-06,-3.34210538e-05)
( 4.44098268e-06,-3.67037001e-05)
( 4.83077948e-06,-3.99134055e-05)
( 5.21105899e-06,-4.30439035e-05)
( 5.58107998e-06,-4.60890682e-05)
( 5.94011896e-06,-4.90429318e-05)
( 6.28747233e-06,-5.18996994e-05)
( 6.62245834e-06,-5.46537629e-05)
( 6.94441881e-06,-5.72997138e-05)
( 7.25272066e-06,-5.98323541e-05)
( 7.54675745e-06,-6.22467084e-05)
( 7.82595067e-06,-6.45380334e-05)
( 8.08975110e-06,-6.67018284e-05)
( 8.33763995e-06,-6.87338439e-05)
( 8.56913000e-06,-7.06300905e-05)
( 8.78376663e-06,-7.23868471e-05)
( 8.98112883e-06,-7.40006680e-05)
( 9.16083003e-06,-7.54683904e-05)
( 9.32251895e-06,-7.67871401e-05)
( 9.46588035e-06,-7.79543374e-05)
( 9.59063564e-06,-7.89677026e-05)
( 9.69654354e-06,-7.98252601e-05)
( 9.78340050e-06,-8.05253425e-05)
( 9.85104119e-06,-8.10665938e-05)
( 9.89933881e-06,-8.14479722e-05)
( 9.92820537e-06,-8.16687519e-05)
( 9.93759186e-06,-8.17285249e-05)
( 9.92748835e-06,-8.16272013e-05)
( 9.89792406e-06,-8.13650100e-05)
( 9.84896720e-06,-8.09424977e-05)
( 9.78072494e-06,-8.03605278e-05)
( 9.69334310e-06,-7.96202792e-05)
( 9.58700590e-06,-7.87232433e-05)
( 9.46193556e-06,-7.76712212e-05)
( 9.31839186e-06,-7.64663204e-05)
( 9.15667155e-06,-7.51109500e-05)
( 8.97710780e-06,-7.36078164e-05)
( 8.78006948e-06,-7.19599175e-05)
( 8.56596040e-06,-7.01705372e-05)
( 8.33521846e-06,-6.82432384e-05)
( 8.08831480e-06,-6.61818559e-05)
( 7.82575276e-06,-6.39904892e-05)
( 7.54806689e-06,-6.16734939e-05)
( 7.25582183e-06,-5.92354734e-05)
( 6.94961114e-06,-5.66812693e-05)
( 6.63005610e-06,-5.40159524e-05)
( 6.29780441e-06,-5.12448119e-05)
( 5.95352886e-06,-4.83733455e-05)
( 5.59792595e-06,-4.54072482e-05)
( 5.23171447e-06,-4.23524011e-05)
( 4.85563400e-06,-3.92148598e-05)
( 4.47044340e-06,-3.60008422e-05)
( 4.07691928e-06,-3.27167162e-05)
( 3.67585437e-06,-2.93689874e-05)
( 3.26805591e-06,-2.59642859e-05)
( 2.85434399e-06,-2.25093532e-05)
( 2.43554990e-06,-1.90110291e-05)
( 2.01251439e-06,-1.54762379e-05)
( 1.58608599e-06,-1.19119749e-05)
( 1.15711926e-06,-8.32529232e-06)
( 7.26473031e-07,-4.72328570e-06)
( 2.95008696e-07,-1.11307966e-06)
(-1.36411577e-07, 2.49818611e-06)
(-5.66926575e-07, 6.10337096e-06)
(-9.95677816e-07, 9.69534733e-06)
(-1.42181125e-06, 1.32670149e-05)
(-1.84447903e-06, 1.68113145e-05)
(-2.26284119e-06, 2.03212420e-05)
(-2.67606739e-06, 2.37898624e-05)
(-3.08333854e-06, 2.72103231e-05)
(-3.48384846e-06, 3.05758675e-05)
(-3.87680555e-06, 3.38798487e-05)
(-4.26143430e-06, 3.71157418e-05)
(-4.63697690e-06, 4.02771578e-05)
(-5.00269476e-06, 4.33578550e-05)
(-5.35786994e-06, 4.63517521e-05)
(-5.70180660e-06, 4.92529400e-05)
(-6.03383240e-06, 5.20556932e-05)
(-6.35329981e-06, 5.47544810e-05)
(-6.65958740e-06, 5.73439788e-05)
(-6.95210104e-06, 5.98190780e-05)
(-7.23027512e-06, 6.21748965e-05)
(-7.49357359e-06, 6.44067879e-05)
(-7.74149103e-06, 6.65103507e-05)
(-7.97355365e-06, 6.84814372e-05)
(-8.18932018e-06, 7.03161611e-05)
(-8.38838270e-06, 7.20109055e-05)
(-8.57036746e-06, 7.35623300e-05)
(-8.73493555e-06, 7.49673768e-05)
(-8.88178351e-06, 7.62232771e-05)
(-9.01064395e-06, 7.73275563e-05)
(-9.12128599e-06, 7.82780387e-05)
(-9.21351568e-06, 7.90728521e-05)
(-9.28717631e-06, 7.97104310e-05)
(-9.34214872e-06, 8.01895199e-05)
(-9.37835141e-06, 8.05091754e-05)
(-9.39574070e-06, 8.06687685e-05)
(-9.39431073e-06, 8.06679854e-05)
(-9.37409340e-06, 8.05068280e-05)
(-9.33515825e-06, 8.01856141e-05)
(-9.27761227e-06, 7.97049766e-05)
(-9.20159959e-06, 7.90658622e-05)
(-9.10730116e-06, 7.82695295e-05)
(-8.99493429e-06, 7.73175463e-05)
(-8.86475216e-06, 7.62117869e-05)
(-8.71704325e-06, 7.49544277e-05)
(-8.55213071e-06, 7.35479437e-05)
(-8.37037161e-06, 7.19951028e-05)
(-8.17215621e-06, 7.02989608e-05)
(-7.95790708e-06, 6.84628552e-05)
(-7.72807820e-06, 6.64903984e-05)
(-7.48315401e-06, 6.43854711e-05)
(-7.22364836e-06, 6.21522141e-05)
(-6.95010345e-06, 5.97950202e-05)
(-6.66308867e-06, 5.73185260e-05)
(-6.36319941e-06, 5.47276020e-05)
(-6.05105583e-06, 5.20273438e-05)
(-5.72730159e-06, 4.92230614e-05)
(-5.39260247e-06, 4.63202692e-05)
(-5.04764507e-06, 4.33246749e-05)
(-4.69313532e-06, 4.02421683e-05)
(-4.32979709e-06, 3.70788097e-05)
(-3.95837072e-06, 3.38408182e-05)
(-3.57961146e-06, 3.05345592e-05)
(-3.19428799e-06, 2.71665320e-05)
(-2.80318083e-06, 2.37433570e-05)
(-2.40708079e-06, 2.02717627e-05)
(-2.00678737e-06, 1.67585725e-05)
(-1.60310716e-06, 1.32106914e-05)
(-1.19685221e-06, 9.63509221e-06)
(-7.88838429e-07, 6.03880193e-06)
(-3.79883947e-07, 2.42888811e-06)
( 2.91924981e-08,-1.18755518e-06)
( 4.37573180e-07,-4.80342119e-06)
( 8.44443013e-07,-8.41160451e-06)
( 1.24899114e-06,-1.20050149e-05)
( 1.65041254e-06,-1.55765915e-05)
( 2.04790957e-06,-1.91193160e-05)
( 2.44069358e-06,-2.26262274e-05)
( 2.82798640e-06,-2.60904348e-05)
( 3.20902185e-06,-2.95051312e-05)
( 3.58304725e-06,-3.28636072e-05)
( 3.94932487e-06,-3.61592636e-05)
( 4.30713330e-06,-3.93856246e-05)
( 4.65576889e-06,-4.25363507e-05)
( 4.99454705e-06,-4.56052508e-05)
( 5.32280360e-06,-4.85862944e-05)
( 5.63989596e-06,-5.14736236e-05)
( 5.94520441e-06,-5.42615646e-05)
( 6.23813326e-06,-5.69446385e-05)
( 6.51811190e-06,-5.95175723e-05)
( 6.78459595e-06,-6.19753095e-05)
( 7.03706820e-06,-6.43130194e-05)
( 7.27503956e-06,-6.65261070e-05)
( 7.49805000e-06,-6.86102221e-05)
( 7.70566934e-06,-7.05612675e-05)
( 7.89749805e-06,-7.23754073e-05)
( 8.07316792e-06,-7.40490743e-05)
( 8.23234277e-06,-7.55789770e-05)
( 8.37471897e-06,-7.69621062e-05)
( 8.50002600e-06,-7.81957409e-05)
( 8.60802690e-06,-7.92774536e-05)
( 8.69851860e-06,-8.02051149e-05)
( 8.77133234e-06,-8.09768979e-05)
( 8.82633383e-06,-8.15912820e-05)
( 8.86342348e-06,-8.20470554e-05)
( 8.88253651e-06,-8.23433178e-05)
( 8.88364299e-06,-8.24794824e-05)
( 8.86674782e-06,-8.24552765e-05)
( 8.83189067e-06,-8.22707427e-05)
( 8.77914579e-06,-8.19262383e-05)
( 8.70862182e-06,-8.14224350e-05)
( 8.62046149e-06,-8.07603173e-05)
( 8.51484127e-06,-7.99411811e-05)
( 8.39197098e-06,-7.89666306e-05)
( 8.25209327e-06,-7.78385756e-05)
( 8.09548313e-06,-7.65592274e-05)
( 7.92244725e-06,-7.51310949e-05)
( 7.73332340e-06,-7.35569797e-05)
( 7.52847968e-06,-7.18399701e-05)
( 7.30831376e-06,-6.99834356e-05)
( 7.07325206e-06,-6.79910203e-05)
( 6.82374887e-06,-6.58666355e-05)
( 6.56028542e-06,-6.36144521e-05)
( 6.28336889e-06,-6.12388929e-05)
( 5.99353137e-06,-5.87446231e-05)
( 5.69132884e-06,-5.61365421e-05)
( 5.37734001e-06,-5.34197732e-05)
( 5.05216517e-06,-5.05996539e-05)
( 4.71642503e-06,-4.76817255e-05)
( 4.37075942e-06,-4.46717221e-05)
( 4.01582613e-06,-4.15755592e-05)
( 3.65229952e-06,-3.83993224e-05)
( 3.28086924e-06,-3.51492556e-05)
( 2.90223890e-06,-3.18317483e-05)
( 2.51712467e-06,-2.84533232e-05)
( 2.12625388e-06,-2.50206237e-05)
( 1.73036365e-06,-2.15404005e-05)
( 1.33019942e-06,-1.80194985e-05)
( 9.26513548e-07,-1.44648435e-05)
( 5.20063836e-07,-1.08834282e-05)
( 1.11612093e-07,-7.28229881e-06)
(-2.98077339e-07,-3.66854111e-06)
(-7.08239036e-07,-4.92664404e-08)
(-1.11810796e-06, 3.56840224e-06)
(-1.52692090e-06, 7.17734436e-06)
(-1.93391794e-06, 1.07704558e-05)
(-2.33834391e-06, 1.43406627e-05)
(-2.73944977e-06, 1.78809359e-05)
(-3.13649408e-06, 2.13843039e-05)
(-3.52874435e-06, 2.48438676e-05)
(-3.91547847e-06, 2.82528133e-05)
(-4.29598600e-06, 3.16044261e-05)
(-4.66956956e-06, 3.48921036e-05)
(-5.03554612e-06, 3.81093685e-05)
(-5.39324826e-06, 4.12498815e-05)
(-5.74202543e-06, 4.43074542e-05)
(-6.08124513e-06, 4.72760607e-05)
(-6.41029413e-06, 5.01498500e-05)
(-6.72857959e-06, 5.29231574e-05)
(-7.03553014e-06, 5.55905157e-05)
(-7.33059693e-06, 5.81466662e-05)
(-7.61325467e-06, 6.05865688e-05)
(-7.88300257e-06, 6.29054124e-05)
(-8.13936527e-06, 6.50986242e-05)
(-8.38189368e-06, 6.71618786e-05)
(-8.61016584e-06, 6.90911065e-05)
(-8.82378765e-06, 7.08825025e-05)
(-9.02239358e-06, 7.25325332e-05)
(-9.20564734e-06, 7.40379438e-05)
(-9.37324250e-06, 7.53957650e-05)
(-9.52490298e-06, 7.66033185e-05)
(-9.66038356e-06, 7.76582226e-05)
(-9.77947034e-06, 7.85583971e-05)
(-9.88198104e-06, 7.93020673e-05)
(-9.96776537e-06, 7.98877678e-05)
(-1.00367052e-05, 8.03143450e-05)
(-1.00887149e-05, 8.05809603e-05)
(-1.01237413e-05, 8.06870909e-05)
(-1.01417636e-05, 8.06325317e-05)
(-1.01427940e-05, 8.04173955e-05)
(-1.01268768e-05, 8.00421126e-05)
(-1.00940889e-05, 7.95074305e-05)
(-1.00445395e-05, 7.88144122e-05)
(-9.97836948e-06, 7.79644345e-05)
(-9.89575156e-06, 7.69591851e-05)
(-9.79688971e-06, 7.58006592e-05)
(-9.68201874e-06, 7.44911561e-05)
(-9.55140385e-06, 7.30332745e-05)
(-9.40534007e-06, 7.14299075e-05)
(-9.24415164e-06, 6.96842367e-05)
(-9.06819141e-06, 6.77997265e-05)
(-8.87784009e-06, 6.57801168e-05)
(-8.67350548e-06, 6.36294161e-05)
(-8.45562171e-06, 6.13518932e-05)
(-8.22464831e-06, 5.89520694e-05)
(-7.98106935e-06, 5.64347090e-05)
(-7.72539247e-06, 5.38048105e-05)
(-7.45814783e-06, 5.10675964e-05)
(-7.17988716e-06, 4.82285029e-05)
(-6.89118256e-06, 4.52931695e-05)
(-6.59262546e-06, 4.22674277e-05)
(-6.28482541e-06, 3.91572893e-05)
(-5.96840891e-06, 3.59689350e-05)
(-5.64401814e-06, 3.27087018e-05)
(-5.31230972e-06, 2.93830706e-05)
(-4.97395345e-06, 2.59986536e-05)
(-4.62963092e-06, 2.25621808e-05)
(-4.28003424e-06, 1.90804872e-05)
(-3.92586466e-06, 1.55604989e-05)
(-3.56783115e-06, 1.20092194e-05)
(-3.20664909e-06, 8.43371602e-06)
(-2.84303878e-06, 4.84110567e-06)
(-2.47772406e-06, 1.23854080e-06)
(-2.11143092e-06,-2.36680478e-06)
(-1.74488599e-06,-5.96775010e-06)
(-1.37881520e-06,-9.55712131e-06)
(-1.01394227e-06,-1.31277659e-05)
(-6.50987342e-07,-1.66725668e-05)
(-2.90665540e-07,-2.01844567e-05)
( 6.63144600e-08,-2.36564320e-05)
( 4.19251794e-07,-2.70815666e-05)
( 7.67454823e-07,-3.04530260e-05)
( 1.11024249e-06,-3.37640803e-05)
( 1.44694565e-06,-3.70081183e-05)
( 1.77690844e-06,-4.01786602e-05)
( 2.09948953e-06,-4.32693704e-05)
( 2.41406342e-06,-4.62740705e-05)
( 2.72002169e-06,-4.91867515e-05)
( 3.01677416e-06,-5.20015853e-05)
( 3.30375015e-06,-5.47129371e-05)
( 3.58039952e-06,-5.73153759e-05)
( 3.84619382e-06,-5.98036858e-05)
( 4.10062737e-06,-6.21728762e-05)
( 4.34321818e-06,-6.44181919e-05)
( 4.57350900e-06,-6.65351223e-05)
( 4.79106818e-06,-6.85194108e-05)
( 4.99549058e-06,-7.03670629e-05)
( 5.18639833e-06,-7.20743546e-05)
( 5.36344162e-06,-7.36378394e-05)
( 5.52629941e-06,-7.50543556e-05)
( 5.67468004e-06,-7.63210325e-05)
( 5.80832186e-06,-7.74352960e-05)
( 5.92699371e-06,-7.83948738e-05)
( 6.03049544e-06,-7.91978002e-05)
( 6.11865826e-06,-7.98424199e-05)
( 6.19134513e-06,-8.03273912e-05)
( 6.24845099e-06,-8.06516889e-05)
( 6.28990302e-06,-8.08146063e-05)
( 6.31566075e-06,-8.08157569e-05)
( 6.32571617e-06,-8.06550747e-05)
( 6.32009372e-06,-8.03328147e-05)
( 6.29885029e-06,-7.98495526e-05)
( 6.26207503e-06,-7.92061833e-05)
( 6.20988923e-06,-7.84039195e-05)
( 6.14244606e-06,-7.74442891e-05)
( 6.05993026e-06,-7.63291323e-05)
( 5.96255773e-06,-7.50605980e-05)
( 5.85057514e-06,-7.36411395e-05)
( 5.72425939e-06,-7.20735097e-05)
( 5.58391708e-06,-7.03607557e-05)
( 5.42988382e-06,-6.85062126e-05)
( 5.26252363e-06,-6.65134972e-05)
( 5.08222812e-06,-6.43865005e-05)
( 4.88941570e-06,-6.21293803e-05)
( 4.68453077e-06,-5.97465527e-05)
( 4.46804274e-06,-5.72426835e-05)
( 4.24044510e-06,-5.46226790e-05)
( 4.00225441e-06,-5.18916761e-05)
( 3.75400920e-06,-4.90550323e-05)
( 3.49626890e-06,-4.61183150e-05)
( 3.22961266e-06,-4.30872902e-05)
( 2.95463815e-06,-3.99679116e-05)
( 2.67196035e-06,-3.67663083e-05)
( 2.38221024e-06,-3.34887730e-05)
( 2.08603351e-06,-3.01417493e-05)
( 1.78408925e-06,-2.67318188e-05)
( 1.47704853e-06,-2.32656884e-05)
( 1.16559303e-06,-1.97501767e-05)
( 8.50413661e-07,-1.61922008e-05)
( 5.32209055e-07,-1.25987621e-05)
( 2.11684174e-07,-8.97693271e-06)
(-1.10451183e-07,-5.33384158e-06)
(-4.33483855e-07,-1.67666003e-06)
(-7.56698799e-07, 1.98741229e-06)
(-1.07938059e-06, 5.65116170e-06)
(-1.40081489e-06, 9.30737478e-06)
(-1.72028997e-06, 1.29488527e-05)
(-2.03709817e-06, 1.65684254e-05)
(-2.35053738e-06, 2.01589659e-05)
(-2.65991251e-06, 2.37134043e-05)
(-2.96453692e-06, 2.72247420e-05)
(-3.26373389e-06, 3.06860652e-05)
(-3.55683801e-06, 3.40905590e-05)
(-3.84319655e-06, 3.74315203e-05)
(-4.12217085e-06, 4.07023719e-05)
(-4.39313765e-06, 4.38966745e-05)
(-4.65549037e-06, 4.70081405e-05)
(-4.90864037e-06, 5.00306454e-05)
(-5.15201823e-06, 5.29582407e-05)
(-5.38507485e-06, 5.57851650e-05)
(-5.60728266e-06, 5.85058559e-05)
(-5.81813668e-06, 6.11149607e-05)
(-6.01715557e-06, 6.36073469e-05)
(-6.20388265e-06, 6.59781126e-05)
(-6.37788682e-06, 6.82225957e-05)
(-6.53876343e-06, 7.03363834e-05)
(-6.68613517e-06, 7.23153210e-05)
(-6.81965279e-06, 7.41555194e-05)
(-6.93899584e-06, 7.58533636e-05)
(-7.04387331e-06, 7.74055192e-05)
(-7.13402421e-06, 7.88089389e-05)
(-7.20921813e-06, 8.00608689e-05)
(-7.26925565e-06, 8.11588537e-05)
(-7.31396877e-06, 8.21007415e-05)
(-7.34322119e-06, 8.28846877e-05)
(-7.35690863e-06, 8.35091589e-05)
(-7.35495895e-06, 8.39729358e-05)
(-7.33733232e-06, 8.42751154e-05)
(-7.30402123e-06, 8.44151127e-05)
(-7.25505050e-06, 8.43926617e-05)
(-7.19047716e-06, 8.42078161e-05)
(-7.11039034e-06, 8.38609488e-05)
(-7.01491097e-06, 8.33527511e-05)
(-6.90419157e-06, 8.26842315e-05)
(-6.77841582e-06, 8.18567133e-05)
(-6.63779817e-06, 8.08718318e-05)
(-6.48258332e-06, 7.97315316e-05)
(-6.31304570e-06, 7.84380617e-05)
(-6.12948881e-06, 7.69939718e-05)
(-5.93224456e-06, 7.54021068e-05)
(-5.72167253e-06, 7.36656009e-05)
(-5.49815918e-06, 7.17878719e-05)
(-5.26211695e-06, 6.97726136e-05)
(-5.01398341e-06, 6.76237890e-05)
(-4.75422028e-06, 6.53456223e-05)
(-4.48331238e-06, 6.29425900e-05)
(-4.20176664e-06, 6.04194127e-05)
(-3.91011096e-06, 5.77810452e-05)
(-3.60889306e-06, 5.50326667e-05)
(-3.29867930e-06, 5.21796708e-05)
(-2.98005349e-06, 4.92276543e-05)
(-2.65361560e-06, 4.61824068e-05)
(-2.31998048e-06, 4.30498984e-05)
(-1.97977656e-06, 3.98362684e-05)
(-1.63364450e-06, 3.65478131e-05)
(-1.28223584e-06, 3.31909731e-05)
(-9.26211598e-07, 2.97723208e-05)
(-5.66240907e-07, 2.62985474e-05)
(-2.02999577e-07, 2.27764495e-05)
( 1.62831309e-07, 1.92129156e-05)
( 5.30566819e-07, 1.56149131e-05)
( 8.99519605e-07, 1.19894737e-05)
( 1.26900132e-06, 8.34368032e-06)
( 1.63832405e-06, 4.68465264e-06)
( 2.00680173e-06, 1.01953328e-06)
( 2.37375154e-06,-2.64452629e-06)
( 2.73849532e-06,-6.30037981e-06)
( 3.10036092e-06,-9.94090031e-06)
( 3.45868358e-06,-1.35589941e-05)
( 3.81280726e-06,-1.71476146e-05)
( 4.16208597e-06,-2.06997764e-05)
( 4.50588501e-06,-2.42085686e-05)
( 4.84358228e-06,-2.76671690e-05)
( 5.17456943e-06,-3.10688566e-05)
( 5.49825314e-06,-3.44070255e-05)
( 5.81405617e-06,-3.76751974e-05)
( 6.12141853e-06,-4.08670344e-05)
( 6.41979853e-06,-4.39763516e-05)
( 6.70867377e-06,-4.69971287e-05)
( 6.98754214e-06,-4.99235223e-05)
( 7.25592274e-06,-5.27498768e-05)
( 7.51335674e-06,-5.54707358e-05)
( 7.75940819e-06,-5.80808526e-05)
( 7.99366483e-06,-6.05752003e-05)
( 8.21573871e-06,-6.29489817e-05)
( 8.42526696e-06,-6.51976386e-05)
( 8.62191228e-06,-6.73168607e-05)
( 8.80536352e-06,-6.93025937e-05)
( 8.97533616e-06,-7.11510474e-05)
( 9.13157272e-06,-7.28587031e-05)
( 9.27384311e-06,-7.44223201e-05)
( 9.40194492e-06,-7.58389421e-05)
( 9.51570364e-06,-7.71059029e-05)
( 9.61497287e-06,-7.82208316e-05)
( 9.69963440e-06,-7.91816567e-05)
( 9.76959824e-06,-7.99866107e-05)
( 9.82480265e-06,-8.06342329e-05)
( 9.86521401e-06,-8.11233723e-05)
( 9.89082676e-06,-8.14531898e-05)
( 9.90166312e-06,-8.16231599e-05)
( 9.89777291e-06,-8.16330711e-05)
( 9.87923319e-06,-8.14830267e-05)
( 9.84614794e-06,-8.11734440e-05)
( 9.79864759e-06,-8.07050540e-05)
( 9.73688860e-06,-8.00788991e-05)
( 9.66105288e-06,-7.92963315e-05)
( 9.57134729e-06,-7.83590103e-05)
( 9.46800292e-06,-7.72688979e-05)
( 9.35127450e-06,-7.60282563e-05)
( 9.22143965e-06,-7.46396425e-05)
( 9.07879814e-06,-7.31059033e-05)
( 8.92367107e-06,-7.14301697e-05)
( 8.75640006e-06,-6.96158505e-05)
( 8.57734634e-06,-6.76666259e-05)
( 8.38688991e-06,-6.55864396e-05)
( 8.18542854e-06,-6.33794916e-05)
( 7.97337683e-06,-6.10502295e-05)
( 7.75116523e-06,-5.86033398e-05)
( 7.51923901e-06,-5.60437385e-05)
( 7.27805722e-06,-5.33765618e-05)
( 7.02809165e-06,-5.06071553e-05)
( 6.76982574e-06,-4.77410640e-05)
( 6.50375352e-06,-4.47840214e-05)
( 6.23037850e-06,-4.17419375e-05)
( 5.95021255e-06,-3.86208881e-05)
( 5.66377482e-06,-3.54271022e-05)
( 5.37159061e-06,-3.21669497e-05)
( 5.07419028e-06,-2.88469293e-05)
( 4.77210810e-06,-2.54736556e-05)
( 4.46588116e-06,-2.20538456e-05)
( 4.15604830e-06,-1.85943062e-05)
( 3.84314898e-06,-1.51019203e-05)
( 3.52772221e-06,-1.15836336e-05)
( 3.21030551e-06,-8.04644048e-06)
( 2.89143382e-06,-4.49737096e-06)
( 2.57163852e-06,-9.43476278e-07)
( 2.25144639e-06, 2.60818471e-06)
( 1.93137861e-06, 6.15055943e-06)
( 1.61194983e-06, 9.67661545e-06)
( 1.29366722e-06, 1.31793543e-05)
( 9.77029569e-07, 1.66518252e-05)
( 6.62526391e-07, 2.00871387e-05)
( 3.50637086e-07, 2.34784804e-05)
( 4.18301365e-08, 2.68191241e-05)
(-2.63437685e-07, 3.01024450e-05)
(-5.64722059e-07, 3.33219330e-05)
(-8.61591819e-07, 3.64712053e-05)
(-1.15362963e-06, 3.95440189e-05)
(-1.44043261e-06, 4.25342829e-05)
(-1.72161294e-06, 4.54360708e-05)
(-1.99679840e-06, 4.82436316e-05)
(-2.26563288e-06, 5.09514016e-05)
(-2.52777685e-06, 5.35540152e-05)
(-2.78290780e-06, 5.60463151e-05)
(-3.03072061e-06, 5.84233633e-05)
(-3.27092792e-06, 6.06804499e-05)
(-3.50326039e-06, 6.28131030e-05)
(-3.72746698e-06, 6.48170975e-05)
(-3.94331517e-06, 6.66884631e-05)
(-4.15059114e-06, 6.84234924e-05)
(-4.34909988e-06, 7.00187482e-05)
(-4.53866530e-06, 7.14710703e-05)
(-4.71913027e-06, 7.27775817e-05)
(-4.89035664e-06, 7.39356945e-05)
(-5.05222519e-06, 7.49431150e-05)
(-5.20463558e-06, 7.57978479e-05)
(-5.34750625e-06, 7.64982010e-05)
(-5.48077425e-06, 7.70427879e-05)
(-5.60439506e-06, 7.74305313e-05)
(-5.71834242e-06, 7.76606650e-05)
(-5.82260802e-06, 7.77327354e-05)
(-5.91720125e-06, 7.76466029e-05)
(-6.00214888e-06, 7.74024416e-05)
(-6.07749472e-06, 7.70007395e-05)
(-6.14329924e-06, 7.64422978e-05)
(-6.19963915e-06, 7.57282288e-05)
(-6.24660702e-06, 7.48599545e-05)
(-6.28431077e-06, 7.38392034e-05)
(-6.31287323e-06, 7.26680074e-05)
(-6.33243163e-06, 7.13486979e-05)
(-6.34313708e-06, 6.98839013e-05)
(-6.34515402e-06, 6.82765339e-05)
(-6.33865969e-06, 6.65297963e-05)
(-6.32384353e-06, 6.46471672e-05)
(-6.30090661e-06, 6.26323966e-05)
(-6.27006102e-06, 6.04894986e-05)
(-6.23152926e-06, 5.82227435e-05)
(-6.18554361e-06, 5.58366494e-05)
(-6.13234554e-06, 5.33359738e-05)
(-6.07218500e-06, 5.07257036e-05)
(-6.00531985e-06, 4.80110462e-05)
(-5.93201517e-06, 4.51974185e-05)
(-5.85254261e-06, 4.22904370e-05)
(-5.76717977e-06, 3.92959063e-05)
(-5.67620950e-06, 3.62198080e-05)
(-5.57991930e-06, 3.30682888e-05)
(-5.47860064e-06, 2.98476486e-05)
(-5.37254832e-06, 2.65643279e-05)
(-5.26205985e-06, 2.32248954e-05)
(-5.14743479e-06, 1.98360349e-05)
(-5.02897415e-06, 1.64045320e-05)
(-4.90697975e-06, 1.29372612e-05)
(-4.78175364e-06, 9.44117187e-06)
(-4.65359747e-06, 5.92327476e-06)
(-4.52281193e-06, 2.39062811e-06)
(-4.38969615e-06,-1.14967629e-06)
(-4.25454719e-06,-4.69052715e-06)
(-4.11765943e-06,-8.22480772e-06)
(-3.97932409e-06,-1.17454099e-05)
(-3.83982865e-06,-1.52452484e-05)
(-3.69945644e-06,-1.87172747e-05)
(-3.55848609e-06,-2.21544911e-05)
(-3.41719104e-06,-2.55499646e-05)
(-3.27583918e-06,-2.88968406e-05)
(-3.13469233e-06,-3.21883569e-05)
(-2.99400588e-06,-3.54178568e-05)
(-2.85402836e-06,-3.85788026e-05)
(-2.71500111e-06,-4.16647883e-05)
(-2.57715787e-06,-4.46695531e-05)
(-2.44072448e-06,-4.75869932e-05)
(-2.30591854e-06,-5.04111744e-05)
(-2.17294914e-06,-5.31363442e-05)
(-2.04201656e-06,-5.57569428e-05)
(-1.91331203e-06,-5.82676148e-05)
(-1.78701748e-06,-6.06632197e-05)
(-1.66330532e-06,-6.29388424e-05)
(-1.54233828e-06,-6.50898032e-05)
(-1.42426919e-06,-6.71116670e-05)
(-1.30924085e-06,-6.90002528e-05)
(-1.19738587e-06,-7.07516415e-05)
(-1.08882662e-06,-7.23621848e-05)
(-9.83675045e-07,-7.38285118e-05)
(-8.82032652e-07,-7.51475365e-05)
(-7.83990434e-07,-7.63164639e-05)
(-6.89628836e-07,-7.73327960e-05)
(-5.99017735e-07,-7.81943367e-05)
(-5.12216448e-07,-7.88991968e-05)
(-4.29273743e-07,-7.94457976e-05)
(-3.50227888e-07,-7.98328749e-05)
(-2.75106700e-07,-8.00594809e-05)
(-2.03927625e-07,-8.01249872e-05)
(-1.36697827e-07,-8.00290860e-05)
(-7.34143008e-08,-7.97717908e-05)
(-1.40639987e-08,-7.93534367e-05)
( 4.13760276e-08,-7.87746805e-05)
( 9.29384656e-08,-7.80364990e-05)
( 1.40665567e-07,-7.71401877e-05)
( 1.84608953e-07,-7.60873582e-05)
( 2.24829411e-07,-7.48799360e-05)
( 2.61396669e-07,-7.35201558e-05)
( 2.94389159e-07,-7.20105583e-05)
( 3.23893769e-07,-7.03539850e-05)
( 3.50005573e-07,-6.85535728e-05)
( 3.72827554e-07,-6.66127479e-05)
( 3.92470315e-07,-6.45352198e-05)
( 4.09051769e-07,-6.23249732e-05)
( 4.22696829e-07,-5.99862613e-05)
( 4.33537069e-07,-5.75235967e-05)
( 4.41710392e-07,-5.49417435e-05)
( 4.47360679e-07,-5.22457071e-05)
( 4.50637421e-07,-4.94407252e-05)
( 4.51695349e-07,-4.65322573e-05)
( 4.50694055e-07,-4.35259738e-05)
( 4.47797598e-07,-4.04277452e-05)
( 4.43174108e-07,-3.72436304e-05)
( 4.36995372e-07,-3.39798650e-05)
( 4.29436426e-07,-3.06428487e-05)
( 4.20675128e-07,-2.72391329e-05)
( 4.10891732e-07,-2.37754079e-05)
( 4.00268452e-07,-2.02584895e-05)
( 3.88989021e-07,-1.66953054e-05)
( 3.77238253e-07,-1.30928819e-05)
( 3.65201585e-07,-9.45832974e-06)
( 3.53064631e-07,-5.79882989e-06)
( 3.41012737e-07,-2.12161960e-06)
( 3.29230501e-07, 1.56602217e-06)
( 3.17901335e-07, 5.25678914e-06)
( 3.07207014e-07, 8.94336222e-06)
( 2.97327186e-07, 1.26184241e-05)
( 2.88438957e-07, 1.62746739e-05)
( 2.80716403e-07, 1.99048414e-05)
( 2.74330137e-07, 2.35017020e-05)
( 2.69446858e-07, 2.70580908e-05)
( 2.66228901e-07, 3.05669169e-05)
( 2.64833805e-07, 3.40211777e-05)
( 2.65413880e-07, 3.74139731e-05)
( 2.68115775e-07, 4.07385187e-05)
( 2.73080075e-07, 4.39881600e-05)
( 2.80440873e-07, 4.71563852e-05)
( 2.90325395e-07, 5.02368389e-05)
( 3.02853587e-07, 5.32233342e-05)
( 3.18137763e-07, 5.61098654e-05)
( 3.36282220e-07, 5.88906201e-05)
( 3.57382906e-07, 6.15599909e-05)
( 3.81527067e-07, 6.41125864e-05)
( 4.08792945e-07, 6.65432427e-05)
( 4.39249460e-07, 6.88470328e-05)
( 4.72955928e-07, 7.10192775e-05)
( 5.09961796e-07, 7.30555545e-05)
( 5.50306387e-07, 7.49517070e-05)
( 5.94018670e-07, 7.67038526e-05)
( 6.41117059e-07, 7.83083910e-05)
( 6.91609216e-07, 7.97620111e-05)
( 7.45491889e-07, 8.10616982e-05)
( 8.02750776e-07, 8.22047396e-05)
( 8.63360396e-07, 8.31887305e-05)
( 9.27284005e-07, 8.40115787e-05)
( 9.94473520e-07, 8.46715093e-05)
( 1.06486948e-06, 8.51670679e-05)
( 1.13840104e-06, 8.54971238e-05)
( 1.21498595e-06, 8.56608725e-05)
( 1.29453063e-06, 8.56578373e-05)
( 1.37693022e-06, 8.54878706e-05)
( 1.46206866e-06, 8.51511539e-05)
( 1.54981883e-06, 8.46481981e-05)
( 1.64004270e-06, 8.39798420e-05)
( 1.73259150e-06, 8.31472514e-05)
( 1.82730595e-06, 8.21519165e-05)
( 1.92401644e-06, 8.09956491e-05)
( 2.02254337e-06, 7.96805791e-05)
( 2.12269741e-06, 7.82091506e-05)
( 2.22427980e-06, 7.65841169e-05)
( 2.32708274e-06, 7.48085351e-05)
( 2.43088976e-06, 7.28857603e-05)
( 2.53547610e-06, 7.08194390e-05)
( 2.64060918e-06, 6.86135018e-05)
( 2.74604905e-06, 6.62721560e-05)
( 2.85154884e-06, 6.37998768e-05)
( 2.95685532e-06, 6.12013990e-05)
( 3.06170942e-06, 5.84817073e-05)
( 3.16584676e-06, 5.56460269e-05)
( 3.26899827e-06, 5.26998128e-05)
( 3.37089075e-06, 4.96487391e-05)
( 3.47124752e-06, 4.64986879e-05)
( 3.56978907e-06, 4.32557380e-05)
( 3.66623366e-06, 3.99261521e-05)
( 3.76029805e-06, 3.65163653e-05)
( 3.85169816e-06, 3.30329718e-05)
( 3.94014978e-06, 2.94827122e-05)
( 4.02536925e-06, 2.58724600e-05)
( 4.10707425e-06, 2.22092081e-05)
( 4.18498445e-06, 1.85000552e-05)
( 4.25882228e-06, 1.47521914e-05)
( 4.32831368e-06, 1.09728843e-05)
( 4.39318885e-06, 7.16946439e-06)
( 4.45318292e-06, 3.34931105e-06)
( 4.50803679e-06,-4.80162467e-07)
( 4.55749782e-06,-4.31152345e-06)
( 4.60132054e-06,-8.13733438e-06)
( 4.63926742e-06,-1.19501676e-05)
( 4.67110958e-06,-1.57426200e-05)
( 4.69662747e-06,-1.95073275e-05)
( 4.71561158e-06,-2.32369795e-05)
( 4.72786311e-06,-2.69243336e-05)
( 4.73319466e-06,-3.05622292e-05)
( 4.73143081e-06,-3.41436023e-05)
( 4.72240882e-06,-3.76614987e-05)
( 4.70597914e-06,-4.11090883e-05)
( 4.68200605e-06,-4.44796777e-05)
( 4.65036818e-06,-4.77667242e-05)
( 4.61095901e-06,-5.09638480e-05)
( 4.56368740e-06,-5.40648447e-05)
( 4.50847798e-06,-5.70636977e-05)
( 4.44527163e-06,-5.99545899e-05)
( 4.37402584e-06,-6.27319147e-05)
( 4.29471503e-06,-6.53902876e-05)
( 4.20733090e-06,-6.79245558e-05)
( 4.11188270e-06,-7.03298088e-05)
( 4.00839742e-06,-7.26013881e-05)
( 3.89692000e-06,-7.47348954e-05)
( 3.77751349e-06,-7.67262020e-05)
( 3.65025912e-06,-7.85714561e-05)
( 3.51525635e-06,-8.02670908e-05)
( 3.37262293e-06,-8.18098302e-05)
( 3.22249480e-06,-8.31966965e-05)
( 3.06502605e-06,-8.44250150e-05)
( 2.90038877e-06,-8.54924196e-05)
( 2.72877287e-06,-8.63968569e-05)
( 2.55038589e-06,-8.71365904e-05)
( 2.36545266e-06,-8.77102035e-05)
( 2.17421507e-06,-8.81166023e-05)
( 1.97693163e-06,-8.83550171e-05)
( 1.77387710e-06,-8.84250041e-05)
( 1.56534203e-06,-8.83264462e-05)
( 1.35163225e-06,-8.80595525e-05)
( 1.13306832e-06,-8.76248582e-05)
( 9.09984981e-07,-8.70232229e-05)
( 6.82730471e-07,-8.62558293e-05)
( 4.51665903e-07,-8.53241800e-05)
( 2.17164539e-07,-8.42300949e-05)
(-2.03889548e-08,-8.29757072e-05)
(-2.60599282e-07,-8.15634591e-05)
(-5.03061333e-07,-7.99960968e-05)
(-7.47361033e-07,-7.82766651e-05)
(-9.93076210e-07,-7.64085008e-05)
(-1.23977750e-06,-7.43952266e-05)
(-1.48702929e-06,-7.22407437e-05)
(-1.73439065e-06,-6.99492237e-05)
(-1.98141630e-06,-6.75251006e-05)
(-2.22765764e-06,-6.49730619e-05)
(-2.47266371e-06,-6.22980395e-05)
(-2.71598225e-06,-5.95051996e-05)
(-2.95716069e-06,-5.65999328e-05)
(-3.19574724e-06,-5.35878433e-05)
(-3.43129188e-06,-5.04747381e-05)
(-3.66334745e-06,-4.72666153e-05)
(-3.89147065e-06,-4.39696527e-05)
(-4.11522313e-06,-4.05901953e-05)
(-4.33417250e-06,-3.71347432e-05)
(-4.54789334e-06,-3.36099388e-05)
(-4.75596826e-06,-3.00225540e-05)
(-4.95798885e-06,-2.63794765e-05)
(-5.15355669e-06,-2.26876971e-05)
(-5.34228431e-06,-1.89542958e-05)
(-5.52379610e-06,-1.51864280e-05)
(-5.69772928e-06,-1.13913105e-05)
(-5.86373471e-06,-7.57620805e-06)
(-6.02147780e-06,-3.74841888e-06)
(-6.17063928e-06, 8.47393087e-08)
(-6.31091603e-06, 3.91594337e-06)
(-6.44202180e-06, 7.73787886e-06)
(-6.56368790e-06, 1.15432541e-05)
(-6.67566388e-06, 1.53248142e-05)
(-6.77771815e-06, 1.90753549e-05)
(-6.86963852e-06, 2.27877365e-05)
(-6.95123275e-06, 2.64548974e-05)
(-7.02232900e-06, 3.00698675e-05)
(-7.08277629e-06, 3.36257820e-05)
(-7.13244479e-06, 3.71158938e-05)
(-7.17122622e-06, 4.05335867e-05)
(-7.19903404e-06, 4.38723881e-05)
(-7.21580371e-06, 4.71259809e-05)
(-7.22149279e-06, 5.02882158e-05)
(-7.21608105e-06, 5.33531228e-05)
(-7.19957050e-06, 5.63149225e-05)
(-7.17198537e-06, 5.91680368e-05)
(-7.13337203e-06, 6.19070998e-05)
(-7.08379883e-06, 6.45269675e-05)
(-7.02335595e-06, 6.70227277e-05)
(-6.95215509e-06, 6.93897088e-05)
(-6.87032920e-06, 7.16234891e-05)
(-6.77803213e-06, 7.37199046e-05)
(-6.67543817e-06, 7.56750567e-05)
(-6.56274163e-06, 7.74853197e-05)
(-6.44015629e-06, 7.91473473e-05)
(-6.30791483e-06, 8.06580785e-05)
(-6.16626826e-06, 8.20147438e-05)
(-6.01548520e-06, 8.32148697e-05)
(-5.85585121e-06, 8.42562832e-05)
(-5.68766803e-06, 8.51371160e-05)
(-5.51125280e-06, 8.58558074e-05)
(-5.32693724e-06, 8.64111075e-05)
(-5.13506678e-06, 8.68020787e-05)
(-4.93599966e-06, 8.70280976e-05)
(-4.73010606e-06, 8.70888558e-05)
(-4.51776710e-06, 8.69843605e-05)
(-4.29937387e-06, 8.67149338e-05)
(-4.07532650e-06, 8.62812118e-05)
(-3.84603308e-06, 8.56841437e-05)
(-3.61190869e-06, 8.49249890e-05)
(-3.37337433e-06, 8.40053155e-05)
(-3.13085589e-06, 8.29269955e-05)
(-2.88478311e-06, 8.16922025e-05)
(-2.63558852e-06, 8.03034063e-05)
(-2.38370641e-06, 7.87633686e-05)
(-2.12957176e-06, 7.70751371e-05)
(-1.87361922e-06, 7.52420397e-05)
(-1.61628207e-06, 7.32676778e-05)
(-1.35799124e-06, 7.11559195e-05)
(-1.09917427e-06, 6.89108918e-05)
(-8.40254392e-07, 6.65369727e-05)
(-5.81649511e-07, 6.40387826e-05)
(-3.23771339e-07, 6.14211754e-05)
(-6.70244653e-08, 5.86892291e-05)
( 1.88194502e-07, 5.58482361e-05)
( 4.41497773e-07, 5.29036927e-05)
( 6.92507159e-07, 4.98612889e-05)
( 9.40854852e-07, 4.67268972e-05)
( 1.18618412e-06, 4.35065614e-05)
( 1.42815001e-06, 4.02064851e-05)
( 1.66641995e-06, 3.68330194e-05)
( 1.90067434e-06, 3.33926516e-05)
( 2.13060712e-06, 2.98919917e-05)
( 2.35592620e-06, 2.63377607e-05)
( 2.57635396e-06, 2.27367773e-05)
( 2.79162759e-06, 1.90959449e-05)
( 3.00149947e-06, 1.54222387e-05)
( 3.20573738e-06, 1.17226921e-05)
( 3.40412482e-06, 8.00438336e-06)
( 3.59646110e-06, 4.27442240e-06)
( 3.78256153e-06, 5.39936967e-07)
( 3.96225743e-06,-3.19194080e-06)
( 4.13539620e-06,-6.91408793e-06)
( 4.30184124e-06,-1.06194042e-05)
( 4.46147187e-06,-1.43008254e-05)
( 4.61418320e-06,-1.79513373e-05)
( 4.75988594e-06,-2.15639882e-05)
( 4.89850614e-06,-2.51319029e-05)
( 5.02998492e-06,-2.86482950e-05)
( 5.15427814e-06,-3.21064805e-05)
( 5.27135601e-06,-3.54998899e-05)
( 5.38120266e-06,-3.88220809e-05)
( 5.48381572e-06,-4.20667508e-05)
( 5.57920576e-06,-4.52277482e-05)
( 5.66739584e-06,-4.82990845e-05)
( 5.74842086e-06,-5.12749460e-05)
( 5.82232700e-06,-5.41497038e-05)
( 5.88917110e-06,-5.69179257e-05)
( 5.94902002e-06,-5.95743856e-05)
( 6.00194990e-06,-6.21140736e-05)
( 6.04804556e-06,-6.45322061e-05)
( 6.08739973e-06,-6.68242339e-05)
( 6.12011235e-06,-6.89858517e-05)
( 6.14628981e-06,-7.10130059e-05)
( 6.16604428e-06,-7.29019021e-05)
( 6.17949288e-06,-7.46490128e-05)
( 6.18675700e-06,-7.62510838e-05)
( 6.18796153e-06,-7.77051404e-05)
( 6.18323414e-06,-7.90084930e-05)
( 6.17270455e-06,-8.01587426e-05)
( 6.15650382e-06,-8.11537849e-05)
( 6.13476363e-06,-8.19918146e-05)
( 6.10761564e-06,-8.26713285e-05)
( 6.07519080e-06,-8.31911291e-05)
( 6.03761873e-06,-8.35503260e-05)
( 5.99502711e-06,-8.37483383e-05)
( 5.94754111e-06,-8.37848954e-05)
( 5.89528280e-06,-8.36600374e-05)
( 5.83837072e-06,-8.33741154e-05)
( 5.77691932e-06,-8.29277908e-05)
( 5.71103859e-06,-8.23220336e-05)
( 5.64083363e-06,-8.15581212e-05)
( 5.56640428e-06,-8.06376354e-05)
( 5.48784486e-06,-7.95624599e-05)
( 5.40524387e-06,-7.83347762e-05)
( 5.31868378e-06,-7.69570601e-05)
( 5.22824086e-06,-7.54320761e-05)
( 5.13398508e-06,-7.37628731e-05)
( 5.03597999e-06,-7.19527777e-05)
( 4.93428276e-06,-7.00053883e-05)
( 4.82894414e-06,-6.79245684e-05)
( 4.72000862e-06,-6.57144385e-05)
( 4.60751445e-06,-6.33793689e-05)
( 4.49149393e-06,-6.09239708e-05)
( 4.37197355e-06,-5.83530879e-05)
( 4.24897431e-06,-5.56717866e-05)
( 4.12251201e-06,-5.28853465e-05)
( 3.99259763e-06,-4.99992504e-05)
( 3.85923774e-06,-4.70191733e-05)
( 3.72243495e-06,-4.39509718e-05)
( 3.58218839e-06,-4.08006725e-05)
( 3.43849424e-06,-3.75744607e-05)
( 3.29134634e-06,-3.42786681e-05)
( 3.14073669e-06,-3.09197605e-05)
( 2.98665620e-06,-2.75043257e-05)
( 2.82909527e-06,-2.40390602e-05)
( 2.66804447e-06,-2.05307563e-05)
( 2.50349531e-06,-1.69862893e-05)
( 2.33544091e-06,-1.34126036e-05)
( 2.16387674e-06,-9.81669915e-06)
( 1.98880143e-06,-6.20561834e-06)
( 1.81021745e-06,-2.58643167e-06)
( 1.62813197e-06, 1.03377580e-06)
( 1.44255753e-06, 4.64791838e-06)
( 1.25351292e-06, 8.24892367e-06)
( 1.06102384e-06, 1.18297464e-05)
( 8.65123722e-07, 1.53833822e-05)
( 6.65854438e-07, 1.89028816e-05)
( 4.63267041e-07, 2.23813635e-05)
( 2.57422456e-07, 2.58120286e-05)
( 4.83921654e-08, 2.91881734e-05)
(-1.63741138e-07, 3.25032027e-05)
(-3.78882939e-07, 3.57506433e-05)
(-5.96926303e-07, 3.89241562e-05)
(-8.17751344e-07, 4.20175497e-05)
(-1.04122471e-06, 4.50247915e-05)
(-1.26719912e-06, 4.79400207e-05)
(-1.49551297e-06, 5.07575592e-05)
(-1.72598994e-06, 5.34719235e-05)
(-1.95843874e-06, 5.60778355e-05)
(-2.19265280e-06, 5.85702326e-05)
(-2.42841011e-06, 6.09442785e-05)
(-2.66547308e-06, 6.31953725e-05)
(-2.90358849e-06, 6.53191589e-05)
(-3.14248747e-06, 6.73115355e-05)
(-3.38188553e-06, 6.91686622e-05)
(-3.62148278e-06, 7.08869686e-05)
(-3.86096403e-06, 7.24631612e-05)
(-4.09999911e-06, 7.38942301e-05)
(-4.33824321e-06, 7.51774552e-05)
(-4.57533728e-06, 7.63104116e-05)
(-4.81090850e-06, 7.72909745e-05)
(-5.04457083e-06, 7.81173239e-05)
(-5.27592565e-06, 7.87879478e-05)
(-5.50456243e-06, 7.93016461e-05)
(-5.73005950e-06, 7.96575322e-05)
(-5.95198484e-06, 7.98550356e-05)
(-6.16989701e-06, 7.98939029e-05)
(-6.38334608e-06, 7.97741982e-05)
(-6.59187464e-06, 7.94963033e-05)
(-6.79501886e-06, 7.90609170e-05)
(-6.99230966e-06, 7.84690538e-05)
(-7.18327384e-06, 7.77220417e-05)
(-7.36743533e-06, 7.68215198e-05)
(-7.54431647e-06, 7.57694350e-05)
(-7.71343933e-06, 7.45680381e-05)
(-7.87432706e-06, 7.32198794e-05)
(-8.02650529e-06, 7.17278035e-05)
(-8.16950355e-06, 7.00949435e-05)
(-8.30285673e-06, 6.83247149e-05)
(-8.42610655e-06, 6.64208084e-05)
(-8.53880304e-06, 6.43871828e-05)
(-8.64050605e-06, 6.22280566e-05)
(-8.73078679e-06, 5.99478997e-05)
(-8.80922930e-06, 5.75514242e-05)
(-8.87543198e-06, 5.50435749e-05)
(-8.92900909e-06, 5.24295190e-05)
(-8.96959227e-06, 4.97146356e-05)
(-8.99683194e-06, 4.69045051e-05)
(-9.01039885e-06, 4.40048972e-05)
(-9.00998539e-06, 4.10217593e-05)
(-8.99530707e-06, 3.79612046e-05)
(-8.96610380e-06, 3.48294989e-05)
(-8.92214123e-06, 3.16330484e-05)
(-8.86321196e-06, 2.83783862e-05)
(-8.78913681e-06, 2.50721587e-05)
(-8.69976585e-06, 2.17211122e-05)
(-8.59497957e-06, 1.83320789e-05)
(-8.47468982e-06, 1.49119627e-05)
(-8.33884075e-06, 1.14677250e-05)
(-8.18740969e-06, 8.00637043e-06)
(-8.02040788e-06, 4.53493219e-06)
(-7.83788118e-06, 1.06045760e-06)
(-7.63991065e-06,-2.41000650e-06)
(-7.42661302e-06,-5.86942833e-06)
(-7.19814118e-06,-9.31080576e-06)
(-6.95468437e-06,-1.27271808e-05)
(-6.69646849e-06,-1.61116539e-05)
(-6.42375612e-06,-1.94573986e-05)
(-6.13684656e-06,-2.27576753e-05)
(-5.83607570e-06,-2.60058452e-05)
(-5.52181583e-06,-2.91953847e-05)
(-5.19447524e-06,-3.23198979e-05)
(-4.85449785e-06,-3.53731308e-05)
(-4.50236265e-06,-3.83489837e-05)
(-4.13858300e-06,-4.12415240e-05)
(-3.76370592e-06,-4.40449984e-05)
(-3.37831115e-06,-4.67538450e-05)
(-2.98301023e-06,-4.93627043e-05)
(-2.57844537e-06,-5.18664309e-05)
(-2.16528829e-06,-5.42601036e-05)
(-1.74423889e-06,-5.65390358e-05)
(-1.31602390e-06,-5.86987849e-05)
(-8.81395359e-07,-6.07351614e-05)
(-4.41129077e-07,-6.26442378e-05)
( 3.97706408e-09,-6.44223561e-05)
( 4.53104835e-07,-6.60661356e-05)
( 9.05417501e-07,-6.75724793e-05)
( 1.36006171e-06,-6.89385806e-05)
( 1.81616948e-06,-7.01619284e-05)
( 2.27286021e-06,-7.12403123e-05)
( 2.72924279e-06,-7.21718268e-05)
( 3.18441777e-06,-7.29548751e-05)
( 3.63747949e-06,-7.35881717e-05)
( 4.08751838e-06,-7.40707449e-05)
( 4.53362318e-06,-7.44019385e-05)
( 4.97488327e-06,-7.45814126e-05)
( 5.41039095e-06,-7.46091439e-05)
( 5.83924382e-06,-7.44854249e-05)
( 6.26054704e-06,-7.42108636e-05)
( 6.67341573e-06,-7.37863806e-05)
( 7.07697729e-06,-7.32132077e-05)
( 7.47037366e-06,-7.24928838e-05)
( 7.85276368e-06,-7.16272517e-05)
( 8.22332530e-06,-7.06184533e-05)
( 8.58125781e-06,-6.94689248e-05)
( 8.92578405e-06,-6.81813904e-05)
( 9.25615250e-06,-6.67588564e-05)
( 9.57163937e-06,-6.52046041e-05)
( 9.87155061e-06,-6.35221820e-05)
( 1.01552238e-05,-6.17153980e-05)
( 1.04220302e-05,-5.97883103e-05)
( 1.06713760e-05,-5.77452184e-05)
( 1.09027048e-05,-5.55906533e-05)
( 1.11154985e-05,-5.33293675e-05)
( 1.13092791e-05,-5.09663235e-05)
( 1.14836099e-05,-4.85066838e-05)
( 1.16380971e-05,-4.59557981e-05)
( 1.17723905e-05,-4.33191922e-05)
( 1.18861849e-05,-4.06025556e-05)
( 1.19792207e-05,-3.78117281e-05)
( 1.20512849e-05,-3.49526879e-05)
( 1.21022116e-05,-3.20315374e-05)
( 1.21318826e-05,-2.90544903e-05)
( 1.21402277e-05,-2.60278575e-05)
( 1.21272247e-05,-2.29580337e-05)
( 1.20929001e-05,-1.98514828e-05)
( 1.20373284e-05,-1.67147240e-05)
( 1.19606322e-05,-1.35543177e-05)
( 1.18629817e-05,-1.03768507e-05)
( 1.17445946e-05,-7.18892259e-06)
( 1.16057349e-05,-3.99713076e-06)
( 1.14467125e-05,-8.08056505e-07)
( 1.12678823e-05, 2.37174927e-06)
( 1.10696429e-05, 5.53578014e-06)
( 1.08524358e-05, 8.67758808e-06)
( 1.06167437e-05, 1.17907972e-05)
( 1.03630893e-05, 1.48691175e-05)
( 1.00920337e-05, 1.79063579e-05)
( 9.80417469e-06, 2.08964395e-05)
( 9.50014491e-06, 2.38334082e-05)
( 9.18061010e-06, 2.67114474e-05)
( 8.84626697e-06, 2.95248899e-05)
( 8.49784115e-06, 3.22682294e-05)
( 8.13608500e-06, 3.49361322e-05)
( 7.76177533e-06, 3.75234478e-05)
( 7.37571103e-06, 4.00252196e-05)
( 6.97871074e-06, 4.24366944e-05)
( 6.57161026e-06, 4.47533321e-05)
( 6.15526010e-06, 4.69708145e-05)
( 5.73052289e-06, 4.90850540e-05)
( 5.29827075e-06, 5.10922008e-05)
( 4.85938268e-06, 5.29886507e-05)
( 4.41474188e-06, 5.47710514e-05)
( 3.96523311e-06, 5.64363087e-05)
( 3.51174001e-06, 5.79815918e-05)
( 3.05514245e-06, 5.94043381e-05)
( 2.59631389e-06, 6.07022576e-05)
( 2.13611875e-06, 6.18733360e-05)
( 1.67540987e-06, 6.29158379e-05)
( 1.21502595e-06, 6.38283088e-05)
( 7.55789069e-07, 6.46095768e-05)
( 2.98502302e-07, 6.52587531e-05)
(-1.56052655e-07, 6.57752329e-05)
(-6.07117732e-07, 6.61586944e-05)
(-1.05396066e-06, 6.64090977e-05)
(-1.49587707e-06, 6.65266834e-05)
(-1.93219241e-06, 6.65119702e-05)
(-2.36226388e-06, 6.63657516e-05)
(-2.78548213e-06, 6.60890922e-05)
(-3.20127286e-06, 6.56833239e-05)
(-3.60909836e-06, 6.51500408e-05)
(-4.00845878e-06, 6.44910936e-05)
(-4.39889340e-06, 6.37085837e-05)
(-4.77998163e-06, 6.28048568e-05)
(-5.15134392e-06, 6.17824956e-05)
(-5.51264248e-06, 6.06443121e-05)
(-5.86358190e-06, 5.93933398e-05)
(-6.20390946e-06, 5.80328248e-05)
(-6.53341548e-06, 5.65662170e-05)
(-6.85193328e-06, 5.49971604e-05)
(-7.15933912e-06, 5.33294832e-05)
(-7.45555193e-06, 5.15671881e-05)
(-7.74053278e-06, 4.97144408e-05)
(-8.01428434e-06, 4.77755599e-05)
(-8.27684995e-06, 4.57550053e-05)
(-8.52831275e-06, 4.36573665e-05)
(-8.76879443e-06, 4.14873516e-05)
(-8.99845395e-06, 3.92497746e-05)
(-9.21748602e-06, 3.69495436e-05)
(-9.42611945e-06, 3.45916488e-05)
(-9.62461532e-06, 3.21811496e-05)
(-9.81326499e-06, 2.97231628e-05)
(-9.99238799e-06, 2.72228494e-05)
(-1.01623297e-05, 2.46854026e-05)
(-1.03234591e-05, 2.21160351e-05)
(-1.04761659e-05, 1.95199665e-05)
(-1.06208581e-05, 1.69024111e-05)
(-1.07579591e-05, 1.42685653e-05)
(-1.08879051e-05, 1.16235958e-05)
(-1.10111414e-05, 8.97262690e-06)
(-1.11281199e-05, 6.32072941e-06)
(-1.12392957e-05, 3.67290843e-06)
(-1.13451237e-05, 1.03409216e-06)
(-1.14460553e-05,-1.59087933e-06)
(-1.15425354e-05,-4.19726494e-06)
(-1.16349980e-05,-6.78043315e-06)
(-1.17238636e-05,-9.33587225e-06)
(-1.18095351e-05,-1.18592002e-05)
(-1.18923944e-05,-1.43461743e-05)
(-1.19727990e-05,-1.67927000e-05)
(-1.20510778e-05,-1.91948401e-05)
(-1.21275281e-05,-2.15488225e-05)
(-1.22024116e-05,-2.38510486e-05)
(-1.22759508e-05,-2.60981005e-05)
(-1.23483258e-05,-2.82867480e-05)
(-1.24196702e-05,-3.04139550e-05)
(-1.24900677e-05,-3.24768858e-05)
(-1.25595487e-05,-3.44729107e-05)
(-1.26280869e-05,-3.63996108e-05)
(-1.26955953e-05,-3.82547831e-05)
(-1.27619234e-05,-4.00364444e-05)
(-1.28268533e-05,-4.17428352e-05)
(-1.28900963e-05,-4.33724231e-05)
(-1.29512898e-05,-4.49239056e-05)
(-1.30099935e-05,-4.63962127e-05)
(-1.30656860e-05,-4.77885090e-05)
(-1.31177615e-05,-4.91001958e-05)
(-1.31655259e-05,-5.03309124e-05)
(-1.32081933e-05,-5.14805376e-05)
(-1.32448818e-05,-5.25491906e-05)
(-1.32746097e-05,-5.35372323e-05)
(-1.32962910e-05,-5.44452666e-05)
(-1.33087305e-05,-5.52741406e-05)
(-1.33106190e-05,-5.60249471e-05)
(-1.33005269e-05,-5.66990254e-05)
(-1.32768983e-05,-5.72979636e-05)
(-1.32380433e-05,-5.78236022e-05)
(-1.31821296e-05,-5.82780372e-05)
(-1.31071727e-05,-5.86636258e-05)
(-1.30110241e-05,-5.89829933e-05)
(-1.28913581e-05,-5.92390425e-05)
(-1.27456552e-05,-5.94349654e-05)
(-1.25711829e-05,-5.95742590e-05)
(-1.23649716e-05,-5.96607456e-05)
(-1.21237867e-05,-5.96985994e-05)
(-1.18440925e-05,-5.96923796e-05)
(-1.15220095e-05,-5.96470753e-05)
(-1.11532599e-05,-5.95681611e-05)
(-1.07330997e-05,-5.94616714e-05)
(-1.02562332e-05,-5.93342964e-05)
(-9.71670267e-06,-5.91935078e-05)
(-9.10774679e-06,-5.90477263e-05)
(-8.42161535e-06,-5.89065446e-05)
(-7.64932359e-06,-5.87810290e-05)
(-6.78032229e-06,-5.86841337e-05)
(-5.80204660e-06,-5.86312771e-05)
(-4.69928736e-06,-5.86411594e-05)
(-3.45329581e-06,-5.87369484e-05)
(-2.04047572e-06,-5.89480406e-05)
(-4.30416126e-07,-5.93127578e-05)
( 1.41717178e-06,-5.98826157e-05)
( 3.55742395e-06,-6.07293698e-05)
( 6.06879577e-06,-6.19572343e-05)
( 9.06841833e-06,-6.37254137e-05)
( 1.27421703e-05,-6.62929967e-05)
( 1.74098509e-05,-7.01179617e-05)
( 2.36863665e-05,-7.61062603e-05)
( 3.30018812e-05,-8.64322945e-05)
( 4.86772059e-05,-1.06207193e-04)
( 1.25680202e-04,-2.25327985e-04)
( 1.50118058e-07,-1.43121202e-06)
( 6.28639728e-07,-5.30265631e-06)
( 1.07102633e-06,-8.93984876e-06)
( 1.51005535e-06,-1.25545598e-05)
( 1.94518433e-06,-1.61395381e-05)
( 2.37601352e-06,-1.96899526e-05)
( 2.80189835e-06,-2.31997697e-05)
( 3.22210693e-06,-2.66625803e-05)
( 3.63587454e-06,-3.00718538e-05)
( 4.04242496e-06,-3.34210538e-05)
( 4.44098268e-06,-3.67037001e-05)
( 4.83077948e-06,-3.99134055e-05)
( 5.21105899e-06,-4.30439035e-05)
( 5.58107998e-06,-4.60890682e-05)
( 5.94011895e-06,-4.90429318e-05)
( 6.28747233e-06,-5.18996994e-05)
( 6.62245834e-06,-5.46537629e-05)
( 6.94441881e-06,-5.72997137e-05)
( 7.25272066e-06,-5.98323541e-05)
( 7.54675745e-06,-6.22467084e-05)
( 7.82595067e-06,-6.45380334e-05)
( 8.08975110e-06,-6.67018284e-05)
( 8.33763995e-06,-6.87338439e-05)
( 8.56913000e-06,-7.06300905e-05)
( 8.78376664e-06,-7.23868471e-05)
( 8.98112883e-06,-7.40006680e-05)
( 9.16083003e-06,-7.54683904e-05)
( 9.32251896e-06,-7.67871401e-05)
( 9.46588035e-06,-7.79543374e-05)
( 9.59063565e-06,-7.89677026e-05)
( 9.69654354e-06,-7.98252601e-05)
( 9.78340050e-06,-8.05253425e-05)
( 9.85104119e-06,-8.10665938e-05)
( 9.89933881e-06,-8.14479722e-05)
( 9.92820537e-06,-8.16687519e-05)
( 9.93759186e-06,-8.17285249e-05)
( 9.92748836e-06,-8.16272013e-05)
( 9.89792406e-06,-8.13650100e-05)
( 9.84896720e-06,-8.09424977e-05)
( 9.78072494e-06,-8.03605278e-05)
( 9.69334310e-06,-7.96202792e-05)
( 9.58700590e-06,-7.87232433e-05)
( 9.46193557e-06,-7.76712212e-05)
( 9.31839186e-06,-7.64663204e-05)
( 9.15667155e-06,-7.51109500e-05)
( 8.97710781e-06,-7.36078164e-05)
( 8.78006948e-06,-7.19599175e-05)
( 8.56596040e-06,-7.01705372e-05)
( 8.33521846e-06,-6.82432384e-05)
( 8.08831480e-06,-6.61818559e-05)
( 7.82575276e-06,-6.39904892e-05)
( 7.54806689e-06,-6.16734939e-05)
( 7.25582183e-06,-5.92354734e-05)
( 6.94961115e-06,-5.66812693e-05)
( 6.63005610e-06,-5.40159524e-05)
( 6.29780441e-06,-5.12448119e-05)
( 5.95352886e-06,-4.83733455e-05)
( 5.59792595e-06,-4.54072482e-05)
( 5.23171447e-06,-4.23524011e-05)
( 4.85563400e-06,-3.92148598e-05)
( 4.47044340e-06,-3.60008422e-05)
( 4.07691928e-06,-3.27167162e-05)
( 3.67585437e-06,-2.93689874e-05)
( 3.26805591e-06,-2.59642859e-05)
( 2.85434399e-06,-2.25093532e-05)
( 2.43554990e-06,-1.90110291e-05)
( 2.01251439e-06,-1.54762379e-05)
( 1.58608599e-06,-1.19119749e-05)
( 1.15711926e-06,-8.32529232e-06)
( 7.26473030e-07,-4.72328570e-06)
( 2.95008695e-07,-1.11307966e-06)
(-1.36411578e-07, 2.49818611e-06)
(-5.66926576e-07, 6.10337095e-06)
(-9.95677816e-07, 9.69534733e-06)
(-1.42181125e-06, 1.32670149e-05)
(-1.84447903e-06, 1.68113145e-05)
(-2.26284119e-06, 2.03212420e-05)
(-2.67606739e-06, 2.37898624e-05)
(-3.08333854e-06, 2.72103231e-05)
(-3.48384846e-06, 3.05758675e-05)
(-3.87680555e-06, 3.38798486e-05)
(-4.26143430e-06, 3.71157418e-05)
(-4.63697691e-06, 4.02771578e-05)
(-5.00269476e-06, 4.33578550e-05)
(-5.35786994e-06, 4.63517521e-05)
(-5.70180660e-06, 4.92529400e-05)
(-6.03383240e-06, 5.20556932e-05)
(-6.35329981e-06, 5.47544810e-05)
(-6.65958740e-06, 5.73439788e-05)
(-6.95210104e-06, 5.98190780e-05)
(-7.23027512e-06, 6.21748965e-05)
(-7.49357359e-06, 6.44067879e-05)
(-7.74149103e-06, 6.65103507e-05)
(-7.97355365e-06, 6.84814372e-05)
(-8.18932018e-06, 7.03161611e-05)
(-8.38838270e-06, 7.20109055e-05)
(-8.57036747e-06, 7.35623300e-05)
(-8.73493555e-06, 7.49673768e-05)
(-8.88178351e-06, 7.62232771e-05)
(-9.01064395e-06, 7.73275563e-05)
(-9.12128599e-06, 7.82780387e-05)
(-9.21351568e-06, 7.90728521e-05)
(-9.28717631e-06, 7.97104310e-05)
(-9.34214872e-06, 8.01895199e-05)
(-9.37835141e-06, 8.05091754e-05)
(-9.39574070e-06, 8.06687685e-05)
(-9.39431073e-06, 8.06679854e-05)
(-9.37409340e-06, 8.05068280e-05)
(-9.33515825e-06, 8.01856141e-05)
(-9.27761227e-06, 7.97049766e-05)
(-9.20159959e-06, 7.90658622e-05)
(-9.10730116e-06, 7.82695295e-05)
(-8.99493429e-06, 7.73175463e-05)
(-8.86475216e-06, 7.62117869e-05)
(-8.71704325e-06, 7.49544277e-05)
(-8.55213071e-06, 7.35479437e-05)
(-8.37037161e-06, 7.19951028e-05)
(-8.17215621e-06, 7.02989608e-05)
(-7.95790707e-06, 6.84628552e-05)
(-7.72807820e-06, 6.64903984e-05)
(-7.48315401e-06, 6.43854711e-05)
(-7.22364836e-06, 6.21522141e-05)
(-6.95010345e-06, 5.97950202e-05)
(-6.66308867e-06, 5.73185260e-05)
(-6.36319941e-06, 5.47276020e-05)
(-6.05105583e-06, 5.20273438e-05)
(-5.72730159e-06, 4.92230614e-05)
(-5.39260247e-06, 4.63202692e-05)
(-5.04764507e-06, 4.33246749e-05)
(-4.69313531e-06, 4.02421683e-05)
(-4.32979709e-06, 3.70788097e-05)
(-3.95837072e-06, 3.38408182e-05)
(-3.57961146e-06, 3.05345592e-05)
(-3.19428799e-06, 2.71665320e-05)
(-2.80318083e-06, 2.37433570e-05)
(-2.40708079e-06, 2.02717627e-05)
(-2.00678737e-06, 1.67585725e-05)
(-1.60310716e-06, 1.32106914e-05)
(-1.19685221e-06, 9.63509221e-06)
(-7.88838428e-07, 6.03880193e-06)
(-3.79883947e-07, 2.42888811e-06)
( 2.91924988e-08,-1.18755518e-06)
( 4.37573181e-07,-4.80342119e-06)
( 8.44443014e-07,-8.41160451e-06)
( 1.24899114e-06,-1.20050149e-05)
( 1.65041254e-06,-1.55765915e-05)
( 2.04790957e-06,-1.91193160e-05)
( 2.44069358e-06,-2.26262274e-05)
( 2.82798640e-06,-2.60904348e-05)
( 3.20902185e-06,-2.95051312e-05)
( 3.58304726e-06,-3.28636072e-05)
( 3.94932487e-06,-3.61592636e-05)
( 4.30713330e-06,-3.93856246e-05)
( 4.65576889e-06,-4.25363507e-05)
( 4.99454705e-06,-4.56052508e-05)
( 5.32280360e-06,-4.85862944e-05)
( 5.63989596e-06,-5.14736236e-05)
( 5.94520441e-06,-5.42615646e-05)
( 6.23813326e-06,-5.69446385e-05)
( 6.51811190e-06,-5.95175723e-05)
( 6.78459595e-06,-6.19753095e-05)
( 7.03706820e-06,-6.43130194e-05)
( 7.27503956e-06,-6.65261070e-05)
( 7.49805000e-06,-6.86102221e-05)
( 7.70566934e-06,-7.05612675e-05)
( 7.89749805e-06,-7.23754073e-05)
( 8.07316792e-06,-7.40490743e-05)
( 8.23234277e-06,-7.55789770e-05)
( 8.37471897e-06,-7.69621062e-05)
( 8.50002600e-06,-7.81957409e-05)
( 8.60802689e-06,-7.92774536e-05)
( 8.69851860e-06,-8.02051149e-05)
( 8.77133234e-06,-8.09768979e-05)
( 8.82633383e-06,-8.15912820e-05)
( 8.86342348e-06,-8.20470554e-05)
( 8.88253651e-06,-8.23433178e-05)
( 8.88364299e-06,-8.24794824e-05)
( 8.86674782e-06,-8.24552765e-05)
( 8.83189067e-06,-8.22707427e-05)
( 8.77914579e-06,-8.19262383e-05)
( 8.70862182e-06,-8.14224350e-05)
( 8.62046149e-06,-8.07603173e-05)
( 8.51484127e-06,-7.99411811e-05)
( 8.39197098e-06,-7.89666306e-05)
( 8.25209327e-06,-7.78385756e-05)
( 8.09548313e-06,-7.65592274e-05)
( 7.92244725e-06,-7.51310949e-05)
( 7.73332340e-06,-7.35569797e-05)
( 7.52847968e-06,-7.18399701e-05)
( 7.30831376e-06,-6.99834356e-05)
( 7.07325206e-06,-6.79910203e-05)
( 6.82374887e-06,-6.58666355e-05)
( 6.56028542e-06,-6.36144521e-05)
( 6.28336888e-06,-6.12388929e-05)
( 5.99353137e-06,-5.87446231e-05)
( 5.69132884e-06,-5.61365421e-05)
( 5.37734001e-06,-5.34197732e-05)
( 5.05216517e-06,-5.05996539e-05)
( 4.71642503e-06,-4.76817255e-05)
( 4.37075942e-06,-4.46717221e-05)
( 4.01582613e-06,-4.15755592e-05)
( 3.65229952e-06,-3.83993224e-05)
( 3.28086924e-06,-3.51492556e-05)
( 2.90223890e-06,-3.18317483e-05)
( 2.51712467e-06,-2.84533232e-05)
( 2.12625388e-06,-2.50206237e-05)
( 1.73036365e-06,-2.15404005e-05)
( 1.33019942e-06,-1.80194985e-05)
( 9.26513548e-07,-1.44648435e-05)
( 5.20063836e-07,-1.08834282e-05)
( 1.11612093e-07,-7.28229881e-06)
(-2.98077339e-07,-3.66854111e-06)
(-7.08239036e-07,-4.92664398e-08)
(-1.11810796e-06, 3.56840224e-06)
(-1.52692089e-06, 7.17734436e-06)
(-1.93391794e-06, 1.07704558e-05)
(-2.33834391e-06, 1.43406627e-05)
(-2.73944977e-06, 1.78809359e-05)
(-3.13649408e-06, 2.13843039e-05)
(-3.52874435e-06, 2.48438676e-05)
(-3.91547847e-06, 2.82528133e-05)
(-4.29598600e-06, 3.16044261e-05)
(-4.66956956e-06, 3.48921036e-05)
(-5.03554612e-06, 3.81093685e-05)
(-5.39324826e-06, 4.12498815e-05)
(-5.74202543e-06, 4.43074542e-05)
(-6.08124512e-06, 4.72760607e-05)
(-6.41029413e-06, 5.01498500e-05)
(-6.72857959e-06, 5.29231574e-05)
(-7.03553014e-06, 5.55905157e-05)
(-7.33059693e-06, 5.81466662e-05)
(-7.61325467e-06, 6.05865688e-05)
(-7.88300257e-06, 6.29054124e-05)
(-8.13936527e-06, 6.50986242e-05)
(-8.38189368e-06, 6.71618786e-05)
(-8.61016584e-06, 6.90911065e-05)
(-8.82378765e-06, 7.08825025e-05)
(-9.02239358e-06, 7.25325332e-05)
(-9.20564734e-06, 7.40379438e-05)
(-9.37324250e-06, 7.53957650e-05)
(-9.52490298e-06, 7.66033185e-05)
(-9.66038356e-06, 7.76582226e-05)
(-9.77947033e-06, 7.85583971e-05)
(-9.88198104e-06, 7.93020673e-05)
(-9.96776537e-06, 7.98877678e-05)
(-1.00367052e-05, 8.03143450e-05)
(-1.00887149e-05, 8.05809603e-05)
(-1.01237413e-05, 8.06870909e-05)
(-1.01417636e-05, 8.06325317e-05)
(-1.01427940e-05, 8.04173955e-05)
(-1.01268768e-05, 8.00421126e-05)
(-1.00940889e-05, 7.95074305e-05)
(-1.00445395e-05, 7.88144122e-05)
(-9.97836948e-06, 7.79644345e-05)
(-9.89575156e-06, 7.69591851e-05)
(-9.79688971e-06, 7.58006592e-05)
(-9.68201874e-06, 7.44911561e-05)
(-9.55140385e-06, 7.30332745e-05)
(-9.40534007e-06, 7.14299075e-05)
(-9.24415164e-06, 6.96842367e-05)
(-9.06819141e-06, 6.77997265e-05)
(-8.87784009e-06, 6.57801168e-05)
(-8.67350548e-06, 6.36294161e-05)
(-8.45562171e-06, 6.13518932e-05)
(-8.22464831e-06, 5.89520694e-05)
(-7.98106935e-06, 5.64347090e-05)
(-7.72539247e-06, 5.38048105e-05)
(-7.45814783e-06, 5.10675964e-05)
(-7.17988716e-06, 4.82285029e-05)
(-6.89118256e-06, 4.52931695e-05)
(-6.59262546e-06, 4.22674277e-05)
(-6.28482541e-06, 3.91572893e-05)
(-5.96840891e-06, 3.59689350e-05)
(-5.64401814e-06, 3.27087018e-05)
(-5.31230972e-06, 2.93830706e-05)
(-4.97395345e-06, 2.59986536e-05)
(-4.62963092e-06, 2.25621808e-05)
(-4.28003424e-06, 1.90804872e-05)
(-3.92586466e-06, 1.55604989e-05)
(-3.56783115e-06, 1.20092194e-05)
(-3.20664909e-06, 8.43371602e-06)
(-2.84303878e-06, 4.84110567e-06)
(-2.47772406e-06, 1.23854080e-06)
(-2.11143092e-06,-2.36680478e-06)
(-1.74488599e-06,-5.96775010e-06)
(-1.37881520e-06,-9.55712131e-06)
(-1.01394227e-06,-1.31277659e-05)
(-6.50987342e-07,-1.66725668e-05)
(-2.90665541e-07,-2.01844567e-05)
( 6.63144595e-08,-2.36564320e-05)
( 4.19251794e-07,-2.70815666e-05)
( 7.67454823e-07,-3.04530260e-05)
( 1.11024249e-06,-3.37640803e-05)
( 1.44694565e-06,-3.70081183e-05)
( 1.77690844e-06,-4.01786602e-05)
( 2.09948953e-06,-4.32693704e-05)
( 2.41406342e-06,-4.62740705e-05)
( 2.72002169e-06,-4.91867515e-05)
( 3.01677416e-06,-5.20015853e-05)
( 3.30375015e-06,-5.47129371e-05)
( 3.58039951e-06,-5.73153759e-05)
( 3.84619382e-06,-5.98036858e-05)
( 4.10062737e-06,-6.21728762e-05)
( 4.34321818e-06,-6.44181919e-05)
( 4.57350900e-06,-6.65351223e-05)
( 4.79106818e-06,-6.85194108e-05)
( 4.99549058e-06,-7.03670629e-05)
( 5.18639833e-06,-7.20743546e-05)
( 5.36344162e-06,-7.36378394e-05)
( 5.52629941e-06,-7.50543556e-05)
( 5.67468004e-06,-7.63210325e-05)
( 5.80832186e-06,-7.74352960e-05)
( 5.92699371e-06,-7.83948738e-05)
( 6.03049544e-06,-7.91978002e-05)
( 6.11865826e-06,-7.98424199e-05)
( 6.19134513e-06,-8.03273912e-05)
( 6.24845099e-06,-8.06516889e-05)
( 6.28990302e-06,-8.08146063e-05)
( 6.31566075e-06,-8.08157569e-05)
( 6.32571617e-06,-8.06550747e-05)
( 6.32009372e-06,-8.03328147e-05)
( 6.29885029e-06,-7.98495526e-05)
( 6.26207503e-06,-7.92061833e-05)
( 6.20988923e-06,-7.84039195e-05)
( 6.14244606e-06,-7.74442891e-05)
( 6.05993026e-06,-7.63291323e-05)
( 5.96255773e-06,-7.50605980e-05)
( 5.85057514e-06,-7.36411395e-05)
( 5.72425939e-06,-7.20735097e-05)
( 5.58391708e-06,-7.03607557e-05)
( 5.42988382e-06,-6.85062126e-05)
( 5.26252363e-06,-6.65134972e-05)
( 5.08222812e-06,-6.43865005e-05)
( 4.88941570e-06,-6.21293803e-05)
( 4.68453077e-06,-5.97465527e-05)
( 4.46804274e-06,-5.72426835e-05)
( 4.24044510e-06,-5.46226790e-05)
( 4.00225441e-06,-5.18916761e-05)
( 3.75400920e-06,-4.90550323e-05)
( 3.49626890e-06,-4.61183150e-05)
( 3.22961266e-06,-4.30872902e-05)
( 2.95463816e-06,-3.99679116e-05)
( 2.67196035e-06,-3.67663083e-05)
( 2.38221024e-06,-3.34887730e-05)
( 2.08603351e-06,-3.01417493e-05)
( 1.78408925e-06,-2.67318188e-05)
( 1.47704853e-06,-2.32656884e-05)
( 1.16559303e-06,-1.97501767e-05)
( 8.50413661e-07,-1.61922008e-05)
( 5.32209055e-07,-1.25987621e-05)
( 2.11684174e-07,-8.97693271e-06)
(-1.10451183e-07,-5.33384158e-06)
(-4.33483855e-07,-1.67666003e-06)
(-7.56698798e-07, 1.98741229e-06)
(-1.07938059e-06, 5.65116170e-06)
(-1.40081489e-06, 9.30737478e-06)
(-1.72028997e-06, 1.29488527e-05)
(-2.03709817e-06, 1.65684254e-05)
(-2.35053738e-06, 2.01589659e-05)
(-2.65991251e-06, 2.37134043e-05)
(-2.96453692e-06, 2.72247420e-05)
(-3.26373389e-06, 3.06860652e-05)
(-3.55683801e-06, 3.40905590e-05)
(-3.84319655e-06, 3.74315203e-05)
(-4.12217085e-06, 4.07023719e-05)
(-4.39313765e-06, 4.38966745e-05)
(-4.65549037e-06, 4.70081405e-05)
(-4.90864037e-06, 5.00306454e-05)
(-5.15201823e-06, 5.29582407e-05)
(-5.38507485e-06, 5.57851650e-05)
(-5.60728266e-06, 5.85058559e-05)
(-5.81813668e-06, 6.11149607e-05)
(-6.01715557e-06, 6.36073469e-05)
(-6.20388265e-06, 6.59781126e-05)
(-6.37788682e-06, 6.82225957e-05)
(-6.53876343e-06, 7.03363834e-05)
(-6.68613517e-06, 7.23153210e-05)
(-6.81965279e-06, 7.41555194e-05)
(-6.93899584e-06, 7.58533636e-05)
(-7.04387331e-06, 7.74055192e-05)
(-7.13402421e-06, 7.88089389e-05)
(-7.20921813e-06, 8.00608689e-05)
(-7.26925565e-06, 8.11588537e-05)
(-7.31396877e-06, 8.21007415e-05)
(-7.34322119e-06, 8.28846877e-05)
(-7.35690863e-06, 8.35091589e-05)
(-7.35495895e-06, 8.39729358e-05)
(-7.33733232e-06, 8.42751154e-05)
(-7.30402123e-06, 8.44151127e-05)
(-7.25505050e-06, 8.43926617e-05)
(-7.19047716e-06, 8.42078161e-05)
(-7.11039034e-06, 8.38609488e-05)
(-7.01491097e-06, 8.33527511e-05)
(-6.90419157e-06, 8.26842315e-05)
(-6.77841582e-06, 8.18567133e-05)
(-6.63779817e-06, 8.08718318e-05)
(-6.48258332e-06, 7.97315316e-05)
(-6.31304570e-06, 7.84380617e-05)
(-6.12948881e-06, 7.69939718e-05)
(-5.93224456e-06, 7.54021068e-05)
(-5.72167253e-06, 7.36656009e-05)
(-5.49815918e-06, 7.17878719e-05)
(-5.26211695e-06, 6.97726136e-05)
(-5.01398341e-06, 6.76237890e-05)
(-4.75422028e-06, 6.53456223e-05)
(-4.48331238e-06, 6.29425900e-05)
(-4.20176664e-06, 6.04194127e-05)
(-3.91011096e-06, 5.77810452e-05)
(-3.60889306e-06, 5.50326667e-05)
(-3.29867930e-06, 5.21796708e-05)
(-2.98005349e-06, 4.92276543e-05)
(-2.65361560e-06, 4.61824068e-05)
(-2.31998048e-06, 4.30498984e-05)
(-1.97977656e-06, 3.98362684e-05)
(-1.63364450e-06, 3.65478131e-05)
(-1.28223584e-06, 3.31909731e-05)
(-9.26211598e-07, 2.97723208e-05)
(-5.66240907e-07, 2.62985474e-05)
(-2.02999577e-07, 2.27764495e-05)
( 1.62831309e-07, 1.92129156e-05)
( 5.30566820e-07, 1.56149131e-05)
( 8.99519605e-07, 1.19894737e-05)
( 1.26900132e-06, 8.34368032e-06)
( 1.63832405e-06, 4.68465264e-06)
( 2.00680173e-06, 1.01953328e-06)
( 2.37375154e-06,-2.64452629e-06)
( 2.73849532e-06,-6.30037981e-06)
( 3.10036092e-06,-9.94090031e-06)
( 3.45868358e-06,-1.35589941e-05)
( 3.81280726e-06,-1.71476146e-05)
( 4.16208597e-06,-2.06997764e-05)
( 4.50588501e-06,-2.42085686e-05)
( 4.84358228e-06,-2.76671690e-05)
( 5.17456943e-06,-3.10688566e-05)
( 5.49825314e-06,-3.44070255e-05)
( 5.81405617e-06,-3.76751974e-05)
( 6.12141853e-06,-4.08670344e-05)
( 6.41979853e-06,-4.39763516e-05)
( 6.70867377e-06,-4.69971287e-05)
( 6.98754214e-06,-4.99235223e-05)
( 7.25592274e-06,-5.27498768e-05)
( 7.51335674e-06,-5.54707358e-05)
( 7.75940819e-06,-5.80808526e-05)
( 7.99366483e-06,-6.05752003e-05)
( 8.21573872e-06,-6.29489817e-05)
( 8.42526696e-06,-6.51976386e-05)
( 8.62191228e-06,-6.73168607e-05)
( 8.80536352e-06,-6.93025937e-05)
( 8.97533616e-06,-7.11510474e-05)
( 9.13157273e-06,-7.28587031e-05)
( 9.27384311e-06,-7.44223201e-05)
( 9.40194492e-06,-7.58389421e-05)
( 9.51570364e-06,-7.71059029e-05)
( 9.61497287e-06,-7.82208316e-05)
( 9.69963440e-06,-7.91816567e-05)
( 9.76959824e-06,-7.99866107e-05)
( 9.82480265e-06,-8.06342329e-05)
( 9.86521401e-06,-8.11233723e-05)
( 9.89082676e-06,-8.14531898e-05)
( 9.90166312e-06,-8.16231599e-05)
( 9.89777291e-06,-8.16330711e-05)
( 9.87923319e-06,-8.14830267e-05)
( 9.84614794e-06,-8.11734440e-05)
( 9.79864759e-06,-8.07050540e-05)
( 9.73688860e-06,-8.00788991e-05)
( 9.66105288e-06,-7.92963315e-05)
( 9.57134729e-06,-7.83590103e-05)
( 9.46800292e-06,-7.72688979e-05)
( 9.35127450e-06,-7.60282563e-05)
( 9.22143965e-06,-7.46396425e-05)
( 9.07879814e-06,-7.31059033e-05)
( 8.92367107e-06,-7.14301697e-05)
( 8.75640006e-06,-6.96158505e-05)
( 8.57734634e-06,-6.76666259e-05)
( 8.38688991e-06,-6.55864396e-05)
( 8.18542854e-06,-6.33794916e-05)
( 7.97337683e-06,-6.10502295e-05)
( 7.75116523e-06,-5.86033398e-05)
( 7.51923901e-06,-5.60437385e-05)
( 7.27805722e-06,-5.33765618e-05)
( 7.02809165e-06,-5.06071553e-05)
( 6.76982574e-06,-4.77410640e-05)
( 6.50375352e-06,-4.47840214e-05)
( 6.23037850e-06,-4.17419375e-05)
( 5.95021255e-06,-3.86208881e-05)
( 5.66377482e-06,-3.54271022e-05)
( 5.37159061e-06,-3.21669497e-05)
( 5.07419028e-06,-2.88469293e-05)
( 4.77210810e-06,-2.54736556e-05)
( 4.46588116e-06,-2.20538456e-05)
( 4.15604830e-06,-1.85943062e-05)
( 3.84314898e-06,-1.51019203e-05)
( 3.52772221e-06,-1.15836336e-05)
( 3.21030551e-06,-8.04644048e-06)
( 2.89143382e-06,-4.49737096e-06)
( 2.57163852e-06,-9.43476278e-07)
( 2.25144639e-06, 2.60818471e-06)
( 1.93137860e-06, 6.15055943e-06)
( 1.61194983e-06, 9.67661545e-06)
( 1.29366722e-06, 1.31793543e-05)
( 9.77029569e-07, 1.66518252e-05)
( 6.62526391e-07, 2.00871387e-05)
( 3.50637086e-07, 2.34784804e-05)
( 4.18301363e-08, 2.68191241e-05)
(-2.63437685e-07, 3.01024450e-05)
(-5.64722059e-07, 3.33219330e-05)
(-8.61591819e-07, 3.64712053e-05)
(-1.15362963e-06, 3.95440189e-05)
(-1.44043261e-06, 4.25342829e-05)
(-1.72161294e-06, 4.54360708e-05)
(-1.99679840e-06, 4.82436316e-05)
(-2.26563288e-06, 5.09514016e-05)
(-2.52777685e-06, 5.35540152e-05)
(-2.78290780e-06, 5.60463151e-05)
(-3.03072061e-06, 5.84233633e-05)
(-3.27092792e-06, 6.06804499e-05)
(-3.50326039e-06, 6.28131030e-05)
(-3.72746698e-06, 6.48170975e-05)
(-3.94331517e-06, 6.66884631e-05)
(-4.15059114e-06, 6.84234924e-05)
(-4.34909988e-06, 7.00187482e-05)
(-4.53866530e-06, 7.14710703e-05)
(-4.71913027e-06, 7.27775817e-05)
(-4.89035664e-06, 7.39356945e-05)
(-5.05222519e-06, 7.49431150e-05)
(-5.20463558e-06, 7.57978479e-05)
(-5.34750625e-06, 7.64982010e-05)
(-5.48077425e-06, 7.70427879e-05)
(-5.60439506e-06, 7.74305313e-05)
(-5.71834242e-06, 7.76606650e-05)
(-5.82260802e-06, 7.77327354e-05)
(-5.91720125e-06, 7.76466029e-05)
(-6.00214888e-06, 7.74024416e-05)
(-6.07749472e-06, 7.70007395e-05)
(-6.14329924e-06, 7.64422978e-05)
(-6.19963915e-06, 7.57282288e-05)
(-6.24660702e-06, 7.48599545e-05)
(-6.28431077e-06, 7.38392034e-05)
(-6.31287323e-06, 7.26680074e-05)
(-6.33243163e-06, 7.13486979e-05)
(-6.34313708e-06, 6.98839013e-05)
(-6.34515402e-06, 6.82765339e-05)
(-6.33865969e-06, 6.65297963e-05)
(-6.32384353e-06, 6.46471672e-05)
(-6.30090661e-06, 6.26323966e-05)
(-6.27006102e-06, 6.04894986e-05)
(-6.23152926e-06, 5.82227435e-05)
(-6.18554361e-06, 5.58366494e-05)
(-6.13234554e-06, 5.33359738e-05)
(-6.07218500e-06, 5.07257036e-05)
(-6.00531985e-06, 4.80110462e-05)
(-5.93201517e-06, 4.51974185e-05)
(-5.85254261e-06, 4.22904370e-05)
(-5.76717977e-06, 3.92959063e-05)
(-5.67620950e-06, 3.62198080e-05)
(-5.57991930e-06, 3.30682888e-05)
(-5.47860064e-06, 2.98476486e-05)
(-5.37254832e-06, 2.65643279e-05)
(-5.26205985e-06, 2.32248954e-05)
(-5.14743479e-06, 1.98360349e-05)
(-5.02897415e-06, 1.64045320e-05)
(-4.90697975e-06, 1.29372612e-05)
(-4.78175364e-06, 9.44117187e-06)
(-4.65359747e-06, 5.92327476e-06)
(-4.52281193e-06, 2.39062811e-06)
(-4.38969615e-06,-1.14967629e-06)
(-4.25454719e-06,-4.69052715e-06)
(-4.11765944e-06,-8.22480772e-06)
(-3.97932409e-06,-1.17454099e-05)
(-3.83982865e-06,-1.52452484e-05)
(-3.69945645e-06,-1.87172747e-05)
(-3.55848609e-06,-2.21544911e-05)
(-3.41719104e-06,-2.55499646e-05)
(-3.27583918e-06,-2.88968406e-05)
(-3.13469233e-06,-3.21883569e-05)
(-2.99400588e-06,-3.54178568e-05)
(-2.85402836e-06,-3.85788026e-05)
(-2.71500111e-06,-4.16647883e-05)
(-2.57715787e-06,-4.46695531e-05)
(-2.44072448e-06,-4.75869932e-05)
(-2.30591854e-06,-5.04111744e-05)
(-2.17294914e-06,-5.31363442e-05)
(-2.04201656e-06,-5.57569428e-05)
(-1.91331203e-06,-5.82676148e-05)
(-1.78701748e-06,-6.06632197e-05)
(-1.66330533e-06,-6.29388424e-05)
(-1.54233828e-06,-6.50898032e-05)
(-1.42426919e-06,-6.71116670e-05)
(-1.30924085e-06,-6.90002528e-05)
(-1.19738588e-06,-7.07516415e-05)
(-1.08882662e-06,-7.23621848e-05)
(-9.83675046e-07,-7.38285118e-05)
(-8.82032652e-07,-7.51475365e-05)
(-7.83990434e-07,-7.63164639e-05)
(-6.89628836e-07,-7.73327960e-05)
(-5.99017736e-07,-7.81943367e-05)
(-5.12216448e-07,-7.88991968e-05)
(-4.29273744e-07,-7.94457976e-05)
(-3.50227888e-07,-7.98328749e-05)
(-2.75106700e-07,-8.00594809e-05)
(-2.03927625e-07,-8.01249872e-05)
(-1.36697827e-07,-8.00290860e-05)
(-7.34143010e-08,-7.97717908e-05)
(-1.40639988e-08,-7.93534367e-05)
( 4.13760275e-08,-7.87746805e-05)
( 9.29384655e-08,-7.80364990e-05)
( 1.40665567e-07,-7.71401877e-05)
( 1.84608953e-07,-7.60873582e-05)
( 2.24829411e-07,-7.48799360e-05)
( 2.61396669e-07,-7.35201558e-05)
( 2.94389159e-07,-7.20105583e-05)
( 3.23893769e-07,-7.03539850e-05)
( 3.50005573e-07,-6.85535728e-05)
( 3.72827554e-07,-6.66127479e-05)
( 3.92470315e-07,-6.45352198e-05)
( 4.09051769e-07,-6.23249732e-05)
( 4.22696829e-07,-5.99862613e-05)
( 4.33537069e-07,-5.75235967e-05)
( 4.41710392e-07,-5.49417435e-05)
( 4.47360679e-07,-5.22457071e-05)
( 4.50637421e-07,-4.94407252e-05)
( 4.51695349e-07,-4.65322573e-05)
( 4.50694055e-07,-4.35259738e-05)
( 4.47797599e-07,-4.04277452e-05)
( 4.43174108e-07,-3.72436304e-05)
( 4.36995372e-07,-3.39798650e-05)
( 4.29436427e-07,-3.06428487e-05)
( 4.20675128e-07,-2.72391329e-05)
( 4.10891732e-07,-2.37754079e-05)
( 4.00268452e-07,-2.02584895e-05)
( 3.88989021e-07,-1.66953054e-05)
( 3.77238254e-07,-1.30928819e-05)
( 3.65201585e-07,-9.45832974e-06)
( 3.53064632e-07,-5.79882989e-06)
( 3.41012738e-07,-2.12161960e-06)
( 3.29230501e-07, 1.56602217e-06)
( 3.17901336e-07, 5.25678914e-06)
( 3.07207014e-07, 8.94336222e-06)
( 2.97327186e-07, 1.26184241e-05)
( 2.88438957e-07, 1.62746739e-05)
( 2.80716403e-07, 1.99048414e-05)
( 2.74330137e-07, 2.35017020e-05)
( 2.69446859e-07, 2.70580908e-05)
( 2.66228902e-07, 3.05669169e-05)
( 2.64833805e-07, 3.40211777e-05)
( 2.65413881e-07, 3.74139731e-05)
( 2.68115776e-07, 4.07385187e-05)
( 2.73080075e-07, 4.39881600e-05)
( 2.80440873e-07, 4.71563852e-05)
( 2.90325395e-07, 5.02368389e-05)
( 3.02853588e-07, 5.32233342e-05)
( 3.18137763e-07, 5.61098654e-05)
( 3.36282221e-07, 5.88906201e-05)
( 3.57382906e-07, 6.15599909e-05)
( 3.81527067e-07, 6.41125864e-05)
( 4.08792945e-07, 6.65432427e-05)
( 4.39249460e-07, 6.88470328e-05)
( 4.72955928e-07, 7.10192775e-05)
( 5.09961796e-07, 7.30555545e-05)
( 5.50306387e-07, 7.49517070e-05)
( 5.94018670e-07, 7.67038526e-05)
( 6.41117059e-07, 7.83083910e-05)
( 6.91609216e-07, 7.97620111e-05)
( 7.45491889e-07, 8.10616982e-05)
( 8.02750776e-07, 8.22047396e-05)
( 8.63360396e-07, 8.31887305e-05)
( 9.27284005e-07, 8.40115787e-05)
( 9.94473520e-07, 8.46715093e-05)
( 1.06486948e-06, 8.51670679e-05)
( 1.13840104e-06, 8.54971238e-05)
( 1.21498595e-06, 8.56608725e-05)
( 1.29453063e-06, 8.56578373e-05)
( 1.37693022e-06, 8.54878706e-05)
( 1.46206866e-06, 8.51511539e-05)
( 1.54981883e-06, 8.46481981e-05)
( 1.64004270e-06, 8.39798420e-05)
( 1.73259150e-06, 8.31472514e-05)
( 1.82730595e-06, 8.21519165e-05)
( 1.92401644e-06, 8.09956491e-05)
( 2.02254337e-06, 7.96805791e-05)
( 2.12269741e-06, 7.82091506e-05)
( 2.22427980e-06, 7.65841169e-05)
( 2.32708274e-06, 7.48085351e-05)
( 2.43088976e-06, 7.28857603e-05)
( 2.53547610e-06, 7.08194390e-05)
( 2.64060918e-06, 6.86135018e-05)
( 2.74604905e-06, 6.62721560e-05)
( 2.85154884e-06, 6.37998768e-05)
( 2.95685532e-06, 6.12013990e-05)
( 3.06170942e-06, 5.84817073e-05)
( 3.16584676e-06, 5.56460269e-05)
( 3.26899827e-06, 5.26998128e-05)
( 3.37089075e-06, 4.96487391e-05)
( 3.47124752e-06, 4.64986879e-05)
( 3.56978907e-06, 4.32557380e-05)
( 3.66623366e-06, 3.99261521e-05)
( 3.76029805e-06, 3.65163653e-05)
( 3.85169816e-06, 3.30329718e-05)
( 3.94014977e-06, 2.94827122e-05)
( 4.02536925e-06, 2.58724600e-05)
( 4.10707425e-06, 2.22092081e-05)
( 4.18498445e-06, 1.85000552e-05)
( 4.25882228e-06, 1.47521914e-05)
( 4.32831368e-06, 1.09728843e-05)
( 4.39318885e-06, 7.16946439e-06)
( 4.45318292e-06, 3.34931105e-06)
( 4.50803679e-06,-4.80162466e-07)
( 4.55749782e-06,-4.31152345e-06)
( 4.60132054e-06,-8.13733438e-06)
( 4.63926742e-06,-1.19501676e-05)
( 4.67110958e-06,-1.57426200e-05)
( 4.69662747e-06,-1.95073275e-05)
( 4.71561158e-06,-2.32369795e-05)
( 4.72786311e-06,-2.69243336e-05)
( 4.73319466e-06,-3.05622292e-05)
( 4.73143081e-06,-3.41436023e-05)
( 4.72240882e-06,-3.76614987e-05)
( 4.70597914e-06,-4.11090883e-05)
( 4.68200605e-06,-4.44796777e-05)
( 4.65036818e-06,-4.77667242e-05)
( 4.61095901e-06,-5.09638480e-05)
( 4.56368740e-06,-5.40648447e-05)
( 4.50847798e-06,-5.70636977e-05)
( 4.44527163e-06,-5.99545899e-05)
( 4.37402584e-06,-6.27319147e-05)
( 4.29471503e-06,-6.53902876e-05)
( 4.20733090e-06,-6.79245558e-05)
( 4.11188270e-06,-7.03298088e-05)
( 4.00839742e-06,-7.26013881e-05)
( 3.89692000e-06,-7.47348954e-05)
( 3.77751349e-06,-7.67262020e-05)
( 3.65025912e-06,-7.85714561e-05)
( 3.51525635e-06,-8.02670908e-05)
( 3.37262293e-06,-8.18098302e-05)
( 3.22249480e-06,-8.31966965e-05)
( 3.06502605e-06,-8.44250150e-05)
( 2.90038877e-06,-8.54924196e-05)
( 2.72877288e-06,-8.63968569e-05)
( 2.55038589e-06,-8.71365904e-05)
( 2.36545266e-06,-8.77102035e-05)
( 2.17421507e-06,-8.81166023e-05)
( 1.97693163e-06,-8.83550171e-05)
( 1.77387710e-06,-8.84250041e-05)
( 1.56534203e-06,-8.83264462e-05)
( 1.35163225e-06,-8.80595525e-05)
( 1.13306832e-06,-8.76248582e-05)
( 9.09984981e-07,-8.70232229e-05)
( 6.82730471e-07,-8.62558293e-05)
( 4.51665903e-07,-8.53241800e-05)
( 2.17164539e-07,-8.42300949e-05)
(-2.03889546e-08,-8.29757072e-05)
(-2.60599282e-07,-8.15634591e-05)
(-5.03061333e-07,-7.99960968e-05)
(-7.47361033e-07,-7.82766651e-05)
(-9.93076209e-07,-7.64085008e-05)
(-1.23977750e-06,-7.43952266e-05)
(-1.48702929e-06,-7.22407437e-05)
(-1.73439065e-06,-6.99492237e-05)
(-1.98141630e-06,-6.75251006e-05)
(-2.22765764e-06,-6.49730619e-05)
(-2.47266371e-06,-6.22980395e-05)
(-2.71598225e-06,-5.95051996e-05)
(-2.95716069e-06,-5.65999328e-05)
(-3.19574724e-06,-5.35878433e-05)
(-3.43129188e-06,-5.04747381e-05)
(-3.66334745e-06,-4.72666153e-05)
(-3.89147065e-06,-4.39696527e-05)
(-4.11522313e-06,-4.05901953e-05)
(-4.33417250e-06,-3.71347432e-05)
(-4.54789334e-06,-3.36099388e-05)
(-4.75596826e-06,-3.00225540e-05)
(-4.95798885e-06,-2.63794765e-05)
(-5.15355669e-06,-2.26876971e-05)
(-5.34228431e-06,-1.89542958e-05)
(-5.52379610e-06,-1.51864280e-05)
(-5.69772928e-06,-1.13913105e-05)
(-5.86373471e-06,-7.57620805e-06)
(-6.02147780e-06,-3.74841888e-06)
(-6.17063928e-06, 8.47393086e-08)
(-6.31091603e-06, 3.91594337e-06)
(-6.44202180e-06, 7.73787886e-06)
(-6.56368790e-06, 1.15432541e-05)
(-6.67566388e-06, 1.53248142e-05)
(-6.77771815e-06, 1.90753549e-05)
(-6.86963852e-06, 2.27877365e-05)
(-6.95123275e-06, 2.64548974e-05)
(-7.02232900e-06, 3.00698675e-05)
(-7.08277629e-06, 3.36257820e-05)
(-7.13244479e-06, 3.71158938e-05)
(-7.17122622e-06, 4.05335867e-05)
(-7.19903404e-06, 4.38723881e-05)
(-7.21580371e-06, 4.71259809e-05)
(-7.22149279e-06, 5.02882158e-05)
(-7.21608105e-06, 5.33531228e-05)
(-7.19957050e-06, 5.63149225e-05)
(-7.17198537e-06, 5.91680368e-05)
(-7.13337203e-06, 6.19070998e-05)
(-7.08379883e-06, 6.45269675e-05)
(-7.02335595e-06, 6.70227277e-05)
(-6.95215509e-06, 6.93897088e-05)
(-6.87032920e-06, 7.16234891e-05)
(-6.77803213e-06, 7.37199046e-05)
(-6.67543817e-06, 7.56750567e-05)
(-6.56274163e-06, 7.74853197e-05)
(-6.44015629e-06, 7.91473473e-05)
(-6.30791483e-06, 8.06580785e-05)
(-6.16626826e-06, 8.20147438e-05)
(-6.01548520e-06, 8.32148697e-05)
(-5.85585121e-06, 8.42562832e-05)
(-5.68766803e-06, 8.51371160e-05)
(-5.51125280e-06, 8.58558074e-05)
(-5.32693724e-06, 8.64111075e-05)
(-5.13506678e-06, 8.68020787e-05)
(-4.93599966e-06, 8.70280976e-05)
(-4.73010606e-06, 8.70888558e-05)
(-4.51776709e-06, 8.69843605e-05)
(-4.29937387e-06, 8.67149338e-05)
(-4.07532650e-06, 8.62812118e-05)
(-3.84603308e-06, 8.56841437e-05)
(-3.61190869e-06, 8.49249890e-05)
(-3.37337433e-06, 8.40053155e-05)
(-3.13085589e-06, 8.29269955e-05)
(-2.88478311e-06, 8.16922025e-05)
(-2.63558852e-06, 8.03034063e-05)
(-2.38370641e-06, 7.87633686e-05)
(-2.12957176e-06, 7.70751371e-05)
(-1.87361922e-06, 7.52420397e-05)
(-1.61628207e-06, 7.32676778e-05)
(-1.35799124e-06, 7.11559195e-05)
(-1.09917427e-06, 6.89108918e-05)
(-8.40254392e-07, 6.65369727e-05)
(-5.81649511e-07, 6.40387826e-05)
(-3.23771339e-07, 6.14211754e-05)
(-6.70244650e-08, 5.86892291e-05)
( 1.88194502e-07, 5.58482361e-05)
( 4.41497773e-07, 5.29036927e-05)
( 6.92507160e-07, 4.98612889e-05)
( 9.40854853e-07, 4.67268972e-05)
( 1.18618412e-06, 4.35065614e-05)
( 1.42815001e-06, 4.02064851e-05)
( 1.66641995e-06, 3.68330194e-05)
( 1.90067434e-06, 3.33926516e-05)
( 2.13060712e-06, 2.98919917e-05)
( 2.35592620e-06, 2.63377607e-05)
( 2.57635396e-06, 2.27367773e-05)
( 2.79162760e-06, 1.90959449e-05)
( 3.00149947e-06, 1.54222387e-05)
( 3.20573738e-06, 1.17226921e-05)
( 3.40412482e-06, 8.00438336e-06)
( 3.59646110e-06, 4.27442240e-06)
( 3.78256153e-06, 5.39936967e-07)
( 3.96225743e-06,-3.19194080e-06)
( 4.13539620e-06,-6.91408793e-06)
( 4.30184124e-06,-1.06194042e-05)
( 4.46147187e-06,-1.43008254e-05)
( 4.61418320e-06,-1.79513373e-05)
( 4.75988594e-06,-2.15639882e-05)
( 4.89850614e-06,-2.51319029e-05)
( 5.02998492e-06,-2.86482950e-05)
( 5.15427814e-06,-3.21064805e-05)
( 5.27135601e-06,-3.54998899e-05)
( 5.38120266e-06,-3.88220809e-05)
( 5.48381572e-06,-4.20667508e-05)
( 5.57920576e-06,-4.52277482e-05)
( 5.66739584e-06,-4.82990845e-05)
( 5.74842086e-06,-5.12749460e-05)
( 5.82232700e-06,-5.41497038e-05)
( 5.88917110e-06,-5.69179257e-05)
( 5.94902002e-06,-5.95743856e-05)
( 6.00194990e-06,-6.21140736e-05)
( 6.04804556e-06,-6.45322061e-05)
( 6.08739973e-06,-6.68242339e-05)
( 6.12011235e-06,-6.89858517e-05)
( 6.14628981e-06,-7.10130059e-05)
( 6.16604428e-06,-7.29019021e-05)
( 6.17949288e-06,-7.46490128e-05)
( 6.18675700e-06,-7.62510838e-05)
( 6.18796153e-06,-7.77051404e-05)
( 6.18323414e-06,-7.90084930e-05)
( 6.17270455e-06,-8.01587426e-05)
( 6.15650382e-06,-8.11537849e-05)
( 6.13476363e-06,-8.19918146e-05)
( 6.10761564e-06,-8.26713285e-05)
( 6.07519080e-06,-8.31911291e-05)
( 6.03761873e-06,-8.35503260e-05)
( 5.99502711e-06,-8.37483383e-05)
( 5.94754110e-06,-8.37848954e-05)
( 5.89528280e-06,-8.36600374e-05)
( 5.83837072e-06,-8.33741154e-05)
( 5.77691932e-06,-8.29277908e-05)
( 5.71103859e-06,-8.23220336e-05)
( 5.64083363e-06,-8.15581212e-05)
( 5.56640428e-06,-8.06376354e-05)
( 5.48784486e-06,-7.95624599e-05)
( 5.40524387e-06,-7.83347762e-05)
( 5.31868378e-06,-7.69570601e-05)
( 5.22824086e-06,-7.54320761e-05)
( 5.13398508e-06,-7.37628731e-05)
( 5.03597999e-06,-7.19527777e-05)
( 4.93428276e-06,-7.00053883e-05)
( 4.82894414e-06,-6.79245684e-05)
( 4.72000862e-06,-6.57144385e-05)
( 4.60751445e-06,-6.33793689e-05)
( 4.49149393e-06,-6.09239708e-05)
( 4.37197355e-06,-5.83530879e-05)
( 4.24897431e-06,-5.56717866e-05)
( 4.12251201e-06,-5.28853465e-05)
( 3.99259763e-06,-4.99992504e-05)
( 3.85923774e-06,-4.70191733e-05)
( 3.72243495e-06,-4.39509718e-05)
( 3.58218839e-06,-4.08006725e-05)
( 3.43849424e-06,-3.75744607e-05)
( 3.29134634e-06,-3.42786681e-05)
( 3.14073669e-06,-3.09197605e-05)
( 2.98665620e-06,-2.75043257e-05)
( 2.82909527e-06,-2.40390602e-05)
( 2.66804447e-06,-2.05307563e-05)
( 2.50349531e-06,-1.69862893e-05)
( 2.33544091e-06,-1.34126036e-05)
( 2.16387674e-06,-9.81669915e-06)
( 1.98880143e-06,-6.20561834e-06)
( 1.81021745e-06,-2.58643167e-06)
( 1.62813197e-06, 1.03377580e-06)
( 1.44255753e-06, 4.64791838e-06)
( 1.25351292e-06, 8.24892367e-06)
( 1.06102384e-06, 1.18297464e-05)
( 8.65123722e-07, 1.53833822e-05)
( 6.65854438e-07, 1.89028816e-05)
( 4.63267041e-07, 2.23813635e-05)
( 2.57422456e-07, 2.58120286e-05)
( 4.83921657e-08, 2.91881734e-05)
(-1.63741138e-07, 3.25032027e-05)
(-3.78882939e-07, 3.57506433e-05)
(-5.96926303e-07, 3.89241562e-05)
(-8.17751344e-07, 4.20175497e-05)
(-1.04122471e-06, 4.50247915e-05)
(-1.26719912e-06, 4.79400207e-05)
(-1.49551296e-06, 5.07575592e-05)
(-1.72598994e-06, 5.34719235e-05)
(-1.95843874e-06, 5.60778355e-05)
(-2.19265280e-06, 5.85702326e-05)
(-2.42841011e-06, 6.09442785e-05)
(-2.66547308e-06, 6.31953725e-05)
(-2.90358849e-06, 6.53191589e-05)
(-3.14248747e-06, 6.73115355e-05)
(-3.38188553e-06, 6.91686622e-05)
(-3.62148278e-06, 7.08869686e-05)
(-3.86096403e-06, 7.24631612e-05)
(-4.09999911e-06, 7.38942301e-05)
(-4.33824321e-06, 7.51774552e-05)
(-4.57533728e-06, 7.63104116e-05)
(-4.81090849e-06, 7.72909745e-05)
(-5.04457083e-06, 7.81173239e-05)
(-5.27592565e-06, 7.87879478e-05)
(-5.50456243e-06, 7.93016461e-05)
(-5.73005950e-06, 7.96575322e-05)
(-5.95198484e-06, 7.98550356e-05)
(-6.16989701e-06, 7.98939029e-05)
(-6.38334608e-06, 7.97741982e-05)
(-6.59187464e-06, 7.94963033e-05)
(-6.79501886e-06, 7.90609170e-05)
(-6.99230966e-06, 7.84690538e-05)
(-7.18327384e-06, 7.77220417e-05)
(-7.36743533e-06, 7.68215198e-05)
(-7.54431647e-06, 7.57694350e-05)
(-7.71343933e-06, 7.45680381e-05)
(-7.87432706e-06, 7.32198794e-05)
(-8.02650529e-06, 7.17278035e-05)
(-8.16950355e-06, 7.00949435e-05)
(-8.30285673e-06, 6.83247149e-05)
(-8.42610655e-06, 6.64208084e-05)
(-8.53880304e-06, 6.43871828e-05)
(-8.64050605e-06, 6.22280566e-05)
(-8.73078679e-06, 5.99478997e-05)
(-8.80922930e-06, 5.75514242e-05)
(-8.87543198e-06, 5.50435749e-05)
(-8.92900909e-06, 5.24295190e-05)
(-8.96959227e-06, 4.97146356e-05)
(-8.99683194e-06, 4.69045051e-05)
(-9.01039885e-06, 4.40048972e-05)
(-9.00998539e-06, 4.10217593e-05)
(-8.99530707e-06, 3.79612046e-05)
(-8.96610380e-06, 3.48294989e-05)
(-8.92214123e-06, 3.16330484e-05)
(-8.86321196e-06, 2.83783862e-05)
(-8.78913681e-06, 2.50721587e-05)
(-8.69976585e-06, 2.17211122e-05)
(-8.59497957e-06, 1.83320789e-05)
(-8.47468982e-06, 1.49119627e-05)
(-8.33884075e-06, 1.14677250e-05)
(-8.18740969e-06, 8.00637043e-06)
(-8.02040788e-06, 4.53493219e-06)
(-7.83788118e-06, 1.06045760e-06)
(-7.63991065e-06,-2.41000650e-06)
(-7.42661302e-06,-5.86942833e-06)
(-7.19814118e-06,-9.31080576e-06)
(-6.95468437e-06,-1.27271808e-05)
(-6.69646849e-06,-1.61116539e-05)
(-6.42375612e-06,-1.94573986e-05)
(-6.13684656e-06,-2.27576753e-05)
(-5.83607570e-06,-2.60058452e-05)
(-5.52181583e-06,-2.91953847e-05)
(-5.19447524e-06,-3.23198979e-05)
(-4.85449785e-06,-3.53731308e-05)
(-4.50236265e-06,-3.83489837e-05)
(-4.13858300e-06,-4.12415240e-05)
(-3.76370592e-06,-4.40449984e-05)
(-3.37831115e-06,-4.67538450e-05)
(-2.98301023e-06,-4.93627043e-05)
(-2.57844537e-06,-5.18664309e-05)
(-2.16528829e-06,-5.42601036e-05)
(-1.74423889e-06,-5.65390358e-05)
(-1.31602390e-06,-5.86987849e-05)
(-8.81395359e-07,-6.07351614e-05)
(-4.41129077e-07,-6.26442378e-05)
( 3.97706418e-09,-6.44223561e-05)
( 4.53104835e-07,-6.60661356e-05)
( 9.05417501e-07,-6.75724793e-05)
( 1.36006171e-06,-6.89385806e-05)
( 1.81616948e-06,-7.01619284e-05)
( 2.27286021e-06,-7.12403123e-05)
( 2.72924279e-06,-7.21718268e-05)
( 3.18441777e-06,-7.29548751e-05)
( 3.63747949e-06,-7.35881717e-05)
( 4.08751838e-06,-7.40707449e-05)
( 4.53362318e-06,-7.44019385e-05)
( 4.97488327e-06,-7.45814126e-05)
( 5.41039096e-06,-7.46091439e-05)
( 5.83924382e-06,-7.44854249e-05)
( 6.26054704e-06,-7.42108636e-05)
( 6.67341573e-06,-7.37863806e-05)
( 7.07697729e-06,-7.32132077e-05)
( 7.47037366e-06,-7.24928838e-05)
( 7.85276368e-06,-7.16272517e-05)
( 8.22332530e-06,-7.06184533e-05)
( 8.58125781e-06,-6.94689248e-05)
( 8.92578405e-06,-6.81813904e-05)
( 9.25615250e-06,-6.67588564e-05)
( 9.57163937e-06,-6.52046041e-05)
( 9.87155061e-06,-6.35221820e-05)
( 1.01552238e-05,-6.17153980e-05)
( 1.04220302e-05,-5.97883103e-05)
( 1.06713760e-05,-5.77452184e-05)
( 1.09027048e-05,-5.55906533e-05)
( 1.11154985e-05,-5.33293675e-05)
( 1.13092791e-05,-5.09663235e-05)
( 1.14836099e-05,-4.85066838e-05)
( 1.16380971e-05,-4.59557981e-05)
( 1.17723905e-05,-4.33191922e-05)
( 1.18861849e-05,-4.06025556e-05)
( 1.19792207e-05,-3.78117281e-05)
( 1.20512849e-05,-3.49526879e-05)
( 1.21022116e-05,-3.20315374e-05)
( 1.21318826e-05,-2.90544903e-05)
( 1.21402277e-05,-2.60278575e-05)
( 1.21272247e-05,-2.29580337e-05)
( 1.20929001e-05,-1.98514828e-05)
( 1.20373284e-05,-1.67147240e-05)
( 1.19606322e-05,-1.35543177e-05)
( 1.18629817e-05,-1.03768507e-05)
( 1.17445946e-05,-7.18892259e-06)
( 1.16057349e-05,-3.99713076e-06)
( 1.14467125e-05,-8.08056505e-07)
( 1.12678823e-05, 2.37174927e-06)
( 1.10696429e-05, 5.53578014e-06)
( 1.08524358e-05, 8.67758808e-06)
( 1.06167437e-05, 1.17907972e-05)
( 1.03630893e-05, 1.48691175e-05)
( 1.00920337e-05, 1.79063579e-05)
( 9.80417469e-06, 2.08964395e-05)
( 9.50014491e-06, 2.38334082e-05)
( 9.18061010e-06, 2.67114474e-05)
( 8.84626697e-06, 2.95248899e-05)
( 8.49784115e-06, 3.22682294e-05)
( 8.13608500e-06, 3.49361322e-05)
( 7.76177533e-06, 3.75234478e-05)
( 7.37571103e-06, 4.00252196e-05)
( 6.97871074e-06, 4.24366944e-05)
( 6.57161026e-06, 4.47533321e-05)
( 6.15526010e-06, 4.69708145e-05)
( 5.73052289e-06, 4.90850540e-05)
( 5.29827075e-06, 5.10922008e-05)
( 4.85938268e-06, 5.29886507e-05)
( 4.41474188e-06, 5.47710514e-05)
( 3.96523311e-06, 5.64363087e-05)
( 3.51174001e-06, 5.79815918e-05)
( 3.05514245e-06, 5.94043381e-05)
( 2.59631389e-06, 6.07022576e-05)
( 2.13611875e-06, 6.18733360e-05)
( 1.67540987e-06, 6.29158379e-05)
( 1.21502595e-06, 6.38283088e-05)
( 7.55789069e-07, 6.46095768e-05)
( 2.98502302e-07, 6.52587531e-05)
(-1.56052655e-07, 6.57752329e-05)
(-6.07117732e-07, 6.61586944e-05)
(-1.05396066e-06, 6.64090977e-05)
(-1.49587707e-06, 6.65266834e-05)
(-1.93219241e-06, 6.65119702e-05)
(-2.36226388e-06, 6.63657516e-05)
(-2.78548213e-06, 6.60890922e-05)
(-3.20127286e-06, 6.56833239e-05)
(-3.60909836e-06, 6.51500408e-05)
(-4.00845878e-06, 6.44910936e-05)
(-4.39889340e-06, 6.37085837e-05)
(-4.77998163e-06, 6.28048568e-05)
(-5.15134392e-06, 6.17824956e-05)
(-5.51264248e-06, 6.06443121e-05)
(-5.86358190e-06, 5.93933398e-05)
(-6.20390946e-06, 5.80328248e-05)
(-6.53341548e-06, 5.65662170e-05)
(-6.85193328e-06, 5.49971604e-05)
(-7.15933912e-06, 5.33294832e-05)
(-7.45555193e-06, 5.15671881e-05)
(-7.74053278e-06, 4.97144408e-05)
(-8.01428434e-06, 4.77755599e-05)
(-8.27684995e-06, 4.57550053e-05)
(-8.52831275e-06, 4.36573665e-05)
(-8.76879443e-06, 4.14873516e-05)
(-8.99845395e-06, 3.92497746e-05)
(-9.21748602e-06, 3.69495436e-05)
(-9.42611945e-06, 3.45916488e-05)
(-9.62461532e-06, 3.21811496e-05)
(-9.81326499e-06, 2.97231628e-05)
(-9.99238799e-06, 2.72228494e-05)
(-1.01623297e-05, 2.46854026e-05)
(-1.03234591e-05, 2.21160351e-05)
(-1.04761659e-05, 1.95199665e-05)
(-1.06208581e-05, 1.69024111e-05)
(-1.07579591e-05, 1.42685653e-05)
(-1.08879051e-05, 1.16235958e-05)
(-1.10111414e-05, 8.97262690e-06)
(-1.11281199e-05, 6.32072941e-06)
(-1.12392957e-05, 3.67290843e-06)
(-1.13451237e-05, 1.03409216e-06)
(-1.14460553e-05,-1.59087933e-06)
(-1.15425354e-05,-4.19726494e-06)
(-1.16349980e-05,-6.78043315e-06)
(-1.17238636e-05,-9.33587225e-06)
(-1.18095351e-05,-1.18592002e-05)
(-1.18923944e-05,-1.43461743e-05)
(-1.19727990e-05,-1.67927000e-05)
(-1.20510778e-05,-1.91948401e-05)
(-1.21275281e-05,-2.15488225e-05)
(-1.22024116e-05,-2.38510486e-05)
(-1.22759508e-05,-2.60981005e-05)
(-1.23483258e-05,-2.82867480e-05)
(-1.24196702e-05,-3.04139550e-05)
(-1.24900677e-05,-3.24768858e-05)
(-1.25595487e-05,-3.44729107e-05)
(-1.26280869e-05,-3.63996108e-05)
(-1.26955953e-05,-3.82547831e-05)
(-1.27619234e-05,-4.00364444e-05)
(-1.28268533e-05,-4.17428352e-05)
(-1.28900963e-05,-4.33724231e-05)
(-1.29512898e-05,-4.49239056e-05)
(-1.30099935e-05,-4.63962127e-05)
(-1.30656860e-05,-4.77885090e-05)
(-1.31177615e-05,-4.91001958e-05)
(-1.31655259e-05,-5.03309124e-05)
(-1.32081933e-05,-5.14805376e-05)
(-1.32448818e-05,-5.25491906e-05)
(-1.32746097e-05,-5.35372323e-05)
(-1.32962910e-05,-5.44452666e-05)
(-1.33087305e-05,-5.52741406e-05)
(-1.33106190e-05,-5.60249471e-05)
(-1.33005269e-05,-5.66990254e-05)
(-1.32768983e-05,-5.72979636e-05)
(-1.32380433e-05,-5.78236022e-05)
(-1.31821296e-05,-5.82780372e-05)
(-1.31071727e-05,-5.86636258e-05)
(-1.30110241e-05,-5.89829933e-05)
(-1.28913581e-05,-5.92390425e-05)
(-1.27456552e-05,-5.94349654e-05)
(-1.25711829e-05,-5.95742590e-05)
(-1.23649716e-05,-5.96607456e-05)
(-1.21237867e-05,-5.96985994e-05)
(-1.18440925e-05,-5.96923796e-05)
(-1.15220095e-05,-5.96470753e-05)
(-1.11532599e-05,-5.95681611e-05)
(-1.07330997e-05,-5.94616714e-05)
(-1.02562332e-05,-5.93342964e-05)
(-9.71670267e-06,-5.91935078e-05)
(-9.10774679e-06,-5.90477263e-05)
(-8.42161535e-06,-5.89065446e-05)
(-7.64932359e-06,-5.87810290e-05)
(-6.78032229e-06,-5.86841337e-05)
(-5.80204660e-06,-5.86312771e-05)
(-4.69928736e-06,-5.86411594e-05)
(-3.45329581e-06,-5.87369484e-05)
(-2.04047572e-06,-5.89480406e-05)
(-4.30416126e-07,-5.93127578e-05)
( 1.41717178e-06,-5.98826157e-05)
( 3.55742395e-06,-6.07293698e-05)
( 6.06879577e-06,-6.19572343e-05)
( 9.06841833e-06,-6.37254137e-05)
( 1.27421703e-05,-6.62929967e-05)
( 1.74098509e-05,-7.01179617e-05)
( 2.36863665e-05,-7.61062603e-05)
( 3.30018812e-05,-8.64322945e-05)
( 4.86772059e-05,-1.06207193e-04)
( 1.25680202e-04,-2.25327985e-04)
