% L-Bracket Geometry
% N_total=3136, N_horizontal=1568, N_vertical=1568
% Resolution: 100 segments per wavelength
% Format: x(m) y(m)
1.59465769e-04 0.00000000e+00
4.78397306e-04 0.00000000e+00
7.97328843e-04 0.00000000e+00
1.11626038e-03 0.00000000e+00
1.43519192e-03 0.00000000e+00
1.75412345e-03 0.00000000e+00
2.07305499e-03 0.00000000e+00
2.39198653e-03 0.00000000e+00
2.71091807e-03 0.00000000e+00
3.02984960e-03 0.00000000e+00
3.34878114e-03 0.00000000e+00
3.66771268e-03 0.00000000e+00
3.98664422e-03 0.00000000e+00
4.30557575e-03 0.00000000e+00
4.62450729e-03 0.00000000e+00
4.94343883e-03 0.00000000e+00
5.26237036e-03 0.00000000e+00
5.58130190e-03 0.00000000e+00
5.90023344e-03 0.00000000e+00
6.21916498e-03 0.00000000e+00
6.53809651e-03 0.00000000e+00
6.85702805e-03 0.00000000e+00
7.17595959e-03 0.00000000e+00
7.49489113e-03 0.00000000e+00
7.81382266e-03 0.00000000e+00
8.13275420e-03 0.00000000e+00
8.45168574e-03 0.00000000e+00
8.77061727e-03 0.00000000e+00
9.08954881e-03 0.00000000e+00
9.40848035e-03 0.00000000e+00
9.72741189e-03 0.00000000e+00
1.00463434e-02 0.00000000e+00
1.03652750e-02 0.00000000e+00
1.06842065e-02 0.00000000e+00
1.10031380e-02 0.00000000e+00
1.13220696e-02 0.00000000e+00
1.16410011e-02 0.00000000e+00
1.19599326e-02 0.00000000e+00
1.22788642e-02 0.00000000e+00
1.25977957e-02 0.00000000e+00
1.29167273e-02 0.00000000e+00
1.32356588e-02 0.00000000e+00
1.35545903e-02 0.00000000e+00
1.38735219e-02 0.00000000e+00
1.41924534e-02 0.00000000e+00
1.45113849e-02 0.00000000e+00
1.48303165e-02 0.00000000e+00
1.51492480e-02 0.00000000e+00
1.54681796e-02 0.00000000e+00
1.57871111e-02 0.00000000e+00
1.61060426e-02 0.00000000e+00
1.64249742e-02 0.00000000e+00
1.67439057e-02 0.00000000e+00
1.70628372e-02 0.00000000e+00
1.73817688e-02 0.00000000e+00
1.77007003e-02 0.00000000e+00
1.80196319e-02 0.00000000e+00
1.83385634e-02 0.00000000e+00
1.86574949e-02 0.00000000e+00
1.89764265e-02 0.00000000e+00
1.92953580e-02 0.00000000e+00
1.96142895e-02 0.00000000e+00
1.99332211e-02 0.00000000e+00
2.02521526e-02 0.00000000e+00
2.05710842e-02 0.00000000e+00
2.08900157e-02 0.00000000e+00
2.12089472e-02 0.00000000e+00
2.15278788e-02 0.00000000e+00
2.18468103e-02 0.00000000e+00
2.21657418e-02 0.00000000e+00
2.24846734e-02 0.00000000e+00
2.28036049e-02 0.00000000e+00
2.31225365e-02 0.00000000e+00
2.34414680e-02 0.00000000e+00
2.37603995e-02 0.00000000e+00
2.40793311e-02 0.00000000e+00
2.43982626e-02 0.00000000e+00
2.47171941e-02 0.00000000e+00
2.50361257e-02 0.00000000e+00
2.53550572e-02 0.00000000e+00
2.56739887e-02 0.00000000e+00
2.59929203e-02 0.00000000e+00
2.63118518e-02 0.00000000e+00
2.66307834e-02 0.00000000e+00
2.69497149e-02 0.00000000e+00
2.72686464e-02 0.00000000e+00
2.75875780e-02 0.00000000e+00
2.79065095e-02 0.00000000e+00
2.82254410e-02 0.00000000e+00
2.85443726e-02 0.00000000e+00
2.88633041e-02 0.00000000e+00
2.91822357e-02 0.00000000e+00
2.95011672e-02 0.00000000e+00
2.98200987e-02 0.00000000e+00
3.01390303e-02 0.00000000e+00
3.04579618e-02 0.00000000e+00
3.07768933e-02 0.00000000e+00
3.10958249e-02 0.00000000e+00
3.14147564e-02 0.00000000e+00
3.17336880e-02 0.00000000e+00
3.20526195e-02 0.00000000e+00
3.23715510e-02 0.00000000e+00
3.26904826e-02 0.00000000e+00
3.30094141e-02 0.00000000e+00
3.33283456e-02 0.00000000e+00
3.36472772e-02 0.00000000e+00
3.39662087e-02 0.00000000e+00
3.42851403e-02 0.00000000e+00
3.46040718e-02 0.00000000e+00
3.49230033e-02 0.00000000e+00
3.52419349e-02 0.00000000e+00
3.55608664e-02 0.00000000e+00
3.58797979e-02 0.00000000e+00
3.61987295e-02 0.00000000e+00
3.65176610e-02 0.00000000e+00
3.68365926e-02 0.00000000e+00
3.71555241e-02 0.00000000e+00
3.74744556e-02 0.00000000e+00
3.77933872e-02 0.00000000e+00
3.81123187e-02 0.00000000e+00
3.84312502e-02 0.00000000e+00
3.87501818e-02 0.00000000e+00
3.90691133e-02 0.00000000e+00
3.93880449e-02 0.00000000e+00
3.97069764e-02 0.00000000e+00
4.00259079e-02 0.00000000e+00
4.03448395e-02 0.00000000e+00
4.06637710e-02 0.00000000e+00
4.09827025e-02 0.00000000e+00
4.13016341e-02 0.00000000e+00
4.16205656e-02 0.00000000e+00
4.19394971e-02 0.00000000e+00
4.22584287e-02 0.00000000e+00
4.25773602e-02 0.00000000e+00
4.28962918e-02 0.00000000e+00
4.32152233e-02 0.00000000e+00
4.35341548e-02 0.00000000e+00
4.38530864e-02 0.00000000e+00
4.41720179e-02 0.00000000e+00
4.44909494e-02 0.00000000e+00
4.48098810e-02 0.00000000e+00
4.51288125e-02 0.00000000e+00
4.54477441e-02 0.00000000e+00
4.57666756e-02 0.00000000e+00
4.60856071e-02 0.00000000e+00
4.64045387e-02 0.00000000e+00
4.67234702e-02 0.00000000e+00
4.70424017e-02 0.00000000e+00
4.73613333e-02 0.00000000e+00
4.76802648e-02 0.00000000e+00
4.79991964e-02 0.00000000e+00
4.83181279e-02 0.00000000e+00
4.86370594e-02 0.00000000e+00
4.89559910e-02 0.00000000e+00
4.92749225e-02 0.00000000e+00
4.95938540e-02 0.00000000e+00
4.99127856e-02 0.00000000e+00
5.02317171e-02 0.00000000e+00
5.05506487e-02 0.00000000e+00
5.08695802e-02 0.00000000e+00
5.11885117e-02 0.00000000e+00
5.15074433e-02 0.00000000e+00
5.18263748e-02 0.00000000e+00
5.21453063e-02 0.00000000e+00
5.24642379e-02 0.00000000e+00
5.27831694e-02 0.00000000e+00
5.31021010e-02 0.00000000e+00
5.34210325e-02 0.00000000e+00
5.37399640e-02 0.00000000e+00
5.40588956e-02 0.00000000e+00
5.43778271e-02 0.00000000e+00
5.46967586e-02 0.00000000e+00
5.50156902e-02 0.00000000e+00
5.53346217e-02 0.00000000e+00
5.56535533e-02 0.00000000e+00
5.59724848e-02 0.00000000e+00
5.62914163e-02 0.00000000e+00
5.66103479e-02 0.00000000e+00
5.69292794e-02 0.00000000e+00
5.72482109e-02 0.00000000e+00
5.75671425e-02 0.00000000e+00
5.78860740e-02 0.00000000e+00
5.82050055e-02 0.00000000e+00
5.85239371e-02 0.00000000e+00
5.88428686e-02 0.00000000e+00
5.91618002e-02 0.00000000e+00
5.94807317e-02 0.00000000e+00
5.97996632e-02 0.00000000e+00
6.01185948e-02 0.00000000e+00
6.04375263e-02 0.00000000e+00
6.07564578e-02 0.00000000e+00
6.10753894e-02 0.00000000e+00
6.13943209e-02 0.00000000e+00
6.17132525e-02 0.00000000e+00
6.20321840e-02 0.00000000e+00
6.23511155e-02 0.00000000e+00
6.26700471e-02 0.00000000e+00
6.29889786e-02 0.00000000e+00
6.33079101e-02 0.00000000e+00
6.36268417e-02 0.00000000e+00
6.39457732e-02 0.00000000e+00
6.42647048e-02 0.00000000e+00
6.45836363e-02 0.00000000e+00
6.49025678e-02 0.00000000e+00
6.52214994e-02 0.00000000e+00
6.55404309e-02 0.00000000e+00
6.58593624e-02 0.00000000e+00
6.61782940e-02 0.00000000e+00
6.64972255e-02 0.00000000e+00
6.68161571e-02 0.00000000e+00
6.71350886e-02 0.00000000e+00
6.74540201e-02 0.00000000e+00
6.77729517e-02 0.00000000e+00
6.80918832e-02 0.00000000e+00
6.84108147e-02 0.00000000e+00
6.87297463e-02 0.00000000e+00
6.90486778e-02 0.00000000e+00
6.93676094e-02 0.00000000e+00
6.96865409e-02 0.00000000e+00
7.00054724e-02 0.00000000e+00
7.03244040e-02 0.00000000e+00
7.06433355e-02 0.00000000e+00
7.09622670e-02 0.00000000e+00
7.12811986e-02 0.00000000e+00
7.16001301e-02 0.00000000e+00
7.19190617e-02 0.00000000e+00
7.22379932e-02 0.00000000e+00
7.25569247e-02 0.00000000e+00
7.28758563e-02 0.00000000e+00
7.31947878e-02 0.00000000e+00
7.35137193e-02 0.00000000e+00
7.38326509e-02 0.00000000e+00
7.41515824e-02 0.00000000e+00
7.44705139e-02 0.00000000e+00
7.47894455e-02 0.00000000e+00
7.51083770e-02 0.00000000e+00
7.54273086e-02 0.00000000e+00
7.57462401e-02 0.00000000e+00
7.60651716e-02 0.00000000e+00
7.63841032e-02 0.00000000e+00
7.67030347e-02 0.00000000e+00
7.70219662e-02 0.00000000e+00
7.73408978e-02 0.00000000e+00
7.76598293e-02 0.00000000e+00
7.79787609e-02 0.00000000e+00
7.82976924e-02 0.00000000e+00
7.86166239e-02 0.00000000e+00
7.89355555e-02 0.00000000e+00
7.92544870e-02 0.00000000e+00
7.95734185e-02 0.00000000e+00
7.98923501e-02 0.00000000e+00
8.02112816e-02 0.00000000e+00
8.05302132e-02 0.00000000e+00
8.08491447e-02 0.00000000e+00
8.11680762e-02 0.00000000e+00
8.14870078e-02 0.00000000e+00
8.18059393e-02 0.00000000e+00
8.21248708e-02 0.00000000e+00
8.24438024e-02 0.00000000e+00
8.27627339e-02 0.00000000e+00
8.30816655e-02 0.00000000e+00
8.34005970e-02 0.00000000e+00
8.37195285e-02 0.00000000e+00
8.40384601e-02 0.00000000e+00
8.43573916e-02 0.00000000e+00
8.46763231e-02 0.00000000e+00
8.49952547e-02 0.00000000e+00
8.53141862e-02 0.00000000e+00
8.56331178e-02 0.00000000e+00
8.59520493e-02 0.00000000e+00
8.62709808e-02 0.00000000e+00
8.65899124e-02 0.00000000e+00
8.69088439e-02 0.00000000e+00
8.72277754e-02 0.00000000e+00
8.75467070e-02 0.00000000e+00
8.78656385e-02 0.00000000e+00
8.81845701e-02 0.00000000e+00
8.85035016e-02 0.00000000e+00
8.88224331e-02 0.00000000e+00
8.91413647e-02 0.00000000e+00
8.94602962e-02 0.00000000e+00
8.97792277e-02 0.00000000e+00
9.00981593e-02 0.00000000e+00
9.04170908e-02 0.00000000e+00
9.07360223e-02 0.00000000e+00
9.10549539e-02 0.00000000e+00
9.13738854e-02 0.00000000e+00
9.16928170e-02 0.00000000e+00
9.20117485e-02 0.00000000e+00
9.23306800e-02 0.00000000e+00
9.26496116e-02 0.00000000e+00
9.29685431e-02 0.00000000e+00
9.32874746e-02 0.00000000e+00
9.36064062e-02 0.00000000e+00
9.39253377e-02 0.00000000e+00
9.42442693e-02 0.00000000e+00
9.45632008e-02 0.00000000e+00
9.48821323e-02 0.00000000e+00
9.52010639e-02 0.00000000e+00
9.55199954e-02 0.00000000e+00
9.58389269e-02 0.00000000e+00
9.61578585e-02 0.00000000e+00
9.64767900e-02 0.00000000e+00
9.67957216e-02 0.00000000e+00
9.71146531e-02 0.00000000e+00
9.74335846e-02 0.00000000e+00
9.77525162e-02 0.00000000e+00
9.80714477e-02 0.00000000e+00
9.83903792e-02 0.00000000e+00
9.87093108e-02 0.00000000e+00
9.90282423e-02 0.00000000e+00
9.93471739e-02 0.00000000e+00
9.96661054e-02 0.00000000e+00
9.99850369e-02 0.00000000e+00
1.00303968e-01 0.00000000e+00
1.00622900e-01 0.00000000e+00
1.00941832e-01 0.00000000e+00
1.01260763e-01 0.00000000e+00
1.01579695e-01 0.00000000e+00
1.01898626e-01 0.00000000e+00
1.02217558e-01 0.00000000e+00
1.02536489e-01 0.00000000e+00
1.02855421e-01 0.00000000e+00
1.03174352e-01 0.00000000e+00
1.03493284e-01 0.00000000e+00
1.03812215e-01 0.00000000e+00
1.04131147e-01 0.00000000e+00
1.04450078e-01 0.00000000e+00
1.04769010e-01 0.00000000e+00
1.05087942e-01 0.00000000e+00
1.05406873e-01 0.00000000e+00
1.05725805e-01 0.00000000e+00
1.06044736e-01 0.00000000e+00
1.06363668e-01 0.00000000e+00
1.06682599e-01 0.00000000e+00
1.07001531e-01 0.00000000e+00
1.07320462e-01 0.00000000e+00
1.07639394e-01 0.00000000e+00
1.07958325e-01 0.00000000e+00
1.08277257e-01 0.00000000e+00
1.08596188e-01 0.00000000e+00
1.08915120e-01 0.00000000e+00
1.09234052e-01 0.00000000e+00
1.09552983e-01 0.00000000e+00
1.09871915e-01 0.00000000e+00
1.10190846e-01 0.00000000e+00
1.10509778e-01 0.00000000e+00
1.10828709e-01 0.00000000e+00
1.11147641e-01 0.00000000e+00
1.11466572e-01 0.00000000e+00
1.11785504e-01 0.00000000e+00
1.12104435e-01 0.00000000e+00
1.12423367e-01 0.00000000e+00
1.12742298e-01 0.00000000e+00
1.13061230e-01 0.00000000e+00
1.13380161e-01 0.00000000e+00
1.13699093e-01 0.00000000e+00
1.14018025e-01 0.00000000e+00
1.14336956e-01 0.00000000e+00
1.14655888e-01 0.00000000e+00
1.14974819e-01 0.00000000e+00
1.15293751e-01 0.00000000e+00
1.15612682e-01 0.00000000e+00
1.15931614e-01 0.00000000e+00
1.16250545e-01 0.00000000e+00
1.16569477e-01 0.00000000e+00
1.16888408e-01 0.00000000e+00
1.17207340e-01 0.00000000e+00
1.17526271e-01 0.00000000e+00
1.17845203e-01 0.00000000e+00
1.18164135e-01 0.00000000e+00
1.18483066e-01 0.00000000e+00
1.18801998e-01 0.00000000e+00
1.19120929e-01 0.00000000e+00
1.19439861e-01 0.00000000e+00
1.19758792e-01 0.00000000e+00
1.20077724e-01 0.00000000e+00
1.20396655e-01 0.00000000e+00
1.20715587e-01 0.00000000e+00
1.21034518e-01 0.00000000e+00
1.21353450e-01 0.00000000e+00
1.21672381e-01 0.00000000e+00
1.21991313e-01 0.00000000e+00
1.22310245e-01 0.00000000e+00
1.22629176e-01 0.00000000e+00
1.22948108e-01 0.00000000e+00
1.23267039e-01 0.00000000e+00
1.23585971e-01 0.00000000e+00
1.23904902e-01 0.00000000e+00
1.24223834e-01 0.00000000e+00
1.24542765e-01 0.00000000e+00
1.24861697e-01 0.00000000e+00
1.25180628e-01 0.00000000e+00
1.25499560e-01 0.00000000e+00
1.25818491e-01 0.00000000e+00
1.26137423e-01 0.00000000e+00
1.26456355e-01 0.00000000e+00
1.26775286e-01 0.00000000e+00
1.27094218e-01 0.00000000e+00
1.27413149e-01 0.00000000e+00
1.27732081e-01 0.00000000e+00
1.28051012e-01 0.00000000e+00
1.28369944e-01 0.00000000e+00
1.28688875e-01 0.00000000e+00
1.29007807e-01 0.00000000e+00
1.29326738e-01 0.00000000e+00
1.29645670e-01 0.00000000e+00
1.29964601e-01 0.00000000e+00
1.30283533e-01 0.00000000e+00
1.30602465e-01 0.00000000e+00
1.30921396e-01 0.00000000e+00
1.31240328e-01 0.00000000e+00
1.31559259e-01 0.00000000e+00
1.31878191e-01 0.00000000e+00
1.32197122e-01 0.00000000e+00
1.32516054e-01 0.00000000e+00
1.32834985e-01 0.00000000e+00
1.33153917e-01 0.00000000e+00
1.33472848e-01 0.00000000e+00
1.33791780e-01 0.00000000e+00
1.34110711e-01 0.00000000e+00
1.34429643e-01 0.00000000e+00
1.34748574e-01 0.00000000e+00
1.35067506e-01 0.00000000e+00
1.35386438e-01 0.00000000e+00
1.35705369e-01 0.00000000e+00
1.36024301e-01 0.00000000e+00
1.36343232e-01 0.00000000e+00
1.36662164e-01 0.00000000e+00
1.36981095e-01 0.00000000e+00
1.37300027e-01 0.00000000e+00
1.37618958e-01 0.00000000e+00
1.37937890e-01 0.00000000e+00
1.38256821e-01 0.00000000e+00
1.38575753e-01 0.00000000e+00
1.38894684e-01 0.00000000e+00
1.39213616e-01 0.00000000e+00
1.39532548e-01 0.00000000e+00
1.39851479e-01 0.00000000e+00
1.40170411e-01 0.00000000e+00
1.40489342e-01 0.00000000e+00
1.40808274e-01 0.00000000e+00
1.41127205e-01 0.00000000e+00
1.41446137e-01 0.00000000e+00
1.41765068e-01 0.00000000e+00
1.42084000e-01 0.00000000e+00
1.42402931e-01 0.00000000e+00
1.42721863e-01 0.00000000e+00
1.43040794e-01 0.00000000e+00
1.43359726e-01 0.00000000e+00
1.43678658e-01 0.00000000e+00
1.43997589e-01 0.00000000e+00
1.44316521e-01 0.00000000e+00
1.44635452e-01 0.00000000e+00
1.44954384e-01 0.00000000e+00
1.45273315e-01 0.00000000e+00
1.45592247e-01 0.00000000e+00
1.45911178e-01 0.00000000e+00
1.46230110e-01 0.00000000e+00
1.46549041e-01 0.00000000e+00
1.46867973e-01 0.00000000e+00
1.47186904e-01 0.00000000e+00
1.47505836e-01 0.00000000e+00
1.47824768e-01 0.00000000e+00
1.48143699e-01 0.00000000e+00
1.48462631e-01 0.00000000e+00
1.48781562e-01 0.00000000e+00
1.49100494e-01 0.00000000e+00
1.49419425e-01 0.00000000e+00
1.49738357e-01 0.00000000e+00
1.50057288e-01 0.00000000e+00
1.50376220e-01 0.00000000e+00
1.50695151e-01 0.00000000e+00
1.51014083e-01 0.00000000e+00
1.51333014e-01 0.00000000e+00
1.51651946e-01 0.00000000e+00
1.51970878e-01 0.00000000e+00
1.52289809e-01 0.00000000e+00
1.52608741e-01 0.00000000e+00
1.52927672e-01 0.00000000e+00
1.53246604e-01 0.00000000e+00
1.53565535e-01 0.00000000e+00
1.53884467e-01 0.00000000e+00
1.54203398e-01 0.00000000e+00
1.54522330e-01 0.00000000e+00
1.54841261e-01 0.00000000e+00
1.55160193e-01 0.00000000e+00
1.55479124e-01 0.00000000e+00
1.55798056e-01 0.00000000e+00
1.56116987e-01 0.00000000e+00
1.56435919e-01 0.00000000e+00
1.56754851e-01 0.00000000e+00
1.57073782e-01 0.00000000e+00
1.57392714e-01 0.00000000e+00
1.57711645e-01 0.00000000e+00
1.58030577e-01 0.00000000e+00
1.58349508e-01 0.00000000e+00
1.58668440e-01 0.00000000e+00
1.58987371e-01 0.00000000e+00
1.59306303e-01 0.00000000e+00
1.59625234e-01 0.00000000e+00
1.59944166e-01 0.00000000e+00
1.60263097e-01 0.00000000e+00
1.60582029e-01 0.00000000e+00
1.60900961e-01 0.00000000e+00
1.61219892e-01 0.00000000e+00
1.61538824e-01 0.00000000e+00
1.61857755e-01 0.00000000e+00
1.62176687e-01 0.00000000e+00
1.62495618e-01 0.00000000e+00
1.62814550e-01 0.00000000e+00
1.63133481e-01 0.00000000e+00
1.63452413e-01 0.00000000e+00
1.63771344e-01 0.00000000e+00
1.64090276e-01 0.00000000e+00
1.64409207e-01 0.00000000e+00
1.64728139e-01 0.00000000e+00
1.65047071e-01 0.00000000e+00
1.65366002e-01 0.00000000e+00
1.65684934e-01 0.00000000e+00
1.66003865e-01 0.00000000e+00
1.66322797e-01 0.00000000e+00
1.66641728e-01 0.00000000e+00
1.66960660e-01 0.00000000e+00
1.67279591e-01 0.00000000e+00
1.67598523e-01 0.00000000e+00
1.67917454e-01 0.00000000e+00
1.68236386e-01 0.00000000e+00
1.68555317e-01 0.00000000e+00
1.68874249e-01 0.00000000e+00
1.69193181e-01 0.00000000e+00
1.69512112e-01 0.00000000e+00
1.69831044e-01 0.00000000e+00
1.70149975e-01 0.00000000e+00
1.70468907e-01 0.00000000e+00
1.70787838e-01 0.00000000e+00
1.71106770e-01 0.00000000e+00
1.71425701e-01 0.00000000e+00
1.71744633e-01 0.00000000e+00
1.72063564e-01 0.00000000e+00
1.72382496e-01 0.00000000e+00
1.72701427e-01 0.00000000e+00
1.73020359e-01 0.00000000e+00
1.73339290e-01 0.00000000e+00
1.73658222e-01 0.00000000e+00
1.73977154e-01 0.00000000e+00
1.74296085e-01 0.00000000e+00
1.74615017e-01 0.00000000e+00
1.74933948e-01 0.00000000e+00
1.75252880e-01 0.00000000e+00
1.75571811e-01 0.00000000e+00
1.75890743e-01 0.00000000e+00
1.76209674e-01 0.00000000e+00
1.76528606e-01 0.00000000e+00
1.76847537e-01 0.00000000e+00
1.77166469e-01 0.00000000e+00
1.77485400e-01 0.00000000e+00
1.77804332e-01 0.00000000e+00
1.78123264e-01 0.00000000e+00
1.78442195e-01 0.00000000e+00
1.78761127e-01 0.00000000e+00
1.79080058e-01 0.00000000e+00
1.79398990e-01 0.00000000e+00
1.79717921e-01 0.00000000e+00
1.80036853e-01 0.00000000e+00
1.80355784e-01 0.00000000e+00
1.80674716e-01 0.00000000e+00
1.80993647e-01 0.00000000e+00
1.81312579e-01 0.00000000e+00
1.81631510e-01 0.00000000e+00
1.81950442e-01 0.00000000e+00
1.82269374e-01 0.00000000e+00
1.82588305e-01 0.00000000e+00
1.82907237e-01 0.00000000e+00
1.83226168e-01 0.00000000e+00
1.83545100e-01 0.00000000e+00
1.83864031e-01 0.00000000e+00
1.84182963e-01 0.00000000e+00
1.84501894e-01 0.00000000e+00
1.84820826e-01 0.00000000e+00
1.85139757e-01 0.00000000e+00
1.85458689e-01 0.00000000e+00
1.85777620e-01 0.00000000e+00
1.86096552e-01 0.00000000e+00
1.86415484e-01 0.00000000e+00
1.86734415e-01 0.00000000e+00
1.87053347e-01 0.00000000e+00
1.87372278e-01 0.00000000e+00
1.87691210e-01 0.00000000e+00
1.88010141e-01 0.00000000e+00
1.88329073e-01 0.00000000e+00
1.88648004e-01 0.00000000e+00
1.88966936e-01 0.00000000e+00
1.89285867e-01 0.00000000e+00
1.89604799e-01 0.00000000e+00
1.89923730e-01 0.00000000e+00
1.90242662e-01 0.00000000e+00
1.90561594e-01 0.00000000e+00
1.90880525e-01 0.00000000e+00
1.91199457e-01 0.00000000e+00
1.91518388e-01 0.00000000e+00
1.91837320e-01 0.00000000e+00
1.92156251e-01 0.00000000e+00
1.92475183e-01 0.00000000e+00
1.92794114e-01 0.00000000e+00
1.93113046e-01 0.00000000e+00
1.93431977e-01 0.00000000e+00
1.93750909e-01 0.00000000e+00
1.94069840e-01 0.00000000e+00
1.94388772e-01 0.00000000e+00
1.94707703e-01 0.00000000e+00
1.95026635e-01 0.00000000e+00
1.95345567e-01 0.00000000e+00
1.95664498e-01 0.00000000e+00
1.95983430e-01 0.00000000e+00
1.96302361e-01 0.00000000e+00
1.96621293e-01 0.00000000e+00
1.96940224e-01 0.00000000e+00
1.97259156e-01 0.00000000e+00
1.97578087e-01 0.00000000e+00
1.97897019e-01 0.00000000e+00
1.98215950e-01 0.00000000e+00
1.98534882e-01 0.00000000e+00
1.98853813e-01 0.00000000e+00
1.99172745e-01 0.00000000e+00
1.99491677e-01 0.00000000e+00
1.99810608e-01 0.00000000e+00
2.00129540e-01 0.00000000e+00
2.00448471e-01 0.00000000e+00
2.00767403e-01 0.00000000e+00
2.01086334e-01 0.00000000e+00
2.01405266e-01 0.00000000e+00
2.01724197e-01 0.00000000e+00
2.02043129e-01 0.00000000e+00
2.02362060e-01 0.00000000e+00
2.02680992e-01 0.00000000e+00
2.02999923e-01 0.00000000e+00
2.03318855e-01 0.00000000e+00
2.03637787e-01 0.00000000e+00
2.03956718e-01 0.00000000e+00
2.04275650e-01 0.00000000e+00
2.04594581e-01 0.00000000e+00
2.04913513e-01 0.00000000e+00
2.05232444e-01 0.00000000e+00
2.05551376e-01 0.00000000e+00
2.05870307e-01 0.00000000e+00
2.06189239e-01 0.00000000e+00
2.06508170e-01 0.00000000e+00
2.06827102e-01 0.00000000e+00
2.07146033e-01 0.00000000e+00
2.07464965e-01 0.00000000e+00
2.07783897e-01 0.00000000e+00
2.08102828e-01 0.00000000e+00
2.08421760e-01 0.00000000e+00
2.08740691e-01 0.00000000e+00
2.09059623e-01 0.00000000e+00
2.09378554e-01 0.00000000e+00
2.09697486e-01 0.00000000e+00
2.10016417e-01 0.00000000e+00
2.10335349e-01 0.00000000e+00
2.10654280e-01 0.00000000e+00
2.10973212e-01 0.00000000e+00
2.11292143e-01 0.00000000e+00
2.11611075e-01 0.00000000e+00
2.11930007e-01 0.00000000e+00
2.12248938e-01 0.00000000e+00
2.12567870e-01 0.00000000e+00
2.12886801e-01 0.00000000e+00
2.13205733e-01 0.00000000e+00
2.13524664e-01 0.00000000e+00
2.13843596e-01 0.00000000e+00
2.14162527e-01 0.00000000e+00
2.14481459e-01 0.00000000e+00
2.14800390e-01 0.00000000e+00
2.15119322e-01 0.00000000e+00
2.15438253e-01 0.00000000e+00
2.15757185e-01 0.00000000e+00
2.16076116e-01 0.00000000e+00
2.16395048e-01 0.00000000e+00
2.16713980e-01 0.00000000e+00
2.17032911e-01 0.00000000e+00
2.17351843e-01 0.00000000e+00
2.17670774e-01 0.00000000e+00
2.17989706e-01 0.00000000e+00
2.18308637e-01 0.00000000e+00
2.18627569e-01 0.00000000e+00
2.18946500e-01 0.00000000e+00
2.19265432e-01 0.00000000e+00
2.19584363e-01 0.00000000e+00
2.19903295e-01 0.00000000e+00
2.20222226e-01 0.00000000e+00
2.20541158e-01 0.00000000e+00
2.20860090e-01 0.00000000e+00
2.21179021e-01 0.00000000e+00
2.21497953e-01 0.00000000e+00
2.21816884e-01 0.00000000e+00
2.22135816e-01 0.00000000e+00
2.22454747e-01 0.00000000e+00
2.22773679e-01 0.00000000e+00
2.23092610e-01 0.00000000e+00
2.23411542e-01 0.00000000e+00
2.23730473e-01 0.00000000e+00
2.24049405e-01 0.00000000e+00
2.24368336e-01 0.00000000e+00
2.24687268e-01 0.00000000e+00
2.25006200e-01 0.00000000e+00
2.25325131e-01 0.00000000e+00
2.25644063e-01 0.00000000e+00
2.25962994e-01 0.00000000e+00
2.26281926e-01 0.00000000e+00
2.26600857e-01 0.00000000e+00
2.26919789e-01 0.00000000e+00
2.27238720e-01 0.00000000e+00
2.27557652e-01 0.00000000e+00
2.27876583e-01 0.00000000e+00
2.28195515e-01 0.00000000e+00
2.28514446e-01 0.00000000e+00
2.28833378e-01 0.00000000e+00
2.29152310e-01 0.00000000e+00
2.29471241e-01 0.00000000e+00
2.29790173e-01 0.00000000e+00
2.30109104e-01 0.00000000e+00
2.30428036e-01 0.00000000e+00
2.30746967e-01 0.00000000e+00
2.31065899e-01 0.00000000e+00
2.31384830e-01 0.00000000e+00
2.31703762e-01 0.00000000e+00
2.32022693e-01 0.00000000e+00
2.32341625e-01 0.00000000e+00
2.32660556e-01 0.00000000e+00
2.32979488e-01 0.00000000e+00
2.33298420e-01 0.00000000e+00
2.33617351e-01 0.00000000e+00
2.33936283e-01 0.00000000e+00
2.34255214e-01 0.00000000e+00
2.34574146e-01 0.00000000e+00
2.34893077e-01 0.00000000e+00
2.35212009e-01 0.00000000e+00
2.35530940e-01 0.00000000e+00
2.35849872e-01 0.00000000e+00
2.36168803e-01 0.00000000e+00
2.36487735e-01 0.00000000e+00
2.36806666e-01 0.00000000e+00
2.37125598e-01 0.00000000e+00
2.37444529e-01 0.00000000e+00
2.37763461e-01 0.00000000e+00
2.38082393e-01 0.00000000e+00
2.38401324e-01 0.00000000e+00
2.38720256e-01 0.00000000e+00
2.39039187e-01 0.00000000e+00
2.39358119e-01 0.00000000e+00
2.39677050e-01 0.00000000e+00
2.39995982e-01 0.00000000e+00
2.40314913e-01 0.00000000e+00
2.40633845e-01 0.00000000e+00
2.40952776e-01 0.00000000e+00
2.41271708e-01 0.00000000e+00
2.41590639e-01 0.00000000e+00
2.41909571e-01 0.00000000e+00
2.42228503e-01 0.00000000e+00
2.42547434e-01 0.00000000e+00
2.42866366e-01 0.00000000e+00
2.43185297e-01 0.00000000e+00
2.43504229e-01 0.00000000e+00
2.43823160e-01 0.00000000e+00
2.44142092e-01 0.00000000e+00
2.44461023e-01 0.00000000e+00
2.44779955e-01 0.00000000e+00
2.45098886e-01 0.00000000e+00
2.45417818e-01 0.00000000e+00
2.45736749e-01 0.00000000e+00
2.46055681e-01 0.00000000e+00
2.46374613e-01 0.00000000e+00
2.46693544e-01 0.00000000e+00
2.47012476e-01 0.00000000e+00
2.47331407e-01 0.00000000e+00
2.47650339e-01 0.00000000e+00
2.47969270e-01 0.00000000e+00
2.48288202e-01 0.00000000e+00
2.48607133e-01 0.00000000e+00
2.48926065e-01 0.00000000e+00
2.49244996e-01 0.00000000e+00
2.49563928e-01 0.00000000e+00
2.49882859e-01 0.00000000e+00
2.50201791e-01 0.00000000e+00
2.50520723e-01 0.00000000e+00
2.50839654e-01 0.00000000e+00
2.51158586e-01 0.00000000e+00
2.51477517e-01 0.00000000e+00
2.51796449e-01 0.00000000e+00
2.52115380e-01 0.00000000e+00
2.52434312e-01 0.00000000e+00
2.52753243e-01 0.00000000e+00
2.53072175e-01 0.00000000e+00
2.53391106e-01 0.00000000e+00
2.53710038e-01 0.00000000e+00
2.54028969e-01 0.00000000e+00
2.54347901e-01 0.00000000e+00
2.54666832e-01 0.00000000e+00
2.54985764e-01 0.00000000e+00
2.55304696e-01 0.00000000e+00
2.55623627e-01 0.00000000e+00
2.55942559e-01 0.00000000e+00
2.56261490e-01 0.00000000e+00
2.56580422e-01 0.00000000e+00
2.56899353e-01 0.00000000e+00
2.57218285e-01 0.00000000e+00
2.57537216e-01 0.00000000e+00
2.57856148e-01 0.00000000e+00
2.58175079e-01 0.00000000e+00
2.58494011e-01 0.00000000e+00
2.58812942e-01 0.00000000e+00
2.59131874e-01 0.00000000e+00
2.59450806e-01 0.00000000e+00
2.59769737e-01 0.00000000e+00
2.60088669e-01 0.00000000e+00
2.60407600e-01 0.00000000e+00
2.60726532e-01 0.00000000e+00
2.61045463e-01 0.00000000e+00
2.61364395e-01 0.00000000e+00
2.61683326e-01 0.00000000e+00
2.62002258e-01 0.00000000e+00
2.62321189e-01 0.00000000e+00
2.62640121e-01 0.00000000e+00
2.62959052e-01 0.00000000e+00
2.63277984e-01 0.00000000e+00
2.63596916e-01 0.00000000e+00
2.63915847e-01 0.00000000e+00
2.64234779e-01 0.00000000e+00
2.64553710e-01 0.00000000e+00
2.64872642e-01 0.00000000e+00
2.65191573e-01 0.00000000e+00
2.65510505e-01 0.00000000e+00
2.65829436e-01 0.00000000e+00
2.66148368e-01 0.00000000e+00
2.66467299e-01 0.00000000e+00
2.66786231e-01 0.00000000e+00
2.67105162e-01 0.00000000e+00
2.67424094e-01 0.00000000e+00
2.67743026e-01 0.00000000e+00
2.68061957e-01 0.00000000e+00
2.68380889e-01 0.00000000e+00
2.68699820e-01 0.00000000e+00
2.69018752e-01 0.00000000e+00
2.69337683e-01 0.00000000e+00
2.69656615e-01 0.00000000e+00
2.69975546e-01 0.00000000e+00
2.70294478e-01 0.00000000e+00
2.70613409e-01 0.00000000e+00
2.70932341e-01 0.00000000e+00
2.71251272e-01 0.00000000e+00
2.71570204e-01 0.00000000e+00
2.71889136e-01 0.00000000e+00
2.72208067e-01 0.00000000e+00
2.72526999e-01 0.00000000e+00
2.72845930e-01 0.00000000e+00
2.73164862e-01 0.00000000e+00
2.73483793e-01 0.00000000e+00
2.73802725e-01 0.00000000e+00
2.74121656e-01 0.00000000e+00
2.74440588e-01 0.00000000e+00
2.74759519e-01 0.00000000e+00
2.75078451e-01 0.00000000e+00
2.75397382e-01 0.00000000e+00
2.75716314e-01 0.00000000e+00
2.76035245e-01 0.00000000e+00
2.76354177e-01 0.00000000e+00
2.76673109e-01 0.00000000e+00
2.76992040e-01 0.00000000e+00
2.77310972e-01 0.00000000e+00
2.77629903e-01 0.00000000e+00
2.77948835e-01 0.00000000e+00
2.78267766e-01 0.00000000e+00
2.78586698e-01 0.00000000e+00
2.78905629e-01 0.00000000e+00
2.79224561e-01 0.00000000e+00
2.79543492e-01 0.00000000e+00
2.79862424e-01 0.00000000e+00
2.80181355e-01 0.00000000e+00
2.80500287e-01 0.00000000e+00
2.80819219e-01 0.00000000e+00
2.81138150e-01 0.00000000e+00
2.81457082e-01 0.00000000e+00
2.81776013e-01 0.00000000e+00
2.82094945e-01 0.00000000e+00
2.82413876e-01 0.00000000e+00
2.82732808e-01 0.00000000e+00
2.83051739e-01 0.00000000e+00
2.83370671e-01 0.00000000e+00
2.83689602e-01 0.00000000e+00
2.84008534e-01 0.00000000e+00
2.84327465e-01 0.00000000e+00
2.84646397e-01 0.00000000e+00
2.84965329e-01 0.00000000e+00
2.85284260e-01 0.00000000e+00
2.85603192e-01 0.00000000e+00
2.85922123e-01 0.00000000e+00
2.86241055e-01 0.00000000e+00
2.86559986e-01 0.00000000e+00
2.86878918e-01 0.00000000e+00
2.87197849e-01 0.00000000e+00
2.87516781e-01 0.00000000e+00
2.87835712e-01 0.00000000e+00
2.88154644e-01 0.00000000e+00
2.88473575e-01 0.00000000e+00
2.88792507e-01 0.00000000e+00
2.89111439e-01 0.00000000e+00
2.89430370e-01 0.00000000e+00
2.89749302e-01 0.00000000e+00
2.90068233e-01 0.00000000e+00
2.90387165e-01 0.00000000e+00
2.90706096e-01 0.00000000e+00
2.91025028e-01 0.00000000e+00
2.91343959e-01 0.00000000e+00
2.91662891e-01 0.00000000e+00
2.91981822e-01 0.00000000e+00
2.92300754e-01 0.00000000e+00
2.92619685e-01 0.00000000e+00
2.92938617e-01 0.00000000e+00
2.93257549e-01 0.00000000e+00
2.93576480e-01 0.00000000e+00
2.93895412e-01 0.00000000e+00
2.94214343e-01 0.00000000e+00
2.94533275e-01 0.00000000e+00
2.94852206e-01 0.00000000e+00
2.95171138e-01 0.00000000e+00
2.95490069e-01 0.00000000e+00
2.95809001e-01 0.00000000e+00
2.96127932e-01 0.00000000e+00
2.96446864e-01 0.00000000e+00
2.96765795e-01 0.00000000e+00
2.97084727e-01 0.00000000e+00
2.97403658e-01 0.00000000e+00
2.97722590e-01 0.00000000e+00
2.98041522e-01 0.00000000e+00
2.98360453e-01 0.00000000e+00
2.98679385e-01 0.00000000e+00
2.98998316e-01 0.00000000e+00
2.99317248e-01 0.00000000e+00
2.99636179e-01 0.00000000e+00
2.99955111e-01 0.00000000e+00
3.00274042e-01 0.00000000e+00
3.00592974e-01 0.00000000e+00
3.00911905e-01 0.00000000e+00
3.01230837e-01 0.00000000e+00
3.01549768e-01 0.00000000e+00
3.01868700e-01 0.00000000e+00
3.02187632e-01 0.00000000e+00
3.02506563e-01 0.00000000e+00
3.02825495e-01 0.00000000e+00
3.03144426e-01 0.00000000e+00
3.03463358e-01 0.00000000e+00
3.03782289e-01 0.00000000e+00
3.04101221e-01 0.00000000e+00
3.04420152e-01 0.00000000e+00
3.04739084e-01 0.00000000e+00
3.05058015e-01 0.00000000e+00
3.05376947e-01 0.00000000e+00
3.05695878e-01 0.00000000e+00
3.06014810e-01 0.00000000e+00
3.06333742e-01 0.00000000e+00
3.06652673e-01 0.00000000e+00
3.06971605e-01 0.00000000e+00
3.07290536e-01 0.00000000e+00
3.07609468e-01 0.00000000e+00
3.07928399e-01 0.00000000e+00
3.08247331e-01 0.00000000e+00
3.08566262e-01 0.00000000e+00
3.08885194e-01 0.00000000e+00
3.09204125e-01 0.00000000e+00
3.09523057e-01 0.00000000e+00
3.09841988e-01 0.00000000e+00
3.10160920e-01 0.00000000e+00
3.10479852e-01 0.00000000e+00
3.10798783e-01 0.00000000e+00
3.11117715e-01 0.00000000e+00
3.11436646e-01 0.00000000e+00
3.11755578e-01 0.00000000e+00
3.12074509e-01 0.00000000e+00
3.12393441e-01 0.00000000e+00
3.12712372e-01 0.00000000e+00
3.13031304e-01 0.00000000e+00
3.13350235e-01 0.00000000e+00
3.13669167e-01 0.00000000e+00
3.13988098e-01 0.00000000e+00
3.14307030e-01 0.00000000e+00
3.14625962e-01 0.00000000e+00
3.14944893e-01 0.00000000e+00
3.15263825e-01 0.00000000e+00
3.15582756e-01 0.00000000e+00
3.15901688e-01 0.00000000e+00
3.16220619e-01 0.00000000e+00
3.16539551e-01 0.00000000e+00
3.16858482e-01 0.00000000e+00
3.17177414e-01 0.00000000e+00
3.17496345e-01 0.00000000e+00
3.17815277e-01 0.00000000e+00
3.18134208e-01 0.00000000e+00
3.18453140e-01 0.00000000e+00
3.18772071e-01 0.00000000e+00
3.19091003e-01 0.00000000e+00
3.19409935e-01 0.00000000e+00
3.19728866e-01 0.00000000e+00
3.20047798e-01 0.00000000e+00
3.20366729e-01 0.00000000e+00
3.20685661e-01 0.00000000e+00
3.21004592e-01 0.00000000e+00
3.21323524e-01 0.00000000e+00
3.21642455e-01 0.00000000e+00
3.21961387e-01 0.00000000e+00
3.22280318e-01 0.00000000e+00
3.22599250e-01 0.00000000e+00
3.22918181e-01 0.00000000e+00
3.23237113e-01 0.00000000e+00
3.23556045e-01 0.00000000e+00
3.23874976e-01 0.00000000e+00
3.24193908e-01 0.00000000e+00
3.24512839e-01 0.00000000e+00
3.24831771e-01 0.00000000e+00
3.25150702e-01 0.00000000e+00
3.25469634e-01 0.00000000e+00
3.25788565e-01 0.00000000e+00
3.26107497e-01 0.00000000e+00
3.26426428e-01 0.00000000e+00
3.26745360e-01 0.00000000e+00
3.27064291e-01 0.00000000e+00
3.27383223e-01 0.00000000e+00
3.27702155e-01 0.00000000e+00
3.28021086e-01 0.00000000e+00
3.28340018e-01 0.00000000e+00
3.28658949e-01 0.00000000e+00
3.28977881e-01 0.00000000e+00
3.29296812e-01 0.00000000e+00
3.29615744e-01 0.00000000e+00
3.29934675e-01 0.00000000e+00
3.30253607e-01 0.00000000e+00
3.30572538e-01 0.00000000e+00
3.30891470e-01 0.00000000e+00
3.31210401e-01 0.00000000e+00
3.31529333e-01 0.00000000e+00
3.31848265e-01 0.00000000e+00
3.32167196e-01 0.00000000e+00
3.32486128e-01 0.00000000e+00
3.32805059e-01 0.00000000e+00
3.33123991e-01 0.00000000e+00
3.33442922e-01 0.00000000e+00
3.33761854e-01 0.00000000e+00
3.34080785e-01 0.00000000e+00
3.34399717e-01 0.00000000e+00
3.34718648e-01 0.00000000e+00
3.35037580e-01 0.00000000e+00
3.35356511e-01 0.00000000e+00
3.35675443e-01 0.00000000e+00
3.35994375e-01 0.00000000e+00
3.36313306e-01 0.00000000e+00
3.36632238e-01 0.00000000e+00
3.36951169e-01 0.00000000e+00
3.37270101e-01 0.00000000e+00
3.37589032e-01 0.00000000e+00
3.37907964e-01 0.00000000e+00
3.38226895e-01 0.00000000e+00
3.38545827e-01 0.00000000e+00
3.38864758e-01 0.00000000e+00
3.39183690e-01 0.00000000e+00
3.39502621e-01 0.00000000e+00
3.39821553e-01 0.00000000e+00
3.40140484e-01 0.00000000e+00
3.40459416e-01 0.00000000e+00
3.40778348e-01 0.00000000e+00
3.41097279e-01 0.00000000e+00
3.41416211e-01 0.00000000e+00
3.41735142e-01 0.00000000e+00
3.42054074e-01 0.00000000e+00
3.42373005e-01 0.00000000e+00
3.42691937e-01 0.00000000e+00
3.43010868e-01 0.00000000e+00
3.43329800e-01 0.00000000e+00
3.43648731e-01 0.00000000e+00
3.43967663e-01 0.00000000e+00
3.44286594e-01 0.00000000e+00
3.44605526e-01 0.00000000e+00
3.44924458e-01 0.00000000e+00
3.45243389e-01 0.00000000e+00
3.45562321e-01 0.00000000e+00
3.45881252e-01 0.00000000e+00
3.46200184e-01 0.00000000e+00
3.46519115e-01 0.00000000e+00
3.46838047e-01 0.00000000e+00
3.47156978e-01 0.00000000e+00
3.47475910e-01 0.00000000e+00
3.47794841e-01 0.00000000e+00
3.48113773e-01 0.00000000e+00
3.48432704e-01 0.00000000e+00
3.48751636e-01 0.00000000e+00
3.49070568e-01 0.00000000e+00
3.49389499e-01 0.00000000e+00
3.49708431e-01 0.00000000e+00
3.50027362e-01 0.00000000e+00
3.50346294e-01 0.00000000e+00
3.50665225e-01 0.00000000e+00
3.50984157e-01 0.00000000e+00
3.51303088e-01 0.00000000e+00
3.51622020e-01 0.00000000e+00
3.51940951e-01 0.00000000e+00
3.52259883e-01 0.00000000e+00
3.52578814e-01 0.00000000e+00
3.52897746e-01 0.00000000e+00
3.53216678e-01 0.00000000e+00
3.53535609e-01 0.00000000e+00
3.53854541e-01 0.00000000e+00
3.54173472e-01 0.00000000e+00
3.54492404e-01 0.00000000e+00
3.54811335e-01 0.00000000e+00
3.55130267e-01 0.00000000e+00
3.55449198e-01 0.00000000e+00
3.55768130e-01 0.00000000e+00
3.56087061e-01 0.00000000e+00
3.56405993e-01 0.00000000e+00
3.56724924e-01 0.00000000e+00
3.57043856e-01 0.00000000e+00
3.57362787e-01 0.00000000e+00
3.57681719e-01 0.00000000e+00
3.58000651e-01 0.00000000e+00
3.58319582e-01 0.00000000e+00
3.58638514e-01 0.00000000e+00
3.58957445e-01 0.00000000e+00
3.59276377e-01 0.00000000e+00
3.59595308e-01 0.00000000e+00
3.59914240e-01 0.00000000e+00
3.60233171e-01 0.00000000e+00
3.60552103e-01 0.00000000e+00
3.60871034e-01 0.00000000e+00
3.61189966e-01 0.00000000e+00
3.61508897e-01 0.00000000e+00
3.61827829e-01 0.00000000e+00
3.62146761e-01 0.00000000e+00
3.62465692e-01 0.00000000e+00
3.62784624e-01 0.00000000e+00
3.63103555e-01 0.00000000e+00
3.63422487e-01 0.00000000e+00
3.63741418e-01 0.00000000e+00
3.64060350e-01 0.00000000e+00
3.64379281e-01 0.00000000e+00
3.64698213e-01 0.00000000e+00
3.65017144e-01 0.00000000e+00
3.65336076e-01 0.00000000e+00
3.65655007e-01 0.00000000e+00
3.65973939e-01 0.00000000e+00
3.66292871e-01 0.00000000e+00
3.66611802e-01 0.00000000e+00
3.66930734e-01 0.00000000e+00
3.67249665e-01 0.00000000e+00
3.67568597e-01 0.00000000e+00
3.67887528e-01 0.00000000e+00
3.68206460e-01 0.00000000e+00
3.68525391e-01 0.00000000e+00
3.68844323e-01 0.00000000e+00
3.69163254e-01 0.00000000e+00
3.69482186e-01 0.00000000e+00
3.69801117e-01 0.00000000e+00
3.70120049e-01 0.00000000e+00
3.70438981e-01 0.00000000e+00
3.70757912e-01 0.00000000e+00
3.71076844e-01 0.00000000e+00
3.71395775e-01 0.00000000e+00
3.71714707e-01 0.00000000e+00
3.72033638e-01 0.00000000e+00
3.72352570e-01 0.00000000e+00
3.72671501e-01 0.00000000e+00
3.72990433e-01 0.00000000e+00
3.73309364e-01 0.00000000e+00
3.73628296e-01 0.00000000e+00
3.73947227e-01 0.00000000e+00
3.74266159e-01 0.00000000e+00
3.74585091e-01 0.00000000e+00
3.74904022e-01 0.00000000e+00
3.75222954e-01 0.00000000e+00
3.75541885e-01 0.00000000e+00
3.75860817e-01 0.00000000e+00
3.76179748e-01 0.00000000e+00
3.76498680e-01 0.00000000e+00
3.76817611e-01 0.00000000e+00
3.77136543e-01 0.00000000e+00
3.77455474e-01 0.00000000e+00
3.77774406e-01 0.00000000e+00
3.78093337e-01 0.00000000e+00
3.78412269e-01 0.00000000e+00
3.78731200e-01 0.00000000e+00
3.79050132e-01 0.00000000e+00
3.79369064e-01 0.00000000e+00
3.79687995e-01 0.00000000e+00
3.80006927e-01 0.00000000e+00
3.80325858e-01 0.00000000e+00
3.80644790e-01 0.00000000e+00
3.80963721e-01 0.00000000e+00
3.81282653e-01 0.00000000e+00
3.81601584e-01 0.00000000e+00
3.81920516e-01 0.00000000e+00
3.82239447e-01 0.00000000e+00
3.82558379e-01 0.00000000e+00
3.82877310e-01 0.00000000e+00
3.83196242e-01 0.00000000e+00
3.83515174e-01 0.00000000e+00
3.83834105e-01 0.00000000e+00
3.84153037e-01 0.00000000e+00
3.84471968e-01 0.00000000e+00
3.84790900e-01 0.00000000e+00
3.85109831e-01 0.00000000e+00
3.85428763e-01 0.00000000e+00
3.85747694e-01 0.00000000e+00
3.86066626e-01 0.00000000e+00
3.86385557e-01 0.00000000e+00
3.86704489e-01 0.00000000e+00
3.87023420e-01 0.00000000e+00
3.87342352e-01 0.00000000e+00
3.87661284e-01 0.00000000e+00
3.87980215e-01 0.00000000e+00
3.88299147e-01 0.00000000e+00
3.88618078e-01 0.00000000e+00
3.88937010e-01 0.00000000e+00
3.89255941e-01 0.00000000e+00
3.89574873e-01 0.00000000e+00
3.89893804e-01 0.00000000e+00
3.90212736e-01 0.00000000e+00
3.90531667e-01 0.00000000e+00
3.90850599e-01 0.00000000e+00
3.91169530e-01 0.00000000e+00
3.91488462e-01 0.00000000e+00
3.91807394e-01 0.00000000e+00
3.92126325e-01 0.00000000e+00
3.92445257e-01 0.00000000e+00
3.92764188e-01 0.00000000e+00
3.93083120e-01 0.00000000e+00
3.93402051e-01 0.00000000e+00
3.93720983e-01 0.00000000e+00
3.94039914e-01 0.00000000e+00
3.94358846e-01 0.00000000e+00
3.94677777e-01 0.00000000e+00
3.94996709e-01 0.00000000e+00
3.95315640e-01 0.00000000e+00
3.95634572e-01 0.00000000e+00
3.95953504e-01 0.00000000e+00
3.96272435e-01 0.00000000e+00
3.96591367e-01 0.00000000e+00
3.96910298e-01 0.00000000e+00
3.97229230e-01 0.00000000e+00
3.97548161e-01 0.00000000e+00
3.97867093e-01 0.00000000e+00
3.98186024e-01 0.00000000e+00
3.98504956e-01 0.00000000e+00
3.98823887e-01 0.00000000e+00
3.99142819e-01 0.00000000e+00
3.99461750e-01 0.00000000e+00
3.99780682e-01 0.00000000e+00
4.00099613e-01 0.00000000e+00
4.00418545e-01 0.00000000e+00
4.00737477e-01 0.00000000e+00
4.01056408e-01 0.00000000e+00
4.01375340e-01 0.00000000e+00
4.01694271e-01 0.00000000e+00
4.02013203e-01 0.00000000e+00
4.02332134e-01 0.00000000e+00
4.02651066e-01 0.00000000e+00
4.02969997e-01 0.00000000e+00
4.03288929e-01 0.00000000e+00
4.03607860e-01 0.00000000e+00
4.03926792e-01 0.00000000e+00
4.04245723e-01 0.00000000e+00
4.04564655e-01 0.00000000e+00
4.04883587e-01 0.00000000e+00
4.05202518e-01 0.00000000e+00
4.05521450e-01 0.00000000e+00
4.05840381e-01 0.00000000e+00
4.06159313e-01 0.00000000e+00
4.06478244e-01 0.00000000e+00
4.06797176e-01 0.00000000e+00
4.07116107e-01 0.00000000e+00
4.07435039e-01 0.00000000e+00
4.07753970e-01 0.00000000e+00
4.08072902e-01 0.00000000e+00
4.08391833e-01 0.00000000e+00
4.08710765e-01 0.00000000e+00
4.09029697e-01 0.00000000e+00
4.09348628e-01 0.00000000e+00
4.09667560e-01 0.00000000e+00
4.09986491e-01 0.00000000e+00
4.10305423e-01 0.00000000e+00
4.10624354e-01 0.00000000e+00
4.10943286e-01 0.00000000e+00
4.11262217e-01 0.00000000e+00
4.11581149e-01 0.00000000e+00
4.11900080e-01 0.00000000e+00
4.12219012e-01 0.00000000e+00
4.12537943e-01 0.00000000e+00
4.12856875e-01 0.00000000e+00
4.13175807e-01 0.00000000e+00
4.13494738e-01 0.00000000e+00
4.13813670e-01 0.00000000e+00
4.14132601e-01 0.00000000e+00
4.14451533e-01 0.00000000e+00
4.14770464e-01 0.00000000e+00
4.15089396e-01 0.00000000e+00
4.15408327e-01 0.00000000e+00
4.15727259e-01 0.00000000e+00
4.16046190e-01 0.00000000e+00
4.16365122e-01 0.00000000e+00
4.16684053e-01 0.00000000e+00
4.17002985e-01 0.00000000e+00
4.17321917e-01 0.00000000e+00
4.17640848e-01 0.00000000e+00
4.17959780e-01 0.00000000e+00
4.18278711e-01 0.00000000e+00
4.18597643e-01 0.00000000e+00
4.18916574e-01 0.00000000e+00
4.19235506e-01 0.00000000e+00
4.19554437e-01 0.00000000e+00
4.19873369e-01 0.00000000e+00
4.20192300e-01 0.00000000e+00
4.20511232e-01 0.00000000e+00
4.20830163e-01 0.00000000e+00
4.21149095e-01 0.00000000e+00
4.21468026e-01 0.00000000e+00
4.21786958e-01 0.00000000e+00
4.22105890e-01 0.00000000e+00
4.22424821e-01 0.00000000e+00
4.22743753e-01 0.00000000e+00
4.23062684e-01 0.00000000e+00
4.23381616e-01 0.00000000e+00
4.23700547e-01 0.00000000e+00
4.24019479e-01 0.00000000e+00
4.24338410e-01 0.00000000e+00
4.24657342e-01 0.00000000e+00
4.24976273e-01 0.00000000e+00
4.25295205e-01 0.00000000e+00
4.25614136e-01 0.00000000e+00
4.25933068e-01 0.00000000e+00
4.26252000e-01 0.00000000e+00
4.26570931e-01 0.00000000e+00
4.26889863e-01 0.00000000e+00
4.27208794e-01 0.00000000e+00
4.27527726e-01 0.00000000e+00
4.27846657e-01 0.00000000e+00
4.28165589e-01 0.00000000e+00
4.28484520e-01 0.00000000e+00
4.28803452e-01 0.00000000e+00
4.29122383e-01 0.00000000e+00
4.29441315e-01 0.00000000e+00
4.29760246e-01 0.00000000e+00
4.30079178e-01 0.00000000e+00
4.30398110e-01 0.00000000e+00
4.30717041e-01 0.00000000e+00
4.31035973e-01 0.00000000e+00
4.31354904e-01 0.00000000e+00
4.31673836e-01 0.00000000e+00
4.31992767e-01 0.00000000e+00
4.32311699e-01 0.00000000e+00
4.32630630e-01 0.00000000e+00
4.32949562e-01 0.00000000e+00
4.33268493e-01 0.00000000e+00
4.33587425e-01 0.00000000e+00
4.33906356e-01 0.00000000e+00
4.34225288e-01 0.00000000e+00
4.34544220e-01 0.00000000e+00
4.34863151e-01 0.00000000e+00
4.35182083e-01 0.00000000e+00
4.35501014e-01 0.00000000e+00
4.35819946e-01 0.00000000e+00
4.36138877e-01 0.00000000e+00
4.36457809e-01 0.00000000e+00
4.36776740e-01 0.00000000e+00
4.37095672e-01 0.00000000e+00
4.37414603e-01 0.00000000e+00
4.37733535e-01 0.00000000e+00
4.38052466e-01 0.00000000e+00
4.38371398e-01 0.00000000e+00
4.38690329e-01 0.00000000e+00
4.39009261e-01 0.00000000e+00
4.39328193e-01 0.00000000e+00
4.39647124e-01 0.00000000e+00
4.39966056e-01 0.00000000e+00
4.40284987e-01 0.00000000e+00
4.40603919e-01 0.00000000e+00
4.40922850e-01 0.00000000e+00
4.41241782e-01 0.00000000e+00
4.41560713e-01 0.00000000e+00
4.41879645e-01 0.00000000e+00
4.42198576e-01 0.00000000e+00
4.42517508e-01 0.00000000e+00
4.42836439e-01 0.00000000e+00
4.43155371e-01 0.00000000e+00
4.43474303e-01 0.00000000e+00
4.43793234e-01 0.00000000e+00
4.44112166e-01 0.00000000e+00
4.44431097e-01 0.00000000e+00
4.44750029e-01 0.00000000e+00
4.45068960e-01 0.00000000e+00
4.45387892e-01 0.00000000e+00
4.45706823e-01 0.00000000e+00
4.46025755e-01 0.00000000e+00
4.46344686e-01 0.00000000e+00
4.46663618e-01 0.00000000e+00
4.46982549e-01 0.00000000e+00
4.47301481e-01 0.00000000e+00
4.47620413e-01 0.00000000e+00
4.47939344e-01 0.00000000e+00
4.48258276e-01 0.00000000e+00
4.48577207e-01 0.00000000e+00
4.48896139e-01 0.00000000e+00
4.49215070e-01 0.00000000e+00
4.49534002e-01 0.00000000e+00
4.49852933e-01 0.00000000e+00
4.50171865e-01 0.00000000e+00
4.50490796e-01 0.00000000e+00
4.50809728e-01 0.00000000e+00
4.51128659e-01 0.00000000e+00
4.51447591e-01 0.00000000e+00
4.51766523e-01 0.00000000e+00
4.52085454e-01 0.00000000e+00
4.52404386e-01 0.00000000e+00
4.52723317e-01 0.00000000e+00
4.53042249e-01 0.00000000e+00
4.53361180e-01 0.00000000e+00
4.53680112e-01 0.00000000e+00
4.53999043e-01 0.00000000e+00
4.54317975e-01 0.00000000e+00
4.54636906e-01 0.00000000e+00
4.54955838e-01 0.00000000e+00
4.55274769e-01 0.00000000e+00
4.55593701e-01 0.00000000e+00
4.55912633e-01 0.00000000e+00
4.56231564e-01 0.00000000e+00
4.56550496e-01 0.00000000e+00
4.56869427e-01 0.00000000e+00
4.57188359e-01 0.00000000e+00
4.57507290e-01 0.00000000e+00
4.57826222e-01 0.00000000e+00
4.58145153e-01 0.00000000e+00
4.58464085e-01 0.00000000e+00
4.58783016e-01 0.00000000e+00
4.59101948e-01 0.00000000e+00
4.59420879e-01 0.00000000e+00
4.59739811e-01 0.00000000e+00
4.60058742e-01 0.00000000e+00
4.60377674e-01 0.00000000e+00
4.60696606e-01 0.00000000e+00
4.61015537e-01 0.00000000e+00
4.61334469e-01 0.00000000e+00
4.61653400e-01 0.00000000e+00
4.61972332e-01 0.00000000e+00
4.62291263e-01 0.00000000e+00
4.62610195e-01 0.00000000e+00
4.62929126e-01 0.00000000e+00
4.63248058e-01 0.00000000e+00
4.63566989e-01 0.00000000e+00
4.63885921e-01 0.00000000e+00
4.64204852e-01 0.00000000e+00
4.64523784e-01 0.00000000e+00
4.64842716e-01 0.00000000e+00
4.65161647e-01 0.00000000e+00
4.65480579e-01 0.00000000e+00
4.65799510e-01 0.00000000e+00
4.66118442e-01 0.00000000e+00
4.66437373e-01 0.00000000e+00
4.66756305e-01 0.00000000e+00
4.67075236e-01 0.00000000e+00
4.67394168e-01 0.00000000e+00
4.67713099e-01 0.00000000e+00
4.68032031e-01 0.00000000e+00
4.68350962e-01 0.00000000e+00
4.68669894e-01 0.00000000e+00
4.68988826e-01 0.00000000e+00
4.69307757e-01 0.00000000e+00
4.69626689e-01 0.00000000e+00
4.69945620e-01 0.00000000e+00
4.70264552e-01 0.00000000e+00
4.70583483e-01 0.00000000e+00
4.70902415e-01 0.00000000e+00
4.71221346e-01 0.00000000e+00
4.71540278e-01 0.00000000e+00
4.71859209e-01 0.00000000e+00
4.72178141e-01 0.00000000e+00
4.72497072e-01 0.00000000e+00
4.72816004e-01 0.00000000e+00
4.73134936e-01 0.00000000e+00
4.73453867e-01 0.00000000e+00
4.73772799e-01 0.00000000e+00
4.74091730e-01 0.00000000e+00
4.74410662e-01 0.00000000e+00
4.74729593e-01 0.00000000e+00
4.75048525e-01 0.00000000e+00
4.75367456e-01 0.00000000e+00
4.75686388e-01 0.00000000e+00
4.76005319e-01 0.00000000e+00
4.76324251e-01 0.00000000e+00
4.76643182e-01 0.00000000e+00
4.76962114e-01 0.00000000e+00
4.77281046e-01 0.00000000e+00
4.77599977e-01 0.00000000e+00
4.77918909e-01 0.00000000e+00
4.78237840e-01 0.00000000e+00
4.78556772e-01 0.00000000e+00
4.78875703e-01 0.00000000e+00
4.79194635e-01 0.00000000e+00
4.79513566e-01 0.00000000e+00
4.79832498e-01 0.00000000e+00
4.80151429e-01 0.00000000e+00
4.80470361e-01 0.00000000e+00
4.80789292e-01 0.00000000e+00
4.81108224e-01 0.00000000e+00
4.81427155e-01 0.00000000e+00
4.81746087e-01 0.00000000e+00
4.82065019e-01 0.00000000e+00
4.82383950e-01 0.00000000e+00
4.82702882e-01 0.00000000e+00
4.83021813e-01 0.00000000e+00
4.83340745e-01 0.00000000e+00
4.83659676e-01 0.00000000e+00
4.83978608e-01 0.00000000e+00
4.84297539e-01 0.00000000e+00
4.84616471e-01 0.00000000e+00
4.84935402e-01 0.00000000e+00
4.85254334e-01 0.00000000e+00
4.85573265e-01 0.00000000e+00
4.85892197e-01 0.00000000e+00
4.86211129e-01 0.00000000e+00
4.86530060e-01 0.00000000e+00
4.86848992e-01 0.00000000e+00
4.87167923e-01 0.00000000e+00
4.87486855e-01 0.00000000e+00
4.87805786e-01 0.00000000e+00
4.88124718e-01 0.00000000e+00
4.88443649e-01 0.00000000e+00
4.88762581e-01 0.00000000e+00
4.89081512e-01 0.00000000e+00
4.89400444e-01 0.00000000e+00
4.89719375e-01 0.00000000e+00
4.90038307e-01 0.00000000e+00
4.90357239e-01 0.00000000e+00
4.90676170e-01 0.00000000e+00
4.90995102e-01 0.00000000e+00
4.91314033e-01 0.00000000e+00
4.91632965e-01 0.00000000e+00
4.91951896e-01 0.00000000e+00
4.92270828e-01 0.00000000e+00
4.92589759e-01 0.00000000e+00
4.92908691e-01 0.00000000e+00
4.93227622e-01 0.00000000e+00
4.93546554e-01 0.00000000e+00
4.93865485e-01 0.00000000e+00
4.94184417e-01 0.00000000e+00
4.94503349e-01 0.00000000e+00
4.94822280e-01 0.00000000e+00
4.95141212e-01 0.00000000e+00
4.95460143e-01 0.00000000e+00
4.95779075e-01 0.00000000e+00
4.96098006e-01 0.00000000e+00
4.96416938e-01 0.00000000e+00
4.96735869e-01 0.00000000e+00
4.97054801e-01 0.00000000e+00
4.97373732e-01 0.00000000e+00
4.97692664e-01 0.00000000e+00
4.98011595e-01 0.00000000e+00
4.98330527e-01 0.00000000e+00
4.98649459e-01 0.00000000e+00
4.98968390e-01 0.00000000e+00
4.99287322e-01 0.00000000e+00
4.99606253e-01 0.00000000e+00
4.99925185e-01 0.00000000e+00
0.00000000e+00 1.59465769e-04
0.00000000e+00 4.78397306e-04
0.00000000e+00 7.97328843e-04
0.00000000e+00 1.11626038e-03
0.00000000e+00 1.43519192e-03
0.00000000e+00 1.75412345e-03
0.00000000e+00 2.07305499e-03
0.00000000e+00 2.39198653e-03
0.00000000e+00 2.71091807e-03
0.00000000e+00 3.02984960e-03
0.00000000e+00 3.34878114e-03
0.00000000e+00 3.66771268e-03
0.00000000e+00 3.98664422e-03
0.00000000e+00 4.30557575e-03
0.00000000e+00 4.62450729e-03
0.00000000e+00 4.94343883e-03
0.00000000e+00 5.26237036e-03
0.00000000e+00 5.58130190e-03
0.00000000e+00 5.90023344e-03
0.00000000e+00 6.21916498e-03
0.00000000e+00 6.53809651e-03
0.00000000e+00 6.85702805e-03
0.00000000e+00 7.17595959e-03
0.00000000e+00 7.49489113e-03
0.00000000e+00 7.81382266e-03
0.00000000e+00 8.13275420e-03
0.00000000e+00 8.45168574e-03
0.00000000e+00 8.77061727e-03
0.00000000e+00 9.08954881e-03
0.00000000e+00 9.40848035e-03
0.00000000e+00 9.72741189e-03
0.00000000e+00 1.00463434e-02
0.00000000e+00 1.03652750e-02
0.00000000e+00 1.06842065e-02
0.00000000e+00 1.10031380e-02
0.00000000e+00 1.13220696e-02
0.00000000e+00 1.16410011e-02
0.00000000e+00 1.19599326e-02
0.00000000e+00 1.22788642e-02
0.00000000e+00 1.25977957e-02
0.00000000e+00 1.29167273e-02
0.00000000e+00 1.32356588e-02
0.00000000e+00 1.35545903e-02
0.00000000e+00 1.38735219e-02
0.00000000e+00 1.41924534e-02
0.00000000e+00 1.45113849e-02
0.00000000e+00 1.48303165e-02
0.00000000e+00 1.51492480e-02
0.00000000e+00 1.54681796e-02
0.00000000e+00 1.57871111e-02
0.00000000e+00 1.61060426e-02
0.00000000e+00 1.64249742e-02
0.00000000e+00 1.67439057e-02
0.00000000e+00 1.70628372e-02
0.00000000e+00 1.73817688e-02
0.00000000e+00 1.77007003e-02
0.00000000e+00 1.80196319e-02
0.00000000e+00 1.83385634e-02
0.00000000e+00 1.86574949e-02
0.00000000e+00 1.89764265e-02
0.00000000e+00 1.92953580e-02
0.00000000e+00 1.96142895e-02
0.00000000e+00 1.99332211e-02
0.00000000e+00 2.02521526e-02
0.00000000e+00 2.05710842e-02
0.00000000e+00 2.08900157e-02
0.00000000e+00 2.12089472e-02
0.00000000e+00 2.15278788e-02
0.00000000e+00 2.18468103e-02
0.00000000e+00 2.21657418e-02
0.00000000e+00 2.24846734e-02
0.00000000e+00 2.28036049e-02
0.00000000e+00 2.31225365e-02
0.00000000e+00 2.34414680e-02
0.00000000e+00 2.37603995e-02
0.00000000e+00 2.40793311e-02
0.00000000e+00 2.43982626e-02
0.00000000e+00 2.47171941e-02
0.00000000e+00 2.50361257e-02
0.00000000e+00 2.53550572e-02
0.00000000e+00 2.56739887e-02
0.00000000e+00 2.59929203e-02
0.00000000e+00 2.63118518e-02
0.00000000e+00 2.66307834e-02
0.00000000e+00 2.69497149e-02
0.00000000e+00 2.72686464e-02
0.00000000e+00 2.75875780e-02
0.00000000e+00 2.79065095e-02
0.00000000e+00 2.82254410e-02
0.00000000e+00 2.85443726e-02
0.00000000e+00 2.88633041e-02
0.00000000e+00 2.91822357e-02
0.00000000e+00 2.95011672e-02
0.00000000e+00 2.98200987e-02
0.00000000e+00 3.01390303e-02
0.00000000e+00 3.04579618e-02
0.00000000e+00 3.07768933e-02
0.00000000e+00 3.10958249e-02
0.00000000e+00 3.14147564e-02
0.00000000e+00 3.17336880e-02
0.00000000e+00 3.20526195e-02
0.00000000e+00 3.23715510e-02
0.00000000e+00 3.26904826e-02
0.00000000e+00 3.30094141e-02
0.00000000e+00 3.33283456e-02
0.00000000e+00 3.36472772e-02
0.00000000e+00 3.39662087e-02
0.00000000e+00 3.42851403e-02
0.00000000e+00 3.46040718e-02
0.00000000e+00 3.49230033e-02
0.00000000e+00 3.52419349e-02
0.00000000e+00 3.55608664e-02
0.00000000e+00 3.58797979e-02
0.00000000e+00 3.61987295e-02
0.00000000e+00 3.65176610e-02
0.00000000e+00 3.68365926e-02
0.00000000e+00 3.71555241e-02
0.00000000e+00 3.74744556e-02
0.00000000e+00 3.77933872e-02
0.00000000e+00 3.81123187e-02
0.00000000e+00 3.84312502e-02
0.00000000e+00 3.87501818e-02
0.00000000e+00 3.90691133e-02
0.00000000e+00 3.93880449e-02
0.00000000e+00 3.97069764e-02
0.00000000e+00 4.00259079e-02
0.00000000e+00 4.03448395e-02
0.00000000e+00 4.06637710e-02
0.00000000e+00 4.09827025e-02
0.00000000e+00 4.13016341e-02
0.00000000e+00 4.16205656e-02
0.00000000e+00 4.19394971e-02
0.00000000e+00 4.22584287e-02
0.00000000e+00 4.25773602e-02
0.00000000e+00 4.28962918e-02
0.00000000e+00 4.32152233e-02
0.00000000e+00 4.35341548e-02
0.00000000e+00 4.38530864e-02
0.00000000e+00 4.41720179e-02
0.00000000e+00 4.44909494e-02
0.00000000e+00 4.48098810e-02
0.00000000e+00 4.51288125e-02
0.00000000e+00 4.54477441e-02
0.00000000e+00 4.57666756e-02
0.00000000e+00 4.60856071e-02
0.00000000e+00 4.64045387e-02
0.00000000e+00 4.67234702e-02
0.00000000e+00 4.70424017e-02
0.00000000e+00 4.73613333e-02
0.00000000e+00 4.76802648e-02
0.00000000e+00 4.79991964e-02
0.00000000e+00 4.83181279e-02
0.00000000e+00 4.86370594e-02
0.00000000e+00 4.89559910e-02
0.00000000e+00 4.92749225e-02
0.00000000e+00 4.95938540e-02
0.00000000e+00 4.99127856e-02
0.00000000e+00 5.02317171e-02
0.00000000e+00 5.05506487e-02
0.00000000e+00 5.08695802e-02
0.00000000e+00 5.11885117e-02
0.00000000e+00 5.15074433e-02
0.00000000e+00 5.18263748e-02
0.00000000e+00 5.21453063e-02
0.00000000e+00 5.24642379e-02
0.00000000e+00 5.27831694e-02
0.00000000e+00 5.31021010e-02
0.00000000e+00 5.34210325e-02
0.00000000e+00 5.37399640e-02
0.00000000e+00 5.40588956e-02
0.00000000e+00 5.43778271e-02
0.00000000e+00 5.46967586e-02
0.00000000e+00 5.50156902e-02
0.00000000e+00 5.53346217e-02
0.00000000e+00 5.56535533e-02
0.00000000e+00 5.59724848e-02
0.00000000e+00 5.62914163e-02
0.00000000e+00 5.66103479e-02
0.00000000e+00 5.69292794e-02
0.00000000e+00 5.72482109e-02
0.00000000e+00 5.75671425e-02
0.00000000e+00 5.78860740e-02
0.00000000e+00 5.82050055e-02
0.00000000e+00 5.85239371e-02
0.00000000e+00 5.88428686e-02
0.00000000e+00 5.91618002e-02
0.00000000e+00 5.94807317e-02
0.00000000e+00 5.97996632e-02
0.00000000e+00 6.01185948e-02
0.00000000e+00 6.04375263e-02
0.00000000e+00 6.07564578e-02
0.00000000e+00 6.10753894e-02
0.00000000e+00 6.13943209e-02
0.00000000e+00 6.17132525e-02
0.00000000e+00 6.20321840e-02
0.00000000e+00 6.23511155e-02
0.00000000e+00 6.26700471e-02
0.00000000e+00 6.29889786e-02
0.00000000e+00 6.33079101e-02
0.00000000e+00 6.36268417e-02
0.00000000e+00 6.39457732e-02
0.00000000e+00 6.42647048e-02
0.00000000e+00 6.45836363e-02
0.00000000e+00 6.49025678e-02
0.00000000e+00 6.52214994e-02
0.00000000e+00 6.55404309e-02
0.00000000e+00 6.58593624e-02
0.00000000e+00 6.61782940e-02
0.00000000e+00 6.64972255e-02
0.00000000e+00 6.68161571e-02
0.00000000e+00 6.71350886e-02
0.00000000e+00 6.74540201e-02
0.00000000e+00 6.77729517e-02
0.00000000e+00 6.80918832e-02
0.00000000e+00 6.84108147e-02
0.00000000e+00 6.87297463e-02
0.00000000e+00 6.90486778e-02
0.00000000e+00 6.93676094e-02
0.00000000e+00 6.96865409e-02
0.00000000e+00 7.00054724e-02
0.00000000e+00 7.03244040e-02
0.00000000e+00 7.06433355e-02
0.00000000e+00 7.09622670e-02
0.00000000e+00 7.12811986e-02
0.00000000e+00 7.16001301e-02
0.00000000e+00 7.19190617e-02
0.00000000e+00 7.22379932e-02
0.00000000e+00 7.25569247e-02
0.00000000e+00 7.28758563e-02
0.00000000e+00 7.31947878e-02
0.00000000e+00 7.35137193e-02
0.00000000e+00 7.38326509e-02
0.00000000e+00 7.41515824e-02
0.00000000e+00 7.44705139e-02
0.00000000e+00 7.47894455e-02
0.00000000e+00 7.51083770e-02
0.00000000e+00 7.54273086e-02
0.00000000e+00 7.57462401e-02
0.00000000e+00 7.60651716e-02
0.00000000e+00 7.63841032e-02
0.00000000e+00 7.67030347e-02
0.00000000e+00 7.70219662e-02
0.00000000e+00 7.73408978e-02
0.00000000e+00 7.76598293e-02
0.00000000e+00 7.79787609e-02
0.00000000e+00 7.82976924e-02
0.00000000e+00 7.86166239e-02
0.00000000e+00 7.89355555e-02
0.00000000e+00 7.92544870e-02
0.00000000e+00 7.95734185e-02
0.00000000e+00 7.98923501e-02
0.00000000e+00 8.02112816e-02
0.00000000e+00 8.05302132e-02
0.00000000e+00 8.08491447e-02
0.00000000e+00 8.11680762e-02
0.00000000e+00 8.14870078e-02
0.00000000e+00 8.18059393e-02
0.00000000e+00 8.21248708e-02
0.00000000e+00 8.24438024e-02
0.00000000e+00 8.27627339e-02
0.00000000e+00 8.30816655e-02
0.00000000e+00 8.34005970e-02
0.00000000e+00 8.37195285e-02
0.00000000e+00 8.40384601e-02
0.00000000e+00 8.43573916e-02
0.00000000e+00 8.46763231e-02
0.00000000e+00 8.49952547e-02
0.00000000e+00 8.53141862e-02
0.00000000e+00 8.56331178e-02
0.00000000e+00 8.59520493e-02
0.00000000e+00 8.62709808e-02
0.00000000e+00 8.65899124e-02
0.00000000e+00 8.69088439e-02
0.00000000e+00 8.72277754e-02
0.00000000e+00 8.75467070e-02
0.00000000e+00 8.78656385e-02
0.00000000e+00 8.81845701e-02
0.00000000e+00 8.85035016e-02
0.00000000e+00 8.88224331e-02
0.00000000e+00 8.91413647e-02
0.00000000e+00 8.94602962e-02
0.00000000e+00 8.97792277e-02
0.00000000e+00 9.00981593e-02
0.00000000e+00 9.04170908e-02
0.00000000e+00 9.07360223e-02
0.00000000e+00 9.10549539e-02
0.00000000e+00 9.13738854e-02
0.00000000e+00 9.16928170e-02
0.00000000e+00 9.20117485e-02
0.00000000e+00 9.23306800e-02
0.00000000e+00 9.26496116e-02
0.00000000e+00 9.29685431e-02
0.00000000e+00 9.32874746e-02
0.00000000e+00 9.36064062e-02
0.00000000e+00 9.39253377e-02
0.00000000e+00 9.42442693e-02
0.00000000e+00 9.45632008e-02
0.00000000e+00 9.48821323e-02
0.00000000e+00 9.52010639e-02
0.00000000e+00 9.55199954e-02
0.00000000e+00 9.58389269e-02
0.00000000e+00 9.61578585e-02
0.00000000e+00 9.64767900e-02
0.00000000e+00 9.67957216e-02
0.00000000e+00 9.71146531e-02
0.00000000e+00 9.74335846e-02
0.00000000e+00 9.77525162e-02
0.00000000e+00 9.80714477e-02
0.00000000e+00 9.83903792e-02
0.00000000e+00 9.87093108e-02
0.00000000e+00 9.90282423e-02
0.00000000e+00 9.93471739e-02
0.00000000e+00 9.96661054e-02
0.00000000e+00 9.99850369e-02
0.00000000e+00 1.00303968e-01
0.00000000e+00 1.00622900e-01
0.00000000e+00 1.00941832e-01
0.00000000e+00 1.01260763e-01
0.00000000e+00 1.01579695e-01
0.00000000e+00 1.01898626e-01
0.00000000e+00 1.02217558e-01
0.00000000e+00 1.02536489e-01
0.00000000e+00 1.02855421e-01
0.00000000e+00 1.03174352e-01
0.00000000e+00 1.03493284e-01
0.00000000e+00 1.03812215e-01
0.00000000e+00 1.04131147e-01
0.00000000e+00 1.04450078e-01
0.00000000e+00 1.04769010e-01
0.00000000e+00 1.05087942e-01
0.00000000e+00 1.05406873e-01
0.00000000e+00 1.05725805e-01
0.00000000e+00 1.06044736e-01
0.00000000e+00 1.06363668e-01
0.00000000e+00 1.06682599e-01
0.00000000e+00 1.07001531e-01
0.00000000e+00 1.07320462e-01
0.00000000e+00 1.07639394e-01
0.00000000e+00 1.07958325e-01
0.00000000e+00 1.08277257e-01
0.00000000e+00 1.08596188e-01
0.00000000e+00 1.08915120e-01
0.00000000e+00 1.09234052e-01
0.00000000e+00 1.09552983e-01
0.00000000e+00 1.09871915e-01
0.00000000e+00 1.10190846e-01
0.00000000e+00 1.10509778e-01
0.00000000e+00 1.10828709e-01
0.00000000e+00 1.11147641e-01
0.00000000e+00 1.11466572e-01
0.00000000e+00 1.11785504e-01
0.00000000e+00 1.12104435e-01
0.00000000e+00 1.12423367e-01
0.00000000e+00 1.12742298e-01
0.00000000e+00 1.13061230e-01
0.00000000e+00 1.13380161e-01
0.00000000e+00 1.13699093e-01
0.00000000e+00 1.14018025e-01
0.00000000e+00 1.14336956e-01
0.00000000e+00 1.14655888e-01
0.00000000e+00 1.14974819e-01
0.00000000e+00 1.15293751e-01
0.00000000e+00 1.15612682e-01
0.00000000e+00 1.15931614e-01
0.00000000e+00 1.16250545e-01
0.00000000e+00 1.16569477e-01
0.00000000e+00 1.16888408e-01
0.00000000e+00 1.17207340e-01
0.00000000e+00 1.17526271e-01
0.00000000e+00 1.17845203e-01
0.00000000e+00 1.18164135e-01
0.00000000e+00 1.18483066e-01
0.00000000e+00 1.18801998e-01
0.00000000e+00 1.19120929e-01
0.00000000e+00 1.19439861e-01
0.00000000e+00 1.19758792e-01
0.00000000e+00 1.20077724e-01
0.00000000e+00 1.20396655e-01
0.00000000e+00 1.20715587e-01
0.00000000e+00 1.21034518e-01
0.00000000e+00 1.21353450e-01
0.00000000e+00 1.21672381e-01
0.00000000e+00 1.21991313e-01
0.00000000e+00 1.22310245e-01
0.00000000e+00 1.22629176e-01
0.00000000e+00 1.22948108e-01
0.00000000e+00 1.23267039e-01
0.00000000e+00 1.23585971e-01
0.00000000e+00 1.23904902e-01
0.00000000e+00 1.24223834e-01
0.00000000e+00 1.24542765e-01
0.00000000e+00 1.24861697e-01
0.00000000e+00 1.25180628e-01
0.00000000e+00 1.25499560e-01
0.00000000e+00 1.25818491e-01
0.00000000e+00 1.26137423e-01
0.00000000e+00 1.26456355e-01
0.00000000e+00 1.26775286e-01
0.00000000e+00 1.27094218e-01
0.00000000e+00 1.27413149e-01
0.00000000e+00 1.27732081e-01
0.00000000e+00 1.28051012e-01
0.00000000e+00 1.28369944e-01
0.00000000e+00 1.28688875e-01
0.00000000e+00 1.29007807e-01
0.00000000e+00 1.29326738e-01
0.00000000e+00 1.29645670e-01
0.00000000e+00 1.29964601e-01
0.00000000e+00 1.30283533e-01
0.00000000e+00 1.30602465e-01
0.00000000e+00 1.30921396e-01
0.00000000e+00 1.31240328e-01
0.00000000e+00 1.31559259e-01
0.00000000e+00 1.31878191e-01
0.00000000e+00 1.32197122e-01
0.00000000e+00 1.32516054e-01
0.00000000e+00 1.32834985e-01
0.00000000e+00 1.33153917e-01
0.00000000e+00 1.33472848e-01
0.00000000e+00 1.33791780e-01
0.00000000e+00 1.34110711e-01
0.00000000e+00 1.34429643e-01
0.00000000e+00 1.34748574e-01
0.00000000e+00 1.35067506e-01
0.00000000e+00 1.35386438e-01
0.00000000e+00 1.35705369e-01
0.00000000e+00 1.36024301e-01
0.00000000e+00 1.36343232e-01
0.00000000e+00 1.36662164e-01
0.00000000e+00 1.36981095e-01
0.00000000e+00 1.37300027e-01
0.00000000e+00 1.37618958e-01
0.00000000e+00 1.37937890e-01
0.00000000e+00 1.38256821e-01
0.00000000e+00 1.38575753e-01
0.00000000e+00 1.38894684e-01
0.00000000e+00 1.39213616e-01
0.00000000e+00 1.39532548e-01
0.00000000e+00 1.39851479e-01
0.00000000e+00 1.40170411e-01
0.00000000e+00 1.40489342e-01
0.00000000e+00 1.40808274e-01
0.00000000e+00 1.41127205e-01
0.00000000e+00 1.41446137e-01
0.00000000e+00 1.41765068e-01
0.00000000e+00 1.42084000e-01
0.00000000e+00 1.42402931e-01
0.00000000e+00 1.42721863e-01
0.00000000e+00 1.43040794e-01
0.00000000e+00 1.43359726e-01
0.00000000e+00 1.43678658e-01
0.00000000e+00 1.43997589e-01
0.00000000e+00 1.44316521e-01
0.00000000e+00 1.44635452e-01
0.00000000e+00 1.44954384e-01
0.00000000e+00 1.45273315e-01
0.00000000e+00 1.45592247e-01
0.00000000e+00 1.45911178e-01
0.00000000e+00 1.46230110e-01
0.00000000e+00 1.46549041e-01
0.00000000e+00 1.46867973e-01
0.00000000e+00 1.47186904e-01
0.00000000e+00 1.47505836e-01
0.00000000e+00 1.47824768e-01
0.00000000e+00 1.48143699e-01
0.00000000e+00 1.48462631e-01
0.00000000e+00 1.48781562e-01
0.00000000e+00 1.49100494e-01
0.00000000e+00 1.49419425e-01
0.00000000e+00 1.49738357e-01
0.00000000e+00 1.50057288e-01
0.00000000e+00 1.50376220e-01
0.00000000e+00 1.50695151e-01
0.00000000e+00 1.51014083e-01
0.00000000e+00 1.51333014e-01
0.00000000e+00 1.51651946e-01
0.00000000e+00 1.51970878e-01
0.00000000e+00 1.52289809e-01
0.00000000e+00 1.52608741e-01
0.00000000e+00 1.52927672e-01
0.00000000e+00 1.53246604e-01
0.00000000e+00 1.53565535e-01
0.00000000e+00 1.53884467e-01
0.00000000e+00 1.54203398e-01
0.00000000e+00 1.54522330e-01
0.00000000e+00 1.54841261e-01
0.00000000e+00 1.55160193e-01
0.00000000e+00 1.55479124e-01
0.00000000e+00 1.55798056e-01
0.00000000e+00 1.56116987e-01
0.00000000e+00 1.56435919e-01
0.00000000e+00 1.56754851e-01
0.00000000e+00 1.57073782e-01
0.00000000e+00 1.57392714e-01
0.00000000e+00 1.57711645e-01
0.00000000e+00 1.58030577e-01
0.00000000e+00 1.58349508e-01
0.00000000e+00 1.58668440e-01
0.00000000e+00 1.58987371e-01
0.00000000e+00 1.59306303e-01
0.00000000e+00 1.59625234e-01
0.00000000e+00 1.59944166e-01
0.00000000e+00 1.60263097e-01
0.00000000e+00 1.60582029e-01
0.00000000e+00 1.60900961e-01
0.00000000e+00 1.61219892e-01
0.00000000e+00 1.61538824e-01
0.00000000e+00 1.61857755e-01
0.00000000e+00 1.62176687e-01
0.00000000e+00 1.62495618e-01
0.00000000e+00 1.62814550e-01
0.00000000e+00 1.63133481e-01
0.00000000e+00 1.63452413e-01
0.00000000e+00 1.63771344e-01
0.00000000e+00 1.64090276e-01
0.00000000e+00 1.64409207e-01
0.00000000e+00 1.64728139e-01
0.00000000e+00 1.65047071e-01
0.00000000e+00 1.65366002e-01
0.00000000e+00 1.65684934e-01
0.00000000e+00 1.66003865e-01
0.00000000e+00 1.66322797e-01
0.00000000e+00 1.66641728e-01
0.00000000e+00 1.66960660e-01
0.00000000e+00 1.67279591e-01
0.00000000e+00 1.67598523e-01
0.00000000e+00 1.67917454e-01
0.00000000e+00 1.68236386e-01
0.00000000e+00 1.68555317e-01
0.00000000e+00 1.68874249e-01
0.00000000e+00 1.69193181e-01
0.00000000e+00 1.69512112e-01
0.00000000e+00 1.69831044e-01
0.00000000e+00 1.70149975e-01
0.00000000e+00 1.70468907e-01
0.00000000e+00 1.70787838e-01
0.00000000e+00 1.71106770e-01
0.00000000e+00 1.71425701e-01
0.00000000e+00 1.71744633e-01
0.00000000e+00 1.72063564e-01
0.00000000e+00 1.72382496e-01
0.00000000e+00 1.72701427e-01
0.00000000e+00 1.73020359e-01
0.00000000e+00 1.73339290e-01
0.00000000e+00 1.73658222e-01
0.00000000e+00 1.73977154e-01
0.00000000e+00 1.74296085e-01
0.00000000e+00 1.74615017e-01
0.00000000e+00 1.74933948e-01
0.00000000e+00 1.75252880e-01
0.00000000e+00 1.75571811e-01
0.00000000e+00 1.75890743e-01
0.00000000e+00 1.76209674e-01
0.00000000e+00 1.76528606e-01
0.00000000e+00 1.76847537e-01
0.00000000e+00 1.77166469e-01
0.00000000e+00 1.77485400e-01
0.00000000e+00 1.77804332e-01
0.00000000e+00 1.78123264e-01
0.00000000e+00 1.78442195e-01
0.00000000e+00 1.78761127e-01
0.00000000e+00 1.79080058e-01
0.00000000e+00 1.79398990e-01
0.00000000e+00 1.79717921e-01
0.00000000e+00 1.80036853e-01
0.00000000e+00 1.80355784e-01
0.00000000e+00 1.80674716e-01
0.00000000e+00 1.80993647e-01
0.00000000e+00 1.81312579e-01
0.00000000e+00 1.81631510e-01
0.00000000e+00 1.81950442e-01
0.00000000e+00 1.82269374e-01
0.00000000e+00 1.82588305e-01
0.00000000e+00 1.82907237e-01
0.00000000e+00 1.83226168e-01
0.00000000e+00 1.83545100e-01
0.00000000e+00 1.83864031e-01
0.00000000e+00 1.84182963e-01
0.00000000e+00 1.84501894e-01
0.00000000e+00 1.84820826e-01
0.00000000e+00 1.85139757e-01
0.00000000e+00 1.85458689e-01
0.00000000e+00 1.85777620e-01
0.00000000e+00 1.86096552e-01
0.00000000e+00 1.86415484e-01
0.00000000e+00 1.86734415e-01
0.00000000e+00 1.87053347e-01
0.00000000e+00 1.87372278e-01
0.00000000e+00 1.87691210e-01
0.00000000e+00 1.88010141e-01
0.00000000e+00 1.88329073e-01
0.00000000e+00 1.88648004e-01
0.00000000e+00 1.88966936e-01
0.00000000e+00 1.89285867e-01
0.00000000e+00 1.89604799e-01
0.00000000e+00 1.89923730e-01
0.00000000e+00 1.90242662e-01
0.00000000e+00 1.90561594e-01
0.00000000e+00 1.90880525e-01
0.00000000e+00 1.91199457e-01
0.00000000e+00 1.91518388e-01
0.00000000e+00 1.91837320e-01
0.00000000e+00 1.92156251e-01
0.00000000e+00 1.92475183e-01
0.00000000e+00 1.92794114e-01
0.00000000e+00 1.93113046e-01
0.00000000e+00 1.93431977e-01
0.00000000e+00 1.93750909e-01
0.00000000e+00 1.94069840e-01
0.00000000e+00 1.94388772e-01
0.00000000e+00 1.94707703e-01
0.00000000e+00 1.95026635e-01
0.00000000e+00 1.95345567e-01
0.00000000e+00 1.95664498e-01
0.00000000e+00 1.95983430e-01
0.00000000e+00 1.96302361e-01
0.00000000e+00 1.96621293e-01
0.00000000e+00 1.96940224e-01
0.00000000e+00 1.97259156e-01
0.00000000e+00 1.97578087e-01
0.00000000e+00 1.97897019e-01
0.00000000e+00 1.98215950e-01
0.00000000e+00 1.98534882e-01
0.00000000e+00 1.98853813e-01
0.00000000e+00 1.99172745e-01
0.00000000e+00 1.99491677e-01
0.00000000e+00 1.99810608e-01
0.00000000e+00 2.00129540e-01
0.00000000e+00 2.00448471e-01
0.00000000e+00 2.00767403e-01
0.00000000e+00 2.01086334e-01
0.00000000e+00 2.01405266e-01
0.00000000e+00 2.01724197e-01
0.00000000e+00 2.02043129e-01
0.00000000e+00 2.02362060e-01
0.00000000e+00 2.02680992e-01
0.00000000e+00 2.02999923e-01
0.00000000e+00 2.03318855e-01
0.00000000e+00 2.03637787e-01
0.00000000e+00 2.03956718e-01
0.00000000e+00 2.04275650e-01
0.00000000e+00 2.04594581e-01
0.00000000e+00 2.04913513e-01
0.00000000e+00 2.05232444e-01
0.00000000e+00 2.05551376e-01
0.00000000e+00 2.05870307e-01
0.00000000e+00 2.06189239e-01
0.00000000e+00 2.06508170e-01
0.00000000e+00 2.06827102e-01
0.00000000e+00 2.07146033e-01
0.00000000e+00 2.07464965e-01
0.00000000e+00 2.07783897e-01
0.00000000e+00 2.08102828e-01
0.00000000e+00 2.08421760e-01
0.00000000e+00 2.08740691e-01
0.00000000e+00 2.09059623e-01
0.00000000e+00 2.09378554e-01
0.00000000e+00 2.09697486e-01
0.00000000e+00 2.10016417e-01
0.00000000e+00 2.10335349e-01
0.00000000e+00 2.10654280e-01
0.00000000e+00 2.10973212e-01
0.00000000e+00 2.11292143e-01
0.00000000e+00 2.11611075e-01
0.00000000e+00 2.11930007e-01
0.00000000e+00 2.12248938e-01
0.00000000e+00 2.12567870e-01
0.00000000e+00 2.12886801e-01
0.00000000e+00 2.13205733e-01
0.00000000e+00 2.13524664e-01
0.00000000e+00 2.13843596e-01
0.00000000e+00 2.14162527e-01
0.00000000e+00 2.14481459e-01
0.00000000e+00 2.14800390e-01
0.00000000e+00 2.15119322e-01
0.00000000e+00 2.15438253e-01
0.00000000e+00 2.15757185e-01
0.00000000e+00 2.16076116e-01
0.00000000e+00 2.16395048e-01
0.00000000e+00 2.16713980e-01
0.00000000e+00 2.17032911e-01
0.00000000e+00 2.17351843e-01
0.00000000e+00 2.17670774e-01
0.00000000e+00 2.17989706e-01
0.00000000e+00 2.18308637e-01
0.00000000e+00 2.18627569e-01
0.00000000e+00 2.18946500e-01
0.00000000e+00 2.19265432e-01
0.00000000e+00 2.19584363e-01
0.00000000e+00 2.19903295e-01
0.00000000e+00 2.20222226e-01
0.00000000e+00 2.20541158e-01
0.00000000e+00 2.20860090e-01
0.00000000e+00 2.21179021e-01
0.00000000e+00 2.21497953e-01
0.00000000e+00 2.21816884e-01
0.00000000e+00 2.22135816e-01
0.00000000e+00 2.22454747e-01
0.00000000e+00 2.22773679e-01
0.00000000e+00 2.23092610e-01
0.00000000e+00 2.23411542e-01
0.00000000e+00 2.23730473e-01
0.00000000e+00 2.24049405e-01
0.00000000e+00 2.24368336e-01
0.00000000e+00 2.24687268e-01
0.00000000e+00 2.25006200e-01
0.00000000e+00 2.25325131e-01
0.00000000e+00 2.25644063e-01
0.00000000e+00 2.25962994e-01
0.00000000e+00 2.26281926e-01
0.00000000e+00 2.26600857e-01
0.00000000e+00 2.26919789e-01
0.00000000e+00 2.27238720e-01
0.00000000e+00 2.27557652e-01
0.00000000e+00 2.27876583e-01
0.00000000e+00 2.28195515e-01
0.00000000e+00 2.28514446e-01
0.00000000e+00 2.28833378e-01
0.00000000e+00 2.29152310e-01
0.00000000e+00 2.29471241e-01
0.00000000e+00 2.29790173e-01
0.00000000e+00 2.30109104e-01
0.00000000e+00 2.30428036e-01
0.00000000e+00 2.30746967e-01
0.00000000e+00 2.31065899e-01
0.00000000e+00 2.31384830e-01
0.00000000e+00 2.31703762e-01
0.00000000e+00 2.32022693e-01
0.00000000e+00 2.32341625e-01
0.00000000e+00 2.32660556e-01
0.00000000e+00 2.32979488e-01
0.00000000e+00 2.33298420e-01
0.00000000e+00 2.33617351e-01
0.00000000e+00 2.33936283e-01
0.00000000e+00 2.34255214e-01
0.00000000e+00 2.34574146e-01
0.00000000e+00 2.34893077e-01
0.00000000e+00 2.35212009e-01
0.00000000e+00 2.35530940e-01
0.00000000e+00 2.35849872e-01
0.00000000e+00 2.36168803e-01
0.00000000e+00 2.36487735e-01
0.00000000e+00 2.36806666e-01
0.00000000e+00 2.37125598e-01
0.00000000e+00 2.37444529e-01
0.00000000e+00 2.37763461e-01
0.00000000e+00 2.38082393e-01
0.00000000e+00 2.38401324e-01
0.00000000e+00 2.38720256e-01
0.00000000e+00 2.39039187e-01
0.00000000e+00 2.39358119e-01
0.00000000e+00 2.39677050e-01
0.00000000e+00 2.39995982e-01
0.00000000e+00 2.40314913e-01
0.00000000e+00 2.40633845e-01
0.00000000e+00 2.40952776e-01
0.00000000e+00 2.41271708e-01
0.00000000e+00 2.41590639e-01
0.00000000e+00 2.41909571e-01
0.00000000e+00 2.42228503e-01
0.00000000e+00 2.42547434e-01
0.00000000e+00 2.42866366e-01
0.00000000e+00 2.43185297e-01
0.00000000e+00 2.43504229e-01
0.00000000e+00 2.43823160e-01
0.00000000e+00 2.44142092e-01
0.00000000e+00 2.44461023e-01
0.00000000e+00 2.44779955e-01
0.00000000e+00 2.45098886e-01
0.00000000e+00 2.45417818e-01
0.00000000e+00 2.45736749e-01
0.00000000e+00 2.46055681e-01
0.00000000e+00 2.46374613e-01
0.00000000e+00 2.46693544e-01
0.00000000e+00 2.47012476e-01
0.00000000e+00 2.47331407e-01
0.00000000e+00 2.47650339e-01
0.00000000e+00 2.47969270e-01
0.00000000e+00 2.48288202e-01
0.00000000e+00 2.48607133e-01
0.00000000e+00 2.48926065e-01
0.00000000e+00 2.49244996e-01
0.00000000e+00 2.49563928e-01
0.00000000e+00 2.49882859e-01
0.00000000e+00 2.50201791e-01
0.00000000e+00 2.50520723e-01
0.00000000e+00 2.50839654e-01
0.00000000e+00 2.51158586e-01
0.00000000e+00 2.51477517e-01
0.00000000e+00 2.51796449e-01
0.00000000e+00 2.52115380e-01
0.00000000e+00 2.52434312e-01
0.00000000e+00 2.52753243e-01
0.00000000e+00 2.53072175e-01
0.00000000e+00 2.53391106e-01
0.00000000e+00 2.53710038e-01
0.00000000e+00 2.54028969e-01
0.00000000e+00 2.54347901e-01
0.00000000e+00 2.54666832e-01
0.00000000e+00 2.54985764e-01
0.00000000e+00 2.55304696e-01
0.00000000e+00 2.55623627e-01
0.00000000e+00 2.55942559e-01
0.00000000e+00 2.56261490e-01
0.00000000e+00 2.56580422e-01
0.00000000e+00 2.56899353e-01
0.00000000e+00 2.57218285e-01
0.00000000e+00 2.57537216e-01
0.00000000e+00 2.57856148e-01
0.00000000e+00 2.58175079e-01
0.00000000e+00 2.58494011e-01
0.00000000e+00 2.58812942e-01
0.00000000e+00 2.59131874e-01
0.00000000e+00 2.59450806e-01
0.00000000e+00 2.59769737e-01
0.00000000e+00 2.60088669e-01
0.00000000e+00 2.60407600e-01
0.00000000e+00 2.60726532e-01
0.00000000e+00 2.61045463e-01
0.00000000e+00 2.61364395e-01
0.00000000e+00 2.61683326e-01
0.00000000e+00 2.62002258e-01
0.00000000e+00 2.62321189e-01
0.00000000e+00 2.62640121e-01
0.00000000e+00 2.62959052e-01
0.00000000e+00 2.63277984e-01
0.00000000e+00 2.63596916e-01
0.00000000e+00 2.63915847e-01
0.00000000e+00 2.64234779e-01
0.00000000e+00 2.64553710e-01
0.00000000e+00 2.64872642e-01
0.00000000e+00 2.65191573e-01
0.00000000e+00 2.65510505e-01
0.00000000e+00 2.65829436e-01
0.00000000e+00 2.66148368e-01
0.00000000e+00 2.66467299e-01
0.00000000e+00 2.66786231e-01
0.00000000e+00 2.67105162e-01
0.00000000e+00 2.67424094e-01
0.00000000e+00 2.67743026e-01
0.00000000e+00 2.68061957e-01
0.00000000e+00 2.68380889e-01
0.00000000e+00 2.68699820e-01
0.00000000e+00 2.69018752e-01
0.00000000e+00 2.69337683e-01
0.00000000e+00 2.69656615e-01
0.00000000e+00 2.69975546e-01
0.00000000e+00 2.70294478e-01
0.00000000e+00 2.70613409e-01
0.00000000e+00 2.70932341e-01
0.00000000e+00 2.71251272e-01
0.00000000e+00 2.71570204e-01
0.00000000e+00 2.71889136e-01
0.00000000e+00 2.72208067e-01
0.00000000e+00 2.72526999e-01
0.00000000e+00 2.72845930e-01
0.00000000e+00 2.73164862e-01
0.00000000e+00 2.73483793e-01
0.00000000e+00 2.73802725e-01
0.00000000e+00 2.74121656e-01
0.00000000e+00 2.74440588e-01
0.00000000e+00 2.74759519e-01
0.00000000e+00 2.75078451e-01
0.00000000e+00 2.75397382e-01
0.00000000e+00 2.75716314e-01
0.00000000e+00 2.76035245e-01
0.00000000e+00 2.76354177e-01
0.00000000e+00 2.76673109e-01
0.00000000e+00 2.76992040e-01
0.00000000e+00 2.77310972e-01
0.00000000e+00 2.77629903e-01
0.00000000e+00 2.77948835e-01
0.00000000e+00 2.78267766e-01
0.00000000e+00 2.78586698e-01
0.00000000e+00 2.78905629e-01
0.00000000e+00 2.79224561e-01
0.00000000e+00 2.79543492e-01
0.00000000e+00 2.79862424e-01
0.00000000e+00 2.80181355e-01
0.00000000e+00 2.80500287e-01
0.00000000e+00 2.80819219e-01
0.00000000e+00 2.81138150e-01
0.00000000e+00 2.81457082e-01
0.00000000e+00 2.81776013e-01
0.00000000e+00 2.82094945e-01
0.00000000e+00 2.82413876e-01
0.00000000e+00 2.82732808e-01
0.00000000e+00 2.83051739e-01
0.00000000e+00 2.83370671e-01
0.00000000e+00 2.83689602e-01
0.00000000e+00 2.84008534e-01
0.00000000e+00 2.84327465e-01
0.00000000e+00 2.84646397e-01
0.00000000e+00 2.84965329e-01
0.00000000e+00 2.85284260e-01
0.00000000e+00 2.85603192e-01
0.00000000e+00 2.85922123e-01
0.00000000e+00 2.86241055e-01
0.00000000e+00 2.86559986e-01
0.00000000e+00 2.86878918e-01
0.00000000e+00 2.87197849e-01
0.00000000e+00 2.87516781e-01
0.00000000e+00 2.87835712e-01
0.00000000e+00 2.88154644e-01
0.00000000e+00 2.88473575e-01
0.00000000e+00 2.88792507e-01
0.00000000e+00 2.89111439e-01
0.00000000e+00 2.89430370e-01
0.00000000e+00 2.89749302e-01
0.00000000e+00 2.90068233e-01
0.00000000e+00 2.90387165e-01
0.00000000e+00 2.90706096e-01
0.00000000e+00 2.91025028e-01
0.00000000e+00 2.91343959e-01
0.00000000e+00 2.91662891e-01
0.00000000e+00 2.91981822e-01
0.00000000e+00 2.92300754e-01
0.00000000e+00 2.92619685e-01
0.00000000e+00 2.92938617e-01
0.00000000e+00 2.93257549e-01
0.00000000e+00 2.93576480e-01
0.00000000e+00 2.93895412e-01
0.00000000e+00 2.94214343e-01
0.00000000e+00 2.94533275e-01
0.00000000e+00 2.94852206e-01
0.00000000e+00 2.95171138e-01
0.00000000e+00 2.95490069e-01
0.00000000e+00 2.95809001e-01
0.00000000e+00 2.96127932e-01
0.00000000e+00 2.96446864e-01
0.00000000e+00 2.96765795e-01
0.00000000e+00 2.97084727e-01
0.00000000e+00 2.97403658e-01
0.00000000e+00 2.97722590e-01
0.00000000e+00 2.98041522e-01
0.00000000e+00 2.98360453e-01
0.00000000e+00 2.98679385e-01
0.00000000e+00 2.98998316e-01
0.00000000e+00 2.99317248e-01
0.00000000e+00 2.99636179e-01
0.00000000e+00 2.99955111e-01
0.00000000e+00 3.00274042e-01
0.00000000e+00 3.00592974e-01
0.00000000e+00 3.00911905e-01
0.00000000e+00 3.01230837e-01
0.00000000e+00 3.01549768e-01
0.00000000e+00 3.01868700e-01
0.00000000e+00 3.02187632e-01
0.00000000e+00 3.02506563e-01
0.00000000e+00 3.02825495e-01
0.00000000e+00 3.03144426e-01
0.00000000e+00 3.03463358e-01
0.00000000e+00 3.03782289e-01
0.00000000e+00 3.04101221e-01
0.00000000e+00 3.04420152e-01
0.00000000e+00 3.04739084e-01
0.00000000e+00 3.05058015e-01
0.00000000e+00 3.05376947e-01
0.00000000e+00 3.05695878e-01
0.00000000e+00 3.06014810e-01
0.00000000e+00 3.06333742e-01
0.00000000e+00 3.06652673e-01
0.00000000e+00 3.06971605e-01
0.00000000e+00 3.07290536e-01
0.00000000e+00 3.07609468e-01
0.00000000e+00 3.07928399e-01
0.00000000e+00 3.08247331e-01
0.00000000e+00 3.08566262e-01
0.00000000e+00 3.08885194e-01
0.00000000e+00 3.09204125e-01
0.00000000e+00 3.09523057e-01
0.00000000e+00 3.09841988e-01
0.00000000e+00 3.10160920e-01
0.00000000e+00 3.10479852e-01
0.00000000e+00 3.10798783e-01
0.00000000e+00 3.11117715e-01
0.00000000e+00 3.11436646e-01
0.00000000e+00 3.11755578e-01
0.00000000e+00 3.12074509e-01
0.00000000e+00 3.12393441e-01
0.00000000e+00 3.12712372e-01
0.00000000e+00 3.13031304e-01
0.00000000e+00 3.13350235e-01
0.00000000e+00 3.13669167e-01
0.00000000e+00 3.13988098e-01
0.00000000e+00 3.14307030e-01
0.00000000e+00 3.14625962e-01
0.00000000e+00 3.14944893e-01
0.00000000e+00 3.15263825e-01
0.00000000e+00 3.15582756e-01
0.00000000e+00 3.15901688e-01
0.00000000e+00 3.16220619e-01
0.00000000e+00 3.16539551e-01
0.00000000e+00 3.16858482e-01
0.00000000e+00 3.17177414e-01
0.00000000e+00 3.17496345e-01
0.00000000e+00 3.17815277e-01
0.00000000e+00 3.18134208e-01
0.00000000e+00 3.18453140e-01
0.00000000e+00 3.18772071e-01
0.00000000e+00 3.19091003e-01
0.00000000e+00 3.19409935e-01
0.00000000e+00 3.19728866e-01
0.00000000e+00 3.20047798e-01
0.00000000e+00 3.20366729e-01
0.00000000e+00 3.20685661e-01
0.00000000e+00 3.21004592e-01
0.00000000e+00 3.21323524e-01
0.00000000e+00 3.21642455e-01
0.00000000e+00 3.21961387e-01
0.00000000e+00 3.22280318e-01
0.00000000e+00 3.22599250e-01
0.00000000e+00 3.22918181e-01
0.00000000e+00 3.23237113e-01
0.00000000e+00 3.23556045e-01
0.00000000e+00 3.23874976e-01
0.00000000e+00 3.24193908e-01
0.00000000e+00 3.24512839e-01
0.00000000e+00 3.24831771e-01
0.00000000e+00 3.25150702e-01
0.00000000e+00 3.25469634e-01
0.00000000e+00 3.25788565e-01
0.00000000e+00 3.26107497e-01
0.00000000e+00 3.26426428e-01
0.00000000e+00 3.26745360e-01
0.00000000e+00 3.27064291e-01
0.00000000e+00 3.27383223e-01
0.00000000e+00 3.27702155e-01
0.00000000e+00 3.28021086e-01
0.00000000e+00 3.28340018e-01
0.00000000e+00 3.28658949e-01
0.00000000e+00 3.28977881e-01
0.00000000e+00 3.29296812e-01
0.00000000e+00 3.29615744e-01
0.00000000e+00 3.29934675e-01
0.00000000e+00 3.30253607e-01
0.00000000e+00 3.30572538e-01
0.00000000e+00 3.30891470e-01
0.00000000e+00 3.31210401e-01
0.00000000e+00 3.31529333e-01
0.00000000e+00 3.31848265e-01
0.00000000e+00 3.32167196e-01
0.00000000e+00 3.32486128e-01
0.00000000e+00 3.32805059e-01
0.00000000e+00 3.33123991e-01
0.00000000e+00 3.33442922e-01
0.00000000e+00 3.33761854e-01
0.00000000e+00 3.34080785e-01
0.00000000e+00 3.34399717e-01
0.00000000e+00 3.34718648e-01
0.00000000e+00 3.35037580e-01
0.00000000e+00 3.35356511e-01
0.00000000e+00 3.35675443e-01
0.00000000e+00 3.35994375e-01
0.00000000e+00 3.36313306e-01
0.00000000e+00 3.36632238e-01
0.00000000e+00 3.36951169e-01
0.00000000e+00 3.37270101e-01
0.00000000e+00 3.37589032e-01
0.00000000e+00 3.37907964e-01
0.00000000e+00 3.38226895e-01
0.00000000e+00 3.38545827e-01
0.00000000e+00 3.38864758e-01
0.00000000e+00 3.39183690e-01
0.00000000e+00 3.39502621e-01
0.00000000e+00 3.39821553e-01
0.00000000e+00 3.40140484e-01
0.00000000e+00 3.40459416e-01
0.00000000e+00 3.40778348e-01
0.00000000e+00 3.41097279e-01
0.00000000e+00 3.41416211e-01
0.00000000e+00 3.41735142e-01
0.00000000e+00 3.42054074e-01
0.00000000e+00 3.42373005e-01
0.00000000e+00 3.42691937e-01
0.00000000e+00 3.43010868e-01
0.00000000e+00 3.43329800e-01
0.00000000e+00 3.43648731e-01
0.00000000e+00 3.43967663e-01
0.00000000e+00 3.44286594e-01
0.00000000e+00 3.44605526e-01
0.00000000e+00 3.44924458e-01
0.00000000e+00 3.45243389e-01
0.00000000e+00 3.45562321e-01
0.00000000e+00 3.45881252e-01
0.00000000e+00 3.46200184e-01
0.00000000e+00 3.46519115e-01
0.00000000e+00 3.46838047e-01
0.00000000e+00 3.47156978e-01
0.00000000e+00 3.47475910e-01
0.00000000e+00 3.47794841e-01
0.00000000e+00 3.48113773e-01
0.00000000e+00 3.48432704e-01
0.00000000e+00 3.48751636e-01
0.00000000e+00 3.49070568e-01
0.00000000e+00 3.49389499e-01
0.00000000e+00 3.49708431e-01
0.00000000e+00 3.50027362e-01
0.00000000e+00 3.50346294e-01
0.00000000e+00 3.50665225e-01
0.00000000e+00 3.50984157e-01
0.00000000e+00 3.51303088e-01
0.00000000e+00 3.51622020e-01
0.00000000e+00 3.51940951e-01
0.00000000e+00 3.52259883e-01
0.00000000e+00 3.52578814e-01
0.00000000e+00 3.52897746e-01
0.00000000e+00 3.53216678e-01
0.00000000e+00 3.53535609e-01
0.00000000e+00 3.53854541e-01
0.00000000e+00 3.54173472e-01
0.00000000e+00 3.54492404e-01
0.00000000e+00 3.54811335e-01
0.00000000e+00 3.55130267e-01
0.00000000e+00 3.55449198e-01
0.00000000e+00 3.55768130e-01
0.00000000e+00 3.56087061e-01
0.00000000e+00 3.56405993e-01
0.00000000e+00 3.56724924e-01
0.00000000e+00 3.57043856e-01
0.00000000e+00 3.57362787e-01
0.00000000e+00 3.57681719e-01
0.00000000e+00 3.58000651e-01
0.00000000e+00 3.58319582e-01
0.00000000e+00 3.58638514e-01
0.00000000e+00 3.58957445e-01
0.00000000e+00 3.59276377e-01
0.00000000e+00 3.59595308e-01
0.00000000e+00 3.59914240e-01
0.00000000e+00 3.60233171e-01
0.00000000e+00 3.60552103e-01
0.00000000e+00 3.60871034e-01
0.00000000e+00 3.61189966e-01
0.00000000e+00 3.61508897e-01
0.00000000e+00 3.61827829e-01
0.00000000e+00 3.62146761e-01
0.00000000e+00 3.62465692e-01
0.00000000e+00 3.62784624e-01
0.00000000e+00 3.63103555e-01
0.00000000e+00 3.63422487e-01
0.00000000e+00 3.63741418e-01
0.00000000e+00 3.64060350e-01
0.00000000e+00 3.64379281e-01
0.00000000e+00 3.64698213e-01
0.00000000e+00 3.65017144e-01
0.00000000e+00 3.65336076e-01
0.00000000e+00 3.65655007e-01
0.00000000e+00 3.65973939e-01
0.00000000e+00 3.66292871e-01
0.00000000e+00 3.66611802e-01
0.00000000e+00 3.66930734e-01
0.00000000e+00 3.67249665e-01
0.00000000e+00 3.67568597e-01
0.00000000e+00 3.67887528e-01
0.00000000e+00 3.68206460e-01
0.00000000e+00 3.68525391e-01
0.00000000e+00 3.68844323e-01
0.00000000e+00 3.69163254e-01
0.00000000e+00 3.69482186e-01
0.00000000e+00 3.69801117e-01
0.00000000e+00 3.70120049e-01
0.00000000e+00 3.70438981e-01
0.00000000e+00 3.70757912e-01
0.00000000e+00 3.71076844e-01
0.00000000e+00 3.71395775e-01
0.00000000e+00 3.71714707e-01
0.00000000e+00 3.72033638e-01
0.00000000e+00 3.72352570e-01
0.00000000e+00 3.72671501e-01
0.00000000e+00 3.72990433e-01
0.00000000e+00 3.73309364e-01
0.00000000e+00 3.73628296e-01
0.00000000e+00 3.73947227e-01
0.00000000e+00 3.74266159e-01
0.00000000e+00 3.74585091e-01
0.00000000e+00 3.74904022e-01
0.00000000e+00 3.75222954e-01
0.00000000e+00 3.75541885e-01
0.00000000e+00 3.75860817e-01
0.00000000e+00 3.76179748e-01
0.00000000e+00 3.76498680e-01
0.00000000e+00 3.76817611e-01
0.00000000e+00 3.77136543e-01
0.00000000e+00 3.77455474e-01
0.00000000e+00 3.77774406e-01
0.00000000e+00 3.78093337e-01
0.00000000e+00 3.78412269e-01
0.00000000e+00 3.78731200e-01
0.00000000e+00 3.79050132e-01
0.00000000e+00 3.79369064e-01
0.00000000e+00 3.79687995e-01
0.00000000e+00 3.80006927e-01
0.00000000e+00 3.80325858e-01
0.00000000e+00 3.80644790e-01
0.00000000e+00 3.80963721e-01
0.00000000e+00 3.81282653e-01
0.00000000e+00 3.81601584e-01
0.00000000e+00 3.81920516e-01
0.00000000e+00 3.82239447e-01
0.00000000e+00 3.82558379e-01
0.00000000e+00 3.82877310e-01
0.00000000e+00 3.83196242e-01
0.00000000e+00 3.83515174e-01
0.00000000e+00 3.83834105e-01
0.00000000e+00 3.84153037e-01
0.00000000e+00 3.84471968e-01
0.00000000e+00 3.84790900e-01
0.00000000e+00 3.85109831e-01
0.00000000e+00 3.85428763e-01
0.00000000e+00 3.85747694e-01
0.00000000e+00 3.86066626e-01
0.00000000e+00 3.86385557e-01
0.00000000e+00 3.86704489e-01
0.00000000e+00 3.87023420e-01
0.00000000e+00 3.87342352e-01
0.00000000e+00 3.87661284e-01
0.00000000e+00 3.87980215e-01
0.00000000e+00 3.88299147e-01
0.00000000e+00 3.88618078e-01
0.00000000e+00 3.88937010e-01
0.00000000e+00 3.89255941e-01
0.00000000e+00 3.89574873e-01
0.00000000e+00 3.89893804e-01
0.00000000e+00 3.90212736e-01
0.00000000e+00 3.90531667e-01
0.00000000e+00 3.90850599e-01
0.00000000e+00 3.91169530e-01
0.00000000e+00 3.91488462e-01
0.00000000e+00 3.91807394e-01
0.00000000e+00 3.92126325e-01
0.00000000e+00 3.92445257e-01
0.00000000e+00 3.92764188e-01
0.00000000e+00 3.93083120e-01
0.00000000e+00 3.93402051e-01
0.00000000e+00 3.93720983e-01
0.00000000e+00 3.94039914e-01
0.00000000e+00 3.94358846e-01
0.00000000e+00 3.94677777e-01
0.00000000e+00 3.94996709e-01
0.00000000e+00 3.95315640e-01
0.00000000e+00 3.95634572e-01
0.00000000e+00 3.95953504e-01
0.00000000e+00 3.96272435e-01
0.00000000e+00 3.96591367e-01
0.00000000e+00 3.96910298e-01
0.00000000e+00 3.97229230e-01
0.00000000e+00 3.97548161e-01
0.00000000e+00 3.97867093e-01
0.00000000e+00 3.98186024e-01
0.00000000e+00 3.98504956e-01
0.00000000e+00 3.98823887e-01
0.00000000e+00 3.99142819e-01
0.00000000e+00 3.99461750e-01
0.00000000e+00 3.99780682e-01
0.00000000e+00 4.00099613e-01
0.00000000e+00 4.00418545e-01
0.00000000e+00 4.00737477e-01
0.00000000e+00 4.01056408e-01
0.00000000e+00 4.01375340e-01
0.00000000e+00 4.01694271e-01
0.00000000e+00 4.02013203e-01
0.00000000e+00 4.02332134e-01
0.00000000e+00 4.02651066e-01
0.00000000e+00 4.02969997e-01
0.00000000e+00 4.03288929e-01
0.00000000e+00 4.03607860e-01
0.00000000e+00 4.03926792e-01
0.00000000e+00 4.04245723e-01
0.00000000e+00 4.04564655e-01
0.00000000e+00 4.04883587e-01
0.00000000e+00 4.05202518e-01
0.00000000e+00 4.05521450e-01
0.00000000e+00 4.05840381e-01
0.00000000e+00 4.06159313e-01
0.00000000e+00 4.06478244e-01
0.00000000e+00 4.06797176e-01
0.00000000e+00 4.07116107e-01
0.00000000e+00 4.07435039e-01
0.00000000e+00 4.07753970e-01
0.00000000e+00 4.08072902e-01
0.00000000e+00 4.08391833e-01
0.00000000e+00 4.08710765e-01
0.00000000e+00 4.09029697e-01
0.00000000e+00 4.09348628e-01
0.00000000e+00 4.09667560e-01
0.00000000e+00 4.09986491e-01
0.00000000e+00 4.10305423e-01
0.00000000e+00 4.10624354e-01
0.00000000e+00 4.10943286e-01
0.00000000e+00 4.11262217e-01
0.00000000e+00 4.11581149e-01
0.00000000e+00 4.11900080e-01
0.00000000e+00 4.12219012e-01
0.00000000e+00 4.12537943e-01
0.00000000e+00 4.12856875e-01
0.00000000e+00 4.13175807e-01
0.00000000e+00 4.13494738e-01
0.00000000e+00 4.13813670e-01
0.00000000e+00 4.14132601e-01
0.00000000e+00 4.14451533e-01
0.00000000e+00 4.14770464e-01
0.00000000e+00 4.15089396e-01
0.00000000e+00 4.15408327e-01
0.00000000e+00 4.15727259e-01
0.00000000e+00 4.16046190e-01
0.00000000e+00 4.16365122e-01
0.00000000e+00 4.16684053e-01
0.00000000e+00 4.17002985e-01
0.00000000e+00 4.17321917e-01
0.00000000e+00 4.17640848e-01
0.00000000e+00 4.17959780e-01
0.00000000e+00 4.18278711e-01
0.00000000e+00 4.18597643e-01
0.00000000e+00 4.18916574e-01
0.00000000e+00 4.19235506e-01
0.00000000e+00 4.19554437e-01
0.00000000e+00 4.19873369e-01
0.00000000e+00 4.20192300e-01
0.00000000e+00 4.20511232e-01
0.00000000e+00 4.20830163e-01
0.00000000e+00 4.21149095e-01
0.00000000e+00 4.21468026e-01
0.00000000e+00 4.21786958e-01
0.00000000e+00 4.22105890e-01
0.00000000e+00 4.22424821e-01
0.00000000e+00 4.22743753e-01
0.00000000e+00 4.23062684e-01
0.00000000e+00 4.23381616e-01
0.00000000e+00 4.23700547e-01
0.00000000e+00 4.24019479e-01
0.00000000e+00 4.24338410e-01
0.00000000e+00 4.24657342e-01
0.00000000e+00 4.24976273e-01
0.00000000e+00 4.25295205e-01
0.00000000e+00 4.25614136e-01
0.00000000e+00 4.25933068e-01
0.00000000e+00 4.26252000e-01
0.00000000e+00 4.26570931e-01
0.00000000e+00 4.26889863e-01
0.00000000e+00 4.27208794e-01
0.00000000e+00 4.27527726e-01
0.00000000e+00 4.27846657e-01
0.00000000e+00 4.28165589e-01
0.00000000e+00 4.28484520e-01
0.00000000e+00 4.28803452e-01
0.00000000e+00 4.29122383e-01
0.00000000e+00 4.29441315e-01
0.00000000e+00 4.29760246e-01
0.00000000e+00 4.30079178e-01
0.00000000e+00 4.30398110e-01
0.00000000e+00 4.30717041e-01
0.00000000e+00 4.31035973e-01
0.00000000e+00 4.31354904e-01
0.00000000e+00 4.31673836e-01
0.00000000e+00 4.31992767e-01
0.00000000e+00 4.32311699e-01
0.00000000e+00 4.32630630e-01
0.00000000e+00 4.32949562e-01
0.00000000e+00 4.33268493e-01
0.00000000e+00 4.33587425e-01
0.00000000e+00 4.33906356e-01
0.00000000e+00 4.34225288e-01
0.00000000e+00 4.34544220e-01
0.00000000e+00 4.34863151e-01
0.00000000e+00 4.35182083e-01
0.00000000e+00 4.35501014e-01
0.00000000e+00 4.35819946e-01
0.00000000e+00 4.36138877e-01
0.00000000e+00 4.36457809e-01
0.00000000e+00 4.36776740e-01
0.00000000e+00 4.37095672e-01
0.00000000e+00 4.37414603e-01
0.00000000e+00 4.37733535e-01
0.00000000e+00 4.38052466e-01
0.00000000e+00 4.38371398e-01
0.00000000e+00 4.38690329e-01
0.00000000e+00 4.39009261e-01
0.00000000e+00 4.39328193e-01
0.00000000e+00 4.39647124e-01
0.00000000e+00 4.39966056e-01
0.00000000e+00 4.40284987e-01
0.00000000e+00 4.40603919e-01
0.00000000e+00 4.40922850e-01
0.00000000e+00 4.41241782e-01
0.00000000e+00 4.41560713e-01
0.00000000e+00 4.41879645e-01
0.00000000e+00 4.42198576e-01
0.00000000e+00 4.42517508e-01
0.00000000e+00 4.42836439e-01
0.00000000e+00 4.43155371e-01
0.00000000e+00 4.43474303e-01
0.00000000e+00 4.43793234e-01
0.00000000e+00 4.44112166e-01
0.00000000e+00 4.44431097e-01
0.00000000e+00 4.44750029e-01
0.00000000e+00 4.45068960e-01
0.00000000e+00 4.45387892e-01
0.00000000e+00 4.45706823e-01
0.00000000e+00 4.46025755e-01
0.00000000e+00 4.46344686e-01
0.00000000e+00 4.46663618e-01
0.00000000e+00 4.46982549e-01
0.00000000e+00 4.47301481e-01
0.00000000e+00 4.47620413e-01
0.00000000e+00 4.47939344e-01
0.00000000e+00 4.48258276e-01
0.00000000e+00 4.48577207e-01
0.00000000e+00 4.48896139e-01
0.00000000e+00 4.49215070e-01
0.00000000e+00 4.49534002e-01
0.00000000e+00 4.49852933e-01
0.00000000e+00 4.50171865e-01
0.00000000e+00 4.50490796e-01
0.00000000e+00 4.50809728e-01
0.00000000e+00 4.51128659e-01
0.00000000e+00 4.51447591e-01
0.00000000e+00 4.51766523e-01
0.00000000e+00 4.52085454e-01
0.00000000e+00 4.52404386e-01
0.00000000e+00 4.52723317e-01
0.00000000e+00 4.53042249e-01
0.00000000e+00 4.53361180e-01
0.00000000e+00 4.53680112e-01
0.00000000e+00 4.53999043e-01
0.00000000e+00 4.54317975e-01
0.00000000e+00 4.54636906e-01
0.00000000e+00 4.54955838e-01
0.00000000e+00 4.55274769e-01
0.00000000e+00 4.55593701e-01
0.00000000e+00 4.55912633e-01
0.00000000e+00 4.56231564e-01
0.00000000e+00 4.56550496e-01
0.00000000e+00 4.56869427e-01
0.00000000e+00 4.57188359e-01
0.00000000e+00 4.57507290e-01
0.00000000e+00 4.57826222e-01
0.00000000e+00 4.58145153e-01
0.00000000e+00 4.58464085e-01
0.00000000e+00 4.58783016e-01
0.00000000e+00 4.59101948e-01
0.00000000e+00 4.59420879e-01
0.00000000e+00 4.59739811e-01
0.00000000e+00 4.60058742e-01
0.00000000e+00 4.60377674e-01
0.00000000e+00 4.60696606e-01
0.00000000e+00 4.61015537e-01
0.00000000e+00 4.61334469e-01
0.00000000e+00 4.61653400e-01
0.00000000e+00 4.61972332e-01
0.00000000e+00 4.62291263e-01
0.00000000e+00 4.62610195e-01
0.00000000e+00 4.62929126e-01
0.00000000e+00 4.63248058e-01
0.00000000e+00 4.63566989e-01
0.00000000e+00 4.63885921e-01
0.00000000e+00 4.64204852e-01
0.00000000e+00 4.64523784e-01
0.00000000e+00 4.64842716e-01
0.00000000e+00 4.65161647e-01
0.00000000e+00 4.65480579e-01
0.00000000e+00 4.65799510e-01
0.00000000e+00 4.66118442e-01
0.00000000e+00 4.66437373e-01
0.00000000e+00 4.66756305e-01
0.00000000e+00 4.67075236e-01
0.00000000e+00 4.67394168e-01
0.00000000e+00 4.67713099e-01
0.00000000e+00 4.68032031e-01
0.00000000e+00 4.68350962e-01
0.00000000e+00 4.68669894e-01
0.00000000e+00 4.68988826e-01
0.00000000e+00 4.69307757e-01
0.00000000e+00 4.69626689e-01
0.00000000e+00 4.69945620e-01
0.00000000e+00 4.70264552e-01
0.00000000e+00 4.70583483e-01
0.00000000e+00 4.70902415e-01
0.00000000e+00 4.71221346e-01
0.00000000e+00 4.71540278e-01
0.00000000e+00 4.71859209e-01
0.00000000e+00 4.72178141e-01
0.00000000e+00 4.72497072e-01
0.00000000e+00 4.72816004e-01
0.00000000e+00 4.73134936e-01
0.00000000e+00 4.73453867e-01
0.00000000e+00 4.73772799e-01
0.00000000e+00 4.74091730e-01
0.00000000e+00 4.74410662e-01
0.00000000e+00 4.74729593e-01
0.00000000e+00 4.75048525e-01
0.00000000e+00 4.75367456e-01
0.00000000e+00 4.75686388e-01
0.00000000e+00 4.76005319e-01
0.00000000e+00 4.76324251e-01
0.00000000e+00 4.76643182e-01
0.00000000e+00 4.76962114e-01
0.00000000e+00 4.77281046e-01
0.00000000e+00 4.77599977e-01
0.00000000e+00 4.77918909e-01
0.00000000e+00 4.78237840e-01
0.00000000e+00 4.78556772e-01
0.00000000e+00 4.78875703e-01
0.00000000e+00 4.79194635e-01
0.00000000e+00 4.79513566e-01
0.00000000e+00 4.79832498e-01
0.00000000e+00 4.80151429e-01
0.00000000e+00 4.80470361e-01
0.00000000e+00 4.80789292e-01
0.00000000e+00 4.81108224e-01
0.00000000e+00 4.81427155e-01
0.00000000e+00 4.81746087e-01
0.00000000e+00 4.82065019e-01
0.00000000e+00 4.82383950e-01
0.00000000e+00 4.82702882e-01
0.00000000e+00 4.83021813e-01
0.00000000e+00 4.83340745e-01
0.00000000e+00 4.83659676e-01
0.00000000e+00 4.83978608e-01
0.00000000e+00 4.84297539e-01
0.00000000e+00 4.84616471e-01
0.00000000e+00 4.84935402e-01
0.00000000e+00 4.85254334e-01
0.00000000e+00 4.85573265e-01
0.00000000e+00 4.85892197e-01
0.00000000e+00 4.86211129e-01
0.00000000e+00 4.86530060e-01
0.00000000e+00 4.86848992e-01
0.00000000e+00 4.87167923e-01
0.00000000e+00 4.87486855e-01
0.00000000e+00 4.87805786e-01
0.00000000e+00 4.88124718e-01
0.00000000e+00 4.88443649e-01
0.00000000e+00 4.88762581e-01
0.00000000e+00 4.89081512e-01
0.00000000e+00 4.89400444e-01
0.00000000e+00 4.89719375e-01
0.00000000e+00 4.90038307e-01
0.00000000e+00 4.90357239e-01
0.00000000e+00 4.90676170e-01
0.00000000e+00 4.90995102e-01
0.00000000e+00 4.91314033e-01
0.00000000e+00 4.91632965e-01
0.00000000e+00 4.91951896e-01
0.00000000e+00 4.92270828e-01
0.00000000e+00 4.92589759e-01
0.00000000e+00 4.92908691e-01
0.00000000e+00 4.93227622e-01
0.00000000e+00 4.93546554e-01
0.00000000e+00 4.93865485e-01
0.00000000e+00 4.94184417e-01
0.00000000e+00 4.94503349e-01
0.00000000e+00 4.94822280e-01
0.00000000e+00 4.95141212e-01
0.00000000e+00 4.95460143e-01
0.00000000e+00 4.95779075e-01
0.00000000e+00 4.96098006e-01
0.00000000e+00 4.96416938e-01
0.00000000e+00 4.96735869e-01
0.00000000e+00 4.97054801e-01
0.00000000e+00 4.97373732e-01
0.00000000e+00 4.97692664e-01
0.00000000e+00 4.98011595e-01
0.00000000e+00 4.98330527e-01
0.00000000e+00 4.98649459e-01
0.00000000e+00 4.98968390e-01
0.00000000e+00 4.99287322e-01
0.00000000e+00 4.99606253e-01
0.00000000e+00 4.99925185e-01
