% ======================================================
% L-Bracket Method of Moments Solution
% ======================================================
% Frequency: 8.700 GHz
% Wavelength: 0.034459 m
% Segments: N=2902 (1451 horiz + 1451 vert)
% Transmitter: (25.0000, 25.0000) m
%
% Solver: SSOR with hierarchical omega
% omega = 0.1050
% iterations = 361
% convergence = 9.58e-10
% time = 216.90 seconds
% ======================================================
% Format: (real, imaginary) current coefficients
% ======================================================
( 1.08386012e-06,-9.41422387e-07)
( 3.45689913e-06,-3.47635306e-06)
( 5.74237334e-06,-5.85913491e-06)
( 8.01915398e-06,-8.22736782e-06)
( 1.02801518e-05,-1.05762626e-05)
( 1.25209002e-05,-1.29026283e-05)
( 1.47369519e-05,-1.52025061e-05)
( 1.69239188e-05,-1.74716935e-05)
( 1.90774749e-05,-1.97059115e-05)
( 2.11933629e-05,-2.19008772e-05)
( 2.32674026e-05,-2.40523443e-05)
( 2.52954981e-05,-2.61561270e-05)
( 2.72736460e-05,-2.82081172e-05)
( 2.91979426e-05,-3.02042984e-05)
( 3.10645915e-05,-3.21407560e-05)
( 3.28699113e-05,-3.40136878e-05)
( 3.46103424e-05,-3.58194123e-05)
( 3.62824542e-05,-3.75543776e-05)
( 3.78829514e-05,-3.92151680e-05)
( 3.94086810e-05,-4.07985123e-05)
( 4.08566383e-05,-4.23012899e-05)
( 4.22239724e-05,-4.37205373e-05)
( 4.35079923e-05,-4.50534543e-05)
( 4.47061722e-05,-4.62974095e-05)
( 4.58161559e-05,-4.74499457e-05)
( 4.68357620e-05,-4.85087847e-05)
( 4.77629879e-05,-4.94718320e-05)
( 4.85960138e-05,-5.03371808e-05)
( 4.93332063e-05,-5.11031160e-05)
( 4.99731214e-05,-5.17681177e-05)
( 5.05145076e-05,-5.23308639e-05)
( 5.09563083e-05,-5.27902333e-05)
( 5.12976634e-05,-5.31453077e-05)
( 5.15379118e-05,-5.33953736e-05)
( 5.16765920e-05,-5.35399238e-05)
( 5.17134430e-05,-5.35786584e-05)
( 5.16484054e-05,-5.35114854e-05)
( 5.14816206e-05,-5.33385209e-05)
( 5.12134312e-05,-5.30600891e-05)
( 5.08443801e-05,-5.26767213e-05)
( 5.03752091e-05,-5.21891554e-05)
( 4.98068579e-05,-5.15983340e-05)
( 4.91404615e-05,-5.09054029e-05)
( 4.83773490e-05,-5.01117088e-05)
( 4.75190397e-05,-4.92187969e-05)
( 4.65672410e-05,-4.82284073e-05)
( 4.55238446e-05,-4.71424724e-05)
( 4.43909229e-05,-4.59631126e-05)
( 4.31707246e-05,-4.46926324e-05)
( 4.18656706e-05,-4.33335157e-05)
( 4.04783488e-05,-4.18884213e-05)
( 3.90115094e-05,-4.03601775e-05)
( 3.74680590e-05,-3.87517766e-05)
( 3.58510551e-05,-3.70663689e-05)
( 3.41637002e-05,-3.53072571e-05)
( 3.24093350e-05,-3.34778890e-05)
( 3.05914319e-05,-3.15818516e-05)
( 2.87135887e-05,-2.96228636e-05)
( 2.67795207e-05,-2.76047680e-05)
( 2.47930536e-05,-2.55315251e-05)
( 2.27581163e-05,-2.34072044e-05)
( 2.06787326e-05,-2.12359766e-05)
( 1.85590136e-05,-1.90221055e-05)
( 1.64031495e-05,-1.67699397e-05)
( 1.42154012e-05,-1.44839041e-05)
( 1.20000920e-05,-1.21684911e-05)
( 9.76159906e-06,-9.82825168e-06)
( 7.50434464e-06,-7.46778680e-06)
( 5.23278754e-06,-5.09173813e-06)
( 2.95141423e-06,-2.70477896e-06)
( 6.64729972e-07,-3.11605079e-07)
(-1.62275004e-06, 2.08307451e-06)
(-3.90650957e-06, 4.47454684e-06)
(-6.18204028e-06, 6.85810422e-06)
(-8.44485057e-06, 9.22905355e-06)
(-1.06904744e-05, 1.15827255e-05)
(-1.29144803e-05, 1.39144838e-05)
(-1.51124798e-05, 1.62197341e-05)
(-1.72801362e-05, 1.84939336e-05)
(-1.94131730e-05, 2.07325994e-05)
(-2.15073828e-05, 2.29313176e-05)
(-2.35586349e-05, 2.50857520e-05)
(-2.55628836e-05, 2.71916528e-05)
(-2.75161767e-05, 2.92448646e-05)
(-2.94146626e-05, 3.12413351e-05)
(-3.12545980e-05, 3.31771228e-05)
(-3.30323557e-05, 3.50484048e-05)
(-3.47444312e-05, 3.68514846e-05)
(-3.63874497e-05, 3.85827992e-05)
(-3.79581731e-05, 4.02389260e-05)
(-3.94535058e-05, 4.18165903e-05)
(-4.08705011e-05, 4.33126709e-05)
(-4.22063670e-05, 4.47242070e-05)
(-4.34584716e-05, 4.60484034e-05)
(-4.46243481e-05, 4.72826370e-05)
(-4.57016999e-05, 4.84244610e-05)
(-4.66884049e-05, 4.94716107e-05)
(-4.75825198e-05, 5.04220073e-05)
(-4.83822839e-05, 5.12737624e-05)
(-4.90861222e-05, 5.20251819e-05)
(-4.96926489e-05, 5.26747690e-05)
(-5.02006701e-05, 5.32212276e-05)
(-5.06091856e-05, 5.36634648e-05)
(-5.09173915e-05, 5.40005930e-05)
(-5.11246814e-05, 5.42319320e-05)
(-5.12306474e-05, 5.43570099e-05)
(-5.12350814e-05, 5.43755647e-05)
(-5.11379750e-05, 5.42875445e-05)
(-5.09395198e-05, 5.40931078e-05)
(-5.06401068e-05, 5.37926232e-05)
(-5.02403256e-05, 5.33866687e-05)
(-4.97409634e-05, 5.28760307e-05)
(-4.91430033e-05, 5.22617027e-05)
(-4.84476223e-05, 5.15448828e-05)
(-4.76561892e-05, 5.07269721e-05)
(-4.67702616e-05, 4.98095716e-05)
(-4.57915827e-05, 4.87944792e-05)
(-4.47220784e-05, 4.76836860e-05)
(-4.35638531e-05, 4.64793729e-05)
(-4.23191855e-05, 4.51839059e-05)
(-4.09905242e-05, 4.37998316e-05)
(-3.95804831e-05, 4.23298722e-05)
(-3.80918356e-05, 4.07769205e-05)
(-3.65275100e-05, 3.91440335e-05)
(-3.48905829e-05, 3.74344273e-05)
(-3.31842737e-05, 3.56514700e-05)
(-3.14119381e-05, 3.37986756e-05)
(-2.95770613e-05, 3.18796968e-05)
(-2.76832513e-05, 2.98983179e-05)
(-2.57342318e-05, 2.78584474e-05)
(-2.37338349e-05, 2.57641103e-05)
(-2.16859934e-05, 2.36194401e-05)
(-1.95947333e-05, 2.14286706e-05)
(-1.74641654e-05, 1.91961276e-05)
(-1.52984779e-05, 1.69262205e-05)
(-1.31019276e-05, 1.46234335e-05)
(-1.08788317e-05, 1.22923164e-05)
(-8.63355934e-06, 9.93747620e-06)
(-6.37052305e-06, 7.56356765e-06)
(-4.09416990e-06, 5.17528401e-06)
(-1.80897290e-06, 2.77734788e-06)
( 4.80577901e-07, 3.74501836e-07)
( 2.76998416e-06,-2.02850103e-06)
( 5.05474815e-06,-4.42690645e-06)
( 7.33038159e-06,-6.81596847e-06)
( 9.59241448e-06,-9.19095878e-06)
( 1.18364039e-05,-1.15471762e-05)
( 1.40579426e-05,-1.38799558e-05)
( 1.62526681e-05,-1.61846785e-05)
( 1.84162707e-05,-1.84567800e-05)
( 2.05445024e-05,-2.06917597e-05)
( 2.26331849e-05,-2.28851900e-05)
( 2.46782183e-05,-2.50327248e-05)
( 2.66755887e-05,-2.71301084e-05)
( 2.86213763e-05,-2.91731838e-05)
( 3.05117630e-05,-3.11579008e-05)
( 3.23430401e-05,-3.30803244e-05)
( 3.41116155e-05,-3.49366424e-05)
( 3.58140208e-05,-3.67231732e-05)
( 3.74469180e-05,-3.84363729e-05)
( 3.90071061e-05,-4.00728424e-05)
( 4.04915276e-05,-4.16293343e-05)
( 4.18972743e-05,-4.31027593e-05)
( 4.32215932e-05,-4.44901923e-05)
( 4.44618916e-05,-4.57888784e-05)
( 4.56157426e-05,-4.69962381e-05)
( 4.66808897e-05,-4.81098730e-05)
( 4.76552511e-05,-4.91275699e-05)
( 4.85369241e-05,-5.00473058e-05)
( 4.93241886e-05,-5.08672515e-05)
( 5.00155107e-05,-5.15857756e-05)
( 5.06095455e-05,-5.22014478e-05)
( 5.11051398e-05,-5.27130414e-05)
( 5.15013346e-05,-5.31195361e-05)
( 5.17973667e-05,-5.34201199e-05)
( 5.19926703e-05,-5.36141909e-05)
( 5.20868783e-05,-5.37013582e-05)
( 5.20798228e-05,-5.36814431e-05)
( 5.19715355e-05,-5.35544794e-05)
( 5.17622476e-05,-5.33207131e-05)
( 5.14523896e-05,-5.29806022e-05)
( 5.10425900e-05,-5.25348156e-05)
( 5.05336745e-05,-5.19842322e-05)
( 4.99266642e-05,-5.13299387e-05)
( 4.92227736e-05,-5.05732277e-05)
( 4.84234081e-05,-4.97155953e-05)
( 4.75301615e-05,-4.87587377e-05)
( 4.65448126e-05,-4.77045484e-05)
( 4.54693219e-05,-4.65551142e-05)
( 4.43058277e-05,-4.53127110e-05)
( 4.30566416e-05,-4.39797993e-05)
( 4.17242446e-05,-4.25590196e-05)
( 4.03112813e-05,-4.10531869e-05)
( 3.88205556e-05,-3.94652852e-05)
( 3.72550247e-05,-3.77984617e-05)
( 3.56177932e-05,-3.60560204e-05)
( 3.39121071e-05,-3.42414156e-05)
( 3.21413477e-05,-3.23582451e-05)
( 3.03090244e-05,-3.04102432e-05)
( 2.84187682e-05,-2.84012730e-05)
( 2.64743241e-05,-2.63353189e-05)
( 2.44795445e-05,-2.42164786e-05)
( 2.24383805e-05,-2.20489553e-05)
( 2.03548751e-05,-1.98370490e-05)
( 1.82331547e-05,-1.75851480e-05)
( 1.60774209e-05,-1.52977205e-05)
( 1.38919428e-05,-1.29793054e-05)
( 1.16810476e-05,-1.06345033e-05)
( 9.44911301e-06,-8.26796788e-06)
( 7.20055803e-06,-5.88439594e-06)
( 4.93983441e-06,-3.48851861e-06)
( 2.67141783e-06,-1.08509174e-06)
( 3.99799073e-07, 1.32111345e-06)
(-1.87052489e-06, 3.72531988e-06)
(-4.13505973e-06, 6.12275406e-06)
(-6.38932272e-06, 8.50865555e-06)
(-8.62885151e-06, 1.08782864e-05)
(-1.08492130e-05, 1.32269406e-05)
(-1.30460122e-05, 1.55499533e-05)
(-1.52149006e-05, 1.78427101e-05)
(-1.73515852e-05, 2.01006563e-05)
(-1.94518368e-05, 2.23193059e-05)
(-2.15114982e-05, 2.44942501e-05)
(-2.35264928e-05, 2.66211667e-05)
(-2.54928323e-05, 2.86958283e-05)
(-2.74066248e-05, 3.07141104e-05)
(-2.92640825e-05, 3.26720003e-05)
(-3.10615292e-05, 3.45656042e-05)
(-3.27954075e-05, 3.63911556e-05)
(-3.44622858e-05, 3.81450222e-05)
(-3.60588654e-05, 3.98237138e-05)
(-3.75819866e-05, 4.14238882e-05)
(-3.90286354e-05, 4.29423589e-05)
(-4.03959492e-05, 4.43761004e-05)
(-4.16812223e-05, 4.57222549e-05)
(-4.28819120e-05, 4.69781378e-05)
(-4.39956426e-05, 4.81412425e-05)
(-4.50202109e-05, 4.92092462e-05)
(-4.59535906e-05, 5.01800136e-05)
(-4.67939355e-05, 5.10516019e-05)
(-4.75395841e-05, 5.18222640e-05)
(-4.81890623e-05, 5.24904522e-05)
(-4.87410868e-05, 5.30548215e-05)
(-4.91945671e-05, 5.35142316e-05)
(-4.95486081e-05, 5.38677498e-05)
(-4.98025117e-05, 5.41146525e-05)
(-4.99557781e-05, 5.42544266e-05)
(-5.00081072e-05, 5.42867704e-05)
(-4.99593987e-05, 5.42115945e-05)
(-4.98097524e-05, 5.40290218e-05)
(-4.95594684e-05, 5.37393871e-05)
(-4.92090462e-05, 5.33432365e-05)
(-4.87591835e-05, 5.28413263e-05)
(-4.82107752e-05, 5.22346216e-05)
(-4.75649117e-05, 5.15242943e-05)
(-4.68228761e-05, 5.07117205e-05)
(-4.59861425e-05, 4.97984781e-05)
(-4.50563725e-05, 4.87863436e-05)
(-4.40354119e-05, 4.76772884e-05)
(-4.29252875e-05, 4.64734751e-05)
(-4.17282027e-05, 4.51772530e-05)
(-4.04465331e-05, 4.37911537e-05)
(-3.90828220e-05, 4.23178856e-05)
(-3.76397753e-05, 4.07603292e-05)
(-3.61202560e-05, 3.91215307e-05)
(-3.45272786e-05, 3.74046967e-05)
(-3.28640034e-05, 3.56131872e-05)
(-3.11337295e-05, 3.37505092e-05)
(-2.93398891e-05, 3.18203099e-05)
(-2.74860401e-05, 2.98263693e-05)
(-2.55758592e-05, 2.77725929e-05)
(-2.36131348e-05, 2.56630037e-05)
(-2.16017592e-05, 2.35017346e-05)
(-1.95457210e-05, 2.12930201e-05)
(-1.74490972e-05, 1.90411878e-05)
(-1.53160451e-05, 1.67506499e-05)
(-1.31507941e-05, 1.44258949e-05)
(-1.09576369e-05, 1.20714782e-05)
(-8.74092182e-06, 9.69201326e-06)
(-6.50504327e-06, 7.29216278e-06)
(-4.25443360e-06, 4.87662925e-06)
(-1.99355411e-06, 2.45014576e-06)
( 2.73113791e-07, 1.74666627e-08)
( 2.54107745e-06,-2.41664174e-06)
( 4.80584191e-06,-4.84741062e-06)
( 7.06291880e-06,-7.27007801e-06)
( 9.30783525e-06,-9.67989814e-06)
( 1.15361428e-05,-1.20721508e-05)
( 1.37434260e-05,-1.44421506e-05)
( 1.59253116e-05,-1.67852563e-05)
( 1.80774769e-05,-1.90968795e-05)
( 2.01956582e-05,-2.13724945e-05)
( 2.22756595e-05,-2.36076461e-05)
( 2.43133609e-05,-2.57979593e-05)
( 2.63047263e-05,-2.79391475e-05)
( 2.82458120e-05,-3.00270207e-05)
( 3.01327740e-05,-3.20574940e-05)
( 3.19618758e-05,-3.40265958e-05)
( 3.37294958e-05,-3.59304750e-05)
( 3.54321344e-05,-3.77654092e-05)
( 3.70664212e-05,-3.95278114e-05)
( 3.86291210e-05,-4.12142376e-05)
( 4.01171410e-05,-4.28213932e-05)
( 4.15275363e-05,-4.43461393e-05)
( 4.28575159e-05,-4.57854993e-05)
( 4.41044483e-05,-4.71366646e-05)
( 4.52658665e-05,-4.83969996e-05)
( 4.63394731e-05,-4.95640476e-05)
( 4.73231445e-05,-5.06355352e-05)
( 4.82149352e-05,-5.16093766e-05)
( 4.90130819e-05,-5.24836781e-05)
( 4.97160063e-05,-5.32567414e-05)
( 5.03223188e-05,-5.39270671e-05)
( 5.08308210e-05,-5.44933578e-05)
( 5.12405079e-05,-5.49545202e-05)
( 5.15505699e-05,-5.53096676e-05)
( 5.17603943e-05,-5.55581214e-05)
( 5.18695668e-05,-5.56994126e-05)
( 5.18778716e-05,-5.57332824e-05)
( 5.17852926e-05,-5.56596832e-05)
( 5.15920125e-05,-5.54787781e-05)
( 5.12984130e-05,-5.51909411e-05)
( 5.09050738e-05,-5.47967558e-05)
( 5.04127713e-05,-5.42970148e-05)
( 4.98224770e-05,-5.36927177e-05)
( 4.91353556e-05,-5.29850694e-05)
( 4.83527627e-05,-5.21754776e-05)
( 4.74762418e-05,-5.12655502e-05)
( 4.65075213e-05,-5.02570917e-05)
( 4.54485110e-05,-4.91521003e-05)
( 4.43012984e-05,-4.79527633e-05)
( 4.30681442e-05,-4.66614536e-05)
( 4.17514780e-05,-4.52807240e-05)
( 4.03538934e-05,-4.38133034e-05)
( 3.88781426e-05,-4.22620904e-05)
( 3.73271310e-05,-4.06301483e-05)
( 3.57039116e-05,-3.89206986e-05)
( 3.40116786e-05,-3.71371152e-05)
( 3.22537611e-05,-3.52829174e-05)
( 3.04336164e-05,-3.33617632e-05)
( 2.85548234e-05,-3.13774419e-05)
( 2.66210750e-05,-2.93338669e-05)
( 2.46361711e-05,-2.72350682e-05)
( 2.26040110e-05,-2.50851839e-05)
( 2.05285853e-05,-2.28884528e-05)
( 1.84139684e-05,-2.06492056e-05)
( 1.62643101e-05,-1.83718565e-05)
( 1.40838277e-05,-1.60608949e-05)
( 1.18767971e-05,-1.37208761e-05)
( 9.64754481e-06,-1.13564127e-05)
( 7.40043903e-06,-8.97216556e-06)
( 5.13988120e-06,-6.57283438e-06)
( 2.87029721e-06,-4.16314888e-06)
( 5.96128586e-07,-1.74785926e-06)
(-1.67817622e-06, 6.68273019e-07)
(-3.94817067e-06, 3.08048456e-06)
(-6.20941895e-06, 5.48401942e-06)
(-8.45750467e-06, 7.87413838e-06)
(-1.06880396e-05, 1.02461283e-05)
(-1.28966725e-05, 1.25953113e-05)
(-1.50790974e-05, 1.49170540e-05)
(-1.72310622e-05, 1.72067766e-05)
(-1.93483772e-05, 1.94599619e-05)
(-2.14269233e-05, 2.16721640e-05)
(-2.34626597e-05, 2.38390173e-05)
(-2.54516325e-05, 2.59562449e-05)
(-2.73899820e-05, 2.80196670e-05)
(-2.92739503e-05, 3.00252095e-05)
(-3.10998890e-05, 3.19689112e-05)
(-3.28642658e-05, 3.38469325e-05)
(-3.45636720e-05, 3.56555624e-05)
(-3.61948288e-05, 3.73912260e-05)
(-3.77545936e-05, 3.90504916e-05)
(-3.92399666e-05, 4.06300773e-05)
(-4.06480962e-05, 4.21268576e-05)
(-4.19762845e-05, 4.35378697e-05)
(-4.32219930e-05, 4.48603191e-05)
(-4.43828472e-05, 4.60915853e-05)
(-4.54566412e-05, 4.72292270e-05)
(-4.64413418e-05, 4.82709869e-05)
(-4.73350929e-05, 4.92147963e-05)
(-4.81362185e-05, 5.00587790e-05)
(-4.88432263e-05, 5.08012553e-05)
(-4.94548103e-05, 5.14407453e-05)
(-4.99698534e-05, 5.19759717e-05)
(-5.03874295e-05, 5.24058626e-05)
(-5.07068049e-05, 5.27295536e-05)
(-5.09274402e-05, 5.29463896e-05)
(-5.10489906e-05, 5.30559263e-05)
(-5.10713071e-05, 5.30579307e-05)
(-5.09944361e-05, 5.29523823e-05)
(-5.08186196e-05, 5.27394728e-05)
(-5.05442944e-05, 5.24196057e-05)
(-5.01720912e-05, 5.19933961e-05)
(-4.97028331e-05, 5.14616692e-05)
(-4.91375342e-05, 5.08254588e-05)
(-4.84773970e-05, 5.00860055e-05)
(-4.77238103e-05, 4.92447544e-05)
(-4.68783462e-05, 4.83033520e-05)
(-4.59427568e-05, 4.72636436e-05)
(-4.49189709e-05, 4.61276693e-05)
(-4.38090899e-05, 4.48976602e-05)
(-4.26153833e-05, 4.35760346e-05)
(-4.13402849e-05, 4.21653924e-05)
(-3.99863869e-05, 4.06685108e-05)
(-3.85564356e-05, 3.90883390e-05)
(-3.70533254e-05, 3.74279918e-05)
(-3.54800929e-05, 3.56907443e-05)
(-3.38399112e-05, 3.38800251e-05)
(-3.21360835e-05, 3.19994097e-05)
(-3.03720363e-05, 3.00526139e-05)
(-2.85513127e-05, 2.80434859e-05)
(-2.66775652e-05, 2.59759995e-05)
(-2.47545490e-05, 2.38542459e-05)
(-2.27861136e-05, 2.16824259e-05)
(-2.07761962e-05, 1.94648416e-05)
(-1.87288129e-05, 1.72058882e-05)
(-1.66480516e-05, 1.49100451e-05)
(-1.45380634e-05, 1.25818672e-05)
(-1.24030544e-05, 1.02259762e-05)
(-1.02472777e-05, 7.84705148e-06)
(-8.07502469e-06, 5.44982056e-06)
(-5.89061668e-06, 3.03905027e-06)
(-3.69839643e-06, 6.19537182e-07)
(-1.50271950e-06,-1.80390182e-06)
( 6.92054307e-07,-4.22643900e-06)
( 2.88156951e-06,-6.64324526e-06)
( 5.06148354e-06,-9.04949968e-06)
( 7.22747532e-06,-1.14403990e-05)
( 9.37525371e-06,-1.38111671e-05)
( 1.15005660e-05,-1.61570646e-05)
( 1.35992061e-05,-1.84733978e-05)
( 1.56670232e-05,-2.07555284e-05)
( 1.76999293e-05,-2.29988826e-05)
( 1.96939079e-05,-2.51989599e-05)
( 2.16450213e-05,-2.73513423e-05)
( 2.35494187e-05,-2.94517031e-05)
( 2.54033437e-05,-3.14958153e-05)
( 2.72031414e-05,-3.34795599e-05)
( 2.89452657e-05,-3.53989345e-05)
( 3.06262864e-05,-3.72500610e-05)
( 3.22428956e-05,-3.90291935e-05)
( 3.37919145e-05,-4.07327256e-05)
( 3.52702991e-05,-4.23571977e-05)
( 3.66751469e-05,-4.38993039e-05)
( 3.80037018e-05,-4.53558988e-05)
( 3.92533598e-05,-4.67240036e-05)
( 4.04216742e-05,-4.80008122e-05)
( 4.15063601e-05,-4.91836969e-05)
( 4.25052989e-05,-5.02702137e-05)
( 4.34165426e-05,-5.12581072e-05)
( 4.42383174e-05,-5.21453152e-05)
( 4.49690270e-05,-5.29299729e-05)
( 4.56072561e-05,-5.36104167e-05)
( 4.61517727e-05,-5.41851880e-05)
( 4.66015308e-05,-5.46530357e-05)
( 4.69556720e-05,-5.50129188e-05)
( 4.72135277e-05,-5.52640093e-05)
( 4.73746197e-05,-5.54056933e-05)
( 4.74386617e-05,-5.54375725e-05)
( 4.74055595e-05,-5.53594654e-05)
( 4.72754111e-05,-5.51714077e-05)
( 4.70485065e-05,-5.48736522e-05)
( 4.67253272e-05,-5.44666686e-05)
( 4.63065452e-05,-5.39511428e-05)
( 4.57930214e-05,-5.33279755e-05)
( 4.51858042e-05,-5.25982809e-05)
( 4.44861271e-05,-5.17633842e-05)
( 4.36954063e-05,-5.08248195e-05)
( 4.28152383e-05,-4.97843267e-05)
( 4.18473959e-05,-4.86438484e-05)
( 4.07938255e-05,-4.74055260e-05)
( 3.96566428e-05,-4.60716956e-05)
( 3.84381285e-05,-4.46448837e-05)
( 3.71407244e-05,-4.31278022e-05)
( 3.57670280e-05,-4.15233433e-05)
( 3.43197873e-05,-3.98345737e-05)
( 3.28018959e-05,-3.80647286e-05)
( 3.12163870e-05,-3.62172059e-05)
( 2.95664273e-05,-3.42955588e-05)
( 2.78553111e-05,-3.23034899e-05)
( 2.60864533e-05,-3.02448428e-05)
( 2.42633833e-05,-2.81235956e-05)
( 2.23897375e-05,-2.59438526e-05)
( 2.04692523e-05,-2.37098361e-05)
( 1.85057572e-05,-2.14258788e-05)
( 1.65031665e-05,-1.90964146e-05)
( 1.44654720e-05,-1.67259702e-05)
( 1.23967353e-05,-1.43191563e-05)
( 1.03010796e-05,-1.18806582e-05)
( 8.18268150e-06,-9.41522682e-06)
( 6.04576297e-06,-6.92766943e-06)
( 3.89458298e-06,-4.42283987e-06)
( 1.73342913e-06,-1.90562917e-06)
(-4.33390802e-07, 6.19044128e-07)
(-2.60155731e-06, 3.14624376e-06)
(-4.76674766e-06, 5.67102543e-06)
(-6.92464440e-06, 8.18844661e-06)
(-9.07094386e-06, 1.06935764e-05)
(-1.12013646e-05, 1.31815050e-05)
(-1.33116558e-05, 1.56473540e-05)
(-1.53976057e-05, 1.80862855e-05)
(-1.74550499e-05, 2.04935120e-05)
(-1.94798793e-05, 2.28643058e-05)
(-2.14680487e-05, 2.51940083e-05)
(-2.34155842e-05, 2.74780397e-05)
(-2.53185913e-05, 2.97119074e-05)
(-2.71732627e-05, 3.18912155e-05)
(-2.89758854e-05, 3.40116734e-05)
(-3.07228486e-05, 3.60691042e-05)
(-3.24106501e-05, 3.80594532e-05)
(-3.40359038e-05, 3.99787959e-05)
(-3.55953461e-05, 4.18233457e-05)
(-3.70858423e-05, 4.35894617e-05)
(-3.85043929e-05, 4.52736558e-05)
(-3.98481397e-05, 4.68725998e-05)
(-4.11143710e-05, 4.83831319e-05)
(-4.23005272e-05, 4.98022629e-05)
(-4.34042059e-05, 5.11271828e-05)
(-4.44231666e-05, 5.23552656e-05)
(-4.53553352e-05, 5.34840751e-05)
(-4.61988078e-05, 5.45113697e-05)
(-4.69518551e-05, 5.54351067e-05)
(-4.76129251e-05, 5.62534467e-05)
(-4.81806468e-05, 5.69647571e-05)
(-4.86538324e-05, 5.75676154e-05)
(-4.90314801e-05, 5.80608122e-05)
(-4.93127760e-05, 5.84433534e-05)
(-4.94970955e-05, 5.87144627e-05)
(-4.95840048e-05, 5.88735825e-05)
(-4.95732618e-05, 5.89203757e-05)
(-4.94648166e-05, 5.88547260e-05)
(-4.92588113e-05, 5.86767386e-05)
(-4.89555803e-05, 5.83867393e-05)
(-4.85556493e-05, 5.79852749e-05)
(-4.80597345e-05, 5.74731111e-05)
(-4.74687410e-05, 5.68512318e-05)
(-4.67837613e-05, 5.61208370e-05)
(-4.60060732e-05, 5.52833401e-05)
(-4.51371368e-05, 5.43403656e-05)
(-4.41785927e-05, 5.32937457e-05)
(-4.31322575e-05, 5.21455164e-05)
(-4.20001214e-05, 5.08979142e-05)
(-4.07843437e-05, 4.95533709e-05)
(-3.94872488e-05, 4.81145094e-05)
(-3.81113213e-05, 4.65841383e-05)
(-3.66592017e-05, 4.49652460e-05)
(-3.51336810e-05, 4.32609955e-05)
(-3.35376949e-05, 4.14747174e-05)
(-3.18743186e-05, 3.96099039e-05)
(-3.01467604e-05, 3.76702014e-05)
(-2.83583554e-05, 3.56594039e-05)
(-2.65125592e-05, 3.35814445e-05)
(-2.46129409e-05, 3.14403888e-05)
(-2.26631762e-05, 2.92404257e-05)
(-2.06670401e-05, 2.69858600e-05)
(-1.86283996e-05, 2.46811032e-05)
(-1.65512059e-05, 2.23306653e-05)
(-1.44394869e-05, 1.99391454e-05)
(-1.22973390e-05, 1.75112228e-05)
(-1.01289192e-05, 1.50516478e-05)
(-7.93843694e-06, 1.25652321e-05)
(-5.73014563e-06, 1.00568392e-05)
(-3.50833453e-06, 7.53137502e-06)
(-1.27732012e-06, 4.99377809e-06)
( 9.58562305e-07, 2.44900959e-06)
( 3.19496725e-06,-9.79563306e-08)
( 5.42754751e-06,-2.64214246e-06)
( 7.65196281e-06,-5.17857836e-06)
( 9.86388828e-06,-7.70231028e-06)
( 1.20590230e-05,-1.02084109e-05)
( 1.42330986e-05,-1.26919890e-05)
( 1.63818874e-05,-1.51481996e-05)
( 1.85012111e-05,-1.75722528e-05)
( 2.05869486e-05,-1.99594239e-05)
( 2.26350446e-05,-2.23050625e-05)
( 2.46415172e-05,-2.46046017e-05)
( 2.66024659e-05,-2.68535671e-05)
( 2.85140793e-05,-2.90475859e-05)
( 3.03726426e-05,-3.11823950e-05)
( 3.21745450e-05,-3.32538500e-05)
( 3.39162866e-05,-3.52579331e-05)
( 3.55944855e-05,-3.71907609e-05)
( 3.72058844e-05,-3.90485924e-05)
( 3.87473571e-05,-4.08278361e-05)
( 4.02159143e-05,-4.25250571e-05)
( 4.16087100e-05,-4.41369842e-05)
( 4.29230468e-05,-4.56605156e-05)
( 4.41563811e-05,-4.70927258e-05)
( 4.53063285e-05,-4.84308708e-05)
( 4.63706679e-05,-4.96723938e-05)
( 4.73473465e-05,-5.08149300e-05)
( 4.82344834e-05,-5.18563111e-05)
( 4.90303733e-05,-5.27945700e-05)
( 4.97334900e-05,-5.36279441e-05)
( 5.03424893e-05,-5.43548793e-05)
( 5.08562116e-05,-5.49740322e-05)
( 5.12736842e-05,-5.54842735e-05)
( 5.15941229e-05,-5.58846898e-05)
( 5.18169341e-05,-5.61745851e-05)
( 5.19417153e-05,-5.63534825e-05)
( 5.19682561e-05,-5.64211250e-05)
( 5.18965387e-05,-5.63774756e-05)
( 5.17267374e-05,-5.62227178e-05)
( 5.14592189e-05,-5.59572547e-05)
( 5.10945408e-05,-5.55817082e-05)
( 5.06334509e-05,-5.50969179e-05)
( 5.00768855e-05,-5.45039394e-05)
( 4.94259675e-05,-5.38040416e-05)
( 4.86820039e-05,-5.29987048e-05)
( 4.78464835e-05,-5.20896171e-05)
( 4.69210737e-05,-5.10786713e-05)
( 4.59076169e-05,-4.99679611e-05)
( 4.48081273e-05,-4.87597767e-05)
( 4.36247862e-05,-4.74566001e-05)
( 4.23599383e-05,-4.60611005e-05)
( 4.10160863e-05,-4.45761287e-05)
( 3.95958863e-05,-4.30047112e-05)
( 3.81021423e-05,-4.13500446e-05)
( 3.65378008e-05,-3.96154887e-05)
( 3.49059443e-05,-3.78045602e-05)
( 3.32097859e-05,-3.59209254e-05)
( 3.14526623e-05,-3.39683931e-05)
( 2.96380273e-05,-3.19509068e-05)
( 2.77694449e-05,-2.98725370e-05)
( 2.58505823e-05,-2.77374730e-05)
( 2.38852022e-05,-2.55500146e-05)
( 2.18771557e-05,-2.33145636e-05)
( 1.98303742e-05,-2.10356150e-05)
( 1.77488622e-05,-1.87177480e-05)
( 1.56366883e-05,-1.63656171e-05)
( 1.34979783e-05,-1.39839426e-05)
( 1.13369060e-05,-1.15775015e-05)
( 9.15768531e-06,-9.15111792e-06)
( 6.96456195e-06,-6.70965341e-06)
( 4.76180479e-06,-4.25799755e-06)
( 2.55369749e-06,-1.80105811e-06)
( 3.44529977e-07, 6.56248622e-07)
(-1.86141008e-06, 3.10900754e-06)
(-4.05984576e-06, 5.55231449e-06)
(-6.24651936e-06, 7.98128594e-06)
(-8.41720080e-06, 1.03910686e-05)
(-1.05676960e-05, 1.27768491e-05)
(-1.26938553e-05, 1.51338635e-05)
(-1.47915814e-05, 1.74574065e-05)
(-1.68568375e-05, 1.97428410e-05)
(-1.88856555e-05, 2.19856070e-05)
(-2.08741434e-05, 2.41812309e-05)
(-2.28184934e-05, 2.63253341e-05)
(-2.47149890e-05, 2.84136415e-05)
(-2.65600124e-05, 3.04419904e-05)
(-2.83500518e-05, 3.24063382e-05)
(-3.00817077e-05, 3.43027708e-05)
(-3.17517002e-05, 3.61275099e-05)
(-3.33568750e-05, 3.78769208e-05)
(-3.48942095e-05, 3.95475192e-05)
(-3.63608188e-05, 4.11359786e-05)
(-3.77539614e-05, 4.26391363e-05)
(-3.90710441e-05, 4.40539998e-05)
(-4.03096272e-05, 4.53777529e-05)
(-4.14674293e-05, 4.66077610e-05)
(-4.25423314e-05, 4.77415765e-05)
(-4.35323811e-05, 4.87769432e-05)
(-4.44357961e-05, 4.97118015e-05)
(-4.52509677e-05, 5.05442916e-05)
(-4.59764638e-05, 5.12727576e-05)
(-4.66110314e-05, 5.18957511e-05)
(-4.71535988e-05, 5.24120332e-05)
(-4.76032778e-05, 5.28205778e-05)
(-4.79593650e-05, 5.31205730e-05)
(-4.82213430e-05, 5.33114231e-05)
(-4.83888812e-05, 5.33927496e-05)
(-4.84618363e-05, 5.33643921e-05)
(-4.84402520e-05, 5.32264084e-05)
(-4.83243592e-05, 5.29790746e-05)
(-4.81145750e-05, 5.26228847e-05)
(-4.78115014e-05, 5.21585491e-05)
(-4.74159243e-05, 5.15869939e-05)
(-4.69288114e-05, 5.09093586e-05)
(-4.63513100e-05, 5.01269943e-05)
(-4.56847448e-05, 4.92414606e-05)
(-4.49306145e-05, 4.82545230e-05)
(-4.40905891e-05, 4.71681491e-05)
(-4.31665058e-05, 4.59845052e-05)
(-4.21603657e-05, 4.47059515e-05)
(-4.10743290e-05, 4.33350380e-05)
(-3.99107110e-05, 4.18744992e-05)
(-3.86719768e-05, 4.03272490e-05)
(-3.73607365e-05, 3.86963747e-05)
(-3.59797398e-05, 3.69851315e-05)
(-3.45318699e-05, 3.51969354e-05)
(-3.30201382e-05, 3.33353571e-05)
(-3.14476776e-05, 3.14041149e-05)
(-2.98177364e-05, 2.94070671e-05)
(-2.81336712e-05, 2.73482050e-05)
(-2.63989409e-05, 2.52316446e-05)
(-2.46170989e-05, 2.30616188e-05)
(-2.27917859e-05, 2.08424691e-05)
(-2.09267231e-05, 1.85786370e-05)
(-1.90257043e-05, 1.62746552e-05)
(-1.70925880e-05, 1.39351391e-05)
(-1.51312902e-05, 1.15647773e-05)
(-1.31457759e-05, 9.16832274e-06)
(-1.11400515e-05, 6.75058315e-06)
(-9.11815692e-06, 4.31641173e-06)
(-7.08415696e-06, 1.87069759e-06)
(-5.04213361e-06,-5.81643862e-07)
(-2.99617776e-06,-3.03568059e-06)
(-9.50381010e-07,-5.48647362e-06)
( 1.09117243e-06,-7.92908677e-06)
( 3.12441387e-06,-1.03585964e-05)
( 5.14529826e-06,-1.27701010e-05)
( 7.14981215e-06,-1.51587309e-05)
( 9.13398166e-06,-1.75196582e-05)
( 1.10938803e-05,-1.98481057e-05)
( 1.30256369e-05,-2.21393569e-05)
( 1.49254428e-05,-2.43887648e-05)
( 1.67895599e-05,-2.65917617e-05)
( 1.86143276e-05,-2.87438677e-05)
( 2.03961699e-05,-3.08407001e-05)
( 2.21316029e-05,-3.28779817e-05)
( 2.38172411e-05,-3.48515493e-05)
( 2.54498040e-05,-3.67573623e-05)
( 2.70261229e-05,-3.85915107e-05)
( 2.85431467e-05,-4.03502225e-05)
( 2.99979477e-05,-4.20298719e-05)
( 3.13877276e-05,-4.36269859e-05)
( 3.27098226e-05,-4.51382518e-05)
( 3.39617085e-05,-4.65605237e-05)
( 3.51410057e-05,-4.78908286e-05)
( 3.62454837e-05,-4.91263728e-05)
( 3.72730650e-05,-5.02645474e-05)
( 3.82218294e-05,-5.13029336e-05)
( 3.90900174e-05,-5.22393078e-05)
( 3.98760335e-05,-5.30716458e-05)
( 4.05784492e-05,-5.37981275e-05)
( 4.11960054e-05,-5.44171404e-05)
( 4.17276150e-05,-5.49272829e-05)
( 4.21723644e-05,-5.53273678e-05)
( 4.25295154e-05,-5.56164241e-05)
( 4.27985064e-05,-5.57936997e-05)
( 4.29789529e-05,-5.58586633e-05)
( 4.30706487e-05,-5.58110050e-05)
( 4.30735652e-05,-5.56506378e-05)
( 4.29878521e-05,-5.53776976e-05)
( 4.28138362e-05,-5.49925437e-05)
( 4.25520207e-05,-5.44957579e-05)
( 4.22030842e-05,-5.38881437e-05)
( 4.17678789e-05,-5.31707252e-05)
( 4.12474284e-05,-5.23447454e-05)
( 4.06429262e-05,-5.14116635e-05)
( 3.99557324e-05,-5.03731531e-05)
( 3.91873710e-05,-4.92310985e-05)
( 3.83395268e-05,-4.79875917e-05)
( 3.74140418e-05,-4.66449281e-05)
( 3.64129111e-05,-4.52056030e-05)
( 3.53382792e-05,-4.36723061e-05)
( 3.41924352e-05,-4.20479171e-05)
( 3.29778080e-05,-4.03355000e-05)
( 3.16969619e-05,-3.85382974e-05)
( 3.03525905e-05,-3.66597242e-05)
( 2.89475121e-05,-3.47033616e-05)
( 2.74846630e-05,-3.26729498e-05)
( 2.59670925e-05,-3.05723808e-05)
( 2.43979560e-05,-2.84056916e-05)
( 2.27805091e-05,-2.61770557e-05)
( 2.11181005e-05,-2.38907757e-05)
( 1.94141659e-05,-2.15512746e-05)
( 1.76722206e-05,-1.91630875e-05)
( 1.58958525e-05,-1.67308526e-05)
( 1.40887153e-05,-1.42593027e-05)
( 1.22545207e-05,-1.17532554e-05)
( 1.03970311e-05,-9.21760437e-06)
( 8.52005241e-06,-6.65730930e-06)
( 6.62742598e-06,-4.07738658e-06)
( 4.72302129e-06,-1.48289939e-06)
( 2.81072812e-06, 1.12105219e-06)
( 8.94448840e-07, 3.72934110e-06)
(-1.02190937e-06, 6.33682344e-06)
(-2.93444222e-06, 8.93834848e-06)
(-4.83925609e-06, 1.15287688e-05)
(-6.73247573e-06, 1.41029506e-05)
(-8.61025192e-06, 1.66557834e-05)
(-1.04687691e-05, 1.91821905e-05)
(-1.23042529e-05, 2.16771391e-05)
(-1.41129776e-05, 2.41356500e-05)
(-1.58912735e-05, 2.65528073e-05)
(-1.76355340e-05, 2.89237688e-05)
(-1.93422231e-05, 3.12437752e-05)
(-2.10078817e-05, 3.35081596e-05)
(-2.26291353e-05, 3.57123569e-05)
(-2.42026997e-05, 3.78519130e-05)
(-2.57253882e-05, 3.99224937e-05)
(-2.71941175e-05, 4.19198934e-05)
(-2.86059137e-05, 4.38400435e-05)
(-2.99579185e-05, 4.56790209e-05)
(-3.12473942e-05, 4.74330556e-05)
(-3.24717300e-05, 4.90985385e-05)
(-3.36284459e-05, 5.06720287e-05)
(-3.47151988e-05, 5.21502608e-05)
(-3.57297861e-05, 5.35301512e-05)
(-3.66701506e-05, 5.48088047e-05)
(-3.75343844e-05, 5.59835204e-05)
(-3.83207325e-05, 5.70517974e-05)
(-3.90275964e-05, 5.80113400e-05)
(-3.96535369e-05, 5.88600624e-05)
(-4.01972775e-05, 5.95960932e-05)
(-4.06577063e-05, 6.02177797e-05)
(-4.10338786e-05, 6.07236908e-05)
(-4.13250183e-05, 6.11126209e-05)
(-4.15305201e-05, 6.13835921e-05)
(-4.16499499e-05, 6.15358569e-05)
(-4.16830462e-05, 6.15688995e-05)
(-4.16297203e-05, 6.14824375e-05)
(-4.14900568e-05, 6.12764228e-05)
(-4.12643128e-05, 6.09510418e-05)
(-4.09529183e-05, 6.05067158e-05)
(-4.05564747e-05, 5.99441000e-05)
(-4.00757536e-05, 5.92640828e-05)
(-3.95116957e-05, 5.84677846e-05)
(-3.88654086e-05, 5.75565555e-05)
(-3.81381651e-05, 5.65319732e-05)
(-3.73313999e-05, 5.53958403e-05)
(-3.64467076e-05, 5.41501808e-05)
(-3.54858392e-05, 5.27972366e-05)
(-3.44506987e-05, 5.13394634e-05)
(-3.33433393e-05, 4.97795261e-05)
(-3.21659597e-05, 4.81202938e-05)
(-3.09208993e-05, 4.63648344e-05)
(-2.96106342e-05, 4.45164091e-05)
(-2.82377718e-05, 4.25784658e-05)
(-2.68050461e-05, 4.05546328e-05)
(-2.53153121e-05, 3.84487118e-05)
(-2.37715402e-05, 3.62646710e-05)
(-2.21768107e-05, 3.40066366e-05)
(-2.05343073e-05, 3.16788860e-05)
(-1.88473111e-05, 2.92858386e-05)
(-1.71191943e-05, 2.68320480e-05)
(-1.53534131e-05, 2.43221924e-05)
(-1.35535017e-05, 2.17610665e-05)
(-1.17230643e-05, 1.91535713e-05)
(-9.86576905e-06, 1.65047051e-05)
(-7.98534016e-06, 1.38195535e-05)
(-6.08555083e-06, 1.11032796e-05)
(-4.17021578e-06, 8.36111396e-06)
(-2.24318373e-06, 5.59834420e-06)
(-3.08329793e-07, 2.82030473e-06)
( 1.63045213e-06, 3.23662929e-08)
( 3.56925706e-06,-2.76007461e-06)
( 5.50417668e-06,-5.55160633e-06)
( 7.43130701e-06,-8.33681271e-06)
( 9.34675616e-06,-1.11102838e-05)
( 1.12466521e-05,-1.38666265e-05)
( 1.31271501e-05,-1.66004751e-05)
( 1.49844407e-05,-1.93065022e-05)
( 1.68147570e-05,-2.19794290e-05)
( 1.86143824e-05,-2.46140357e-05)
( 2.03796575e-05,-2.72051721e-05)
( 2.21069882e-05,-2.97477676e-05)
( 2.37928521e-05,-3.22368414e-05)
( 2.54338059e-05,-3.46675124e-05)
( 2.70264921e-05,-3.70350089e-05)
( 2.85676461e-05,-3.93346779e-05)
( 3.00541023e-05,-4.15619948e-05)
( 3.14828008e-05,-4.37125721e-05)
( 3.28507933e-05,-4.57821682e-05)
( 3.41552491e-05,-4.77666960e-05)
( 3.53934611e-05,-4.96622310e-05)
( 3.65628510e-05,-5.14650192e-05)
( 3.76609743e-05,-5.31714847e-05)
( 3.86855260e-05,-5.47782366e-05)
( 3.96343447e-05,-5.62820762e-05)
( 4.05054172e-05,-5.76800032e-05)
( 4.12968828e-05,-5.89692217e-05)
( 4.20070367e-05,-6.01471462e-05)
( 4.26343342e-05,-6.12114063e-05)
( 4.31773935e-05,-6.21598521e-05)
( 4.36349986e-05,-6.29905579e-05)
( 4.40061021e-05,-6.37018268e-05)
( 4.42898275e-05,-6.42921938e-05)
( 4.44854706e-05,-6.47604287e-05)
( 4.45925020e-05,-6.51055392e-05)
( 4.46105676e-05,-6.53267723e-05)
( 4.45394895e-05,-6.54236163e-05)
( 4.43792673e-05,-6.53958019e-05)
( 4.41300774e-05,-6.52433026e-05)
( 4.37922734e-05,-6.49663354e-05)
( 4.33663856e-05,-6.45653596e-05)
( 4.28531199e-05,-6.40410770e-05)
( 4.22533567e-05,-6.33944298e-05)
( 4.15681495e-05,-6.26265992e-05)
( 4.07987227e-05,-6.17390032e-05)
( 3.99464700e-05,-6.07332937e-05)
( 3.90129510e-05,-5.96113535e-05)
( 3.79998890e-05,-5.83752923e-05)
( 3.69091674e-05,-5.70274432e-05)
( 3.57428261e-05,-5.55703576e-05)
( 3.45030582e-05,-5.40068005e-05)
( 3.31922051e-05,-5.23397452e-05)
( 3.18127525e-05,-5.05723671e-05)
( 3.03673254e-05,-4.87080380e-05)
( 2.88586832e-05,-4.67503190e-05)
( 2.72897145e-05,-4.47029539e-05)
( 2.56634311e-05,-4.25698616e-05)
( 2.39829627e-05,-4.03551285e-05)
( 2.22515502e-05,-3.80630007e-05)
( 2.04725400e-05,-3.56978753e-05)
( 1.86493773e-05,-3.32642918e-05)
( 1.67855990e-05,-3.07669235e-05)
( 1.48848274e-05,-2.82105680e-05)
( 1.29507625e-05,-2.56001380e-05)
( 1.09871753e-05,-2.29406513e-05)
( 8.99789992e-06,-2.02372215e-05)
( 6.98682627e-06,-1.74950473e-05)
( 4.95789242e-06,-1.47194027e-05)
( 2.91507677e-06,-1.19156267e-05)
( 8.62390151e-07,-9.08911240e-06)
(-1.19613204e-06,-6.24529689e-06)
(-3.25643788e-06,-3.38965021e-06)
(-5.31446692e-06,-5.27664810e-07)
(-7.36615831e-06, 2.33515530e-06)
(-9.40745879e-06, 5.19330532e-06)
(-1.14343308e-05, 8.04129044e-06)
(-1.34427606e-05, 1.08736367e-05)
(-1.54287660e-05, 1.36849014e-05)
(-1.73884048e-05, 1.64696843e-05)
(-1.93177821e-05, 1.92226376e-05)
(-2.12130586e-05, 2.19384769e-05)
(-2.30704579e-05, 2.46119909e-05)
(-2.48862744e-05, 2.72380524e-05)
(-2.66568804e-05, 2.98116275e-05)
(-2.83787337e-05, 3.23277860e-05)
(-3.00483846e-05, 3.47817104e-05)
(-3.16624829e-05, 3.71687060e-05)
(-3.32177845e-05, 3.94842094e-05)
(-3.47111581e-05, 4.17237977e-05)
(-3.61395914e-05, 4.38831969e-05)
(-3.75001976e-05, 4.59582901e-05)
(-3.87902207e-05, 4.79451258e-05)
(-4.00070413e-05, 4.98399252e-05)
(-4.11481821e-05, 5.16390894e-05)
(-4.22113128e-05, 5.33392068e-05)
(-4.31942548e-05, 5.49370590e-05)
(-4.40949859e-05, 5.64296275e-05)
(-4.49116441e-05, 5.78140991e-05)
(-4.56425316e-05, 5.90878714e-05)
(-4.62861183e-05, 6.02485576e-05)
(-4.68410452e-05, 6.12939914e-05)
(-4.73061266e-05, 6.22222304e-05)
(-4.76803532e-05, 6.30315601e-05)
(-4.79628939e-05, 6.37204973e-05)
(-4.81530978e-05, 6.42877922e-05)
(-4.82504954e-05, 6.47324313e-05)
(-4.82547995e-05, 6.50536385e-05)
(-4.81659063e-05, 6.52508771e-05)
(-4.79838955e-05, 6.53238502e-05)
(-4.77090301e-05, 6.52725010e-05)
(-4.73417562e-05, 6.50970133e-05)
(-4.68827021e-05, 6.47978102e-05)
(-4.63326772e-05, 6.43755535e-05)
(-4.56926702e-05, 6.38311420e-05)
(-4.49638477e-05, 6.31657097e-05)
(-4.41475516e-05, 6.23806234e-05)
(-4.32452965e-05, 6.14774794e-05)
(-4.22587669e-05, 6.04581009e-05)
(-4.11898138e-05, 5.93245336e-05)
(-4.00404512e-05, 5.80790417e-05)
(-3.88128521e-05, 5.67241037e-05)
(-3.75093439e-05, 5.52624067e-05)
(-3.61324046e-05, 5.36968415e-05)
(-3.46846569e-05, 5.20304965e-05)
(-3.31688639e-05, 5.02666517e-05)
(-3.15879232e-05, 4.84087721e-05)
(-2.99448610e-05, 4.64605007e-05)
(-2.82428267e-05, 4.44256514e-05)
(-2.64850861e-05, 4.23082013e-05)
(-2.46750151e-05, 4.01122829e-05)
(-2.28160932e-05, 3.78421761e-05)
(-2.09118963e-05, 3.55022994e-05)
(-1.89660899e-05, 3.30972016e-05)
(-1.69824214e-05, 3.06315526e-05)
(-1.49647132e-05, 2.81101342e-05)
(-1.29168549e-05, 2.55378311e-05)
(-1.08427952e-05, 2.29196210e-05)
(-8.74653471e-06, 2.02605651e-05)
(-6.63211766e-06, 1.75657980e-05)
(-4.50362386e-06, 1.48405180e-05)
(-2.36516076e-06, 1.20899768e-05)
(-2.20855201e-07, 9.31946933e-06)
( 1.92515468e-06, 6.53432368e-06)
( 4.06872769e-06, 3.73989054e-06)
( 6.20572774e-06, 9.41533031e-07)
( 8.33203205e-06,-1.85538372e-06)
( 1.04435393e-05,-4.64550288e-06)
( 1.25361776e-05,-7.42348621e-06)
( 1.46059127e-05,-1.01840243e-05)
( 1.66487558e-05,-1.29218469e-05)
( 1.86607716e-05,-1.56317326e-05)
( 2.06380858e-05,-1.83085195e-05)
( 2.25768927e-05,-2.09471144e-05)
( 2.44734630e-05,-2.35425029e-05)
( 2.63241506e-05,-2.60897587e-05)
( 2.81254003e-05,-2.85840532e-05)
( 2.98737541e-05,-3.10206645e-05)
( 3.15658586e-05,-3.33949866e-05)
( 3.31984709e-05,-3.57025376e-05)
( 3.47684655e-05,-3.79389686e-05)
( 3.62728399e-05,-4.01000719e-05)
( 3.77087204e-05,-4.21817886e-05)
( 3.90733680e-05,-4.41802164e-05)
( 4.03641835e-05,-4.60916171e-05)
( 4.15787120e-05,-4.79124232e-05)
( 4.27146484e-05,-4.96392448e-05)
( 4.37698413e-05,-5.12688759e-05)
( 4.47422969e-05,-5.27983000e-05)
( 4.56301832e-05,-5.42246964e-05)
( 4.64318329e-05,-5.55454445e-05)
( 4.71457472e-05,-5.67581294e-05)
( 4.77705976e-05,-5.78605457e-05)
( 4.83052291e-05,-5.88507018e-05)
( 4.87486619e-05,-5.97268234e-05)
( 4.91000930e-05,-6.04873569e-05)
( 4.93588978e-05,-6.11309715e-05)
( 4.95246310e-05,-6.16565625e-05)
( 4.95970269e-05,-6.20632521e-05)
( 4.95760004e-05,-6.23503917e-05)
( 4.94616462e-05,-6.25175625e-05)
( 4.92542387e-05,-6.25645761e-05)
( 4.89542311e-05,-6.24914749e-05)
( 4.85622544e-05,-6.22985313e-05)
( 4.80791156e-05,-6.19862474e-05)
( 4.75057963e-05,-6.15553536e-05)
( 4.68434500e-05,-6.10068072e-05)
( 4.60934001e-05,-6.03417900e-05)
( 4.52571365e-05,-5.95617061e-05)
( 4.43363132e-05,-5.86681792e-05)
( 4.33327438e-05,-5.76630488e-05)
( 4.22483987e-05,-5.65483668e-05)
( 4.10854003e-05,-5.53263934e-05)
( 3.98460190e-05,-5.39995926e-05)
( 3.85326684e-05,-5.25706274e-05)
( 3.71479005e-05,-5.10423541e-05)
( 3.56944001e-05,-4.94178174e-05)
( 3.41749802e-05,-4.77002439e-05)
( 3.25925753e-05,-4.58930359e-05)
( 3.09502363e-05,-4.39997650e-05)
( 2.92511239e-05,-4.20241649e-05)
( 2.74985028e-05,-3.99701242e-05)
( 2.56957346e-05,-3.78416789e-05)
( 2.38462716e-05,-3.56430047e-05)
( 2.19536497e-05,-3.33784088e-05)
( 2.00214816e-05,-3.10523214e-05)
( 1.80534499e-05,-2.86692876e-05)
( 1.60532991e-05,-2.62339584e-05)
( 1.40248294e-05,-2.37510815e-05)
( 1.19718883e-05,-2.12254928e-05)
( 9.89836374e-06,-1.86621064e-05)
( 7.80817643e-06,-1.60659057e-05)
( 5.70527216e-06,-1.34419336e-05)
( 3.59361431e-06,-1.07952829e-05)
( 1.47717624e-06,-8.13108630e-06)
(-6.40066352e-07,-5.45450705e-06)
(-2.75414297e-06,-2.77072864e-06)
(-4.86109591e-06,-8.49450344e-08)
(-6.95698770e-06, 2.59764928e-06)
(-9.03790862e-06, 5.27186923e-06)
(-1.10999840e-05, 7.93254910e-06)
(-1.31393815e-05, 1.05745524e-05)
(-1.51523184e-05, 1.31927817e-05)
(-1.71350684e-05, 1.57821882e-05)
(-1.90839688e-05, 1.83377820e-05)
(-2.09954271e-05, 2.08546406e-05)
(-2.28659276e-05, 2.33279194e-05)
(-2.46920381e-05, 2.57528603e-05)
(-2.64704160e-05, 2.81248010e-05)
(-2.81978143e-05, 3.04391838e-05)
(-2.98710875e-05, 3.26915647e-05)
(-3.14871976e-05, 3.48776214e-05)
(-3.30432189e-05, 3.69931621e-05)
(-3.45363440e-05, 3.90341330e-05)
(-3.59638881e-05, 4.09966264e-05)
(-3.73232941e-05, 4.28768883e-05)
(-3.86121369e-05, 4.46713253e-05)
(-3.98281278e-05, 4.63765117e-05)
(-4.09691181e-05, 4.79891960e-05)
(-4.20331031e-05, 4.95063074e-05)
(-4.30182253e-05, 5.09249612e-05)
(-4.39227776e-05, 5.22424650e-05)
(-4.47452060e-05, 5.34563233e-05)
(-4.54841119e-05, 5.45642428e-05)
(-4.61382547e-05, 5.55641367e-05)
(-4.67065537e-05, 5.64541284e-05)
(-4.71880892e-05, 5.72325558e-05)
(-4.75821044e-05, 5.78979740e-05)
(-4.78880057e-05, 5.84491585e-05)
(-4.81053641e-05, 5.88851073e-05)
(-4.82339153e-05, 5.92050431e-05)
(-4.82735594e-05, 5.94084148e-05)
(-4.82243612e-05, 5.94948985e-05)
(-4.80865494e-05, 5.94643985e-05)
(-4.78605157e-05, 5.93170472e-05)
(-4.75468137e-05, 5.90532051e-05)
(-4.71461579e-05, 5.86734603e-05)
(-4.66594210e-05, 5.81786271e-05)
(-4.60876331e-05, 5.75697448e-05)
(-4.54319783e-05, 5.68480755e-05)
(-4.46937930e-05, 5.60151021e-05)
(-4.38745625e-05, 5.50725251e-05)
(-4.29759183e-05, 5.40222598e-05)
(-4.19996343e-05, 5.28664321e-05)
(-4.09476239e-05, 5.16073752e-05)
(-3.98219354e-05, 5.02476244e-05)
(-3.86247484e-05, 4.87899128e-05)
(-3.73583695e-05, 4.72371658e-05)
(-3.60252274e-05, 4.55924955e-05)
(-3.46278687e-05, 4.38591949e-05)
(-3.31689527e-05, 4.20407312e-05)
(-3.16512464e-05, 4.01407395e-05)
(-3.00776190e-05, 3.81630154e-05)
(-2.84510370e-05, 3.61115082e-05)
(-2.67745577e-05, 3.39903124e-05)
(-2.50513246e-05, 3.18036608e-05)
(-2.32845604e-05, 2.95559151e-05)
(-2.14775618e-05, 2.72515586e-05)
(-1.96336929e-05, 2.48951864e-05)
(-1.77563793e-05, 2.24914973e-05)
(-1.58491014e-05, 2.00452838e-05)
(-1.39153887e-05, 1.75614235e-05)
(-1.19588123e-05, 1.50448688e-05)
(-9.98297927e-06, 1.25006378e-05)
(-7.99152579e-06, 9.93380409e-06)
(-5.98811043e-06, 7.34948663e-06)
(-3.97640762e-06, 4.75284000e-06)
(-1.96010103e-06, 2.14904396e-06)
( 5.71230769e-08,-4.56706707e-07)
( 2.07158247e-06,-3.05921252e-06)
( 4.07960557e-06,-5.65327962e-06)
( 6.07753797e-06,-8.23373012e-06)
( 8.06174899e-06,-1.07954124e-05)
( 1.00286381e-05,-1.33332113e-05)
( 1.19746415e-05,-1.58420587e-05)
( 1.38962380e-05,-1.83169431e-05)
( 1.57899558e-05,-2.07529201e-05)
( 1.76523782e-05,-2.31451222e-05)
( 1.94801499e-05,-2.54887687e-05)
( 2.12699826e-05,-2.77791752e-05)
( 2.30186611e-05,-3.00117629e-05)
( 2.47230487e-05,-3.21820685e-05)
( 2.63800929e-05,-3.42857525e-05)
( 2.79868305e-05,-3.63186085e-05)
( 2.95403929e-05,-3.82765716e-05)
( 3.10380110e-05,-4.01557267e-05)
( 3.24770203e-05,-4.19523167e-05)
( 3.38548652e-05,-4.36627499e-05)
( 3.51691035e-05,-4.52836075e-05)
( 3.64174107e-05,-4.68116509e-05)
( 3.75975840e-05,-4.82438279e-05)
( 3.87075463e-05,-4.95772796e-05)
( 3.97453492e-05,-5.08093461e-05)
( 4.07091770e-05,-5.19375717e-05)
( 4.15973495e-05,-5.29597107e-05)
( 4.24083249e-05,-5.38737319e-05)
( 4.31407024e-05,-5.46778227e-05)
( 4.37932249e-05,-5.53703932e-05)
( 4.43647805e-05,-5.59500795e-05)
( 4.48544052e-05,-5.64157468e-05)
( 4.52612839e-05,-5.67664919e-05)
( 4.55847520e-05,-5.70016451e-05)
( 4.58242965e-05,-5.71207719e-05)
( 4.59795569e-05,-5.71236740e-05)
( 4.60503256e-05,-5.70103902e-05)
( 4.60365484e-05,-5.67811960e-05)
( 4.59383244e-05,-5.64366035e-05)
( 4.57559061e-05,-5.59773609e-05)
( 4.54896984e-05,-5.54044506e-05)
( 4.51402582e-05,-5.47190875e-05)
( 4.47082932e-05,-5.39227171e-05)
( 4.41946610e-05,-5.30170122e-05)
( 4.36003669e-05,-5.20038699e-05)
( 4.29265628e-05,-5.08854080e-05)
( 4.21745445e-05,-4.96639603e-05)
( 4.13457500e-05,-4.83420726e-05)
( 4.04417564e-05,-4.69224973e-05)
( 3.94642775e-05,-4.54081876e-05)
( 3.84151604e-05,-4.38022921e-05)
( 3.72963825e-05,-4.21081481e-05)
( 3.61100479e-05,-4.03292747e-05)
( 3.48583835e-05,-3.84693660e-05)
( 3.35437353e-05,-3.65322833e-05)
( 3.21685641e-05,-3.45220472e-05)
( 3.07354409e-05,-3.24428295e-05)
( 2.92470427e-05,-3.02989446e-05)
( 2.77061473e-05,-2.80948404e-05)
( 2.61156289e-05,-2.58350894e-05)
( 2.44784523e-05,-2.35243791e-05)
( 2.27976680e-05,-2.11675024e-05)
( 2.10764067e-05,-1.87693475e-05)
( 1.93178734e-05,-1.63348878e-05)
( 1.75253420e-05,-1.38691717e-05)
( 1.57021492e-05,-1.13773120e-05)
( 1.38516883e-05,-8.86447490e-06)
( 1.19774034e-05,-6.33586988e-06)
( 1.00827831e-05,-3.79673821e-06)
( 8.17135369e-06,-1.25234222e-06)
( 6.24667349e-06, 1.29204574e-06)
( 4.31232577e-06, 3.83115442e-06)
( 2.37191243e-06, 6.35972473e-06)
( 4.29047353e-07, 8.87252080e-06)
(-1.51265022e-06, 1.13643410e-05)
(-3.44956234e-06, 1.38300290e-05)
(-5.37807909e-06, 1.62644845e-05)
(-7.29460518e-06, 1.86626740e-05)
(-9.19556667e-06, 2.10196417e-05)
(-1.10774176e-05, 2.33305197e-05)
(-1.29366468e-05, 2.55905383e-05)
(-1.47697839e-05, 2.77950364e-05)
(-1.65734065e-05, 2.99394711e-05)
(-1.83441463e-05, 3.20194274e-05)
(-2.00786955e-05, 3.40306275e-05)
(-2.17738130e-05, 3.59689402e-05)
(-2.34263307e-05, 3.78303891e-05)
(-2.50331594e-05, 3.96111617e-05)
(-2.65912949e-05, 4.13076170e-05)
(-2.80978235e-05, 4.29162933e-05)
(-2.95499279e-05, 4.44339159e-05)
(-3.09448927e-05, 4.58574035e-05)
(-3.22801093e-05, 4.71838753e-05)
(-3.35530813e-05, 4.84106565e-05)
(-3.47614294e-05, 4.95352846e-05)
(-3.59028960e-05, 5.05555141e-05)
(-3.69753499e-05, 5.14693215e-05)
(-3.79767901e-05, 5.22749093e-05)
(-3.89053505e-05, 5.29707102e-05)
(-3.97593030e-05, 5.35553899e-05)
(-4.05370615e-05, 5.40278500e-05)
(-4.12371849e-05, 5.43872305e-05)
(-4.18583805e-05, 5.46329112e-05)
(-4.23995061e-05, 5.47645131e-05)
(-4.28595729e-05, 5.47818988e-05)
(-4.32377478e-05, 5.46851733e-05)
(-4.35333547e-05, 5.44746826e-05)
(-4.37458767e-05, 5.41510139e-05)
(-4.38749567e-05, 5.37149933e-05)
(-4.39203991e-05, 5.31676844e-05)
(-4.38821698e-05, 5.25103856e-05)
(-4.37603970e-05, 5.17446271e-05)
(-4.35553707e-05, 5.08721673e-05)
(-4.32675430e-05, 4.98949892e-05)
(-4.28975270e-05, 4.88152955e-05)
(-4.24460963e-05, 4.76355040e-05)
(-4.19141830e-05, 4.63582418e-05)
(-4.13028771e-05, 4.49863396e-05)
(-4.06134236e-05, 4.35228253e-05)
(-3.98472212e-05, 4.19709176e-05)
(-3.90058189e-05, 4.03340180e-05)
(-3.80909139e-05, 3.86157043e-05)
(-3.71043481e-05, 3.68197215e-05)
(-3.60481043e-05, 3.49499745e-05)
(-3.49243034e-05, 3.30105187e-05)
(-3.37351994e-05, 3.10055514e-05)
(-3.24831756e-05, 2.89394024e-05)
(-3.11707397e-05, 2.68165245e-05)
(-2.98005194e-05, 2.46414833e-05)
(-2.83752568e-05, 2.24189477e-05)
(-2.68978032e-05, 2.01536791e-05)
(-2.53711134e-05, 1.78505212e-05)
(-2.37982401e-05, 1.55143894e-05)
(-2.21823275e-05, 1.31502596e-05)
(-2.05266055e-05, 1.07631577e-05)
(-1.88343826e-05, 8.35814856e-06)
(-1.71090395e-05, 5.94032457e-06)
(-1.53540228e-05, 3.51479492e-06)
(-1.35728371e-05, 1.08667427e-06)
(-1.17690386e-05,-1.33892835e-06)
(-9.94622754e-06,-3.75692062e-06)
(-8.10804077e-06,-6.16223799e-06)
(-6.25814453e-06,-8.54985464e-06)
(-4.40022676e-06,-1.09147943e-05)
(-2.53798949e-06,-1.32521410e-05)
(-6.75141212e-07,-1.55570496e-05)
( 1.18461084e-06,-1.78247562e-05)
( 3.03756839e-06,-2.00505883e-05)
( 4.88004983e-06,-2.22299745e-05)
( 6.70839795e-06,-2.43584548e-05)
( 8.51898755e-06,-2.64316893e-05)
( 1.03082331e-05,-2.84454679e-05)
( 1.20725963e-05,-3.03957186e-05)
( 1.38085935e-05,-3.22785164e-05)
( 1.55128032e-05,-3.40900914e-05)
( 1.71818729e-05,-3.58268362e-05)
( 1.88125269e-05,-3.74853135e-05)
( 2.04015726e-05,-3.90622631e-05)
( 2.19459077e-05,-4.05546083e-05)
( 2.34425267e-05,-4.19594623e-05)
( 2.48885271e-05,-4.32741334e-05)
( 2.62811162e-05,-4.44961305e-05)
( 2.76176165e-05,-4.56231680e-05)
( 2.88954715e-05,-4.66531696e-05)
( 3.01122515e-05,-4.75842724e-05)
( 3.12656587e-05,-4.84148301e-05)
( 3.23535319e-05,-4.91434157e-05)
( 3.33738514e-05,-4.97688240e-05)
( 3.43247431e-05,-5.02900731e-05)
( 3.52044828e-05,-5.07064056e-05)
( 3.60114995e-05,-5.10172898e-05)
( 3.67443792e-05,-5.12224194e-05)
( 3.74018674e-05,-5.13217134e-05)
( 3.79828722e-05,-5.13153155e-05)
( 3.84864663e-05,-5.12035924e-05)
( 3.89118888e-05,-5.09871326e-05)
( 3.92585471e-05,-5.06667433e-05)
( 3.95260179e-05,-5.02434486e-05)
( 3.97140477e-05,-4.97184851e-05)
( 3.98225536e-05,-4.90932995e-05)
( 3.98516231e-05,-4.83695430e-05)
( 3.98015134e-05,-4.75490681e-05)
( 3.96726514e-05,-4.66339224e-05)
( 3.94656316e-05,-4.56263437e-05)
( 3.91812151e-05,-4.45287540e-05)
( 3.88203276e-05,-4.33437533e-05)
( 3.83840568e-05,-4.20741129e-05)
( 3.78736499e-05,-4.07227684e-05)
( 3.72905105e-05,-3.92928126e-05)
( 3.66361948e-05,-3.77874873e-05)
( 3.59124085e-05,-3.62101761e-05)
( 3.51210018e-05,-3.45643957e-05)
( 3.42639655e-05,-3.28537877e-05)
( 3.33434257e-05,-3.10821097e-05)
( 3.23616390e-05,-2.92532265e-05)
( 3.13209868e-05,-2.73711011e-05)
( 3.02239696e-05,-2.54397855e-05)
( 2.90732008e-05,-2.34634108e-05)
( 2.78714006e-05,-2.14461785e-05)
( 2.66213890e-05,-1.93923501e-05)
( 2.53260796e-05,-1.73062381e-05)
( 2.39884717e-05,-1.51921957e-05)
( 2.26116439e-05,-1.30546075e-05)
( 2.11987459e-05,-1.08978795e-05)
( 1.97529913e-05,-8.72642948e-06)
( 1.82776496e-05,-6.54467734e-06)
( 1.67760384e-05,-4.35703540e-06)
( 1.52515152e-05,-2.16789897e-06)
( 1.37074696e-05, 1.83630656e-08)
( 1.21473144e-05, 2.19741749e-06)
( 1.05744782e-05, 4.36497587e-06)
( 8.99239621e-06, 6.51680345e-06)
( 7.40450261e-06, 8.64872788e-06)
( 5.81422183e-06, 1.07566477e-05)
( 4.22496035e-06, 1.28365406e-05)
( 2.64009849e-06, 1.48844714e-05)
( 1.06298214e-06, 1.68965998e-05)
(-5.03085272e-07, 1.88691878e-05)
(-2.05485082e-06, 2.07986067e-05)
(-3.58911991e-06, 2.26813440e-05)
(-5.10276403e-06, 2.45140099e-05)
(-6.59272826e-06, 2.62933433e-05)
(-8.05603866e-06, 2.80162176e-05)
(-9.48980941e-06, 2.96796459e-05)
(-1.08912497e-05, 3.12807862e-05)
(-1.22576705e-05, 3.28169458e-05)
(-1.35864908e-05, 3.42855857e-05)
(-1.48752441e-05, 3.56843239e-05)
(-1.61215837e-05, 3.70109393e-05)
(-1.73232889e-05, 3.82633743e-05)
(-1.84782696e-05, 3.94397372e-05)
(-1.95845716e-05, 4.05383048e-05)
(-2.06403808e-05, 4.15575232e-05)
(-2.16440279e-05, 4.24960098e-05)
(-2.25939913e-05, 4.33525536e-05)
(-2.34889013e-05, 4.41261158e-05)
(-2.43275428e-05, 4.48158293e-05)
(-2.51088579e-05, 4.54209990e-05)
(-2.58319480e-05, 4.59411000e-05)
(-2.64960756e-05, 4.63757766e-05)
(-2.71006661e-05, 4.67248409e-05)
(-2.76453079e-05, 4.69882700e-05)
(-2.81297537e-05, 4.71662041e-05)
(-2.85539200e-05, 4.72589432e-05)
(-2.89178871e-05, 4.72669437e-05)
(-2.92218981e-05, 4.71908151e-05)
(-2.94663579e-05, 4.70313160e-05)
(-2.96518314e-05, 4.67893492e-05)
(-2.97790414e-05, 4.64659576e-05)
(-2.98488663e-05, 4.60623190e-05)
(-2.98623371e-05, 4.55797409e-05)
(-2.98206344e-05, 4.50196546e-05)
(-2.97250843e-05, 4.43836096e-05)
(-2.95771547e-05, 4.36732676e-05)
(-2.93784507e-05, 4.28903956e-05)
(-2.91307100e-05, 4.20368600e-05)
(-2.88357979e-05, 4.11146191e-05)
(-2.84957016e-05, 4.01257165e-05)
(-2.81125244e-05, 3.90722736e-05)
(-2.76884804e-05, 3.79564822e-05)
(-2.72258872e-05, 3.67805969e-05)
(-2.67271602e-05, 3.55469275e-05)
(-2.61948054e-05, 3.42578309e-05)
(-2.56314126e-05, 3.29157027e-05)
(-2.50396481e-05, 3.15229696e-05)
(-2.44222477e-05, 3.00820804e-05)
(-2.37820088e-05, 2.85954979e-05)
(-2.31217833e-05, 2.70656899e-05)
(-2.24444697e-05, 2.54951206e-05)
(-2.17530055e-05, 2.38862414e-05)
(-2.10503596e-05, 2.22414817e-05)
(-2.03395247e-05, 2.05632396e-05)
(-1.96235095e-05, 1.88538723e-05)
(-1.89053316e-05, 1.71156858e-05)
(-1.81880096e-05, 1.53509251e-05)
(-1.74745565e-05, 1.35617633e-05)
(-1.67679728e-05, 1.17502904e-05)
(-1.60712393e-05, 9.91850193e-06)
(-1.53873116e-05, 8.06828635e-06)
(-1.47191140e-05, 6.20141193e-06)
(-1.40695340e-05, 4.31951262e-06)
(-1.34414183e-05, 2.42407266e-06)
(-1.28375680e-05, 5.16409760e-07)
(-1.22607362e-05,-1.40234358e-06)
(-1.17136256e-05,-3.33126090e-06)
(-1.11988874e-05,-5.26964537e-06)
(-1.07191221e-05,-7.21705671e-06)
(-1.02768815e-05,-9.17334223e-06)
(-9.87467283e-06,-1.11386731e-05)
(-9.51496504e-06,-1.31135870e-05)
(-9.20019869e-06,-1.50990388e-05)
(-8.93279887e-06,-1.70964619e-05)
(-8.71519291e-06,-1.91078420e-05)
(-8.54983374e-06,-2.11358079e-05)
(-8.43923054e-06,-2.31837445e-05)
(-8.38598865e-06,-2.52559330e-05)
(-8.39286177e-06,-2.73577298e-05)
(-8.46282018e-06,-2.94957946e-05)
(-8.59914064e-06,-3.16783865e-05)
(-8.80552574e-06,-3.39157530e-05)
(-9.08626415e-06,-3.62206486e-05)
(-9.44644870e-06,-3.86090377e-05)
(-9.89227777e-06,-4.11010634e-05)
(-1.04314798e-05,-4.37224113e-05)
(-1.10739240e-05,-4.65062715e-05)
(-1.18325220e-05,-4.94962373e-05)
(-1.27245978e-05,-5.27507148e-05)
(-1.37740434e-05,-5.63498713e-05)
(-1.50148530e-05,-6.04070469e-05)
(-1.64972128e-05,-6.50884523e-05)
(-1.82986593e-05,-7.06493276e-05)
(-2.05461665e-05,-7.75056572e-05)
(-2.34645339e-05,-8.63916022e-05)
(-2.74973227e-05,-9.87537811e-05)
(-3.37019742e-05,-1.18042810e-04)
(-4.45591764e-05,-1.52352588e-04)
(-1.02716054e-04,-3.41770145e-04)
( 1.08386891e-06,-9.41412481e-07)
( 3.45689480e-06,-3.47635825e-06)
( 5.74237531e-06,-5.85913231e-06)
( 8.01915312e-06,-8.22736921e-06)
( 1.02801521e-05,-1.05762619e-05)
( 1.25209002e-05,-1.29026286e-05)
( 1.47369518e-05,-1.52025060e-05)
( 1.69239188e-05,-1.74716935e-05)
( 1.90774748e-05,-1.97059115e-05)
( 2.11933629e-05,-2.19008772e-05)
( 2.32674026e-05,-2.40523443e-05)
( 2.52954981e-05,-2.61561270e-05)
( 2.72736460e-05,-2.82081172e-05)
( 2.91979426e-05,-3.02042984e-05)
( 3.10645915e-05,-3.21407560e-05)
( 3.28699113e-05,-3.40136878e-05)
( 3.46103424e-05,-3.58194123e-05)
( 3.62824542e-05,-3.75543776e-05)
( 3.78829514e-05,-3.92151680e-05)
( 3.94086810e-05,-4.07985123e-05)
( 4.08566383e-05,-4.23012899e-05)
( 4.22239724e-05,-4.37205373e-05)
( 4.35079923e-05,-4.50534543e-05)
( 4.47061722e-05,-4.62974095e-05)
( 4.58161559e-05,-4.74499457e-05)
( 4.68357620e-05,-4.85087847e-05)
( 4.77629879e-05,-4.94718319e-05)
( 4.85960138e-05,-5.03371808e-05)
( 4.93332063e-05,-5.11031160e-05)
( 4.99731214e-05,-5.17681177e-05)
( 5.05145076e-05,-5.23308639e-05)
( 5.09563083e-05,-5.27902333e-05)
( 5.12976634e-05,-5.31453077e-05)
( 5.15379118e-05,-5.33953736e-05)
( 5.16765920e-05,-5.35399238e-05)
( 5.17134430e-05,-5.35786584e-05)
( 5.16484054e-05,-5.35114854e-05)
( 5.14816206e-05,-5.33385209e-05)
( 5.12134312e-05,-5.30600891e-05)
( 5.08443801e-05,-5.26767213e-05)
( 5.03752091e-05,-5.21891554e-05)
( 4.98068579e-05,-5.15983340e-05)
( 4.91404615e-05,-5.09054029e-05)
( 4.83773490e-05,-5.01117088e-05)
( 4.75190397e-05,-4.92187969e-05)
( 4.65672410e-05,-4.82284073e-05)
( 4.55238446e-05,-4.71424724e-05)
( 4.43909229e-05,-4.59631126e-05)
( 4.31707246e-05,-4.46926324e-05)
( 4.18656706e-05,-4.33335157e-05)
( 4.04783488e-05,-4.18884213e-05)
( 3.90115094e-05,-4.03601775e-05)
( 3.74680590e-05,-3.87517766e-05)
( 3.58510551e-05,-3.70663689e-05)
( 3.41637002e-05,-3.53072571e-05)
( 3.24093350e-05,-3.34778890e-05)
( 3.05914319e-05,-3.15818516e-05)
( 2.87135887e-05,-2.96228636e-05)
( 2.67795207e-05,-2.76047680e-05)
( 2.47930536e-05,-2.55315251e-05)
( 2.27581163e-05,-2.34072044e-05)
( 2.06787326e-05,-2.12359766e-05)
( 1.85590136e-05,-1.90221055e-05)
( 1.64031495e-05,-1.67699397e-05)
( 1.42154012e-05,-1.44839041e-05)
( 1.20000920e-05,-1.21684911e-05)
( 9.76159906e-06,-9.82825168e-06)
( 7.50434464e-06,-7.46778680e-06)
( 5.23278754e-06,-5.09173813e-06)
( 2.95141423e-06,-2.70477896e-06)
( 6.64729974e-07,-3.11605080e-07)
(-1.62275004e-06, 2.08307451e-06)
(-3.90650957e-06, 4.47454684e-06)
(-6.18204028e-06, 6.85810422e-06)
(-8.44485056e-06, 9.22905354e-06)
(-1.06904744e-05, 1.15827255e-05)
(-1.29144803e-05, 1.39144838e-05)
(-1.51124798e-05, 1.62197341e-05)
(-1.72801362e-05, 1.84939336e-05)
(-1.94131730e-05, 2.07325994e-05)
(-2.15073828e-05, 2.29313176e-05)
(-2.35586349e-05, 2.50857520e-05)
(-2.55628836e-05, 2.71916528e-05)
(-2.75161767e-05, 2.92448646e-05)
(-2.94146626e-05, 3.12413351e-05)
(-3.12545980e-05, 3.31771228e-05)
(-3.30323557e-05, 3.50484048e-05)
(-3.47444312e-05, 3.68514846e-05)
(-3.63874497e-05, 3.85827992e-05)
(-3.79581731e-05, 4.02389260e-05)
(-3.94535058e-05, 4.18165903e-05)
(-4.08705011e-05, 4.33126709e-05)
(-4.22063670e-05, 4.47242070e-05)
(-4.34584716e-05, 4.60484034e-05)
(-4.46243481e-05, 4.72826370e-05)
(-4.57016999e-05, 4.84244610e-05)
(-4.66884049e-05, 4.94716107e-05)
(-4.75825198e-05, 5.04220073e-05)
(-4.83822839e-05, 5.12737624e-05)
(-4.90861222e-05, 5.20251819e-05)
(-4.96926489e-05, 5.26747690e-05)
(-5.02006701e-05, 5.32212276e-05)
(-5.06091856e-05, 5.36634648e-05)
(-5.09173915e-05, 5.40005930e-05)
(-5.11246814e-05, 5.42319320e-05)
(-5.12306474e-05, 5.43570099e-05)
(-5.12350814e-05, 5.43755647e-05)
(-5.11379750e-05, 5.42875445e-05)
(-5.09395198e-05, 5.40931078e-05)
(-5.06401068e-05, 5.37926232e-05)
(-5.02403256e-05, 5.33866687e-05)
(-4.97409634e-05, 5.28760307e-05)
(-4.91430033e-05, 5.22617027e-05)
(-4.84476223e-05, 5.15448828e-05)
(-4.76561892e-05, 5.07269721e-05)
(-4.67702616e-05, 4.98095716e-05)
(-4.57915827e-05, 4.87944792e-05)
(-4.47220784e-05, 4.76836860e-05)
(-4.35638531e-05, 4.64793729e-05)
(-4.23191855e-05, 4.51839059e-05)
(-4.09905242e-05, 4.37998316e-05)
(-3.95804831e-05, 4.23298722e-05)
(-3.80918356e-05, 4.07769205e-05)
(-3.65275100e-05, 3.91440335e-05)
(-3.48905829e-05, 3.74344273e-05)
(-3.31842737e-05, 3.56514700e-05)
(-3.14119381e-05, 3.37986756e-05)
(-2.95770613e-05, 3.18796968e-05)
(-2.76832513e-05, 2.98983179e-05)
(-2.57342318e-05, 2.78584474e-05)
(-2.37338349e-05, 2.57641103e-05)
(-2.16859934e-05, 2.36194401e-05)
(-1.95947333e-05, 2.14286706e-05)
(-1.74641654e-05, 1.91961276e-05)
(-1.52984779e-05, 1.69262205e-05)
(-1.31019276e-05, 1.46234335e-05)
(-1.08788317e-05, 1.22923164e-05)
(-8.63355934e-06, 9.93747620e-06)
(-6.37052305e-06, 7.56356765e-06)
(-4.09416990e-06, 5.17528401e-06)
(-1.80897290e-06, 2.77734789e-06)
( 4.80577901e-07, 3.74501837e-07)
( 2.76998416e-06,-2.02850103e-06)
( 5.05474815e-06,-4.42690645e-06)
( 7.33038159e-06,-6.81596846e-06)
( 9.59241448e-06,-9.19095878e-06)
( 1.18364039e-05,-1.15471762e-05)
( 1.40579426e-05,-1.38799558e-05)
( 1.62526681e-05,-1.61846785e-05)
( 1.84162707e-05,-1.84567800e-05)
( 2.05445024e-05,-2.06917597e-05)
( 2.26331849e-05,-2.28851900e-05)
( 2.46782184e-05,-2.50327248e-05)
( 2.66755887e-05,-2.71301084e-05)
( 2.86213763e-05,-2.91731838e-05)
( 3.05117630e-05,-3.11579008e-05)
( 3.23430401e-05,-3.30803244e-05)
( 3.41116155e-05,-3.49366424e-05)
( 3.58140208e-05,-3.67231732e-05)
( 3.74469180e-05,-3.84363729e-05)
( 3.90071061e-05,-4.00728424e-05)
( 4.04915276e-05,-4.16293343e-05)
( 4.18972743e-05,-4.31027593e-05)
( 4.32215932e-05,-4.44901923e-05)
( 4.44618916e-05,-4.57888784e-05)
( 4.56157426e-05,-4.69962381e-05)
( 4.66808897e-05,-4.81098730e-05)
( 4.76552511e-05,-4.91275699e-05)
( 4.85369241e-05,-5.00473058e-05)
( 4.93241886e-05,-5.08672515e-05)
( 5.00155107e-05,-5.15857756e-05)
( 5.06095455e-05,-5.22014478e-05)
( 5.11051398e-05,-5.27130414e-05)
( 5.15013346e-05,-5.31195361e-05)
( 5.17973667e-05,-5.34201199e-05)
( 5.19926703e-05,-5.36141909e-05)
( 5.20868783e-05,-5.37013582e-05)
( 5.20798228e-05,-5.36814431e-05)
( 5.19715355e-05,-5.35544794e-05)
( 5.17622476e-05,-5.33207131e-05)
( 5.14523896e-05,-5.29806022e-05)
( 5.10425900e-05,-5.25348156e-05)
( 5.05336745e-05,-5.19842322e-05)
( 4.99266642e-05,-5.13299387e-05)
( 4.92227736e-05,-5.05732277e-05)
( 4.84234081e-05,-4.97155953e-05)
( 4.75301615e-05,-4.87587377e-05)
( 4.65448126e-05,-4.77045484e-05)
( 4.54693219e-05,-4.65551142e-05)
( 4.43058277e-05,-4.53127110e-05)
( 4.30566416e-05,-4.39797993e-05)
( 4.17242446e-05,-4.25590196e-05)
( 4.03112813e-05,-4.10531869e-05)
( 3.88205556e-05,-3.94652852e-05)
( 3.72550247e-05,-3.77984617e-05)
( 3.56177932e-05,-3.60560204e-05)
( 3.39121071e-05,-3.42414156e-05)
( 3.21413477e-05,-3.23582451e-05)
( 3.03090244e-05,-3.04102432e-05)
( 2.84187682e-05,-2.84012730e-05)
( 2.64743241e-05,-2.63353189e-05)
( 2.44795445e-05,-2.42164786e-05)
( 2.24383805e-05,-2.20489553e-05)
( 2.03548751e-05,-1.98370490e-05)
( 1.82331547e-05,-1.75851480e-05)
( 1.60774209e-05,-1.52977205e-05)
( 1.38919428e-05,-1.29793054e-05)
( 1.16810476e-05,-1.06345033e-05)
( 9.44911301e-06,-8.26796788e-06)
( 7.20055803e-06,-5.88439594e-06)
( 4.93983441e-06,-3.48851861e-06)
( 2.67141783e-06,-1.08509174e-06)
( 3.99799072e-07, 1.32111345e-06)
(-1.87052489e-06, 3.72531988e-06)
(-4.13505973e-06, 6.12275406e-06)
(-6.38932272e-06, 8.50865555e-06)
(-8.62885151e-06, 1.08782864e-05)
(-1.08492130e-05, 1.32269406e-05)
(-1.30460122e-05, 1.55499533e-05)
(-1.52149006e-05, 1.78427101e-05)
(-1.73515852e-05, 2.01006563e-05)
(-1.94518368e-05, 2.23193059e-05)
(-2.15114982e-05, 2.44942501e-05)
(-2.35264928e-05, 2.66211667e-05)
(-2.54928323e-05, 2.86958283e-05)
(-2.74066248e-05, 3.07141104e-05)
(-2.92640825e-05, 3.26720003e-05)
(-3.10615292e-05, 3.45656042e-05)
(-3.27954075e-05, 3.63911556e-05)
(-3.44622858e-05, 3.81450222e-05)
(-3.60588654e-05, 3.98237138e-05)
(-3.75819866e-05, 4.14238882e-05)
(-3.90286354e-05, 4.29423589e-05)
(-4.03959492e-05, 4.43761004e-05)
(-4.16812223e-05, 4.57222549e-05)
(-4.28819120e-05, 4.69781378e-05)
(-4.39956426e-05, 4.81412425e-05)
(-4.50202109e-05, 4.92092462e-05)
(-4.59535906e-05, 5.01800136e-05)
(-4.67939355e-05, 5.10516019e-05)
(-4.75395841e-05, 5.18222640e-05)
(-4.81890623e-05, 5.24904522e-05)
(-4.87410868e-05, 5.30548215e-05)
(-4.91945671e-05, 5.35142316e-05)
(-4.95486081e-05, 5.38677498e-05)
(-4.98025117e-05, 5.41146525e-05)
(-4.99557781e-05, 5.42544266e-05)
(-5.00081072e-05, 5.42867704e-05)
(-4.99593987e-05, 5.42115945e-05)
(-4.98097524e-05, 5.40290218e-05)
(-4.95594684e-05, 5.37393871e-05)
(-4.92090462e-05, 5.33432365e-05)
(-4.87591835e-05, 5.28413263e-05)
(-4.82107752e-05, 5.22346216e-05)
(-4.75649117e-05, 5.15242943e-05)
(-4.68228761e-05, 5.07117205e-05)
(-4.59861425e-05, 4.97984781e-05)
(-4.50563725e-05, 4.87863436e-05)
(-4.40354119e-05, 4.76772884e-05)
(-4.29252875e-05, 4.64734751e-05)
(-4.17282027e-05, 4.51772530e-05)
(-4.04465331e-05, 4.37911537e-05)
(-3.90828220e-05, 4.23178856e-05)
(-3.76397753e-05, 4.07603292e-05)
(-3.61202560e-05, 3.91215307e-05)
(-3.45272786e-05, 3.74046967e-05)
(-3.28640034e-05, 3.56131872e-05)
(-3.11337295e-05, 3.37505092e-05)
(-2.93398891e-05, 3.18203099e-05)
(-2.74860401e-05, 2.98263693e-05)
(-2.55758592e-05, 2.77725929e-05)
(-2.36131348e-05, 2.56630037e-05)
(-2.16017592e-05, 2.35017346e-05)
(-1.95457210e-05, 2.12930201e-05)
(-1.74490972e-05, 1.90411878e-05)
(-1.53160451e-05, 1.67506499e-05)
(-1.31507941e-05, 1.44258949e-05)
(-1.09576369e-05, 1.20714782e-05)
(-8.74092182e-06, 9.69201326e-06)
(-6.50504327e-06, 7.29216278e-06)
(-4.25443360e-06, 4.87662925e-06)
(-1.99355411e-06, 2.45014576e-06)
( 2.73113791e-07, 1.74666620e-08)
( 2.54107745e-06,-2.41664174e-06)
( 4.80584191e-06,-4.84741062e-06)
( 7.06291880e-06,-7.27007801e-06)
( 9.30783525e-06,-9.67989814e-06)
( 1.15361428e-05,-1.20721508e-05)
( 1.37434260e-05,-1.44421506e-05)
( 1.59253116e-05,-1.67852563e-05)
( 1.80774769e-05,-1.90968795e-05)
( 2.01956582e-05,-2.13724945e-05)
( 2.22756595e-05,-2.36076461e-05)
( 2.43133609e-05,-2.57979593e-05)
( 2.63047263e-05,-2.79391475e-05)
( 2.82458120e-05,-3.00270207e-05)
( 3.01327740e-05,-3.20574940e-05)
( 3.19618758e-05,-3.40265958e-05)
( 3.37294958e-05,-3.59304750e-05)
( 3.54321344e-05,-3.77654092e-05)
( 3.70664212e-05,-3.95278114e-05)
( 3.86291210e-05,-4.12142376e-05)
( 4.01171410e-05,-4.28213932e-05)
( 4.15275363e-05,-4.43461393e-05)
( 4.28575159e-05,-4.57854993e-05)
( 4.41044483e-05,-4.71366646e-05)
( 4.52658665e-05,-4.83969996e-05)
( 4.63394731e-05,-4.95640476e-05)
( 4.73231445e-05,-5.06355352e-05)
( 4.82149352e-05,-5.16093766e-05)
( 4.90130819e-05,-5.24836781e-05)
( 4.97160063e-05,-5.32567414e-05)
( 5.03223188e-05,-5.39270671e-05)
( 5.08308210e-05,-5.44933578e-05)
( 5.12405079e-05,-5.49545202e-05)
( 5.15505699e-05,-5.53096676e-05)
( 5.17603943e-05,-5.55581214e-05)
( 5.18695668e-05,-5.56994126e-05)
( 5.18778716e-05,-5.57332824e-05)
( 5.17852926e-05,-5.56596832e-05)
( 5.15920125e-05,-5.54787781e-05)
( 5.12984130e-05,-5.51909411e-05)
( 5.09050738e-05,-5.47967558e-05)
( 5.04127713e-05,-5.42970148e-05)
( 4.98224770e-05,-5.36927177e-05)
( 4.91353556e-05,-5.29850694e-05)
( 4.83527627e-05,-5.21754776e-05)
( 4.74762418e-05,-5.12655502e-05)
( 4.65075213e-05,-5.02570917e-05)
( 4.54485110e-05,-4.91521003e-05)
( 4.43012984e-05,-4.79527633e-05)
( 4.30681442e-05,-4.66614536e-05)
( 4.17514780e-05,-4.52807240e-05)
( 4.03538934e-05,-4.38133034e-05)
( 3.88781426e-05,-4.22620904e-05)
( 3.73271310e-05,-4.06301483e-05)
( 3.57039116e-05,-3.89206986e-05)
( 3.40116786e-05,-3.71371152e-05)
( 3.22537611e-05,-3.52829174e-05)
( 3.04336164e-05,-3.33617632e-05)
( 2.85548234e-05,-3.13774419e-05)
( 2.66210750e-05,-2.93338669e-05)
( 2.46361711e-05,-2.72350682e-05)
( 2.26040110e-05,-2.50851839e-05)
( 2.05285853e-05,-2.28884528e-05)
( 1.84139684e-05,-2.06492056e-05)
( 1.62643101e-05,-1.83718565e-05)
( 1.40838277e-05,-1.60608949e-05)
( 1.18767971e-05,-1.37208761e-05)
( 9.64754481e-06,-1.13564127e-05)
( 7.40043903e-06,-8.97216556e-06)
( 5.13988121e-06,-6.57283438e-06)
( 2.87029721e-06,-4.16314888e-06)
( 5.96128587e-07,-1.74785926e-06)
(-1.67817622e-06, 6.68273019e-07)
(-3.94817067e-06, 3.08048456e-06)
(-6.20941895e-06, 5.48401942e-06)
(-8.45750467e-06, 7.87413838e-06)
(-1.06880396e-05, 1.02461283e-05)
(-1.28966725e-05, 1.25953113e-05)
(-1.50790974e-05, 1.49170540e-05)
(-1.72310622e-05, 1.72067766e-05)
(-1.93483772e-05, 1.94599619e-05)
(-2.14269233e-05, 2.16721640e-05)
(-2.34626597e-05, 2.38390173e-05)
(-2.54516325e-05, 2.59562449e-05)
(-2.73899820e-05, 2.80196670e-05)
(-2.92739503e-05, 3.00252095e-05)
(-3.10998890e-05, 3.19689112e-05)
(-3.28642658e-05, 3.38469325e-05)
(-3.45636720e-05, 3.56555624e-05)
(-3.61948288e-05, 3.73912260e-05)
(-3.77545936e-05, 3.90504916e-05)
(-3.92399666e-05, 4.06300773e-05)
(-4.06480962e-05, 4.21268576e-05)
(-4.19762845e-05, 4.35378697e-05)
(-4.32219930e-05, 4.48603191e-05)
(-4.43828472e-05, 4.60915853e-05)
(-4.54566412e-05, 4.72292270e-05)
(-4.64413418e-05, 4.82709869e-05)
(-4.73350929e-05, 4.92147963e-05)
(-4.81362185e-05, 5.00587790e-05)
(-4.88432263e-05, 5.08012553e-05)
(-4.94548103e-05, 5.14407453e-05)
(-4.99698534e-05, 5.19759717e-05)
(-5.03874295e-05, 5.24058626e-05)
(-5.07068049e-05, 5.27295536e-05)
(-5.09274402e-05, 5.29463896e-05)
(-5.10489906e-05, 5.30559263e-05)
(-5.10713071e-05, 5.30579307e-05)
(-5.09944361e-05, 5.29523823e-05)
(-5.08186196e-05, 5.27394728e-05)
(-5.05442944e-05, 5.24196057e-05)
(-5.01720912e-05, 5.19933961e-05)
(-4.97028331e-05, 5.14616692e-05)
(-4.91375342e-05, 5.08254588e-05)
(-4.84773970e-05, 5.00860055e-05)
(-4.77238103e-05, 4.92447544e-05)
(-4.68783462e-05, 4.83033520e-05)
(-4.59427568e-05, 4.72636436e-05)
(-4.49189709e-05, 4.61276693e-05)
(-4.38090899e-05, 4.48976602e-05)
(-4.26153833e-05, 4.35760346e-05)
(-4.13402849e-05, 4.21653924e-05)
(-3.99863869e-05, 4.06685108e-05)
(-3.85564356e-05, 3.90883390e-05)
(-3.70533254e-05, 3.74279918e-05)
(-3.54800929e-05, 3.56907443e-05)
(-3.38399112e-05, 3.38800251e-05)
(-3.21360835e-05, 3.19994097e-05)
(-3.03720363e-05, 3.00526139e-05)
(-2.85513127e-05, 2.80434859e-05)
(-2.66775652e-05, 2.59759995e-05)
(-2.47545490e-05, 2.38542459e-05)
(-2.27861136e-05, 2.16824259e-05)
(-2.07761962e-05, 1.94648416e-05)
(-1.87288129e-05, 1.72058882e-05)
(-1.66480516e-05, 1.49100451e-05)
(-1.45380634e-05, 1.25818672e-05)
(-1.24030544e-05, 1.02259762e-05)
(-1.02472777e-05, 7.84705148e-06)
(-8.07502469e-06, 5.44982056e-06)
(-5.89061668e-06, 3.03905027e-06)
(-3.69839643e-06, 6.19537183e-07)
(-1.50271950e-06,-1.80390182e-06)
( 6.92054306e-07,-4.22643900e-06)
( 2.88156951e-06,-6.64324526e-06)
( 5.06148354e-06,-9.04949967e-06)
( 7.22747532e-06,-1.14403990e-05)
( 9.37525371e-06,-1.38111671e-05)
( 1.15005660e-05,-1.61570646e-05)
( 1.35992061e-05,-1.84733978e-05)
( 1.56670232e-05,-2.07555284e-05)
( 1.76999293e-05,-2.29988826e-05)
( 1.96939079e-05,-2.51989599e-05)
( 2.16450213e-05,-2.73513423e-05)
( 2.35494187e-05,-2.94517031e-05)
( 2.54033437e-05,-3.14958153e-05)
( 2.72031414e-05,-3.34795599e-05)
( 2.89452657e-05,-3.53989345e-05)
( 3.06262864e-05,-3.72500610e-05)
( 3.22428956e-05,-3.90291935e-05)
( 3.37919145e-05,-4.07327256e-05)
( 3.52702991e-05,-4.23571977e-05)
( 3.66751469e-05,-4.38993039e-05)
( 3.80037018e-05,-4.53558988e-05)
( 3.92533598e-05,-4.67240036e-05)
( 4.04216742e-05,-4.80008122e-05)
( 4.15063601e-05,-4.91836969e-05)
( 4.25052989e-05,-5.02702137e-05)
( 4.34165426e-05,-5.12581072e-05)
( 4.42383174e-05,-5.21453152e-05)
( 4.49690270e-05,-5.29299729e-05)
( 4.56072561e-05,-5.36104167e-05)
( 4.61517727e-05,-5.41851880e-05)
( 4.66015308e-05,-5.46530357e-05)
( 4.69556720e-05,-5.50129188e-05)
( 4.72135277e-05,-5.52640093e-05)
( 4.73746197e-05,-5.54056933e-05)
( 4.74386617e-05,-5.54375725e-05)
( 4.74055595e-05,-5.53594654e-05)
( 4.72754111e-05,-5.51714077e-05)
( 4.70485065e-05,-5.48736522e-05)
( 4.67253272e-05,-5.44666686e-05)
( 4.63065452e-05,-5.39511428e-05)
( 4.57930214e-05,-5.33279755e-05)
( 4.51858042e-05,-5.25982809e-05)
( 4.44861271e-05,-5.17633842e-05)
( 4.36954063e-05,-5.08248195e-05)
( 4.28152383e-05,-4.97843267e-05)
( 4.18473959e-05,-4.86438484e-05)
( 4.07938255e-05,-4.74055260e-05)
( 3.96566428e-05,-4.60716956e-05)
( 3.84381285e-05,-4.46448837e-05)
( 3.71407244e-05,-4.31278022e-05)
( 3.57670280e-05,-4.15233433e-05)
( 3.43197873e-05,-3.98345737e-05)
( 3.28018959e-05,-3.80647286e-05)
( 3.12163870e-05,-3.62172059e-05)
( 2.95664273e-05,-3.42955588e-05)
( 2.78553111e-05,-3.23034899e-05)
( 2.60864533e-05,-3.02448428e-05)
( 2.42633833e-05,-2.81235956e-05)
( 2.23897375e-05,-2.59438526e-05)
( 2.04692523e-05,-2.37098361e-05)
( 1.85057572e-05,-2.14258788e-05)
( 1.65031665e-05,-1.90964146e-05)
( 1.44654720e-05,-1.67259702e-05)
( 1.23967353e-05,-1.43191563e-05)
( 1.03010796e-05,-1.18806582e-05)
( 8.18268150e-06,-9.41522682e-06)
( 6.04576297e-06,-6.92766943e-06)
( 3.89458298e-06,-4.42283987e-06)
( 1.73342913e-06,-1.90562918e-06)
(-4.33390802e-07, 6.19044128e-07)
(-2.60155731e-06, 3.14624376e-06)
(-4.76674766e-06, 5.67102543e-06)
(-6.92464440e-06, 8.18844661e-06)
(-9.07094386e-06, 1.06935764e-05)
(-1.12013646e-05, 1.31815050e-05)
(-1.33116558e-05, 1.56473540e-05)
(-1.53976057e-05, 1.80862855e-05)
(-1.74550499e-05, 2.04935120e-05)
(-1.94798793e-05, 2.28643058e-05)
(-2.14680487e-05, 2.51940083e-05)
(-2.34155842e-05, 2.74780397e-05)
(-2.53185913e-05, 2.97119074e-05)
(-2.71732627e-05, 3.18912155e-05)
(-2.89758854e-05, 3.40116734e-05)
(-3.07228486e-05, 3.60691042e-05)
(-3.24106501e-05, 3.80594532e-05)
(-3.40359038e-05, 3.99787959e-05)
(-3.55953461e-05, 4.18233457e-05)
(-3.70858423e-05, 4.35894617e-05)
(-3.85043929e-05, 4.52736558e-05)
(-3.98481397e-05, 4.68725998e-05)
(-4.11143710e-05, 4.83831319e-05)
(-4.23005272e-05, 4.98022629e-05)
(-4.34042059e-05, 5.11271828e-05)
(-4.44231666e-05, 5.23552656e-05)
(-4.53553352e-05, 5.34840751e-05)
(-4.61988078e-05, 5.45113697e-05)
(-4.69518551e-05, 5.54351067e-05)
(-4.76129251e-05, 5.62534467e-05)
(-4.81806468e-05, 5.69647571e-05)
(-4.86538324e-05, 5.75676154e-05)
(-4.90314801e-05, 5.80608122e-05)
(-4.93127760e-05, 5.84433534e-05)
(-4.94970955e-05, 5.87144627e-05)
(-4.95840048e-05, 5.88735825e-05)
(-4.95732618e-05, 5.89203757e-05)
(-4.94648166e-05, 5.88547260e-05)
(-4.92588113e-05, 5.86767386e-05)
(-4.89555803e-05, 5.83867393e-05)
(-4.85556493e-05, 5.79852749e-05)
(-4.80597345e-05, 5.74731111e-05)
(-4.74687410e-05, 5.68512318e-05)
(-4.67837613e-05, 5.61208370e-05)
(-4.60060732e-05, 5.52833401e-05)
(-4.51371368e-05, 5.43403656e-05)
(-4.41785927e-05, 5.32937457e-05)
(-4.31322575e-05, 5.21455164e-05)
(-4.20001214e-05, 5.08979142e-05)
(-4.07843437e-05, 4.95533709e-05)
(-3.94872488e-05, 4.81145094e-05)
(-3.81113213e-05, 4.65841383e-05)
(-3.66592017e-05, 4.49652460e-05)
(-3.51336810e-05, 4.32609955e-05)
(-3.35376949e-05, 4.14747174e-05)
(-3.18743186e-05, 3.96099039e-05)
(-3.01467604e-05, 3.76702014e-05)
(-2.83583554e-05, 3.56594039e-05)
(-2.65125592e-05, 3.35814445e-05)
(-2.46129409e-05, 3.14403888e-05)
(-2.26631762e-05, 2.92404257e-05)
(-2.06670401e-05, 2.69858600e-05)
(-1.86283996e-05, 2.46811032e-05)
(-1.65512059e-05, 2.23306653e-05)
(-1.44394869e-05, 1.99391454e-05)
(-1.22973390e-05, 1.75112228e-05)
(-1.01289192e-05, 1.50516478e-05)
(-7.93843694e-06, 1.25652321e-05)
(-5.73014563e-06, 1.00568392e-05)
(-3.50833453e-06, 7.53137502e-06)
(-1.27732012e-06, 4.99377809e-06)
( 9.58562306e-07, 2.44900959e-06)
( 3.19496725e-06,-9.79563307e-08)
( 5.42754752e-06,-2.64214246e-06)
( 7.65196281e-06,-5.17857836e-06)
( 9.86388828e-06,-7.70231028e-06)
( 1.20590230e-05,-1.02084109e-05)
( 1.42330986e-05,-1.26919890e-05)
( 1.63818874e-05,-1.51481996e-05)
( 1.85012111e-05,-1.75722528e-05)
( 2.05869486e-05,-1.99594239e-05)
( 2.26350446e-05,-2.23050625e-05)
( 2.46415172e-05,-2.46046017e-05)
( 2.66024659e-05,-2.68535671e-05)
( 2.85140793e-05,-2.90475859e-05)
( 3.03726426e-05,-3.11823950e-05)
( 3.21745450e-05,-3.32538500e-05)
( 3.39162866e-05,-3.52579331e-05)
( 3.55944855e-05,-3.71907609e-05)
( 3.72058844e-05,-3.90485924e-05)
( 3.87473571e-05,-4.08278361e-05)
( 4.02159143e-05,-4.25250571e-05)
( 4.16087100e-05,-4.41369842e-05)
( 4.29230468e-05,-4.56605156e-05)
( 4.41563811e-05,-4.70927258e-05)
( 4.53063285e-05,-4.84308708e-05)
( 4.63706679e-05,-4.96723938e-05)
( 4.73473465e-05,-5.08149300e-05)
( 4.82344834e-05,-5.18563111e-05)
( 4.90303733e-05,-5.27945700e-05)
( 4.97334900e-05,-5.36279441e-05)
( 5.03424893e-05,-5.43548793e-05)
( 5.08562116e-05,-5.49740322e-05)
( 5.12736842e-05,-5.54842735e-05)
( 5.15941229e-05,-5.58846898e-05)
( 5.18169341e-05,-5.61745851e-05)
( 5.19417153e-05,-5.63534825e-05)
( 5.19682561e-05,-5.64211250e-05)
( 5.18965387e-05,-5.63774756e-05)
( 5.17267374e-05,-5.62227178e-05)
( 5.14592189e-05,-5.59572547e-05)
( 5.10945408e-05,-5.55817082e-05)
( 5.06334509e-05,-5.50969179e-05)
( 5.00768855e-05,-5.45039394e-05)
( 4.94259675e-05,-5.38040416e-05)
( 4.86820039e-05,-5.29987048e-05)
( 4.78464835e-05,-5.20896171e-05)
( 4.69210737e-05,-5.10786713e-05)
( 4.59076169e-05,-4.99679611e-05)
( 4.48081273e-05,-4.87597767e-05)
( 4.36247862e-05,-4.74566001e-05)
( 4.23599383e-05,-4.60611005e-05)
( 4.10160863e-05,-4.45761287e-05)
( 3.95958863e-05,-4.30047112e-05)
( 3.81021423e-05,-4.13500446e-05)
( 3.65378008e-05,-3.96154887e-05)
( 3.49059443e-05,-3.78045602e-05)
( 3.32097859e-05,-3.59209254e-05)
( 3.14526623e-05,-3.39683931e-05)
( 2.96380273e-05,-3.19509068e-05)
( 2.77694449e-05,-2.98725370e-05)
( 2.58505823e-05,-2.77374730e-05)
( 2.38852022e-05,-2.55500146e-05)
( 2.18771557e-05,-2.33145636e-05)
( 1.98303742e-05,-2.10356150e-05)
( 1.77488622e-05,-1.87177480e-05)
( 1.56366883e-05,-1.63656171e-05)
( 1.34979783e-05,-1.39839426e-05)
( 1.13369060e-05,-1.15775015e-05)
( 9.15768531e-06,-9.15111792e-06)
( 6.96456195e-06,-6.70965341e-06)
( 4.76180479e-06,-4.25799755e-06)
( 2.55369749e-06,-1.80105811e-06)
( 3.44529977e-07, 6.56248622e-07)
(-1.86141008e-06, 3.10900754e-06)
(-4.05984576e-06, 5.55231449e-06)
(-6.24651935e-06, 7.98128594e-06)
(-8.41720080e-06, 1.03910686e-05)
(-1.05676960e-05, 1.27768491e-05)
(-1.26938553e-05, 1.51338635e-05)
(-1.47915814e-05, 1.74574065e-05)
(-1.68568375e-05, 1.97428410e-05)
(-1.88856555e-05, 2.19856070e-05)
(-2.08741434e-05, 2.41812309e-05)
(-2.28184934e-05, 2.63253341e-05)
(-2.47149890e-05, 2.84136415e-05)
(-2.65600124e-05, 3.04419904e-05)
(-2.83500518e-05, 3.24063382e-05)
(-3.00817077e-05, 3.43027708e-05)
(-3.17517002e-05, 3.61275099e-05)
(-3.33568750e-05, 3.78769208e-05)
(-3.48942095e-05, 3.95475192e-05)
(-3.63608188e-05, 4.11359786e-05)
(-3.77539614e-05, 4.26391363e-05)
(-3.90710441e-05, 4.40539998e-05)
(-4.03096272e-05, 4.53777529e-05)
(-4.14674293e-05, 4.66077610e-05)
(-4.25423314e-05, 4.77415765e-05)
(-4.35323811e-05, 4.87769432e-05)
(-4.44357961e-05, 4.97118015e-05)
(-4.52509677e-05, 5.05442916e-05)
(-4.59764638e-05, 5.12727576e-05)
(-4.66110314e-05, 5.18957511e-05)
(-4.71535988e-05, 5.24120332e-05)
(-4.76032778e-05, 5.28205778e-05)
(-4.79593650e-05, 5.31205730e-05)
(-4.82213430e-05, 5.33114231e-05)
(-4.83888812e-05, 5.33927496e-05)
(-4.84618363e-05, 5.33643921e-05)
(-4.84402520e-05, 5.32264084e-05)
(-4.83243592e-05, 5.29790746e-05)
(-4.81145750e-05, 5.26228847e-05)
(-4.78115014e-05, 5.21585491e-05)
(-4.74159243e-05, 5.15869939e-05)
(-4.69288114e-05, 5.09093586e-05)
(-4.63513100e-05, 5.01269943e-05)
(-4.56847448e-05, 4.92414606e-05)
(-4.49306145e-05, 4.82545230e-05)
(-4.40905891e-05, 4.71681491e-05)
(-4.31665058e-05, 4.59845052e-05)
(-4.21603657e-05, 4.47059515e-05)
(-4.10743290e-05, 4.33350380e-05)
(-3.99107110e-05, 4.18744992e-05)
(-3.86719768e-05, 4.03272490e-05)
(-3.73607365e-05, 3.86963747e-05)
(-3.59797398e-05, 3.69851315e-05)
(-3.45318699e-05, 3.51969354e-05)
(-3.30201382e-05, 3.33353571e-05)
(-3.14476776e-05, 3.14041149e-05)
(-2.98177364e-05, 2.94070671e-05)
(-2.81336712e-05, 2.73482050e-05)
(-2.63989409e-05, 2.52316446e-05)
(-2.46170989e-05, 2.30616188e-05)
(-2.27917859e-05, 2.08424691e-05)
(-2.09267231e-05, 1.85786370e-05)
(-1.90257043e-05, 1.62746552e-05)
(-1.70925880e-05, 1.39351391e-05)
(-1.51312902e-05, 1.15647773e-05)
(-1.31457759e-05, 9.16832274e-06)
(-1.11400515e-05, 6.75058314e-06)
(-9.11815692e-06, 4.31641173e-06)
(-7.08415696e-06, 1.87069759e-06)
(-5.04213361e-06,-5.81643862e-07)
(-2.99617776e-06,-3.03568059e-06)
(-9.50381011e-07,-5.48647362e-06)
( 1.09117243e-06,-7.92908677e-06)
( 3.12441387e-06,-1.03585964e-05)
( 5.14529826e-06,-1.27701010e-05)
( 7.14981215e-06,-1.51587309e-05)
( 9.13398166e-06,-1.75196582e-05)
( 1.10938803e-05,-1.98481057e-05)
( 1.30256369e-05,-2.21393569e-05)
( 1.49254428e-05,-2.43887648e-05)
( 1.67895599e-05,-2.65917617e-05)
( 1.86143276e-05,-2.87438677e-05)
( 2.03961699e-05,-3.08407001e-05)
( 2.21316029e-05,-3.28779817e-05)
( 2.38172411e-05,-3.48515493e-05)
( 2.54498040e-05,-3.67573623e-05)
( 2.70261229e-05,-3.85915107e-05)
( 2.85431467e-05,-4.03502225e-05)
( 2.99979477e-05,-4.20298719e-05)
( 3.13877276e-05,-4.36269859e-05)
( 3.27098226e-05,-4.51382518e-05)
( 3.39617085e-05,-4.65605237e-05)
( 3.51410057e-05,-4.78908286e-05)
( 3.62454837e-05,-4.91263728e-05)
( 3.72730650e-05,-5.02645474e-05)
( 3.82218294e-05,-5.13029336e-05)
( 3.90900174e-05,-5.22393078e-05)
( 3.98760335e-05,-5.30716458e-05)
( 4.05784492e-05,-5.37981275e-05)
( 4.11960054e-05,-5.44171404e-05)
( 4.17276150e-05,-5.49272829e-05)
( 4.21723644e-05,-5.53273678e-05)
( 4.25295154e-05,-5.56164241e-05)
( 4.27985064e-05,-5.57936997e-05)
( 4.29789529e-05,-5.58586633e-05)
( 4.30706487e-05,-5.58110050e-05)
( 4.30735652e-05,-5.56506378e-05)
( 4.29878521e-05,-5.53776976e-05)
( 4.28138362e-05,-5.49925437e-05)
( 4.25520207e-05,-5.44957579e-05)
( 4.22030842e-05,-5.38881437e-05)
( 4.17678789e-05,-5.31707252e-05)
( 4.12474284e-05,-5.23447454e-05)
( 4.06429262e-05,-5.14116635e-05)
( 3.99557324e-05,-5.03731531e-05)
( 3.91873710e-05,-4.92310985e-05)
( 3.83395268e-05,-4.79875917e-05)
( 3.74140418e-05,-4.66449281e-05)
( 3.64129111e-05,-4.52056030e-05)
( 3.53382792e-05,-4.36723061e-05)
( 3.41924352e-05,-4.20479171e-05)
( 3.29778080e-05,-4.03355000e-05)
( 3.16969619e-05,-3.85382974e-05)
( 3.03525905e-05,-3.66597242e-05)
( 2.89475121e-05,-3.47033616e-05)
( 2.74846630e-05,-3.26729498e-05)
( 2.59670925e-05,-3.05723808e-05)
( 2.43979560e-05,-2.84056916e-05)
( 2.27805091e-05,-2.61770557e-05)
( 2.11181005e-05,-2.38907757e-05)
( 1.94141659e-05,-2.15512746e-05)
( 1.76722206e-05,-1.91630875e-05)
( 1.58958525e-05,-1.67308526e-05)
( 1.40887153e-05,-1.42593027e-05)
( 1.22545207e-05,-1.17532554e-05)
( 1.03970311e-05,-9.21760437e-06)
( 8.52005241e-06,-6.65730930e-06)
( 6.62742598e-06,-4.07738658e-06)
( 4.72302129e-06,-1.48289939e-06)
( 2.81072812e-06, 1.12105219e-06)
( 8.94448840e-07, 3.72934110e-06)
(-1.02190937e-06, 6.33682344e-06)
(-2.93444222e-06, 8.93834848e-06)
(-4.83925609e-06, 1.15287688e-05)
(-6.73247573e-06, 1.41029506e-05)
(-8.61025192e-06, 1.66557834e-05)
(-1.04687691e-05, 1.91821905e-05)
(-1.23042529e-05, 2.16771391e-05)
(-1.41129776e-05, 2.41356500e-05)
(-1.58912735e-05, 2.65528073e-05)
(-1.76355340e-05, 2.89237688e-05)
(-1.93422231e-05, 3.12437752e-05)
(-2.10078817e-05, 3.35081596e-05)
(-2.26291353e-05, 3.57123569e-05)
(-2.42026997e-05, 3.78519130e-05)
(-2.57253882e-05, 3.99224937e-05)
(-2.71941175e-05, 4.19198934e-05)
(-2.86059137e-05, 4.38400435e-05)
(-2.99579185e-05, 4.56790209e-05)
(-3.12473942e-05, 4.74330556e-05)
(-3.24717300e-05, 4.90985385e-05)
(-3.36284459e-05, 5.06720287e-05)
(-3.47151988e-05, 5.21502608e-05)
(-3.57297861e-05, 5.35301512e-05)
(-3.66701506e-05, 5.48088046e-05)
(-3.75343844e-05, 5.59835204e-05)
(-3.83207325e-05, 5.70517974e-05)
(-3.90275964e-05, 5.80113400e-05)
(-3.96535369e-05, 5.88600624e-05)
(-4.01972775e-05, 5.95960932e-05)
(-4.06577063e-05, 6.02177797e-05)
(-4.10338786e-05, 6.07236908e-05)
(-4.13250183e-05, 6.11126209e-05)
(-4.15305201e-05, 6.13835921e-05)
(-4.16499499e-05, 6.15358569e-05)
(-4.16830462e-05, 6.15688995e-05)
(-4.16297204e-05, 6.14824375e-05)
(-4.14900568e-05, 6.12764228e-05)
(-4.12643128e-05, 6.09510418e-05)
(-4.09529183e-05, 6.05067158e-05)
(-4.05564747e-05, 5.99441000e-05)
(-4.00757536e-05, 5.92640828e-05)
(-3.95116957e-05, 5.84677846e-05)
(-3.88654086e-05, 5.75565555e-05)
(-3.81381651e-05, 5.65319732e-05)
(-3.73313999e-05, 5.53958403e-05)
(-3.64467076e-05, 5.41501808e-05)
(-3.54858392e-05, 5.27972366e-05)
(-3.44506987e-05, 5.13394634e-05)
(-3.33433393e-05, 4.97795261e-05)
(-3.21659597e-05, 4.81202938e-05)
(-3.09208993e-05, 4.63648344e-05)
(-2.96106342e-05, 4.45164091e-05)
(-2.82377718e-05, 4.25784658e-05)
(-2.68050461e-05, 4.05546328e-05)
(-2.53153121e-05, 3.84487118e-05)
(-2.37715402e-05, 3.62646710e-05)
(-2.21768107e-05, 3.40066366e-05)
(-2.05343073e-05, 3.16788860e-05)
(-1.88473111e-05, 2.92858386e-05)
(-1.71191943e-05, 2.68320480e-05)
(-1.53534131e-05, 2.43221924e-05)
(-1.35535017e-05, 2.17610665e-05)
(-1.17230643e-05, 1.91535713e-05)
(-9.86576905e-06, 1.65047051e-05)
(-7.98534016e-06, 1.38195535e-05)
(-6.08555083e-06, 1.11032796e-05)
(-4.17021578e-06, 8.36111396e-06)
(-2.24318373e-06, 5.59834420e-06)
(-3.08329793e-07, 2.82030473e-06)
( 1.63045213e-06, 3.23662932e-08)
( 3.56925706e-06,-2.76007461e-06)
( 5.50417668e-06,-5.55160633e-06)
( 7.43130701e-06,-8.33681271e-06)
( 9.34675616e-06,-1.11102838e-05)
( 1.12466521e-05,-1.38666265e-05)
( 1.31271501e-05,-1.66004751e-05)
( 1.49844407e-05,-1.93065022e-05)
( 1.68147570e-05,-2.19794290e-05)
( 1.86143824e-05,-2.46140357e-05)
( 2.03796575e-05,-2.72051721e-05)
( 2.21069882e-05,-2.97477676e-05)
( 2.37928521e-05,-3.22368414e-05)
( 2.54338059e-05,-3.46675124e-05)
( 2.70264921e-05,-3.70350089e-05)
( 2.85676461e-05,-3.93346779e-05)
( 3.00541023e-05,-4.15619948e-05)
( 3.14828008e-05,-4.37125721e-05)
( 3.28507933e-05,-4.57821682e-05)
( 3.41552491e-05,-4.77666960e-05)
( 3.53934611e-05,-4.96622310e-05)
( 3.65628510e-05,-5.14650192e-05)
( 3.76609743e-05,-5.31714847e-05)
( 3.86855260e-05,-5.47782366e-05)
( 3.96343447e-05,-5.62820762e-05)
( 4.05054172e-05,-5.76800032e-05)
( 4.12968828e-05,-5.89692217e-05)
( 4.20070367e-05,-6.01471462e-05)
( 4.26343342e-05,-6.12114063e-05)
( 4.31773935e-05,-6.21598521e-05)
( 4.36349986e-05,-6.29905579e-05)
( 4.40061021e-05,-6.37018268e-05)
( 4.42898275e-05,-6.42921938e-05)
( 4.44854706e-05,-6.47604287e-05)
( 4.45925020e-05,-6.51055392e-05)
( 4.46105676e-05,-6.53267723e-05)
( 4.45394895e-05,-6.54236163e-05)
( 4.43792673e-05,-6.53958019e-05)
( 4.41300774e-05,-6.52433026e-05)
( 4.37922734e-05,-6.49663354e-05)
( 4.33663856e-05,-6.45653596e-05)
( 4.28531199e-05,-6.40410770e-05)
( 4.22533567e-05,-6.33944298e-05)
( 4.15681495e-05,-6.26265992e-05)
( 4.07987227e-05,-6.17390032e-05)
( 3.99464700e-05,-6.07332937e-05)
( 3.90129510e-05,-5.96113535e-05)
( 3.79998890e-05,-5.83752923e-05)
( 3.69091674e-05,-5.70274432e-05)
( 3.57428261e-05,-5.55703576e-05)
( 3.45030582e-05,-5.40068005e-05)
( 3.31922051e-05,-5.23397452e-05)
( 3.18127525e-05,-5.05723671e-05)
( 3.03673254e-05,-4.87080380e-05)
( 2.88586832e-05,-4.67503190e-05)
( 2.72897145e-05,-4.47029539e-05)
( 2.56634311e-05,-4.25698616e-05)
( 2.39829627e-05,-4.03551285e-05)
( 2.22515502e-05,-3.80630007e-05)
( 2.04725400e-05,-3.56978753e-05)
( 1.86493773e-05,-3.32642918e-05)
( 1.67855990e-05,-3.07669235e-05)
( 1.48848274e-05,-2.82105680e-05)
( 1.29507625e-05,-2.56001380e-05)
( 1.09871753e-05,-2.29406513e-05)
( 8.99789992e-06,-2.02372215e-05)
( 6.98682626e-06,-1.74950473e-05)
( 4.95789242e-06,-1.47194027e-05)
( 2.91507677e-06,-1.19156267e-05)
( 8.62390151e-07,-9.08911240e-06)
(-1.19613204e-06,-6.24529689e-06)
(-3.25643788e-06,-3.38965021e-06)
(-5.31446692e-06,-5.27664810e-07)
(-7.36615831e-06, 2.33515530e-06)
(-9.40745879e-06, 5.19330532e-06)
(-1.14343308e-05, 8.04129044e-06)
(-1.34427606e-05, 1.08736367e-05)
(-1.54287660e-05, 1.36849014e-05)
(-1.73884048e-05, 1.64696843e-05)
(-1.93177821e-05, 1.92226376e-05)
(-2.12130586e-05, 2.19384769e-05)
(-2.30704579e-05, 2.46119909e-05)
(-2.48862744e-05, 2.72380524e-05)
(-2.66568804e-05, 2.98116275e-05)
(-2.83787337e-05, 3.23277860e-05)
(-3.00483846e-05, 3.47817104e-05)
(-3.16624829e-05, 3.71687060e-05)
(-3.32177845e-05, 3.94842094e-05)
(-3.47111581e-05, 4.17237977e-05)
(-3.61395914e-05, 4.38831969e-05)
(-3.75001976e-05, 4.59582901e-05)
(-3.87902207e-05, 4.79451258e-05)
(-4.00070413e-05, 4.98399252e-05)
(-4.11481821e-05, 5.16390894e-05)
(-4.22113128e-05, 5.33392068e-05)
(-4.31942548e-05, 5.49370590e-05)
(-4.40949859e-05, 5.64296275e-05)
(-4.49116441e-05, 5.78140991e-05)
(-4.56425316e-05, 5.90878714e-05)
(-4.62861183e-05, 6.02485576e-05)
(-4.68410452e-05, 6.12939914e-05)
(-4.73061266e-05, 6.22222304e-05)
(-4.76803532e-05, 6.30315601e-05)
(-4.79628939e-05, 6.37204973e-05)
(-4.81530978e-05, 6.42877922e-05)
(-4.82504954e-05, 6.47324313e-05)
(-4.82547995e-05, 6.50536385e-05)
(-4.81659063e-05, 6.52508771e-05)
(-4.79838955e-05, 6.53238502e-05)
(-4.77090301e-05, 6.52725010e-05)
(-4.73417562e-05, 6.50970133e-05)
(-4.68827021e-05, 6.47978102e-05)
(-4.63326772e-05, 6.43755535e-05)
(-4.56926702e-05, 6.38311420e-05)
(-4.49638477e-05, 6.31657097e-05)
(-4.41475516e-05, 6.23806234e-05)
(-4.32452965e-05, 6.14774794e-05)
(-4.22587669e-05, 6.04581009e-05)
(-4.11898138e-05, 5.93245336e-05)
(-4.00404512e-05, 5.80790417e-05)
(-3.88128521e-05, 5.67241037e-05)
(-3.75093439e-05, 5.52624067e-05)
(-3.61324046e-05, 5.36968415e-05)
(-3.46846569e-05, 5.20304965e-05)
(-3.31688639e-05, 5.02666517e-05)
(-3.15879232e-05, 4.84087721e-05)
(-2.99448610e-05, 4.64605007e-05)
(-2.82428267e-05, 4.44256514e-05)
(-2.64850861e-05, 4.23082013e-05)
(-2.46750151e-05, 4.01122829e-05)
(-2.28160932e-05, 3.78421761e-05)
(-2.09118963e-05, 3.55022994e-05)
(-1.89660899e-05, 3.30972016e-05)
(-1.69824214e-05, 3.06315526e-05)
(-1.49647132e-05, 2.81101342e-05)
(-1.29168549e-05, 2.55378311e-05)
(-1.08427952e-05, 2.29196210e-05)
(-8.74653471e-06, 2.02605651e-05)
(-6.63211766e-06, 1.75657980e-05)
(-4.50362386e-06, 1.48405180e-05)
(-2.36516076e-06, 1.20899768e-05)
(-2.20855201e-07, 9.31946932e-06)
( 1.92515468e-06, 6.53432368e-06)
( 4.06872769e-06, 3.73989054e-06)
( 6.20572774e-06, 9.41533031e-07)
( 8.33203205e-06,-1.85538372e-06)
( 1.04435393e-05,-4.64550288e-06)
( 1.25361776e-05,-7.42348621e-06)
( 1.46059127e-05,-1.01840243e-05)
( 1.66487558e-05,-1.29218469e-05)
( 1.86607716e-05,-1.56317326e-05)
( 2.06380858e-05,-1.83085195e-05)
( 2.25768927e-05,-2.09471144e-05)
( 2.44734630e-05,-2.35425029e-05)
( 2.63241506e-05,-2.60897587e-05)
( 2.81254003e-05,-2.85840532e-05)
( 2.98737541e-05,-3.10206645e-05)
( 3.15658586e-05,-3.33949866e-05)
( 3.31984709e-05,-3.57025376e-05)
( 3.47684655e-05,-3.79389686e-05)
( 3.62728399e-05,-4.01000719e-05)
( 3.77087204e-05,-4.21817886e-05)
( 3.90733680e-05,-4.41802164e-05)
( 4.03641835e-05,-4.60916171e-05)
( 4.15787120e-05,-4.79124232e-05)
( 4.27146484e-05,-4.96392448e-05)
( 4.37698413e-05,-5.12688759e-05)
( 4.47422969e-05,-5.27983000e-05)
( 4.56301832e-05,-5.42246964e-05)
( 4.64318329e-05,-5.55454445e-05)
( 4.71457472e-05,-5.67581294e-05)
( 4.77705976e-05,-5.78605457e-05)
( 4.83052291e-05,-5.88507018e-05)
( 4.87486619e-05,-5.97268234e-05)
( 4.91000930e-05,-6.04873569e-05)
( 4.93588978e-05,-6.11309715e-05)
( 4.95246310e-05,-6.16565624e-05)
( 4.95970269e-05,-6.20632521e-05)
( 4.95760004e-05,-6.23503917e-05)
( 4.94616462e-05,-6.25175625e-05)
( 4.92542387e-05,-6.25645761e-05)
( 4.89542311e-05,-6.24914749e-05)
( 4.85622544e-05,-6.22985313e-05)
( 4.80791156e-05,-6.19862474e-05)
( 4.75057963e-05,-6.15553536e-05)
( 4.68434500e-05,-6.10068072e-05)
( 4.60934001e-05,-6.03417900e-05)
( 4.52571365e-05,-5.95617061e-05)
( 4.43363132e-05,-5.86681792e-05)
( 4.33327438e-05,-5.76630488e-05)
( 4.22483987e-05,-5.65483668e-05)
( 4.10854003e-05,-5.53263934e-05)
( 3.98460190e-05,-5.39995926e-05)
( 3.85326684e-05,-5.25706274e-05)
( 3.71479005e-05,-5.10423541e-05)
( 3.56944001e-05,-4.94178174e-05)
( 3.41749802e-05,-4.77002439e-05)
( 3.25925753e-05,-4.58930359e-05)
( 3.09502363e-05,-4.39997650e-05)
( 2.92511239e-05,-4.20241649e-05)
( 2.74985028e-05,-3.99701242e-05)
( 2.56957346e-05,-3.78416789e-05)
( 2.38462716e-05,-3.56430047e-05)
( 2.19536497e-05,-3.33784088e-05)
( 2.00214816e-05,-3.10523214e-05)
( 1.80534499e-05,-2.86692876e-05)
( 1.60532991e-05,-2.62339584e-05)
( 1.40248294e-05,-2.37510815e-05)
( 1.19718883e-05,-2.12254928e-05)
( 9.89836374e-06,-1.86621064e-05)
( 7.80817643e-06,-1.60659057e-05)
( 5.70527216e-06,-1.34419336e-05)
( 3.59361431e-06,-1.07952829e-05)
( 1.47717624e-06,-8.13108630e-06)
(-6.40066351e-07,-5.45450705e-06)
(-2.75414297e-06,-2.77072864e-06)
(-4.86109591e-06,-8.49450345e-08)
(-6.95698770e-06, 2.59764928e-06)
(-9.03790862e-06, 5.27186923e-06)
(-1.10999840e-05, 7.93254910e-06)
(-1.31393815e-05, 1.05745524e-05)
(-1.51523184e-05, 1.31927817e-05)
(-1.71350684e-05, 1.57821882e-05)
(-1.90839688e-05, 1.83377820e-05)
(-2.09954271e-05, 2.08546406e-05)
(-2.28659276e-05, 2.33279194e-05)
(-2.46920381e-05, 2.57528603e-05)
(-2.64704160e-05, 2.81248010e-05)
(-2.81978143e-05, 3.04391838e-05)
(-2.98710875e-05, 3.26915647e-05)
(-3.14871976e-05, 3.48776214e-05)
(-3.30432189e-05, 3.69931621e-05)
(-3.45363440e-05, 3.90341330e-05)
(-3.59638881e-05, 4.09966264e-05)
(-3.73232941e-05, 4.28768883e-05)
(-3.86121369e-05, 4.46713253e-05)
(-3.98281278e-05, 4.63765117e-05)
(-4.09691181e-05, 4.79891960e-05)
(-4.20331031e-05, 4.95063074e-05)
(-4.30182253e-05, 5.09249612e-05)
(-4.39227776e-05, 5.22424650e-05)
(-4.47452060e-05, 5.34563233e-05)
(-4.54841119e-05, 5.45642428e-05)
(-4.61382547e-05, 5.55641367e-05)
(-4.67065537e-05, 5.64541284e-05)
(-4.71880892e-05, 5.72325558e-05)
(-4.75821044e-05, 5.78979740e-05)
(-4.78880057e-05, 5.84491585e-05)
(-4.81053641e-05, 5.88851073e-05)
(-4.82339153e-05, 5.92050431e-05)
(-4.82735594e-05, 5.94084148e-05)
(-4.82243612e-05, 5.94948985e-05)
(-4.80865494e-05, 5.94643985e-05)
(-4.78605157e-05, 5.93170472e-05)
(-4.75468137e-05, 5.90532051e-05)
(-4.71461579e-05, 5.86734603e-05)
(-4.66594210e-05, 5.81786271e-05)
(-4.60876331e-05, 5.75697448e-05)
(-4.54319783e-05, 5.68480755e-05)
(-4.46937930e-05, 5.60151021e-05)
(-4.38745625e-05, 5.50725251e-05)
(-4.29759183e-05, 5.40222598e-05)
(-4.19996343e-05, 5.28664321e-05)
(-4.09476239e-05, 5.16073752e-05)
(-3.98219354e-05, 5.02476244e-05)
(-3.86247484e-05, 4.87899128e-05)
(-3.73583695e-05, 4.72371658e-05)
(-3.60252274e-05, 4.55924955e-05)
(-3.46278687e-05, 4.38591949e-05)
(-3.31689527e-05, 4.20407312e-05)
(-3.16512464e-05, 4.01407395e-05)
(-3.00776190e-05, 3.81630154e-05)
(-2.84510370e-05, 3.61115082e-05)
(-2.67745577e-05, 3.39903124e-05)
(-2.50513246e-05, 3.18036608e-05)
(-2.32845604e-05, 2.95559151e-05)
(-2.14775618e-05, 2.72515586e-05)
(-1.96336929e-05, 2.48951864e-05)
(-1.77563793e-05, 2.24914973e-05)
(-1.58491014e-05, 2.00452838e-05)
(-1.39153887e-05, 1.75614235e-05)
(-1.19588123e-05, 1.50448688e-05)
(-9.98297927e-06, 1.25006378e-05)
(-7.99152580e-06, 9.93380409e-06)
(-5.98811043e-06, 7.34948663e-06)
(-3.97640762e-06, 4.75284000e-06)
(-1.96010103e-06, 2.14904396e-06)
( 5.71230768e-08,-4.56706707e-07)
( 2.07158247e-06,-3.05921252e-06)
( 4.07960557e-06,-5.65327962e-06)
( 6.07753797e-06,-8.23373012e-06)
( 8.06174899e-06,-1.07954124e-05)
( 1.00286381e-05,-1.33332113e-05)
( 1.19746415e-05,-1.58420587e-05)
( 1.38962380e-05,-1.83169431e-05)
( 1.57899558e-05,-2.07529201e-05)
( 1.76523782e-05,-2.31451222e-05)
( 1.94801499e-05,-2.54887687e-05)
( 2.12699826e-05,-2.77791752e-05)
( 2.30186611e-05,-3.00117629e-05)
( 2.47230487e-05,-3.21820685e-05)
( 2.63800929e-05,-3.42857525e-05)
( 2.79868305e-05,-3.63186085e-05)
( 2.95403929e-05,-3.82765716e-05)
( 3.10380110e-05,-4.01557267e-05)
( 3.24770203e-05,-4.19523167e-05)
( 3.38548652e-05,-4.36627499e-05)
( 3.51691035e-05,-4.52836075e-05)
( 3.64174107e-05,-4.68116509e-05)
( 3.75975840e-05,-4.82438279e-05)
( 3.87075463e-05,-4.95772796e-05)
( 3.97453492e-05,-5.08093461e-05)
( 4.07091770e-05,-5.19375717e-05)
( 4.15973495e-05,-5.29597107e-05)
( 4.24083249e-05,-5.38737319e-05)
( 4.31407024e-05,-5.46778227e-05)
( 4.37932249e-05,-5.53703932e-05)
( 4.43647805e-05,-5.59500795e-05)
( 4.48544052e-05,-5.64157468e-05)
( 4.52612839e-05,-5.67664919e-05)
( 4.55847520e-05,-5.70016451e-05)
( 4.58242965e-05,-5.71207719e-05)
( 4.59795569e-05,-5.71236740e-05)
( 4.60503256e-05,-5.70103902e-05)
( 4.60365484e-05,-5.67811960e-05)
( 4.59383244e-05,-5.64366035e-05)
( 4.57559061e-05,-5.59773609e-05)
( 4.54896984e-05,-5.54044506e-05)
( 4.51402582e-05,-5.47190875e-05)
( 4.47082932e-05,-5.39227171e-05)
( 4.41946610e-05,-5.30170122e-05)
( 4.36003669e-05,-5.20038699e-05)
( 4.29265628e-05,-5.08854080e-05)
( 4.21745445e-05,-4.96639603e-05)
( 4.13457500e-05,-4.83420726e-05)
( 4.04417564e-05,-4.69224973e-05)
( 3.94642775e-05,-4.54081876e-05)
( 3.84151604e-05,-4.38022921e-05)
( 3.72963825e-05,-4.21081481e-05)
( 3.61100479e-05,-4.03292747e-05)
( 3.48583835e-05,-3.84693660e-05)
( 3.35437353e-05,-3.65322833e-05)
( 3.21685641e-05,-3.45220472e-05)
( 3.07354409e-05,-3.24428295e-05)
( 2.92470427e-05,-3.02989446e-05)
( 2.77061473e-05,-2.80948404e-05)
( 2.61156289e-05,-2.58350894e-05)
( 2.44784523e-05,-2.35243791e-05)
( 2.27976680e-05,-2.11675024e-05)
( 2.10764067e-05,-1.87693475e-05)
( 1.93178734e-05,-1.63348878e-05)
( 1.75253420e-05,-1.38691717e-05)
( 1.57021492e-05,-1.13773120e-05)
( 1.38516883e-05,-8.86447490e-06)
( 1.19774034e-05,-6.33586988e-06)
( 1.00827831e-05,-3.79673821e-06)
( 8.17135369e-06,-1.25234222e-06)
( 6.24667349e-06, 1.29204574e-06)
( 4.31232577e-06, 3.83115442e-06)
( 2.37191243e-06, 6.35972473e-06)
( 4.29047352e-07, 8.87252080e-06)
(-1.51265022e-06, 1.13643410e-05)
(-3.44956234e-06, 1.38300290e-05)
(-5.37807909e-06, 1.62644845e-05)
(-7.29460518e-06, 1.86626740e-05)
(-9.19556667e-06, 2.10196417e-05)
(-1.10774176e-05, 2.33305197e-05)
(-1.29366468e-05, 2.55905383e-05)
(-1.47697839e-05, 2.77950364e-05)
(-1.65734065e-05, 2.99394711e-05)
(-1.83441463e-05, 3.20194274e-05)
(-2.00786955e-05, 3.40306275e-05)
(-2.17738130e-05, 3.59689402e-05)
(-2.34263307e-05, 3.78303891e-05)
(-2.50331594e-05, 3.96111617e-05)
(-2.65912949e-05, 4.13076170e-05)
(-2.80978235e-05, 4.29162933e-05)
(-2.95499279e-05, 4.44339159e-05)
(-3.09448927e-05, 4.58574035e-05)
(-3.22801093e-05, 4.71838753e-05)
(-3.35530813e-05, 4.84106565e-05)
(-3.47614294e-05, 4.95352846e-05)
(-3.59028960e-05, 5.05555141e-05)
(-3.69753499e-05, 5.14693215e-05)
(-3.79767901e-05, 5.22749093e-05)
(-3.89053505e-05, 5.29707102e-05)
(-3.97593030e-05, 5.35553899e-05)
(-4.05370615e-05, 5.40278500e-05)
(-4.12371849e-05, 5.43872305e-05)
(-4.18583805e-05, 5.46329112e-05)
(-4.23995061e-05, 5.47645131e-05)
(-4.28595729e-05, 5.47818988e-05)
(-4.32377478e-05, 5.46851733e-05)
(-4.35333547e-05, 5.44746826e-05)
(-4.37458767e-05, 5.41510139e-05)
(-4.38749567e-05, 5.37149933e-05)
(-4.39203991e-05, 5.31676844e-05)
(-4.38821698e-05, 5.25103856e-05)
(-4.37603970e-05, 5.17446271e-05)
(-4.35553707e-05, 5.08721673e-05)
(-4.32675430e-05, 4.98949892e-05)
(-4.28975270e-05, 4.88152955e-05)
(-4.24460963e-05, 4.76355040e-05)
(-4.19141830e-05, 4.63582418e-05)
(-4.13028771e-05, 4.49863396e-05)
(-4.06134236e-05, 4.35228253e-05)
(-3.98472212e-05, 4.19709176e-05)
(-3.90058189e-05, 4.03340180e-05)
(-3.80909139e-05, 3.86157043e-05)
(-3.71043481e-05, 3.68197215e-05)
(-3.60481043e-05, 3.49499745e-05)
(-3.49243034e-05, 3.30105187e-05)
(-3.37351994e-05, 3.10055514e-05)
(-3.24831756e-05, 2.89394024e-05)
(-3.11707397e-05, 2.68165245e-05)
(-2.98005194e-05, 2.46414833e-05)
(-2.83752568e-05, 2.24189477e-05)
(-2.68978032e-05, 2.01536791e-05)
(-2.53711134e-05, 1.78505212e-05)
(-2.37982401e-05, 1.55143894e-05)
(-2.21823275e-05, 1.31502596e-05)
(-2.05266055e-05, 1.07631577e-05)
(-1.88343826e-05, 8.35814856e-06)
(-1.71090395e-05, 5.94032457e-06)
(-1.53540228e-05, 3.51479492e-06)
(-1.35728371e-05, 1.08667427e-06)
(-1.17690386e-05,-1.33892835e-06)
(-9.94622754e-06,-3.75692062e-06)
(-8.10804077e-06,-6.16223799e-06)
(-6.25814453e-06,-8.54985464e-06)
(-4.40022676e-06,-1.09147943e-05)
(-2.53798949e-06,-1.32521410e-05)
(-6.75141212e-07,-1.55570496e-05)
( 1.18461084e-06,-1.78247562e-05)
( 3.03756839e-06,-2.00505883e-05)
( 4.88004983e-06,-2.22299745e-05)
( 6.70839795e-06,-2.43584548e-05)
( 8.51898755e-06,-2.64316893e-05)
( 1.03082331e-05,-2.84454679e-05)
( 1.20725963e-05,-3.03957186e-05)
( 1.38085935e-05,-3.22785164e-05)
( 1.55128032e-05,-3.40900914e-05)
( 1.71818729e-05,-3.58268362e-05)
( 1.88125269e-05,-3.74853135e-05)
( 2.04015726e-05,-3.90622631e-05)
( 2.19459077e-05,-4.05546083e-05)
( 2.34425267e-05,-4.19594623e-05)
( 2.48885271e-05,-4.32741334e-05)
( 2.62811162e-05,-4.44961305e-05)
( 2.76176165e-05,-4.56231680e-05)
( 2.88954715e-05,-4.66531696e-05)
( 3.01122515e-05,-4.75842724e-05)
( 3.12656587e-05,-4.84148301e-05)
( 3.23535319e-05,-4.91434157e-05)
( 3.33738514e-05,-4.97688240e-05)
( 3.43247431e-05,-5.02900731e-05)
( 3.52044828e-05,-5.07064056e-05)
( 3.60114995e-05,-5.10172898e-05)
( 3.67443792e-05,-5.12224194e-05)
( 3.74018674e-05,-5.13217134e-05)
( 3.79828722e-05,-5.13153155e-05)
( 3.84864663e-05,-5.12035924e-05)
( 3.89118888e-05,-5.09871326e-05)
( 3.92585471e-05,-5.06667433e-05)
( 3.95260179e-05,-5.02434486e-05)
( 3.97140477e-05,-4.97184851e-05)
( 3.98225536e-05,-4.90932995e-05)
( 3.98516231e-05,-4.83695430e-05)
( 3.98015134e-05,-4.75490681e-05)
( 3.96726514e-05,-4.66339224e-05)
( 3.94656316e-05,-4.56263437e-05)
( 3.91812151e-05,-4.45287540e-05)
( 3.88203276e-05,-4.33437533e-05)
( 3.83840568e-05,-4.20741129e-05)
( 3.78736499e-05,-4.07227684e-05)
( 3.72905105e-05,-3.92928126e-05)
( 3.66361948e-05,-3.77874873e-05)
( 3.59124085e-05,-3.62101761e-05)
( 3.51210018e-05,-3.45643957e-05)
( 3.42639655e-05,-3.28537877e-05)
( 3.33434257e-05,-3.10821097e-05)
( 3.23616390e-05,-2.92532265e-05)
( 3.13209868e-05,-2.73711011e-05)
( 3.02239696e-05,-2.54397855e-05)
( 2.90732008e-05,-2.34634108e-05)
( 2.78714006e-05,-2.14461785e-05)
( 2.66213890e-05,-1.93923501e-05)
( 2.53260796e-05,-1.73062381e-05)
( 2.39884717e-05,-1.51921957e-05)
( 2.26116439e-05,-1.30546075e-05)
( 2.11987459e-05,-1.08978795e-05)
( 1.97529913e-05,-8.72642948e-06)
( 1.82776496e-05,-6.54467734e-06)
( 1.67760384e-05,-4.35703540e-06)
( 1.52515152e-05,-2.16789897e-06)
( 1.37074696e-05, 1.83630659e-08)
( 1.21473144e-05, 2.19741749e-06)
( 1.05744782e-05, 4.36497587e-06)
( 8.99239621e-06, 6.51680345e-06)
( 7.40450261e-06, 8.64872788e-06)
( 5.81422183e-06, 1.07566477e-05)
( 4.22496035e-06, 1.28365406e-05)
( 2.64009849e-06, 1.48844714e-05)
( 1.06298214e-06, 1.68965998e-05)
(-5.03085272e-07, 1.88691878e-05)
(-2.05485082e-06, 2.07986067e-05)
(-3.58911991e-06, 2.26813440e-05)
(-5.10276403e-06, 2.45140099e-05)
(-6.59272826e-06, 2.62933433e-05)
(-8.05603866e-06, 2.80162176e-05)
(-9.48980941e-06, 2.96796459e-05)
(-1.08912497e-05, 3.12807862e-05)
(-1.22576705e-05, 3.28169458e-05)
(-1.35864908e-05, 3.42855857e-05)
(-1.48752441e-05, 3.56843239e-05)
(-1.61215837e-05, 3.70109393e-05)
(-1.73232889e-05, 3.82633743e-05)
(-1.84782696e-05, 3.94397372e-05)
(-1.95845716e-05, 4.05383048e-05)
(-2.06403808e-05, 4.15575232e-05)
(-2.16440279e-05, 4.24960098e-05)
(-2.25939913e-05, 4.33525536e-05)
(-2.34889013e-05, 4.41261158e-05)
(-2.43275428e-05, 4.48158293e-05)
(-2.51088579e-05, 4.54209990e-05)
(-2.58319480e-05, 4.59411000e-05)
(-2.64960756e-05, 4.63757766e-05)
(-2.71006661e-05, 4.67248409e-05)
(-2.76453079e-05, 4.69882700e-05)
(-2.81297537e-05, 4.71662041e-05)
(-2.85539200e-05, 4.72589432e-05)
(-2.89178871e-05, 4.72669437e-05)
(-2.92218981e-05, 4.71908151e-05)
(-2.94663579e-05, 4.70313160e-05)
(-2.96518314e-05, 4.67893492e-05)
(-2.97790414e-05, 4.64659576e-05)
(-2.98488663e-05, 4.60623190e-05)
(-2.98623371e-05, 4.55797409e-05)
(-2.98206344e-05, 4.50196546e-05)
(-2.97250843e-05, 4.43836096e-05)
(-2.95771547e-05, 4.36732676e-05)
(-2.93784507e-05, 4.28903956e-05)
(-2.91307100e-05, 4.20368600e-05)
(-2.88357979e-05, 4.11146191e-05)
(-2.84957016e-05, 4.01257165e-05)
(-2.81125244e-05, 3.90722736e-05)
(-2.76884804e-05, 3.79564822e-05)
(-2.72258872e-05, 3.67805969e-05)
(-2.67271602e-05, 3.55469275e-05)
(-2.61948054e-05, 3.42578309e-05)
(-2.56314126e-05, 3.29157027e-05)
(-2.50396481e-05, 3.15229696e-05)
(-2.44222477e-05, 3.00820804e-05)
(-2.37820088e-05, 2.85954979e-05)
(-2.31217833e-05, 2.70656899e-05)
(-2.24444697e-05, 2.54951206e-05)
(-2.17530055e-05, 2.38862414e-05)
(-2.10503596e-05, 2.22414817e-05)
(-2.03395247e-05, 2.05632396e-05)
(-1.96235095e-05, 1.88538723e-05)
(-1.89053316e-05, 1.71156858e-05)
(-1.81880096e-05, 1.53509251e-05)
(-1.74745565e-05, 1.35617633e-05)
(-1.67679728e-05, 1.17502904e-05)
(-1.60712393e-05, 9.91850193e-06)
(-1.53873116e-05, 8.06828635e-06)
(-1.47191140e-05, 6.20141193e-06)
(-1.40695340e-05, 4.31951262e-06)
(-1.34414183e-05, 2.42407266e-06)
(-1.28375680e-05, 5.16409760e-07)
(-1.22607362e-05,-1.40234358e-06)
(-1.17136256e-05,-3.33126090e-06)
(-1.11988874e-05,-5.26964537e-06)
(-1.07191221e-05,-7.21705671e-06)
(-1.02768815e-05,-9.17334223e-06)
(-9.87467283e-06,-1.11386731e-05)
(-9.51496504e-06,-1.31135870e-05)
(-9.20019869e-06,-1.50990388e-05)
(-8.93279887e-06,-1.70964619e-05)
(-8.71519291e-06,-1.91078420e-05)
(-8.54983374e-06,-2.11358079e-05)
(-8.43923054e-06,-2.31837445e-05)
(-8.38598865e-06,-2.52559330e-05)
(-8.39286177e-06,-2.73577298e-05)
(-8.46282018e-06,-2.94957946e-05)
(-8.59914064e-06,-3.16783865e-05)
(-8.80552574e-06,-3.39157530e-05)
(-9.08626415e-06,-3.62206486e-05)
(-9.44644870e-06,-3.86090377e-05)
(-9.89227777e-06,-4.11010634e-05)
(-1.04314798e-05,-4.37224113e-05)
(-1.10739240e-05,-4.65062715e-05)
(-1.18325220e-05,-4.94962373e-05)
(-1.27245978e-05,-5.27507148e-05)
(-1.37740434e-05,-5.63498713e-05)
(-1.50148530e-05,-6.04070469e-05)
(-1.64972128e-05,-6.50884523e-05)
(-1.82986593e-05,-7.06493276e-05)
(-2.05461665e-05,-7.75056572e-05)
(-2.34645339e-05,-8.63916022e-05)
(-2.74973227e-05,-9.87537811e-05)
(-3.37019742e-05,-1.18042810e-04)
(-4.45591764e-05,-1.52352588e-04)
(-1.02716054e-04,-3.41770145e-04)
