% L-Bracket Geometry
% N_total=2902, N_horizontal=1451, N_vertical=1451
% Resolution: 100 segments per wavelength
% Format: x(m) y(m)
1.72296348e-04 0.00000000e+00
5.16889043e-04 0.00000000e+00
8.61481739e-04 0.00000000e+00
1.20607443e-03 0.00000000e+00
1.55066713e-03 0.00000000e+00
1.89525982e-03 0.00000000e+00
2.23985252e-03 0.00000000e+00
2.58444522e-03 0.00000000e+00
2.92903791e-03 0.00000000e+00
3.27363061e-03 0.00000000e+00
3.61822330e-03 0.00000000e+00
3.96281600e-03 0.00000000e+00
4.30740869e-03 0.00000000e+00
4.65200139e-03 0.00000000e+00
4.99659408e-03 0.00000000e+00
5.34118678e-03 0.00000000e+00
5.68577947e-03 0.00000000e+00
6.03037217e-03 0.00000000e+00
6.37496487e-03 0.00000000e+00
6.71955756e-03 0.00000000e+00
7.06415026e-03 0.00000000e+00
7.40874295e-03 0.00000000e+00
7.75333565e-03 0.00000000e+00
8.09792834e-03 0.00000000e+00
8.44252104e-03 0.00000000e+00
8.78711373e-03 0.00000000e+00
9.13170643e-03 0.00000000e+00
9.47629912e-03 0.00000000e+00
9.82089182e-03 0.00000000e+00
1.01654845e-02 0.00000000e+00
1.05100772e-02 0.00000000e+00
1.08546699e-02 0.00000000e+00
1.11992626e-02 0.00000000e+00
1.15438553e-02 0.00000000e+00
1.18884480e-02 0.00000000e+00
1.22330407e-02 0.00000000e+00
1.25776334e-02 0.00000000e+00
1.29222261e-02 0.00000000e+00
1.32668188e-02 0.00000000e+00
1.36114115e-02 0.00000000e+00
1.39560042e-02 0.00000000e+00
1.43005969e-02 0.00000000e+00
1.46451896e-02 0.00000000e+00
1.49897823e-02 0.00000000e+00
1.53343749e-02 0.00000000e+00
1.56789676e-02 0.00000000e+00
1.60235603e-02 0.00000000e+00
1.63681530e-02 0.00000000e+00
1.67127457e-02 0.00000000e+00
1.70573384e-02 0.00000000e+00
1.74019311e-02 0.00000000e+00
1.77465238e-02 0.00000000e+00
1.80911165e-02 0.00000000e+00
1.84357092e-02 0.00000000e+00
1.87803019e-02 0.00000000e+00
1.91248946e-02 0.00000000e+00
1.94694873e-02 0.00000000e+00
1.98140800e-02 0.00000000e+00
2.01586727e-02 0.00000000e+00
2.05032654e-02 0.00000000e+00
2.08478581e-02 0.00000000e+00
2.11924508e-02 0.00000000e+00
2.15370435e-02 0.00000000e+00
2.18816362e-02 0.00000000e+00
2.22262289e-02 0.00000000e+00
2.25708216e-02 0.00000000e+00
2.29154142e-02 0.00000000e+00
2.32600069e-02 0.00000000e+00
2.36045996e-02 0.00000000e+00
2.39491923e-02 0.00000000e+00
2.42937850e-02 0.00000000e+00
2.46383777e-02 0.00000000e+00
2.49829704e-02 0.00000000e+00
2.53275631e-02 0.00000000e+00
2.56721558e-02 0.00000000e+00
2.60167485e-02 0.00000000e+00
2.63613412e-02 0.00000000e+00
2.67059339e-02 0.00000000e+00
2.70505266e-02 0.00000000e+00
2.73951193e-02 0.00000000e+00
2.77397120e-02 0.00000000e+00
2.80843047e-02 0.00000000e+00
2.84288974e-02 0.00000000e+00
2.87734901e-02 0.00000000e+00
2.91180828e-02 0.00000000e+00
2.94626755e-02 0.00000000e+00
2.98072682e-02 0.00000000e+00
3.01518608e-02 0.00000000e+00
3.04964535e-02 0.00000000e+00
3.08410462e-02 0.00000000e+00
3.11856389e-02 0.00000000e+00
3.15302316e-02 0.00000000e+00
3.18748243e-02 0.00000000e+00
3.22194170e-02 0.00000000e+00
3.25640097e-02 0.00000000e+00
3.29086024e-02 0.00000000e+00
3.32531951e-02 0.00000000e+00
3.35977878e-02 0.00000000e+00
3.39423805e-02 0.00000000e+00
3.42869732e-02 0.00000000e+00
3.46315659e-02 0.00000000e+00
3.49761586e-02 0.00000000e+00
3.53207513e-02 0.00000000e+00
3.56653440e-02 0.00000000e+00
3.60099367e-02 0.00000000e+00
3.63545294e-02 0.00000000e+00
3.66991221e-02 0.00000000e+00
3.70437148e-02 0.00000000e+00
3.73883075e-02 0.00000000e+00
3.77329001e-02 0.00000000e+00
3.80774928e-02 0.00000000e+00
3.84220855e-02 0.00000000e+00
3.87666782e-02 0.00000000e+00
3.91112709e-02 0.00000000e+00
3.94558636e-02 0.00000000e+00
3.98004563e-02 0.00000000e+00
4.01450490e-02 0.00000000e+00
4.04896417e-02 0.00000000e+00
4.08342344e-02 0.00000000e+00
4.11788271e-02 0.00000000e+00
4.15234198e-02 0.00000000e+00
4.18680125e-02 0.00000000e+00
4.22126052e-02 0.00000000e+00
4.25571979e-02 0.00000000e+00
4.29017906e-02 0.00000000e+00
4.32463833e-02 0.00000000e+00
4.35909760e-02 0.00000000e+00
4.39355687e-02 0.00000000e+00
4.42801614e-02 0.00000000e+00
4.46247541e-02 0.00000000e+00
4.49693468e-02 0.00000000e+00
4.53139394e-02 0.00000000e+00
4.56585321e-02 0.00000000e+00
4.60031248e-02 0.00000000e+00
4.63477175e-02 0.00000000e+00
4.66923102e-02 0.00000000e+00
4.70369029e-02 0.00000000e+00
4.73814956e-02 0.00000000e+00
4.77260883e-02 0.00000000e+00
4.80706810e-02 0.00000000e+00
4.84152737e-02 0.00000000e+00
4.87598664e-02 0.00000000e+00
4.91044591e-02 0.00000000e+00
4.94490518e-02 0.00000000e+00
4.97936445e-02 0.00000000e+00
5.01382372e-02 0.00000000e+00
5.04828299e-02 0.00000000e+00
5.08274226e-02 0.00000000e+00
5.11720153e-02 0.00000000e+00
5.15166080e-02 0.00000000e+00
5.18612007e-02 0.00000000e+00
5.22057934e-02 0.00000000e+00
5.25503861e-02 0.00000000e+00
5.28949787e-02 0.00000000e+00
5.32395714e-02 0.00000000e+00
5.35841641e-02 0.00000000e+00
5.39287568e-02 0.00000000e+00
5.42733495e-02 0.00000000e+00
5.46179422e-02 0.00000000e+00
5.49625349e-02 0.00000000e+00
5.53071276e-02 0.00000000e+00
5.56517203e-02 0.00000000e+00
5.59963130e-02 0.00000000e+00
5.63409057e-02 0.00000000e+00
5.66854984e-02 0.00000000e+00
5.70300911e-02 0.00000000e+00
5.73746838e-02 0.00000000e+00
5.77192765e-02 0.00000000e+00
5.80638692e-02 0.00000000e+00
5.84084619e-02 0.00000000e+00
5.87530546e-02 0.00000000e+00
5.90976473e-02 0.00000000e+00
5.94422400e-02 0.00000000e+00
5.97868327e-02 0.00000000e+00
6.01314254e-02 0.00000000e+00
6.04760180e-02 0.00000000e+00
6.08206107e-02 0.00000000e+00
6.11652034e-02 0.00000000e+00
6.15097961e-02 0.00000000e+00
6.18543888e-02 0.00000000e+00
6.21989815e-02 0.00000000e+00
6.25435742e-02 0.00000000e+00
6.28881669e-02 0.00000000e+00
6.32327596e-02 0.00000000e+00
6.35773523e-02 0.00000000e+00
6.39219450e-02 0.00000000e+00
6.42665377e-02 0.00000000e+00
6.46111304e-02 0.00000000e+00
6.49557231e-02 0.00000000e+00
6.53003158e-02 0.00000000e+00
6.56449085e-02 0.00000000e+00
6.59895012e-02 0.00000000e+00
6.63340939e-02 0.00000000e+00
6.66786866e-02 0.00000000e+00
6.70232793e-02 0.00000000e+00
6.73678720e-02 0.00000000e+00
6.77124647e-02 0.00000000e+00
6.80570573e-02 0.00000000e+00
6.84016500e-02 0.00000000e+00
6.87462427e-02 0.00000000e+00
6.90908354e-02 0.00000000e+00
6.94354281e-02 0.00000000e+00
6.97800208e-02 0.00000000e+00
7.01246135e-02 0.00000000e+00
7.04692062e-02 0.00000000e+00
7.08137989e-02 0.00000000e+00
7.11583916e-02 0.00000000e+00
7.15029843e-02 0.00000000e+00
7.18475770e-02 0.00000000e+00
7.21921697e-02 0.00000000e+00
7.25367624e-02 0.00000000e+00
7.28813551e-02 0.00000000e+00
7.32259478e-02 0.00000000e+00
7.35705405e-02 0.00000000e+00
7.39151332e-02 0.00000000e+00
7.42597259e-02 0.00000000e+00
7.46043186e-02 0.00000000e+00
7.49489113e-02 0.00000000e+00
7.52935040e-02 0.00000000e+00
7.56380966e-02 0.00000000e+00
7.59826893e-02 0.00000000e+00
7.63272820e-02 0.00000000e+00
7.66718747e-02 0.00000000e+00
7.70164674e-02 0.00000000e+00
7.73610601e-02 0.00000000e+00
7.77056528e-02 0.00000000e+00
7.80502455e-02 0.00000000e+00
7.83948382e-02 0.00000000e+00
7.87394309e-02 0.00000000e+00
7.90840236e-02 0.00000000e+00
7.94286163e-02 0.00000000e+00
7.97732090e-02 0.00000000e+00
8.01178017e-02 0.00000000e+00
8.04623944e-02 0.00000000e+00
8.08069871e-02 0.00000000e+00
8.11515798e-02 0.00000000e+00
8.14961725e-02 0.00000000e+00
8.18407652e-02 0.00000000e+00
8.21853579e-02 0.00000000e+00
8.25299506e-02 0.00000000e+00
8.28745433e-02 0.00000000e+00
8.32191359e-02 0.00000000e+00
8.35637286e-02 0.00000000e+00
8.39083213e-02 0.00000000e+00
8.42529140e-02 0.00000000e+00
8.45975067e-02 0.00000000e+00
8.49420994e-02 0.00000000e+00
8.52866921e-02 0.00000000e+00
8.56312848e-02 0.00000000e+00
8.59758775e-02 0.00000000e+00
8.63204702e-02 0.00000000e+00
8.66650629e-02 0.00000000e+00
8.70096556e-02 0.00000000e+00
8.73542483e-02 0.00000000e+00
8.76988410e-02 0.00000000e+00
8.80434337e-02 0.00000000e+00
8.83880264e-02 0.00000000e+00
8.87326191e-02 0.00000000e+00
8.90772118e-02 0.00000000e+00
8.94218045e-02 0.00000000e+00
8.97663972e-02 0.00000000e+00
9.01109899e-02 0.00000000e+00
9.04555825e-02 0.00000000e+00
9.08001752e-02 0.00000000e+00
9.11447679e-02 0.00000000e+00
9.14893606e-02 0.00000000e+00
9.18339533e-02 0.00000000e+00
9.21785460e-02 0.00000000e+00
9.25231387e-02 0.00000000e+00
9.28677314e-02 0.00000000e+00
9.32123241e-02 0.00000000e+00
9.35569168e-02 0.00000000e+00
9.39015095e-02 0.00000000e+00
9.42461022e-02 0.00000000e+00
9.45906949e-02 0.00000000e+00
9.49352876e-02 0.00000000e+00
9.52798803e-02 0.00000000e+00
9.56244730e-02 0.00000000e+00
9.59690657e-02 0.00000000e+00
9.63136584e-02 0.00000000e+00
9.66582511e-02 0.00000000e+00
9.70028438e-02 0.00000000e+00
9.73474365e-02 0.00000000e+00
9.76920292e-02 0.00000000e+00
9.80366218e-02 0.00000000e+00
9.83812145e-02 0.00000000e+00
9.87258072e-02 0.00000000e+00
9.90703999e-02 0.00000000e+00
9.94149926e-02 0.00000000e+00
9.97595853e-02 0.00000000e+00
1.00104178e-01 0.00000000e+00
1.00448771e-01 0.00000000e+00
1.00793363e-01 0.00000000e+00
1.01137956e-01 0.00000000e+00
1.01482549e-01 0.00000000e+00
1.01827141e-01 0.00000000e+00
1.02171734e-01 0.00000000e+00
1.02516327e-01 0.00000000e+00
1.02860920e-01 0.00000000e+00
1.03205512e-01 0.00000000e+00
1.03550105e-01 0.00000000e+00
1.03894698e-01 0.00000000e+00
1.04239290e-01 0.00000000e+00
1.04583883e-01 0.00000000e+00
1.04928476e-01 0.00000000e+00
1.05273068e-01 0.00000000e+00
1.05617661e-01 0.00000000e+00
1.05962254e-01 0.00000000e+00
1.06306847e-01 0.00000000e+00
1.06651439e-01 0.00000000e+00
1.06996032e-01 0.00000000e+00
1.07340625e-01 0.00000000e+00
1.07685217e-01 0.00000000e+00
1.08029810e-01 0.00000000e+00
1.08374403e-01 0.00000000e+00
1.08718995e-01 0.00000000e+00
1.09063588e-01 0.00000000e+00
1.09408181e-01 0.00000000e+00
1.09752773e-01 0.00000000e+00
1.10097366e-01 0.00000000e+00
1.10441959e-01 0.00000000e+00
1.10786552e-01 0.00000000e+00
1.11131144e-01 0.00000000e+00
1.11475737e-01 0.00000000e+00
1.11820330e-01 0.00000000e+00
1.12164922e-01 0.00000000e+00
1.12509515e-01 0.00000000e+00
1.12854108e-01 0.00000000e+00
1.13198700e-01 0.00000000e+00
1.13543293e-01 0.00000000e+00
1.13887886e-01 0.00000000e+00
1.14232479e-01 0.00000000e+00
1.14577071e-01 0.00000000e+00
1.14921664e-01 0.00000000e+00
1.15266257e-01 0.00000000e+00
1.15610849e-01 0.00000000e+00
1.15955442e-01 0.00000000e+00
1.16300035e-01 0.00000000e+00
1.16644627e-01 0.00000000e+00
1.16989220e-01 0.00000000e+00
1.17333813e-01 0.00000000e+00
1.17678405e-01 0.00000000e+00
1.18022998e-01 0.00000000e+00
1.18367591e-01 0.00000000e+00
1.18712184e-01 0.00000000e+00
1.19056776e-01 0.00000000e+00
1.19401369e-01 0.00000000e+00
1.19745962e-01 0.00000000e+00
1.20090554e-01 0.00000000e+00
1.20435147e-01 0.00000000e+00
1.20779740e-01 0.00000000e+00
1.21124332e-01 0.00000000e+00
1.21468925e-01 0.00000000e+00
1.21813518e-01 0.00000000e+00
1.22158111e-01 0.00000000e+00
1.22502703e-01 0.00000000e+00
1.22847296e-01 0.00000000e+00
1.23191889e-01 0.00000000e+00
1.23536481e-01 0.00000000e+00
1.23881074e-01 0.00000000e+00
1.24225667e-01 0.00000000e+00
1.24570259e-01 0.00000000e+00
1.24914852e-01 0.00000000e+00
1.25259445e-01 0.00000000e+00
1.25604037e-01 0.00000000e+00
1.25948630e-01 0.00000000e+00
1.26293223e-01 0.00000000e+00
1.26637816e-01 0.00000000e+00
1.26982408e-01 0.00000000e+00
1.27327001e-01 0.00000000e+00
1.27671594e-01 0.00000000e+00
1.28016186e-01 0.00000000e+00
1.28360779e-01 0.00000000e+00
1.28705372e-01 0.00000000e+00
1.29049964e-01 0.00000000e+00
1.29394557e-01 0.00000000e+00
1.29739150e-01 0.00000000e+00
1.30083743e-01 0.00000000e+00
1.30428335e-01 0.00000000e+00
1.30772928e-01 0.00000000e+00
1.31117521e-01 0.00000000e+00
1.31462113e-01 0.00000000e+00
1.31806706e-01 0.00000000e+00
1.32151299e-01 0.00000000e+00
1.32495891e-01 0.00000000e+00
1.32840484e-01 0.00000000e+00
1.33185077e-01 0.00000000e+00
1.33529669e-01 0.00000000e+00
1.33874262e-01 0.00000000e+00
1.34218855e-01 0.00000000e+00
1.34563448e-01 0.00000000e+00
1.34908040e-01 0.00000000e+00
1.35252633e-01 0.00000000e+00
1.35597226e-01 0.00000000e+00
1.35941818e-01 0.00000000e+00
1.36286411e-01 0.00000000e+00
1.36631004e-01 0.00000000e+00
1.36975596e-01 0.00000000e+00
1.37320189e-01 0.00000000e+00
1.37664782e-01 0.00000000e+00
1.38009375e-01 0.00000000e+00
1.38353967e-01 0.00000000e+00
1.38698560e-01 0.00000000e+00
1.39043153e-01 0.00000000e+00
1.39387745e-01 0.00000000e+00
1.39732338e-01 0.00000000e+00
1.40076931e-01 0.00000000e+00
1.40421523e-01 0.00000000e+00
1.40766116e-01 0.00000000e+00
1.41110709e-01 0.00000000e+00
1.41455301e-01 0.00000000e+00
1.41799894e-01 0.00000000e+00
1.42144487e-01 0.00000000e+00
1.42489080e-01 0.00000000e+00
1.42833672e-01 0.00000000e+00
1.43178265e-01 0.00000000e+00
1.43522858e-01 0.00000000e+00
1.43867450e-01 0.00000000e+00
1.44212043e-01 0.00000000e+00
1.44556636e-01 0.00000000e+00
1.44901228e-01 0.00000000e+00
1.45245821e-01 0.00000000e+00
1.45590414e-01 0.00000000e+00
1.45935007e-01 0.00000000e+00
1.46279599e-01 0.00000000e+00
1.46624192e-01 0.00000000e+00
1.46968785e-01 0.00000000e+00
1.47313377e-01 0.00000000e+00
1.47657970e-01 0.00000000e+00
1.48002563e-01 0.00000000e+00
1.48347155e-01 0.00000000e+00
1.48691748e-01 0.00000000e+00
1.49036341e-01 0.00000000e+00
1.49380933e-01 0.00000000e+00
1.49725526e-01 0.00000000e+00
1.50070119e-01 0.00000000e+00
1.50414712e-01 0.00000000e+00
1.50759304e-01 0.00000000e+00
1.51103897e-01 0.00000000e+00
1.51448490e-01 0.00000000e+00
1.51793082e-01 0.00000000e+00
1.52137675e-01 0.00000000e+00
1.52482268e-01 0.00000000e+00
1.52826860e-01 0.00000000e+00
1.53171453e-01 0.00000000e+00
1.53516046e-01 0.00000000e+00
1.53860639e-01 0.00000000e+00
1.54205231e-01 0.00000000e+00
1.54549824e-01 0.00000000e+00
1.54894417e-01 0.00000000e+00
1.55239009e-01 0.00000000e+00
1.55583602e-01 0.00000000e+00
1.55928195e-01 0.00000000e+00
1.56272787e-01 0.00000000e+00
1.56617380e-01 0.00000000e+00
1.56961973e-01 0.00000000e+00
1.57306565e-01 0.00000000e+00
1.57651158e-01 0.00000000e+00
1.57995751e-01 0.00000000e+00
1.58340344e-01 0.00000000e+00
1.58684936e-01 0.00000000e+00
1.59029529e-01 0.00000000e+00
1.59374122e-01 0.00000000e+00
1.59718714e-01 0.00000000e+00
1.60063307e-01 0.00000000e+00
1.60407900e-01 0.00000000e+00
1.60752492e-01 0.00000000e+00
1.61097085e-01 0.00000000e+00
1.61441678e-01 0.00000000e+00
1.61786271e-01 0.00000000e+00
1.62130863e-01 0.00000000e+00
1.62475456e-01 0.00000000e+00
1.62820049e-01 0.00000000e+00
1.63164641e-01 0.00000000e+00
1.63509234e-01 0.00000000e+00
1.63853827e-01 0.00000000e+00
1.64198419e-01 0.00000000e+00
1.64543012e-01 0.00000000e+00
1.64887605e-01 0.00000000e+00
1.65232197e-01 0.00000000e+00
1.65576790e-01 0.00000000e+00
1.65921383e-01 0.00000000e+00
1.66265976e-01 0.00000000e+00
1.66610568e-01 0.00000000e+00
1.66955161e-01 0.00000000e+00
1.67299754e-01 0.00000000e+00
1.67644346e-01 0.00000000e+00
1.67988939e-01 0.00000000e+00
1.68333532e-01 0.00000000e+00
1.68678124e-01 0.00000000e+00
1.69022717e-01 0.00000000e+00
1.69367310e-01 0.00000000e+00
1.69711902e-01 0.00000000e+00
1.70056495e-01 0.00000000e+00
1.70401088e-01 0.00000000e+00
1.70745681e-01 0.00000000e+00
1.71090273e-01 0.00000000e+00
1.71434866e-01 0.00000000e+00
1.71779459e-01 0.00000000e+00
1.72124051e-01 0.00000000e+00
1.72468644e-01 0.00000000e+00
1.72813237e-01 0.00000000e+00
1.73157829e-01 0.00000000e+00
1.73502422e-01 0.00000000e+00
1.73847015e-01 0.00000000e+00
1.74191608e-01 0.00000000e+00
1.74536200e-01 0.00000000e+00
1.74880793e-01 0.00000000e+00
1.75225386e-01 0.00000000e+00
1.75569978e-01 0.00000000e+00
1.75914571e-01 0.00000000e+00
1.76259164e-01 0.00000000e+00
1.76603756e-01 0.00000000e+00
1.76948349e-01 0.00000000e+00
1.77292942e-01 0.00000000e+00
1.77637534e-01 0.00000000e+00
1.77982127e-01 0.00000000e+00
1.78326720e-01 0.00000000e+00
1.78671313e-01 0.00000000e+00
1.79015905e-01 0.00000000e+00
1.79360498e-01 0.00000000e+00
1.79705091e-01 0.00000000e+00
1.80049683e-01 0.00000000e+00
1.80394276e-01 0.00000000e+00
1.80738869e-01 0.00000000e+00
1.81083461e-01 0.00000000e+00
1.81428054e-01 0.00000000e+00
1.81772647e-01 0.00000000e+00
1.82117240e-01 0.00000000e+00
1.82461832e-01 0.00000000e+00
1.82806425e-01 0.00000000e+00
1.83151018e-01 0.00000000e+00
1.83495610e-01 0.00000000e+00
1.83840203e-01 0.00000000e+00
1.84184796e-01 0.00000000e+00
1.84529388e-01 0.00000000e+00
1.84873981e-01 0.00000000e+00
1.85218574e-01 0.00000000e+00
1.85563166e-01 0.00000000e+00
1.85907759e-01 0.00000000e+00
1.86252352e-01 0.00000000e+00
1.86596945e-01 0.00000000e+00
1.86941537e-01 0.00000000e+00
1.87286130e-01 0.00000000e+00
1.87630723e-01 0.00000000e+00
1.87975315e-01 0.00000000e+00
1.88319908e-01 0.00000000e+00
1.88664501e-01 0.00000000e+00
1.89009093e-01 0.00000000e+00
1.89353686e-01 0.00000000e+00
1.89698279e-01 0.00000000e+00
1.90042872e-01 0.00000000e+00
1.90387464e-01 0.00000000e+00
1.90732057e-01 0.00000000e+00
1.91076650e-01 0.00000000e+00
1.91421242e-01 0.00000000e+00
1.91765835e-01 0.00000000e+00
1.92110428e-01 0.00000000e+00
1.92455020e-01 0.00000000e+00
1.92799613e-01 0.00000000e+00
1.93144206e-01 0.00000000e+00
1.93488798e-01 0.00000000e+00
1.93833391e-01 0.00000000e+00
1.94177984e-01 0.00000000e+00
1.94522577e-01 0.00000000e+00
1.94867169e-01 0.00000000e+00
1.95211762e-01 0.00000000e+00
1.95556355e-01 0.00000000e+00
1.95900947e-01 0.00000000e+00
1.96245540e-01 0.00000000e+00
1.96590133e-01 0.00000000e+00
1.96934725e-01 0.00000000e+00
1.97279318e-01 0.00000000e+00
1.97623911e-01 0.00000000e+00
1.97968504e-01 0.00000000e+00
1.98313096e-01 0.00000000e+00
1.98657689e-01 0.00000000e+00
1.99002282e-01 0.00000000e+00
1.99346874e-01 0.00000000e+00
1.99691467e-01 0.00000000e+00
2.00036060e-01 0.00000000e+00
2.00380652e-01 0.00000000e+00
2.00725245e-01 0.00000000e+00
2.01069838e-01 0.00000000e+00
2.01414430e-01 0.00000000e+00
2.01759023e-01 0.00000000e+00
2.02103616e-01 0.00000000e+00
2.02448209e-01 0.00000000e+00
2.02792801e-01 0.00000000e+00
2.03137394e-01 0.00000000e+00
2.03481987e-01 0.00000000e+00
2.03826579e-01 0.00000000e+00
2.04171172e-01 0.00000000e+00
2.04515765e-01 0.00000000e+00
2.04860357e-01 0.00000000e+00
2.05204950e-01 0.00000000e+00
2.05549543e-01 0.00000000e+00
2.05894136e-01 0.00000000e+00
2.06238728e-01 0.00000000e+00
2.06583321e-01 0.00000000e+00
2.06927914e-01 0.00000000e+00
2.07272506e-01 0.00000000e+00
2.07617099e-01 0.00000000e+00
2.07961692e-01 0.00000000e+00
2.08306284e-01 0.00000000e+00
2.08650877e-01 0.00000000e+00
2.08995470e-01 0.00000000e+00
2.09340062e-01 0.00000000e+00
2.09684655e-01 0.00000000e+00
2.10029248e-01 0.00000000e+00
2.10373841e-01 0.00000000e+00
2.10718433e-01 0.00000000e+00
2.11063026e-01 0.00000000e+00
2.11407619e-01 0.00000000e+00
2.11752211e-01 0.00000000e+00
2.12096804e-01 0.00000000e+00
2.12441397e-01 0.00000000e+00
2.12785989e-01 0.00000000e+00
2.13130582e-01 0.00000000e+00
2.13475175e-01 0.00000000e+00
2.13819768e-01 0.00000000e+00
2.14164360e-01 0.00000000e+00
2.14508953e-01 0.00000000e+00
2.14853546e-01 0.00000000e+00
2.15198138e-01 0.00000000e+00
2.15542731e-01 0.00000000e+00
2.15887324e-01 0.00000000e+00
2.16231916e-01 0.00000000e+00
2.16576509e-01 0.00000000e+00
2.16921102e-01 0.00000000e+00
2.17265694e-01 0.00000000e+00
2.17610287e-01 0.00000000e+00
2.17954880e-01 0.00000000e+00
2.18299473e-01 0.00000000e+00
2.18644065e-01 0.00000000e+00
2.18988658e-01 0.00000000e+00
2.19333251e-01 0.00000000e+00
2.19677843e-01 0.00000000e+00
2.20022436e-01 0.00000000e+00
2.20367029e-01 0.00000000e+00
2.20711621e-01 0.00000000e+00
2.21056214e-01 0.00000000e+00
2.21400807e-01 0.00000000e+00
2.21745400e-01 0.00000000e+00
2.22089992e-01 0.00000000e+00
2.22434585e-01 0.00000000e+00
2.22779178e-01 0.00000000e+00
2.23123770e-01 0.00000000e+00
2.23468363e-01 0.00000000e+00
2.23812956e-01 0.00000000e+00
2.24157548e-01 0.00000000e+00
2.24502141e-01 0.00000000e+00
2.24846734e-01 0.00000000e+00
2.25191326e-01 0.00000000e+00
2.25535919e-01 0.00000000e+00
2.25880512e-01 0.00000000e+00
2.26225105e-01 0.00000000e+00
2.26569697e-01 0.00000000e+00
2.26914290e-01 0.00000000e+00
2.27258883e-01 0.00000000e+00
2.27603475e-01 0.00000000e+00
2.27948068e-01 0.00000000e+00
2.28292661e-01 0.00000000e+00
2.28637253e-01 0.00000000e+00
2.28981846e-01 0.00000000e+00
2.29326439e-01 0.00000000e+00
2.29671032e-01 0.00000000e+00
2.30015624e-01 0.00000000e+00
2.30360217e-01 0.00000000e+00
2.30704810e-01 0.00000000e+00
2.31049402e-01 0.00000000e+00
2.31393995e-01 0.00000000e+00
2.31738588e-01 0.00000000e+00
2.32083180e-01 0.00000000e+00
2.32427773e-01 0.00000000e+00
2.32772366e-01 0.00000000e+00
2.33116958e-01 0.00000000e+00
2.33461551e-01 0.00000000e+00
2.33806144e-01 0.00000000e+00
2.34150737e-01 0.00000000e+00
2.34495329e-01 0.00000000e+00
2.34839922e-01 0.00000000e+00
2.35184515e-01 0.00000000e+00
2.35529107e-01 0.00000000e+00
2.35873700e-01 0.00000000e+00
2.36218293e-01 0.00000000e+00
2.36562885e-01 0.00000000e+00
2.36907478e-01 0.00000000e+00
2.37252071e-01 0.00000000e+00
2.37596663e-01 0.00000000e+00
2.37941256e-01 0.00000000e+00
2.38285849e-01 0.00000000e+00
2.38630442e-01 0.00000000e+00
2.38975034e-01 0.00000000e+00
2.39319627e-01 0.00000000e+00
2.39664220e-01 0.00000000e+00
2.40008812e-01 0.00000000e+00
2.40353405e-01 0.00000000e+00
2.40697998e-01 0.00000000e+00
2.41042590e-01 0.00000000e+00
2.41387183e-01 0.00000000e+00
2.41731776e-01 0.00000000e+00
2.42076369e-01 0.00000000e+00
2.42420961e-01 0.00000000e+00
2.42765554e-01 0.00000000e+00
2.43110147e-01 0.00000000e+00
2.43454739e-01 0.00000000e+00
2.43799332e-01 0.00000000e+00
2.44143925e-01 0.00000000e+00
2.44488517e-01 0.00000000e+00
2.44833110e-01 0.00000000e+00
2.45177703e-01 0.00000000e+00
2.45522295e-01 0.00000000e+00
2.45866888e-01 0.00000000e+00
2.46211481e-01 0.00000000e+00
2.46556074e-01 0.00000000e+00
2.46900666e-01 0.00000000e+00
2.47245259e-01 0.00000000e+00
2.47589852e-01 0.00000000e+00
2.47934444e-01 0.00000000e+00
2.48279037e-01 0.00000000e+00
2.48623630e-01 0.00000000e+00
2.48968222e-01 0.00000000e+00
2.49312815e-01 0.00000000e+00
2.49657408e-01 0.00000000e+00
2.50002001e-01 0.00000000e+00
2.50346593e-01 0.00000000e+00
2.50691186e-01 0.00000000e+00
2.51035779e-01 0.00000000e+00
2.51380371e-01 0.00000000e+00
2.51724964e-01 0.00000000e+00
2.52069557e-01 0.00000000e+00
2.52414149e-01 0.00000000e+00
2.52758742e-01 0.00000000e+00
2.53103335e-01 0.00000000e+00
2.53447927e-01 0.00000000e+00
2.53792520e-01 0.00000000e+00
2.54137113e-01 0.00000000e+00
2.54481706e-01 0.00000000e+00
2.54826298e-01 0.00000000e+00
2.55170891e-01 0.00000000e+00
2.55515484e-01 0.00000000e+00
2.55860076e-01 0.00000000e+00
2.56204669e-01 0.00000000e+00
2.56549262e-01 0.00000000e+00
2.56893854e-01 0.00000000e+00
2.57238447e-01 0.00000000e+00
2.57583040e-01 0.00000000e+00
2.57927633e-01 0.00000000e+00
2.58272225e-01 0.00000000e+00
2.58616818e-01 0.00000000e+00
2.58961411e-01 0.00000000e+00
2.59306003e-01 0.00000000e+00
2.59650596e-01 0.00000000e+00
2.59995189e-01 0.00000000e+00
2.60339781e-01 0.00000000e+00
2.60684374e-01 0.00000000e+00
2.61028967e-01 0.00000000e+00
2.61373559e-01 0.00000000e+00
2.61718152e-01 0.00000000e+00
2.62062745e-01 0.00000000e+00
2.62407338e-01 0.00000000e+00
2.62751930e-01 0.00000000e+00
2.63096523e-01 0.00000000e+00
2.63441116e-01 0.00000000e+00
2.63785708e-01 0.00000000e+00
2.64130301e-01 0.00000000e+00
2.64474894e-01 0.00000000e+00
2.64819486e-01 0.00000000e+00
2.65164079e-01 0.00000000e+00
2.65508672e-01 0.00000000e+00
2.65853265e-01 0.00000000e+00
2.66197857e-01 0.00000000e+00
2.66542450e-01 0.00000000e+00
2.66887043e-01 0.00000000e+00
2.67231635e-01 0.00000000e+00
2.67576228e-01 0.00000000e+00
2.67920821e-01 0.00000000e+00
2.68265413e-01 0.00000000e+00
2.68610006e-01 0.00000000e+00
2.68954599e-01 0.00000000e+00
2.69299191e-01 0.00000000e+00
2.69643784e-01 0.00000000e+00
2.69988377e-01 0.00000000e+00
2.70332970e-01 0.00000000e+00
2.70677562e-01 0.00000000e+00
2.71022155e-01 0.00000000e+00
2.71366748e-01 0.00000000e+00
2.71711340e-01 0.00000000e+00
2.72055933e-01 0.00000000e+00
2.72400526e-01 0.00000000e+00
2.72745118e-01 0.00000000e+00
2.73089711e-01 0.00000000e+00
2.73434304e-01 0.00000000e+00
2.73778897e-01 0.00000000e+00
2.74123489e-01 0.00000000e+00
2.74468082e-01 0.00000000e+00
2.74812675e-01 0.00000000e+00
2.75157267e-01 0.00000000e+00
2.75501860e-01 0.00000000e+00
2.75846453e-01 0.00000000e+00
2.76191045e-01 0.00000000e+00
2.76535638e-01 0.00000000e+00
2.76880231e-01 0.00000000e+00
2.77224823e-01 0.00000000e+00
2.77569416e-01 0.00000000e+00
2.77914009e-01 0.00000000e+00
2.78258602e-01 0.00000000e+00
2.78603194e-01 0.00000000e+00
2.78947787e-01 0.00000000e+00
2.79292380e-01 0.00000000e+00
2.79636972e-01 0.00000000e+00
2.79981565e-01 0.00000000e+00
2.80326158e-01 0.00000000e+00
2.80670750e-01 0.00000000e+00
2.81015343e-01 0.00000000e+00
2.81359936e-01 0.00000000e+00
2.81704529e-01 0.00000000e+00
2.82049121e-01 0.00000000e+00
2.82393714e-01 0.00000000e+00
2.82738307e-01 0.00000000e+00
2.83082899e-01 0.00000000e+00
2.83427492e-01 0.00000000e+00
2.83772085e-01 0.00000000e+00
2.84116677e-01 0.00000000e+00
2.84461270e-01 0.00000000e+00
2.84805863e-01 0.00000000e+00
2.85150455e-01 0.00000000e+00
2.85495048e-01 0.00000000e+00
2.85839641e-01 0.00000000e+00
2.86184234e-01 0.00000000e+00
2.86528826e-01 0.00000000e+00
2.86873419e-01 0.00000000e+00
2.87218012e-01 0.00000000e+00
2.87562604e-01 0.00000000e+00
2.87907197e-01 0.00000000e+00
2.88251790e-01 0.00000000e+00
2.88596382e-01 0.00000000e+00
2.88940975e-01 0.00000000e+00
2.89285568e-01 0.00000000e+00
2.89630161e-01 0.00000000e+00
2.89974753e-01 0.00000000e+00
2.90319346e-01 0.00000000e+00
2.90663939e-01 0.00000000e+00
2.91008531e-01 0.00000000e+00
2.91353124e-01 0.00000000e+00
2.91697717e-01 0.00000000e+00
2.92042309e-01 0.00000000e+00
2.92386902e-01 0.00000000e+00
2.92731495e-01 0.00000000e+00
2.93076087e-01 0.00000000e+00
2.93420680e-01 0.00000000e+00
2.93765273e-01 0.00000000e+00
2.94109866e-01 0.00000000e+00
2.94454458e-01 0.00000000e+00
2.94799051e-01 0.00000000e+00
2.95143644e-01 0.00000000e+00
2.95488236e-01 0.00000000e+00
2.95832829e-01 0.00000000e+00
2.96177422e-01 0.00000000e+00
2.96522014e-01 0.00000000e+00
2.96866607e-01 0.00000000e+00
2.97211200e-01 0.00000000e+00
2.97555793e-01 0.00000000e+00
2.97900385e-01 0.00000000e+00
2.98244978e-01 0.00000000e+00
2.98589571e-01 0.00000000e+00
2.98934163e-01 0.00000000e+00
2.99278756e-01 0.00000000e+00
2.99623349e-01 0.00000000e+00
2.99967941e-01 0.00000000e+00
3.00312534e-01 0.00000000e+00
3.00657127e-01 0.00000000e+00
3.01001719e-01 0.00000000e+00
3.01346312e-01 0.00000000e+00
3.01690905e-01 0.00000000e+00
3.02035498e-01 0.00000000e+00
3.02380090e-01 0.00000000e+00
3.02724683e-01 0.00000000e+00
3.03069276e-01 0.00000000e+00
3.03413868e-01 0.00000000e+00
3.03758461e-01 0.00000000e+00
3.04103054e-01 0.00000000e+00
3.04447646e-01 0.00000000e+00
3.04792239e-01 0.00000000e+00
3.05136832e-01 0.00000000e+00
3.05481424e-01 0.00000000e+00
3.05826017e-01 0.00000000e+00
3.06170610e-01 0.00000000e+00
3.06515203e-01 0.00000000e+00
3.06859795e-01 0.00000000e+00
3.07204388e-01 0.00000000e+00
3.07548981e-01 0.00000000e+00
3.07893573e-01 0.00000000e+00
3.08238166e-01 0.00000000e+00
3.08582759e-01 0.00000000e+00
3.08927351e-01 0.00000000e+00
3.09271944e-01 0.00000000e+00
3.09616537e-01 0.00000000e+00
3.09961130e-01 0.00000000e+00
3.10305722e-01 0.00000000e+00
3.10650315e-01 0.00000000e+00
3.10994908e-01 0.00000000e+00
3.11339500e-01 0.00000000e+00
3.11684093e-01 0.00000000e+00
3.12028686e-01 0.00000000e+00
3.12373278e-01 0.00000000e+00
3.12717871e-01 0.00000000e+00
3.13062464e-01 0.00000000e+00
3.13407056e-01 0.00000000e+00
3.13751649e-01 0.00000000e+00
3.14096242e-01 0.00000000e+00
3.14440835e-01 0.00000000e+00
3.14785427e-01 0.00000000e+00
3.15130020e-01 0.00000000e+00
3.15474613e-01 0.00000000e+00
3.15819205e-01 0.00000000e+00
3.16163798e-01 0.00000000e+00
3.16508391e-01 0.00000000e+00
3.16852983e-01 0.00000000e+00
3.17197576e-01 0.00000000e+00
3.17542169e-01 0.00000000e+00
3.17886762e-01 0.00000000e+00
3.18231354e-01 0.00000000e+00
3.18575947e-01 0.00000000e+00
3.18920540e-01 0.00000000e+00
3.19265132e-01 0.00000000e+00
3.19609725e-01 0.00000000e+00
3.19954318e-01 0.00000000e+00
3.20298910e-01 0.00000000e+00
3.20643503e-01 0.00000000e+00
3.20988096e-01 0.00000000e+00
3.21332688e-01 0.00000000e+00
3.21677281e-01 0.00000000e+00
3.22021874e-01 0.00000000e+00
3.22366467e-01 0.00000000e+00
3.22711059e-01 0.00000000e+00
3.23055652e-01 0.00000000e+00
3.23400245e-01 0.00000000e+00
3.23744837e-01 0.00000000e+00
3.24089430e-01 0.00000000e+00
3.24434023e-01 0.00000000e+00
3.24778615e-01 0.00000000e+00
3.25123208e-01 0.00000000e+00
3.25467801e-01 0.00000000e+00
3.25812394e-01 0.00000000e+00
3.26156986e-01 0.00000000e+00
3.26501579e-01 0.00000000e+00
3.26846172e-01 0.00000000e+00
3.27190764e-01 0.00000000e+00
3.27535357e-01 0.00000000e+00
3.27879950e-01 0.00000000e+00
3.28224542e-01 0.00000000e+00
3.28569135e-01 0.00000000e+00
3.28913728e-01 0.00000000e+00
3.29258320e-01 0.00000000e+00
3.29602913e-01 0.00000000e+00
3.29947506e-01 0.00000000e+00
3.30292099e-01 0.00000000e+00
3.30636691e-01 0.00000000e+00
3.30981284e-01 0.00000000e+00
3.31325877e-01 0.00000000e+00
3.31670469e-01 0.00000000e+00
3.32015062e-01 0.00000000e+00
3.32359655e-01 0.00000000e+00
3.32704247e-01 0.00000000e+00
3.33048840e-01 0.00000000e+00
3.33393433e-01 0.00000000e+00
3.33738026e-01 0.00000000e+00
3.34082618e-01 0.00000000e+00
3.34427211e-01 0.00000000e+00
3.34771804e-01 0.00000000e+00
3.35116396e-01 0.00000000e+00
3.35460989e-01 0.00000000e+00
3.35805582e-01 0.00000000e+00
3.36150174e-01 0.00000000e+00
3.36494767e-01 0.00000000e+00
3.36839360e-01 0.00000000e+00
3.37183952e-01 0.00000000e+00
3.37528545e-01 0.00000000e+00
3.37873138e-01 0.00000000e+00
3.38217731e-01 0.00000000e+00
3.38562323e-01 0.00000000e+00
3.38906916e-01 0.00000000e+00
3.39251509e-01 0.00000000e+00
3.39596101e-01 0.00000000e+00
3.39940694e-01 0.00000000e+00
3.40285287e-01 0.00000000e+00
3.40629879e-01 0.00000000e+00
3.40974472e-01 0.00000000e+00
3.41319065e-01 0.00000000e+00
3.41663658e-01 0.00000000e+00
3.42008250e-01 0.00000000e+00
3.42352843e-01 0.00000000e+00
3.42697436e-01 0.00000000e+00
3.43042028e-01 0.00000000e+00
3.43386621e-01 0.00000000e+00
3.43731214e-01 0.00000000e+00
3.44075806e-01 0.00000000e+00
3.44420399e-01 0.00000000e+00
3.44764992e-01 0.00000000e+00
3.45109584e-01 0.00000000e+00
3.45454177e-01 0.00000000e+00
3.45798770e-01 0.00000000e+00
3.46143363e-01 0.00000000e+00
3.46487955e-01 0.00000000e+00
3.46832548e-01 0.00000000e+00
3.47177141e-01 0.00000000e+00
3.47521733e-01 0.00000000e+00
3.47866326e-01 0.00000000e+00
3.48210919e-01 0.00000000e+00
3.48555511e-01 0.00000000e+00
3.48900104e-01 0.00000000e+00
3.49244697e-01 0.00000000e+00
3.49589290e-01 0.00000000e+00
3.49933882e-01 0.00000000e+00
3.50278475e-01 0.00000000e+00
3.50623068e-01 0.00000000e+00
3.50967660e-01 0.00000000e+00
3.51312253e-01 0.00000000e+00
3.51656846e-01 0.00000000e+00
3.52001438e-01 0.00000000e+00
3.52346031e-01 0.00000000e+00
3.52690624e-01 0.00000000e+00
3.53035216e-01 0.00000000e+00
3.53379809e-01 0.00000000e+00
3.53724402e-01 0.00000000e+00
3.54068995e-01 0.00000000e+00
3.54413587e-01 0.00000000e+00
3.54758180e-01 0.00000000e+00
3.55102773e-01 0.00000000e+00
3.55447365e-01 0.00000000e+00
3.55791958e-01 0.00000000e+00
3.56136551e-01 0.00000000e+00
3.56481143e-01 0.00000000e+00
3.56825736e-01 0.00000000e+00
3.57170329e-01 0.00000000e+00
3.57514922e-01 0.00000000e+00
3.57859514e-01 0.00000000e+00
3.58204107e-01 0.00000000e+00
3.58548700e-01 0.00000000e+00
3.58893292e-01 0.00000000e+00
3.59237885e-01 0.00000000e+00
3.59582478e-01 0.00000000e+00
3.59927070e-01 0.00000000e+00
3.60271663e-01 0.00000000e+00
3.60616256e-01 0.00000000e+00
3.60960848e-01 0.00000000e+00
3.61305441e-01 0.00000000e+00
3.61650034e-01 0.00000000e+00
3.61994627e-01 0.00000000e+00
3.62339219e-01 0.00000000e+00
3.62683812e-01 0.00000000e+00
3.63028405e-01 0.00000000e+00
3.63372997e-01 0.00000000e+00
3.63717590e-01 0.00000000e+00
3.64062183e-01 0.00000000e+00
3.64406775e-01 0.00000000e+00
3.64751368e-01 0.00000000e+00
3.65095961e-01 0.00000000e+00
3.65440554e-01 0.00000000e+00
3.65785146e-01 0.00000000e+00
3.66129739e-01 0.00000000e+00
3.66474332e-01 0.00000000e+00
3.66818924e-01 0.00000000e+00
3.67163517e-01 0.00000000e+00
3.67508110e-01 0.00000000e+00
3.67852702e-01 0.00000000e+00
3.68197295e-01 0.00000000e+00
3.68541888e-01 0.00000000e+00
3.68886480e-01 0.00000000e+00
3.69231073e-01 0.00000000e+00
3.69575666e-01 0.00000000e+00
3.69920259e-01 0.00000000e+00
3.70264851e-01 0.00000000e+00
3.70609444e-01 0.00000000e+00
3.70954037e-01 0.00000000e+00
3.71298629e-01 0.00000000e+00
3.71643222e-01 0.00000000e+00
3.71987815e-01 0.00000000e+00
3.72332407e-01 0.00000000e+00
3.72677000e-01 0.00000000e+00
3.73021593e-01 0.00000000e+00
3.73366185e-01 0.00000000e+00
3.73710778e-01 0.00000000e+00
3.74055371e-01 0.00000000e+00
3.74399964e-01 0.00000000e+00
3.74744556e-01 0.00000000e+00
3.75089149e-01 0.00000000e+00
3.75433742e-01 0.00000000e+00
3.75778334e-01 0.00000000e+00
3.76122927e-01 0.00000000e+00
3.76467520e-01 0.00000000e+00
3.76812112e-01 0.00000000e+00
3.77156705e-01 0.00000000e+00
3.77501298e-01 0.00000000e+00
3.77845891e-01 0.00000000e+00
3.78190483e-01 0.00000000e+00
3.78535076e-01 0.00000000e+00
3.78879669e-01 0.00000000e+00
3.79224261e-01 0.00000000e+00
3.79568854e-01 0.00000000e+00
3.79913447e-01 0.00000000e+00
3.80258039e-01 0.00000000e+00
3.80602632e-01 0.00000000e+00
3.80947225e-01 0.00000000e+00
3.81291817e-01 0.00000000e+00
3.81636410e-01 0.00000000e+00
3.81981003e-01 0.00000000e+00
3.82325596e-01 0.00000000e+00
3.82670188e-01 0.00000000e+00
3.83014781e-01 0.00000000e+00
3.83359374e-01 0.00000000e+00
3.83703966e-01 0.00000000e+00
3.84048559e-01 0.00000000e+00
3.84393152e-01 0.00000000e+00
3.84737744e-01 0.00000000e+00
3.85082337e-01 0.00000000e+00
3.85426930e-01 0.00000000e+00
3.85771523e-01 0.00000000e+00
3.86116115e-01 0.00000000e+00
3.86460708e-01 0.00000000e+00
3.86805301e-01 0.00000000e+00
3.87149893e-01 0.00000000e+00
3.87494486e-01 0.00000000e+00
3.87839079e-01 0.00000000e+00
3.88183671e-01 0.00000000e+00
3.88528264e-01 0.00000000e+00
3.88872857e-01 0.00000000e+00
3.89217449e-01 0.00000000e+00
3.89562042e-01 0.00000000e+00
3.89906635e-01 0.00000000e+00
3.90251228e-01 0.00000000e+00
3.90595820e-01 0.00000000e+00
3.90940413e-01 0.00000000e+00
3.91285006e-01 0.00000000e+00
3.91629598e-01 0.00000000e+00
3.91974191e-01 0.00000000e+00
3.92318784e-01 0.00000000e+00
3.92663376e-01 0.00000000e+00
3.93007969e-01 0.00000000e+00
3.93352562e-01 0.00000000e+00
3.93697155e-01 0.00000000e+00
3.94041747e-01 0.00000000e+00
3.94386340e-01 0.00000000e+00
3.94730933e-01 0.00000000e+00
3.95075525e-01 0.00000000e+00
3.95420118e-01 0.00000000e+00
3.95764711e-01 0.00000000e+00
3.96109303e-01 0.00000000e+00
3.96453896e-01 0.00000000e+00
3.96798489e-01 0.00000000e+00
3.97143081e-01 0.00000000e+00
3.97487674e-01 0.00000000e+00
3.97832267e-01 0.00000000e+00
3.98176860e-01 0.00000000e+00
3.98521452e-01 0.00000000e+00
3.98866045e-01 0.00000000e+00
3.99210638e-01 0.00000000e+00
3.99555230e-01 0.00000000e+00
3.99899823e-01 0.00000000e+00
4.00244416e-01 0.00000000e+00
4.00589008e-01 0.00000000e+00
4.00933601e-01 0.00000000e+00
4.01278194e-01 0.00000000e+00
4.01622787e-01 0.00000000e+00
4.01967379e-01 0.00000000e+00
4.02311972e-01 0.00000000e+00
4.02656565e-01 0.00000000e+00
4.03001157e-01 0.00000000e+00
4.03345750e-01 0.00000000e+00
4.03690343e-01 0.00000000e+00
4.04034935e-01 0.00000000e+00
4.04379528e-01 0.00000000e+00
4.04724121e-01 0.00000000e+00
4.05068713e-01 0.00000000e+00
4.05413306e-01 0.00000000e+00
4.05757899e-01 0.00000000e+00
4.06102492e-01 0.00000000e+00
4.06447084e-01 0.00000000e+00
4.06791677e-01 0.00000000e+00
4.07136270e-01 0.00000000e+00
4.07480862e-01 0.00000000e+00
4.07825455e-01 0.00000000e+00
4.08170048e-01 0.00000000e+00
4.08514640e-01 0.00000000e+00
4.08859233e-01 0.00000000e+00
4.09203826e-01 0.00000000e+00
4.09548419e-01 0.00000000e+00
4.09893011e-01 0.00000000e+00
4.10237604e-01 0.00000000e+00
4.10582197e-01 0.00000000e+00
4.10926789e-01 0.00000000e+00
4.11271382e-01 0.00000000e+00
4.11615975e-01 0.00000000e+00
4.11960567e-01 0.00000000e+00
4.12305160e-01 0.00000000e+00
4.12649753e-01 0.00000000e+00
4.12994345e-01 0.00000000e+00
4.13338938e-01 0.00000000e+00
4.13683531e-01 0.00000000e+00
4.14028124e-01 0.00000000e+00
4.14372716e-01 0.00000000e+00
4.14717309e-01 0.00000000e+00
4.15061902e-01 0.00000000e+00
4.15406494e-01 0.00000000e+00
4.15751087e-01 0.00000000e+00
4.16095680e-01 0.00000000e+00
4.16440272e-01 0.00000000e+00
4.16784865e-01 0.00000000e+00
4.17129458e-01 0.00000000e+00
4.17474051e-01 0.00000000e+00
4.17818643e-01 0.00000000e+00
4.18163236e-01 0.00000000e+00
4.18507829e-01 0.00000000e+00
4.18852421e-01 0.00000000e+00
4.19197014e-01 0.00000000e+00
4.19541607e-01 0.00000000e+00
4.19886199e-01 0.00000000e+00
4.20230792e-01 0.00000000e+00
4.20575385e-01 0.00000000e+00
4.20919977e-01 0.00000000e+00
4.21264570e-01 0.00000000e+00
4.21609163e-01 0.00000000e+00
4.21953756e-01 0.00000000e+00
4.22298348e-01 0.00000000e+00
4.22642941e-01 0.00000000e+00
4.22987534e-01 0.00000000e+00
4.23332126e-01 0.00000000e+00
4.23676719e-01 0.00000000e+00
4.24021312e-01 0.00000000e+00
4.24365904e-01 0.00000000e+00
4.24710497e-01 0.00000000e+00
4.25055090e-01 0.00000000e+00
4.25399683e-01 0.00000000e+00
4.25744275e-01 0.00000000e+00
4.26088868e-01 0.00000000e+00
4.26433461e-01 0.00000000e+00
4.26778053e-01 0.00000000e+00
4.27122646e-01 0.00000000e+00
4.27467239e-01 0.00000000e+00
4.27811831e-01 0.00000000e+00
4.28156424e-01 0.00000000e+00
4.28501017e-01 0.00000000e+00
4.28845609e-01 0.00000000e+00
4.29190202e-01 0.00000000e+00
4.29534795e-01 0.00000000e+00
4.29879388e-01 0.00000000e+00
4.30223980e-01 0.00000000e+00
4.30568573e-01 0.00000000e+00
4.30913166e-01 0.00000000e+00
4.31257758e-01 0.00000000e+00
4.31602351e-01 0.00000000e+00
4.31946944e-01 0.00000000e+00
4.32291536e-01 0.00000000e+00
4.32636129e-01 0.00000000e+00
4.32980722e-01 0.00000000e+00
4.33325314e-01 0.00000000e+00
4.33669907e-01 0.00000000e+00
4.34014500e-01 0.00000000e+00
4.34359093e-01 0.00000000e+00
4.34703685e-01 0.00000000e+00
4.35048278e-01 0.00000000e+00
4.35392871e-01 0.00000000e+00
4.35737463e-01 0.00000000e+00
4.36082056e-01 0.00000000e+00
4.36426649e-01 0.00000000e+00
4.36771241e-01 0.00000000e+00
4.37115834e-01 0.00000000e+00
4.37460427e-01 0.00000000e+00
4.37805020e-01 0.00000000e+00
4.38149612e-01 0.00000000e+00
4.38494205e-01 0.00000000e+00
4.38838798e-01 0.00000000e+00
4.39183390e-01 0.00000000e+00
4.39527983e-01 0.00000000e+00
4.39872576e-01 0.00000000e+00
4.40217168e-01 0.00000000e+00
4.40561761e-01 0.00000000e+00
4.40906354e-01 0.00000000e+00
4.41250946e-01 0.00000000e+00
4.41595539e-01 0.00000000e+00
4.41940132e-01 0.00000000e+00
4.42284725e-01 0.00000000e+00
4.42629317e-01 0.00000000e+00
4.42973910e-01 0.00000000e+00
4.43318503e-01 0.00000000e+00
4.43663095e-01 0.00000000e+00
4.44007688e-01 0.00000000e+00
4.44352281e-01 0.00000000e+00
4.44696873e-01 0.00000000e+00
4.45041466e-01 0.00000000e+00
4.45386059e-01 0.00000000e+00
4.45730652e-01 0.00000000e+00
4.46075244e-01 0.00000000e+00
4.46419837e-01 0.00000000e+00
4.46764430e-01 0.00000000e+00
4.47109022e-01 0.00000000e+00
4.47453615e-01 0.00000000e+00
4.47798208e-01 0.00000000e+00
4.48142800e-01 0.00000000e+00
4.48487393e-01 0.00000000e+00
4.48831986e-01 0.00000000e+00
4.49176578e-01 0.00000000e+00
4.49521171e-01 0.00000000e+00
4.49865764e-01 0.00000000e+00
4.50210357e-01 0.00000000e+00
4.50554949e-01 0.00000000e+00
4.50899542e-01 0.00000000e+00
4.51244135e-01 0.00000000e+00
4.51588727e-01 0.00000000e+00
4.51933320e-01 0.00000000e+00
4.52277913e-01 0.00000000e+00
4.52622505e-01 0.00000000e+00
4.52967098e-01 0.00000000e+00
4.53311691e-01 0.00000000e+00
4.53656284e-01 0.00000000e+00
4.54000876e-01 0.00000000e+00
4.54345469e-01 0.00000000e+00
4.54690062e-01 0.00000000e+00
4.55034654e-01 0.00000000e+00
4.55379247e-01 0.00000000e+00
4.55723840e-01 0.00000000e+00
4.56068432e-01 0.00000000e+00
4.56413025e-01 0.00000000e+00
4.56757618e-01 0.00000000e+00
4.57102210e-01 0.00000000e+00
4.57446803e-01 0.00000000e+00
4.57791396e-01 0.00000000e+00
4.58135989e-01 0.00000000e+00
4.58480581e-01 0.00000000e+00
4.58825174e-01 0.00000000e+00
4.59169767e-01 0.00000000e+00
4.59514359e-01 0.00000000e+00
4.59858952e-01 0.00000000e+00
4.60203545e-01 0.00000000e+00
4.60548137e-01 0.00000000e+00
4.60892730e-01 0.00000000e+00
4.61237323e-01 0.00000000e+00
4.61581916e-01 0.00000000e+00
4.61926508e-01 0.00000000e+00
4.62271101e-01 0.00000000e+00
4.62615694e-01 0.00000000e+00
4.62960286e-01 0.00000000e+00
4.63304879e-01 0.00000000e+00
4.63649472e-01 0.00000000e+00
4.63994064e-01 0.00000000e+00
4.64338657e-01 0.00000000e+00
4.64683250e-01 0.00000000e+00
4.65027842e-01 0.00000000e+00
4.65372435e-01 0.00000000e+00
4.65717028e-01 0.00000000e+00
4.66061621e-01 0.00000000e+00
4.66406213e-01 0.00000000e+00
4.66750806e-01 0.00000000e+00
4.67095399e-01 0.00000000e+00
4.67439991e-01 0.00000000e+00
4.67784584e-01 0.00000000e+00
4.68129177e-01 0.00000000e+00
4.68473769e-01 0.00000000e+00
4.68818362e-01 0.00000000e+00
4.69162955e-01 0.00000000e+00
4.69507548e-01 0.00000000e+00
4.69852140e-01 0.00000000e+00
4.70196733e-01 0.00000000e+00
4.70541326e-01 0.00000000e+00
4.70885918e-01 0.00000000e+00
4.71230511e-01 0.00000000e+00
4.71575104e-01 0.00000000e+00
4.71919696e-01 0.00000000e+00
4.72264289e-01 0.00000000e+00
4.72608882e-01 0.00000000e+00
4.72953474e-01 0.00000000e+00
4.73298067e-01 0.00000000e+00
4.73642660e-01 0.00000000e+00
4.73987253e-01 0.00000000e+00
4.74331845e-01 0.00000000e+00
4.74676438e-01 0.00000000e+00
4.75021031e-01 0.00000000e+00
4.75365623e-01 0.00000000e+00
4.75710216e-01 0.00000000e+00
4.76054809e-01 0.00000000e+00
4.76399401e-01 0.00000000e+00
4.76743994e-01 0.00000000e+00
4.77088587e-01 0.00000000e+00
4.77433180e-01 0.00000000e+00
4.77777772e-01 0.00000000e+00
4.78122365e-01 0.00000000e+00
4.78466958e-01 0.00000000e+00
4.78811550e-01 0.00000000e+00
4.79156143e-01 0.00000000e+00
4.79500736e-01 0.00000000e+00
4.79845328e-01 0.00000000e+00
4.80189921e-01 0.00000000e+00
4.80534514e-01 0.00000000e+00
4.80879106e-01 0.00000000e+00
4.81223699e-01 0.00000000e+00
4.81568292e-01 0.00000000e+00
4.81912885e-01 0.00000000e+00
4.82257477e-01 0.00000000e+00
4.82602070e-01 0.00000000e+00
4.82946663e-01 0.00000000e+00
4.83291255e-01 0.00000000e+00
4.83635848e-01 0.00000000e+00
4.83980441e-01 0.00000000e+00
4.84325033e-01 0.00000000e+00
4.84669626e-01 0.00000000e+00
4.85014219e-01 0.00000000e+00
4.85358812e-01 0.00000000e+00
4.85703404e-01 0.00000000e+00
4.86047997e-01 0.00000000e+00
4.86392590e-01 0.00000000e+00
4.86737182e-01 0.00000000e+00
4.87081775e-01 0.00000000e+00
4.87426368e-01 0.00000000e+00
4.87770960e-01 0.00000000e+00
4.88115553e-01 0.00000000e+00
4.88460146e-01 0.00000000e+00
4.88804738e-01 0.00000000e+00
4.89149331e-01 0.00000000e+00
4.89493924e-01 0.00000000e+00
4.89838517e-01 0.00000000e+00
4.90183109e-01 0.00000000e+00
4.90527702e-01 0.00000000e+00
4.90872295e-01 0.00000000e+00
4.91216887e-01 0.00000000e+00
4.91561480e-01 0.00000000e+00
4.91906073e-01 0.00000000e+00
4.92250665e-01 0.00000000e+00
4.92595258e-01 0.00000000e+00
4.92939851e-01 0.00000000e+00
4.93284444e-01 0.00000000e+00
4.93629036e-01 0.00000000e+00
4.93973629e-01 0.00000000e+00
4.94318222e-01 0.00000000e+00
4.94662814e-01 0.00000000e+00
4.95007407e-01 0.00000000e+00
4.95352000e-01 0.00000000e+00
4.95696592e-01 0.00000000e+00
4.96041185e-01 0.00000000e+00
4.96385778e-01 0.00000000e+00
4.96730370e-01 0.00000000e+00
4.97074963e-01 0.00000000e+00
4.97419556e-01 0.00000000e+00
4.97764149e-01 0.00000000e+00
4.98108741e-01 0.00000000e+00
4.98453334e-01 0.00000000e+00
4.98797927e-01 0.00000000e+00
4.99142519e-01 0.00000000e+00
4.99487112e-01 0.00000000e+00
4.99831705e-01 0.00000000e+00
0.00000000e+00 1.72296348e-04
0.00000000e+00 5.16889043e-04
0.00000000e+00 8.61481739e-04
0.00000000e+00 1.20607443e-03
0.00000000e+00 1.55066713e-03
0.00000000e+00 1.89525982e-03
0.00000000e+00 2.23985252e-03
0.00000000e+00 2.58444522e-03
0.00000000e+00 2.92903791e-03
0.00000000e+00 3.27363061e-03
0.00000000e+00 3.61822330e-03
0.00000000e+00 3.96281600e-03
0.00000000e+00 4.30740869e-03
0.00000000e+00 4.65200139e-03
0.00000000e+00 4.99659408e-03
0.00000000e+00 5.34118678e-03
0.00000000e+00 5.68577947e-03
0.00000000e+00 6.03037217e-03
0.00000000e+00 6.37496487e-03
0.00000000e+00 6.71955756e-03
0.00000000e+00 7.06415026e-03
0.00000000e+00 7.40874295e-03
0.00000000e+00 7.75333565e-03
0.00000000e+00 8.09792834e-03
0.00000000e+00 8.44252104e-03
0.00000000e+00 8.78711373e-03
0.00000000e+00 9.13170643e-03
0.00000000e+00 9.47629912e-03
0.00000000e+00 9.82089182e-03
0.00000000e+00 1.01654845e-02
0.00000000e+00 1.05100772e-02
0.00000000e+00 1.08546699e-02
0.00000000e+00 1.11992626e-02
0.00000000e+00 1.15438553e-02
0.00000000e+00 1.18884480e-02
0.00000000e+00 1.22330407e-02
0.00000000e+00 1.25776334e-02
0.00000000e+00 1.29222261e-02
0.00000000e+00 1.32668188e-02
0.00000000e+00 1.36114115e-02
0.00000000e+00 1.39560042e-02
0.00000000e+00 1.43005969e-02
0.00000000e+00 1.46451896e-02
0.00000000e+00 1.49897823e-02
0.00000000e+00 1.53343749e-02
0.00000000e+00 1.56789676e-02
0.00000000e+00 1.60235603e-02
0.00000000e+00 1.63681530e-02
0.00000000e+00 1.67127457e-02
0.00000000e+00 1.70573384e-02
0.00000000e+00 1.74019311e-02
0.00000000e+00 1.77465238e-02
0.00000000e+00 1.80911165e-02
0.00000000e+00 1.84357092e-02
0.00000000e+00 1.87803019e-02
0.00000000e+00 1.91248946e-02
0.00000000e+00 1.94694873e-02
0.00000000e+00 1.98140800e-02
0.00000000e+00 2.01586727e-02
0.00000000e+00 2.05032654e-02
0.00000000e+00 2.08478581e-02
0.00000000e+00 2.11924508e-02
0.00000000e+00 2.15370435e-02
0.00000000e+00 2.18816362e-02
0.00000000e+00 2.22262289e-02
0.00000000e+00 2.25708216e-02
0.00000000e+00 2.29154142e-02
0.00000000e+00 2.32600069e-02
0.00000000e+00 2.36045996e-02
0.00000000e+00 2.39491923e-02
0.00000000e+00 2.42937850e-02
0.00000000e+00 2.46383777e-02
0.00000000e+00 2.49829704e-02
0.00000000e+00 2.53275631e-02
0.00000000e+00 2.56721558e-02
0.00000000e+00 2.60167485e-02
0.00000000e+00 2.63613412e-02
0.00000000e+00 2.67059339e-02
0.00000000e+00 2.70505266e-02
0.00000000e+00 2.73951193e-02
0.00000000e+00 2.77397120e-02
0.00000000e+00 2.80843047e-02
0.00000000e+00 2.84288974e-02
0.00000000e+00 2.87734901e-02
0.00000000e+00 2.91180828e-02
0.00000000e+00 2.94626755e-02
0.00000000e+00 2.98072682e-02
0.00000000e+00 3.01518608e-02
0.00000000e+00 3.04964535e-02
0.00000000e+00 3.08410462e-02
0.00000000e+00 3.11856389e-02
0.00000000e+00 3.15302316e-02
0.00000000e+00 3.18748243e-02
0.00000000e+00 3.22194170e-02
0.00000000e+00 3.25640097e-02
0.00000000e+00 3.29086024e-02
0.00000000e+00 3.32531951e-02
0.00000000e+00 3.35977878e-02
0.00000000e+00 3.39423805e-02
0.00000000e+00 3.42869732e-02
0.00000000e+00 3.46315659e-02
0.00000000e+00 3.49761586e-02
0.00000000e+00 3.53207513e-02
0.00000000e+00 3.56653440e-02
0.00000000e+00 3.60099367e-02
0.00000000e+00 3.63545294e-02
0.00000000e+00 3.66991221e-02
0.00000000e+00 3.70437148e-02
0.00000000e+00 3.73883075e-02
0.00000000e+00 3.77329001e-02
0.00000000e+00 3.80774928e-02
0.00000000e+00 3.84220855e-02
0.00000000e+00 3.87666782e-02
0.00000000e+00 3.91112709e-02
0.00000000e+00 3.94558636e-02
0.00000000e+00 3.98004563e-02
0.00000000e+00 4.01450490e-02
0.00000000e+00 4.04896417e-02
0.00000000e+00 4.08342344e-02
0.00000000e+00 4.11788271e-02
0.00000000e+00 4.15234198e-02
0.00000000e+00 4.18680125e-02
0.00000000e+00 4.22126052e-02
0.00000000e+00 4.25571979e-02
0.00000000e+00 4.29017906e-02
0.00000000e+00 4.32463833e-02
0.00000000e+00 4.35909760e-02
0.00000000e+00 4.39355687e-02
0.00000000e+00 4.42801614e-02
0.00000000e+00 4.46247541e-02
0.00000000e+00 4.49693468e-02
0.00000000e+00 4.53139394e-02
0.00000000e+00 4.56585321e-02
0.00000000e+00 4.60031248e-02
0.00000000e+00 4.63477175e-02
0.00000000e+00 4.66923102e-02
0.00000000e+00 4.70369029e-02
0.00000000e+00 4.73814956e-02
0.00000000e+00 4.77260883e-02
0.00000000e+00 4.80706810e-02
0.00000000e+00 4.84152737e-02
0.00000000e+00 4.87598664e-02
0.00000000e+00 4.91044591e-02
0.00000000e+00 4.94490518e-02
0.00000000e+00 4.97936445e-02
0.00000000e+00 5.01382372e-02
0.00000000e+00 5.04828299e-02
0.00000000e+00 5.08274226e-02
0.00000000e+00 5.11720153e-02
0.00000000e+00 5.15166080e-02
0.00000000e+00 5.18612007e-02
0.00000000e+00 5.22057934e-02
0.00000000e+00 5.25503861e-02
0.00000000e+00 5.28949787e-02
0.00000000e+00 5.32395714e-02
0.00000000e+00 5.35841641e-02
0.00000000e+00 5.39287568e-02
0.00000000e+00 5.42733495e-02
0.00000000e+00 5.46179422e-02
0.00000000e+00 5.49625349e-02
0.00000000e+00 5.53071276e-02
0.00000000e+00 5.56517203e-02
0.00000000e+00 5.59963130e-02
0.00000000e+00 5.63409057e-02
0.00000000e+00 5.66854984e-02
0.00000000e+00 5.70300911e-02
0.00000000e+00 5.73746838e-02
0.00000000e+00 5.77192765e-02
0.00000000e+00 5.80638692e-02
0.00000000e+00 5.84084619e-02
0.00000000e+00 5.87530546e-02
0.00000000e+00 5.90976473e-02
0.00000000e+00 5.94422400e-02
0.00000000e+00 5.97868327e-02
0.00000000e+00 6.01314254e-02
0.00000000e+00 6.04760180e-02
0.00000000e+00 6.08206107e-02
0.00000000e+00 6.11652034e-02
0.00000000e+00 6.15097961e-02
0.00000000e+00 6.18543888e-02
0.00000000e+00 6.21989815e-02
0.00000000e+00 6.25435742e-02
0.00000000e+00 6.28881669e-02
0.00000000e+00 6.32327596e-02
0.00000000e+00 6.35773523e-02
0.00000000e+00 6.39219450e-02
0.00000000e+00 6.42665377e-02
0.00000000e+00 6.46111304e-02
0.00000000e+00 6.49557231e-02
0.00000000e+00 6.53003158e-02
0.00000000e+00 6.56449085e-02
0.00000000e+00 6.59895012e-02
0.00000000e+00 6.63340939e-02
0.00000000e+00 6.66786866e-02
0.00000000e+00 6.70232793e-02
0.00000000e+00 6.73678720e-02
0.00000000e+00 6.77124647e-02
0.00000000e+00 6.80570573e-02
0.00000000e+00 6.84016500e-02
0.00000000e+00 6.87462427e-02
0.00000000e+00 6.90908354e-02
0.00000000e+00 6.94354281e-02
0.00000000e+00 6.97800208e-02
0.00000000e+00 7.01246135e-02
0.00000000e+00 7.04692062e-02
0.00000000e+00 7.08137989e-02
0.00000000e+00 7.11583916e-02
0.00000000e+00 7.15029843e-02
0.00000000e+00 7.18475770e-02
0.00000000e+00 7.21921697e-02
0.00000000e+00 7.25367624e-02
0.00000000e+00 7.28813551e-02
0.00000000e+00 7.32259478e-02
0.00000000e+00 7.35705405e-02
0.00000000e+00 7.39151332e-02
0.00000000e+00 7.42597259e-02
0.00000000e+00 7.46043186e-02
0.00000000e+00 7.49489113e-02
0.00000000e+00 7.52935040e-02
0.00000000e+00 7.56380966e-02
0.00000000e+00 7.59826893e-02
0.00000000e+00 7.63272820e-02
0.00000000e+00 7.66718747e-02
0.00000000e+00 7.70164674e-02
0.00000000e+00 7.73610601e-02
0.00000000e+00 7.77056528e-02
0.00000000e+00 7.80502455e-02
0.00000000e+00 7.83948382e-02
0.00000000e+00 7.87394309e-02
0.00000000e+00 7.90840236e-02
0.00000000e+00 7.94286163e-02
0.00000000e+00 7.97732090e-02
0.00000000e+00 8.01178017e-02
0.00000000e+00 8.04623944e-02
0.00000000e+00 8.08069871e-02
0.00000000e+00 8.11515798e-02
0.00000000e+00 8.14961725e-02
0.00000000e+00 8.18407652e-02
0.00000000e+00 8.21853579e-02
0.00000000e+00 8.25299506e-02
0.00000000e+00 8.28745433e-02
0.00000000e+00 8.32191359e-02
0.00000000e+00 8.35637286e-02
0.00000000e+00 8.39083213e-02
0.00000000e+00 8.42529140e-02
0.00000000e+00 8.45975067e-02
0.00000000e+00 8.49420994e-02
0.00000000e+00 8.52866921e-02
0.00000000e+00 8.56312848e-02
0.00000000e+00 8.59758775e-02
0.00000000e+00 8.63204702e-02
0.00000000e+00 8.66650629e-02
0.00000000e+00 8.70096556e-02
0.00000000e+00 8.73542483e-02
0.00000000e+00 8.76988410e-02
0.00000000e+00 8.80434337e-02
0.00000000e+00 8.83880264e-02
0.00000000e+00 8.87326191e-02
0.00000000e+00 8.90772118e-02
0.00000000e+00 8.94218045e-02
0.00000000e+00 8.97663972e-02
0.00000000e+00 9.01109899e-02
0.00000000e+00 9.04555825e-02
0.00000000e+00 9.08001752e-02
0.00000000e+00 9.11447679e-02
0.00000000e+00 9.14893606e-02
0.00000000e+00 9.18339533e-02
0.00000000e+00 9.21785460e-02
0.00000000e+00 9.25231387e-02
0.00000000e+00 9.28677314e-02
0.00000000e+00 9.32123241e-02
0.00000000e+00 9.35569168e-02
0.00000000e+00 9.39015095e-02
0.00000000e+00 9.42461022e-02
0.00000000e+00 9.45906949e-02
0.00000000e+00 9.49352876e-02
0.00000000e+00 9.52798803e-02
0.00000000e+00 9.56244730e-02
0.00000000e+00 9.59690657e-02
0.00000000e+00 9.63136584e-02
0.00000000e+00 9.66582511e-02
0.00000000e+00 9.70028438e-02
0.00000000e+00 9.73474365e-02
0.00000000e+00 9.76920292e-02
0.00000000e+00 9.80366218e-02
0.00000000e+00 9.83812145e-02
0.00000000e+00 9.87258072e-02
0.00000000e+00 9.90703999e-02
0.00000000e+00 9.94149926e-02
0.00000000e+00 9.97595853e-02
0.00000000e+00 1.00104178e-01
0.00000000e+00 1.00448771e-01
0.00000000e+00 1.00793363e-01
0.00000000e+00 1.01137956e-01
0.00000000e+00 1.01482549e-01
0.00000000e+00 1.01827141e-01
0.00000000e+00 1.02171734e-01
0.00000000e+00 1.02516327e-01
0.00000000e+00 1.02860920e-01
0.00000000e+00 1.03205512e-01
0.00000000e+00 1.03550105e-01
0.00000000e+00 1.03894698e-01
0.00000000e+00 1.04239290e-01
0.00000000e+00 1.04583883e-01
0.00000000e+00 1.04928476e-01
0.00000000e+00 1.05273068e-01
0.00000000e+00 1.05617661e-01
0.00000000e+00 1.05962254e-01
0.00000000e+00 1.06306847e-01
0.00000000e+00 1.06651439e-01
0.00000000e+00 1.06996032e-01
0.00000000e+00 1.07340625e-01
0.00000000e+00 1.07685217e-01
0.00000000e+00 1.08029810e-01
0.00000000e+00 1.08374403e-01
0.00000000e+00 1.08718995e-01
0.00000000e+00 1.09063588e-01
0.00000000e+00 1.09408181e-01
0.00000000e+00 1.09752773e-01
0.00000000e+00 1.10097366e-01
0.00000000e+00 1.10441959e-01
0.00000000e+00 1.10786552e-01
0.00000000e+00 1.11131144e-01
0.00000000e+00 1.11475737e-01
0.00000000e+00 1.11820330e-01
0.00000000e+00 1.12164922e-01
0.00000000e+00 1.12509515e-01
0.00000000e+00 1.12854108e-01
0.00000000e+00 1.13198700e-01
0.00000000e+00 1.13543293e-01
0.00000000e+00 1.13887886e-01
0.00000000e+00 1.14232479e-01
0.00000000e+00 1.14577071e-01
0.00000000e+00 1.14921664e-01
0.00000000e+00 1.15266257e-01
0.00000000e+00 1.15610849e-01
0.00000000e+00 1.15955442e-01
0.00000000e+00 1.16300035e-01
0.00000000e+00 1.16644627e-01
0.00000000e+00 1.16989220e-01
0.00000000e+00 1.17333813e-01
0.00000000e+00 1.17678405e-01
0.00000000e+00 1.18022998e-01
0.00000000e+00 1.18367591e-01
0.00000000e+00 1.18712184e-01
0.00000000e+00 1.19056776e-01
0.00000000e+00 1.19401369e-01
0.00000000e+00 1.19745962e-01
0.00000000e+00 1.20090554e-01
0.00000000e+00 1.20435147e-01
0.00000000e+00 1.20779740e-01
0.00000000e+00 1.21124332e-01
0.00000000e+00 1.21468925e-01
0.00000000e+00 1.21813518e-01
0.00000000e+00 1.22158111e-01
0.00000000e+00 1.22502703e-01
0.00000000e+00 1.22847296e-01
0.00000000e+00 1.23191889e-01
0.00000000e+00 1.23536481e-01
0.00000000e+00 1.23881074e-01
0.00000000e+00 1.24225667e-01
0.00000000e+00 1.24570259e-01
0.00000000e+00 1.24914852e-01
0.00000000e+00 1.25259445e-01
0.00000000e+00 1.25604037e-01
0.00000000e+00 1.25948630e-01
0.00000000e+00 1.26293223e-01
0.00000000e+00 1.26637816e-01
0.00000000e+00 1.26982408e-01
0.00000000e+00 1.27327001e-01
0.00000000e+00 1.27671594e-01
0.00000000e+00 1.28016186e-01
0.00000000e+00 1.28360779e-01
0.00000000e+00 1.28705372e-01
0.00000000e+00 1.29049964e-01
0.00000000e+00 1.29394557e-01
0.00000000e+00 1.29739150e-01
0.00000000e+00 1.30083743e-01
0.00000000e+00 1.30428335e-01
0.00000000e+00 1.30772928e-01
0.00000000e+00 1.31117521e-01
0.00000000e+00 1.31462113e-01
0.00000000e+00 1.31806706e-01
0.00000000e+00 1.32151299e-01
0.00000000e+00 1.32495891e-01
0.00000000e+00 1.32840484e-01
0.00000000e+00 1.33185077e-01
0.00000000e+00 1.33529669e-01
0.00000000e+00 1.33874262e-01
0.00000000e+00 1.34218855e-01
0.00000000e+00 1.34563448e-01
0.00000000e+00 1.34908040e-01
0.00000000e+00 1.35252633e-01
0.00000000e+00 1.35597226e-01
0.00000000e+00 1.35941818e-01
0.00000000e+00 1.36286411e-01
0.00000000e+00 1.36631004e-01
0.00000000e+00 1.36975596e-01
0.00000000e+00 1.37320189e-01
0.00000000e+00 1.37664782e-01
0.00000000e+00 1.38009375e-01
0.00000000e+00 1.38353967e-01
0.00000000e+00 1.38698560e-01
0.00000000e+00 1.39043153e-01
0.00000000e+00 1.39387745e-01
0.00000000e+00 1.39732338e-01
0.00000000e+00 1.40076931e-01
0.00000000e+00 1.40421523e-01
0.00000000e+00 1.40766116e-01
0.00000000e+00 1.41110709e-01
0.00000000e+00 1.41455301e-01
0.00000000e+00 1.41799894e-01
0.00000000e+00 1.42144487e-01
0.00000000e+00 1.42489080e-01
0.00000000e+00 1.42833672e-01
0.00000000e+00 1.43178265e-01
0.00000000e+00 1.43522858e-01
0.00000000e+00 1.43867450e-01
0.00000000e+00 1.44212043e-01
0.00000000e+00 1.44556636e-01
0.00000000e+00 1.44901228e-01
0.00000000e+00 1.45245821e-01
0.00000000e+00 1.45590414e-01
0.00000000e+00 1.45935007e-01
0.00000000e+00 1.46279599e-01
0.00000000e+00 1.46624192e-01
0.00000000e+00 1.46968785e-01
0.00000000e+00 1.47313377e-01
0.00000000e+00 1.47657970e-01
0.00000000e+00 1.48002563e-01
0.00000000e+00 1.48347155e-01
0.00000000e+00 1.48691748e-01
0.00000000e+00 1.49036341e-01
0.00000000e+00 1.49380933e-01
0.00000000e+00 1.49725526e-01
0.00000000e+00 1.50070119e-01
0.00000000e+00 1.50414712e-01
0.00000000e+00 1.50759304e-01
0.00000000e+00 1.51103897e-01
0.00000000e+00 1.51448490e-01
0.00000000e+00 1.51793082e-01
0.00000000e+00 1.52137675e-01
0.00000000e+00 1.52482268e-01
0.00000000e+00 1.52826860e-01
0.00000000e+00 1.53171453e-01
0.00000000e+00 1.53516046e-01
0.00000000e+00 1.53860639e-01
0.00000000e+00 1.54205231e-01
0.00000000e+00 1.54549824e-01
0.00000000e+00 1.54894417e-01
0.00000000e+00 1.55239009e-01
0.00000000e+00 1.55583602e-01
0.00000000e+00 1.55928195e-01
0.00000000e+00 1.56272787e-01
0.00000000e+00 1.56617380e-01
0.00000000e+00 1.56961973e-01
0.00000000e+00 1.57306565e-01
0.00000000e+00 1.57651158e-01
0.00000000e+00 1.57995751e-01
0.00000000e+00 1.58340344e-01
0.00000000e+00 1.58684936e-01
0.00000000e+00 1.59029529e-01
0.00000000e+00 1.59374122e-01
0.00000000e+00 1.59718714e-01
0.00000000e+00 1.60063307e-01
0.00000000e+00 1.60407900e-01
0.00000000e+00 1.60752492e-01
0.00000000e+00 1.61097085e-01
0.00000000e+00 1.61441678e-01
0.00000000e+00 1.61786271e-01
0.00000000e+00 1.62130863e-01
0.00000000e+00 1.62475456e-01
0.00000000e+00 1.62820049e-01
0.00000000e+00 1.63164641e-01
0.00000000e+00 1.63509234e-01
0.00000000e+00 1.63853827e-01
0.00000000e+00 1.64198419e-01
0.00000000e+00 1.64543012e-01
0.00000000e+00 1.64887605e-01
0.00000000e+00 1.65232197e-01
0.00000000e+00 1.65576790e-01
0.00000000e+00 1.65921383e-01
0.00000000e+00 1.66265976e-01
0.00000000e+00 1.66610568e-01
0.00000000e+00 1.66955161e-01
0.00000000e+00 1.67299754e-01
0.00000000e+00 1.67644346e-01
0.00000000e+00 1.67988939e-01
0.00000000e+00 1.68333532e-01
0.00000000e+00 1.68678124e-01
0.00000000e+00 1.69022717e-01
0.00000000e+00 1.69367310e-01
0.00000000e+00 1.69711902e-01
0.00000000e+00 1.70056495e-01
0.00000000e+00 1.70401088e-01
0.00000000e+00 1.70745681e-01
0.00000000e+00 1.71090273e-01
0.00000000e+00 1.71434866e-01
0.00000000e+00 1.71779459e-01
0.00000000e+00 1.72124051e-01
0.00000000e+00 1.72468644e-01
0.00000000e+00 1.72813237e-01
0.00000000e+00 1.73157829e-01
0.00000000e+00 1.73502422e-01
0.00000000e+00 1.73847015e-01
0.00000000e+00 1.74191608e-01
0.00000000e+00 1.74536200e-01
0.00000000e+00 1.74880793e-01
0.00000000e+00 1.75225386e-01
0.00000000e+00 1.75569978e-01
0.00000000e+00 1.75914571e-01
0.00000000e+00 1.76259164e-01
0.00000000e+00 1.76603756e-01
0.00000000e+00 1.76948349e-01
0.00000000e+00 1.77292942e-01
0.00000000e+00 1.77637534e-01
0.00000000e+00 1.77982127e-01
0.00000000e+00 1.78326720e-01
0.00000000e+00 1.78671313e-01
0.00000000e+00 1.79015905e-01
0.00000000e+00 1.79360498e-01
0.00000000e+00 1.79705091e-01
0.00000000e+00 1.80049683e-01
0.00000000e+00 1.80394276e-01
0.00000000e+00 1.80738869e-01
0.00000000e+00 1.81083461e-01
0.00000000e+00 1.81428054e-01
0.00000000e+00 1.81772647e-01
0.00000000e+00 1.82117240e-01
0.00000000e+00 1.82461832e-01
0.00000000e+00 1.82806425e-01
0.00000000e+00 1.83151018e-01
0.00000000e+00 1.83495610e-01
0.00000000e+00 1.83840203e-01
0.00000000e+00 1.84184796e-01
0.00000000e+00 1.84529388e-01
0.00000000e+00 1.84873981e-01
0.00000000e+00 1.85218574e-01
0.00000000e+00 1.85563166e-01
0.00000000e+00 1.85907759e-01
0.00000000e+00 1.86252352e-01
0.00000000e+00 1.86596945e-01
0.00000000e+00 1.86941537e-01
0.00000000e+00 1.87286130e-01
0.00000000e+00 1.87630723e-01
0.00000000e+00 1.87975315e-01
0.00000000e+00 1.88319908e-01
0.00000000e+00 1.88664501e-01
0.00000000e+00 1.89009093e-01
0.00000000e+00 1.89353686e-01
0.00000000e+00 1.89698279e-01
0.00000000e+00 1.90042872e-01
0.00000000e+00 1.90387464e-01
0.00000000e+00 1.90732057e-01
0.00000000e+00 1.91076650e-01
0.00000000e+00 1.91421242e-01
0.00000000e+00 1.91765835e-01
0.00000000e+00 1.92110428e-01
0.00000000e+00 1.92455020e-01
0.00000000e+00 1.92799613e-01
0.00000000e+00 1.93144206e-01
0.00000000e+00 1.93488798e-01
0.00000000e+00 1.93833391e-01
0.00000000e+00 1.94177984e-01
0.00000000e+00 1.94522577e-01
0.00000000e+00 1.94867169e-01
0.00000000e+00 1.95211762e-01
0.00000000e+00 1.95556355e-01
0.00000000e+00 1.95900947e-01
0.00000000e+00 1.96245540e-01
0.00000000e+00 1.96590133e-01
0.00000000e+00 1.96934725e-01
0.00000000e+00 1.97279318e-01
0.00000000e+00 1.97623911e-01
0.00000000e+00 1.97968504e-01
0.00000000e+00 1.98313096e-01
0.00000000e+00 1.98657689e-01
0.00000000e+00 1.99002282e-01
0.00000000e+00 1.99346874e-01
0.00000000e+00 1.99691467e-01
0.00000000e+00 2.00036060e-01
0.00000000e+00 2.00380652e-01
0.00000000e+00 2.00725245e-01
0.00000000e+00 2.01069838e-01
0.00000000e+00 2.01414430e-01
0.00000000e+00 2.01759023e-01
0.00000000e+00 2.02103616e-01
0.00000000e+00 2.02448209e-01
0.00000000e+00 2.02792801e-01
0.00000000e+00 2.03137394e-01
0.00000000e+00 2.03481987e-01
0.00000000e+00 2.03826579e-01
0.00000000e+00 2.04171172e-01
0.00000000e+00 2.04515765e-01
0.00000000e+00 2.04860357e-01
0.00000000e+00 2.05204950e-01
0.00000000e+00 2.05549543e-01
0.00000000e+00 2.05894136e-01
0.00000000e+00 2.06238728e-01
0.00000000e+00 2.06583321e-01
0.00000000e+00 2.06927914e-01
0.00000000e+00 2.07272506e-01
0.00000000e+00 2.07617099e-01
0.00000000e+00 2.07961692e-01
0.00000000e+00 2.08306284e-01
0.00000000e+00 2.08650877e-01
0.00000000e+00 2.08995470e-01
0.00000000e+00 2.09340062e-01
0.00000000e+00 2.09684655e-01
0.00000000e+00 2.10029248e-01
0.00000000e+00 2.10373841e-01
0.00000000e+00 2.10718433e-01
0.00000000e+00 2.11063026e-01
0.00000000e+00 2.11407619e-01
0.00000000e+00 2.11752211e-01
0.00000000e+00 2.12096804e-01
0.00000000e+00 2.12441397e-01
0.00000000e+00 2.12785989e-01
0.00000000e+00 2.13130582e-01
0.00000000e+00 2.13475175e-01
0.00000000e+00 2.13819768e-01
0.00000000e+00 2.14164360e-01
0.00000000e+00 2.14508953e-01
0.00000000e+00 2.14853546e-01
0.00000000e+00 2.15198138e-01
0.00000000e+00 2.15542731e-01
0.00000000e+00 2.15887324e-01
0.00000000e+00 2.16231916e-01
0.00000000e+00 2.16576509e-01
0.00000000e+00 2.16921102e-01
0.00000000e+00 2.17265694e-01
0.00000000e+00 2.17610287e-01
0.00000000e+00 2.17954880e-01
0.00000000e+00 2.18299473e-01
0.00000000e+00 2.18644065e-01
0.00000000e+00 2.18988658e-01
0.00000000e+00 2.19333251e-01
0.00000000e+00 2.19677843e-01
0.00000000e+00 2.20022436e-01
0.00000000e+00 2.20367029e-01
0.00000000e+00 2.20711621e-01
0.00000000e+00 2.21056214e-01
0.00000000e+00 2.21400807e-01
0.00000000e+00 2.21745400e-01
0.00000000e+00 2.22089992e-01
0.00000000e+00 2.22434585e-01
0.00000000e+00 2.22779178e-01
0.00000000e+00 2.23123770e-01
0.00000000e+00 2.23468363e-01
0.00000000e+00 2.23812956e-01
0.00000000e+00 2.24157548e-01
0.00000000e+00 2.24502141e-01
0.00000000e+00 2.24846734e-01
0.00000000e+00 2.25191326e-01
0.00000000e+00 2.25535919e-01
0.00000000e+00 2.25880512e-01
0.00000000e+00 2.26225105e-01
0.00000000e+00 2.26569697e-01
0.00000000e+00 2.26914290e-01
0.00000000e+00 2.27258883e-01
0.00000000e+00 2.27603475e-01
0.00000000e+00 2.27948068e-01
0.00000000e+00 2.28292661e-01
0.00000000e+00 2.28637253e-01
0.00000000e+00 2.28981846e-01
0.00000000e+00 2.29326439e-01
0.00000000e+00 2.29671032e-01
0.00000000e+00 2.30015624e-01
0.00000000e+00 2.30360217e-01
0.00000000e+00 2.30704810e-01
0.00000000e+00 2.31049402e-01
0.00000000e+00 2.31393995e-01
0.00000000e+00 2.31738588e-01
0.00000000e+00 2.32083180e-01
0.00000000e+00 2.32427773e-01
0.00000000e+00 2.32772366e-01
0.00000000e+00 2.33116958e-01
0.00000000e+00 2.33461551e-01
0.00000000e+00 2.33806144e-01
0.00000000e+00 2.34150737e-01
0.00000000e+00 2.34495329e-01
0.00000000e+00 2.34839922e-01
0.00000000e+00 2.35184515e-01
0.00000000e+00 2.35529107e-01
0.00000000e+00 2.35873700e-01
0.00000000e+00 2.36218293e-01
0.00000000e+00 2.36562885e-01
0.00000000e+00 2.36907478e-01
0.00000000e+00 2.37252071e-01
0.00000000e+00 2.37596663e-01
0.00000000e+00 2.37941256e-01
0.00000000e+00 2.38285849e-01
0.00000000e+00 2.38630442e-01
0.00000000e+00 2.38975034e-01
0.00000000e+00 2.39319627e-01
0.00000000e+00 2.39664220e-01
0.00000000e+00 2.40008812e-01
0.00000000e+00 2.40353405e-01
0.00000000e+00 2.40697998e-01
0.00000000e+00 2.41042590e-01
0.00000000e+00 2.41387183e-01
0.00000000e+00 2.41731776e-01
0.00000000e+00 2.42076369e-01
0.00000000e+00 2.42420961e-01
0.00000000e+00 2.42765554e-01
0.00000000e+00 2.43110147e-01
0.00000000e+00 2.43454739e-01
0.00000000e+00 2.43799332e-01
0.00000000e+00 2.44143925e-01
0.00000000e+00 2.44488517e-01
0.00000000e+00 2.44833110e-01
0.00000000e+00 2.45177703e-01
0.00000000e+00 2.45522295e-01
0.00000000e+00 2.45866888e-01
0.00000000e+00 2.46211481e-01
0.00000000e+00 2.46556074e-01
0.00000000e+00 2.46900666e-01
0.00000000e+00 2.47245259e-01
0.00000000e+00 2.47589852e-01
0.00000000e+00 2.47934444e-01
0.00000000e+00 2.48279037e-01
0.00000000e+00 2.48623630e-01
0.00000000e+00 2.48968222e-01
0.00000000e+00 2.49312815e-01
0.00000000e+00 2.49657408e-01
0.00000000e+00 2.50002001e-01
0.00000000e+00 2.50346593e-01
0.00000000e+00 2.50691186e-01
0.00000000e+00 2.51035779e-01
0.00000000e+00 2.51380371e-01
0.00000000e+00 2.51724964e-01
0.00000000e+00 2.52069557e-01
0.00000000e+00 2.52414149e-01
0.00000000e+00 2.52758742e-01
0.00000000e+00 2.53103335e-01
0.00000000e+00 2.53447927e-01
0.00000000e+00 2.53792520e-01
0.00000000e+00 2.54137113e-01
0.00000000e+00 2.54481706e-01
0.00000000e+00 2.54826298e-01
0.00000000e+00 2.55170891e-01
0.00000000e+00 2.55515484e-01
0.00000000e+00 2.55860076e-01
0.00000000e+00 2.56204669e-01
0.00000000e+00 2.56549262e-01
0.00000000e+00 2.56893854e-01
0.00000000e+00 2.57238447e-01
0.00000000e+00 2.57583040e-01
0.00000000e+00 2.57927633e-01
0.00000000e+00 2.58272225e-01
0.00000000e+00 2.58616818e-01
0.00000000e+00 2.58961411e-01
0.00000000e+00 2.59306003e-01
0.00000000e+00 2.59650596e-01
0.00000000e+00 2.59995189e-01
0.00000000e+00 2.60339781e-01
0.00000000e+00 2.60684374e-01
0.00000000e+00 2.61028967e-01
0.00000000e+00 2.61373559e-01
0.00000000e+00 2.61718152e-01
0.00000000e+00 2.62062745e-01
0.00000000e+00 2.62407338e-01
0.00000000e+00 2.62751930e-01
0.00000000e+00 2.63096523e-01
0.00000000e+00 2.63441116e-01
0.00000000e+00 2.63785708e-01
0.00000000e+00 2.64130301e-01
0.00000000e+00 2.64474894e-01
0.00000000e+00 2.64819486e-01
0.00000000e+00 2.65164079e-01
0.00000000e+00 2.65508672e-01
0.00000000e+00 2.65853265e-01
0.00000000e+00 2.66197857e-01
0.00000000e+00 2.66542450e-01
0.00000000e+00 2.66887043e-01
0.00000000e+00 2.67231635e-01
0.00000000e+00 2.67576228e-01
0.00000000e+00 2.67920821e-01
0.00000000e+00 2.68265413e-01
0.00000000e+00 2.68610006e-01
0.00000000e+00 2.68954599e-01
0.00000000e+00 2.69299191e-01
0.00000000e+00 2.69643784e-01
0.00000000e+00 2.69988377e-01
0.00000000e+00 2.70332970e-01
0.00000000e+00 2.70677562e-01
0.00000000e+00 2.71022155e-01
0.00000000e+00 2.71366748e-01
0.00000000e+00 2.71711340e-01
0.00000000e+00 2.72055933e-01
0.00000000e+00 2.72400526e-01
0.00000000e+00 2.72745118e-01
0.00000000e+00 2.73089711e-01
0.00000000e+00 2.73434304e-01
0.00000000e+00 2.73778897e-01
0.00000000e+00 2.74123489e-01
0.00000000e+00 2.74468082e-01
0.00000000e+00 2.74812675e-01
0.00000000e+00 2.75157267e-01
0.00000000e+00 2.75501860e-01
0.00000000e+00 2.75846453e-01
0.00000000e+00 2.76191045e-01
0.00000000e+00 2.76535638e-01
0.00000000e+00 2.76880231e-01
0.00000000e+00 2.77224823e-01
0.00000000e+00 2.77569416e-01
0.00000000e+00 2.77914009e-01
0.00000000e+00 2.78258602e-01
0.00000000e+00 2.78603194e-01
0.00000000e+00 2.78947787e-01
0.00000000e+00 2.79292380e-01
0.00000000e+00 2.79636972e-01
0.00000000e+00 2.79981565e-01
0.00000000e+00 2.80326158e-01
0.00000000e+00 2.80670750e-01
0.00000000e+00 2.81015343e-01
0.00000000e+00 2.81359936e-01
0.00000000e+00 2.81704529e-01
0.00000000e+00 2.82049121e-01
0.00000000e+00 2.82393714e-01
0.00000000e+00 2.82738307e-01
0.00000000e+00 2.83082899e-01
0.00000000e+00 2.83427492e-01
0.00000000e+00 2.83772085e-01
0.00000000e+00 2.84116677e-01
0.00000000e+00 2.84461270e-01
0.00000000e+00 2.84805863e-01
0.00000000e+00 2.85150455e-01
0.00000000e+00 2.85495048e-01
0.00000000e+00 2.85839641e-01
0.00000000e+00 2.86184234e-01
0.00000000e+00 2.86528826e-01
0.00000000e+00 2.86873419e-01
0.00000000e+00 2.87218012e-01
0.00000000e+00 2.87562604e-01
0.00000000e+00 2.87907197e-01
0.00000000e+00 2.88251790e-01
0.00000000e+00 2.88596382e-01
0.00000000e+00 2.88940975e-01
0.00000000e+00 2.89285568e-01
0.00000000e+00 2.89630161e-01
0.00000000e+00 2.89974753e-01
0.00000000e+00 2.90319346e-01
0.00000000e+00 2.90663939e-01
0.00000000e+00 2.91008531e-01
0.00000000e+00 2.91353124e-01
0.00000000e+00 2.91697717e-01
0.00000000e+00 2.92042309e-01
0.00000000e+00 2.92386902e-01
0.00000000e+00 2.92731495e-01
0.00000000e+00 2.93076087e-01
0.00000000e+00 2.93420680e-01
0.00000000e+00 2.93765273e-01
0.00000000e+00 2.94109866e-01
0.00000000e+00 2.94454458e-01
0.00000000e+00 2.94799051e-01
0.00000000e+00 2.95143644e-01
0.00000000e+00 2.95488236e-01
0.00000000e+00 2.95832829e-01
0.00000000e+00 2.96177422e-01
0.00000000e+00 2.96522014e-01
0.00000000e+00 2.96866607e-01
0.00000000e+00 2.97211200e-01
0.00000000e+00 2.97555793e-01
0.00000000e+00 2.97900385e-01
0.00000000e+00 2.98244978e-01
0.00000000e+00 2.98589571e-01
0.00000000e+00 2.98934163e-01
0.00000000e+00 2.99278756e-01
0.00000000e+00 2.99623349e-01
0.00000000e+00 2.99967941e-01
0.00000000e+00 3.00312534e-01
0.00000000e+00 3.00657127e-01
0.00000000e+00 3.01001719e-01
0.00000000e+00 3.01346312e-01
0.00000000e+00 3.01690905e-01
0.00000000e+00 3.02035498e-01
0.00000000e+00 3.02380090e-01
0.00000000e+00 3.02724683e-01
0.00000000e+00 3.03069276e-01
0.00000000e+00 3.03413868e-01
0.00000000e+00 3.03758461e-01
0.00000000e+00 3.04103054e-01
0.00000000e+00 3.04447646e-01
0.00000000e+00 3.04792239e-01
0.00000000e+00 3.05136832e-01
0.00000000e+00 3.05481424e-01
0.00000000e+00 3.05826017e-01
0.00000000e+00 3.06170610e-01
0.00000000e+00 3.06515203e-01
0.00000000e+00 3.06859795e-01
0.00000000e+00 3.07204388e-01
0.00000000e+00 3.07548981e-01
0.00000000e+00 3.07893573e-01
0.00000000e+00 3.08238166e-01
0.00000000e+00 3.08582759e-01
0.00000000e+00 3.08927351e-01
0.00000000e+00 3.09271944e-01
0.00000000e+00 3.09616537e-01
0.00000000e+00 3.09961130e-01
0.00000000e+00 3.10305722e-01
0.00000000e+00 3.10650315e-01
0.00000000e+00 3.10994908e-01
0.00000000e+00 3.11339500e-01
0.00000000e+00 3.11684093e-01
0.00000000e+00 3.12028686e-01
0.00000000e+00 3.12373278e-01
0.00000000e+00 3.12717871e-01
0.00000000e+00 3.13062464e-01
0.00000000e+00 3.13407056e-01
0.00000000e+00 3.13751649e-01
0.00000000e+00 3.14096242e-01
0.00000000e+00 3.14440835e-01
0.00000000e+00 3.14785427e-01
0.00000000e+00 3.15130020e-01
0.00000000e+00 3.15474613e-01
0.00000000e+00 3.15819205e-01
0.00000000e+00 3.16163798e-01
0.00000000e+00 3.16508391e-01
0.00000000e+00 3.16852983e-01
0.00000000e+00 3.17197576e-01
0.00000000e+00 3.17542169e-01
0.00000000e+00 3.17886762e-01
0.00000000e+00 3.18231354e-01
0.00000000e+00 3.18575947e-01
0.00000000e+00 3.18920540e-01
0.00000000e+00 3.19265132e-01
0.00000000e+00 3.19609725e-01
0.00000000e+00 3.19954318e-01
0.00000000e+00 3.20298910e-01
0.00000000e+00 3.20643503e-01
0.00000000e+00 3.20988096e-01
0.00000000e+00 3.21332688e-01
0.00000000e+00 3.21677281e-01
0.00000000e+00 3.22021874e-01
0.00000000e+00 3.22366467e-01
0.00000000e+00 3.22711059e-01
0.00000000e+00 3.23055652e-01
0.00000000e+00 3.23400245e-01
0.00000000e+00 3.23744837e-01
0.00000000e+00 3.24089430e-01
0.00000000e+00 3.24434023e-01
0.00000000e+00 3.24778615e-01
0.00000000e+00 3.25123208e-01
0.00000000e+00 3.25467801e-01
0.00000000e+00 3.25812394e-01
0.00000000e+00 3.26156986e-01
0.00000000e+00 3.26501579e-01
0.00000000e+00 3.26846172e-01
0.00000000e+00 3.27190764e-01
0.00000000e+00 3.27535357e-01
0.00000000e+00 3.27879950e-01
0.00000000e+00 3.28224542e-01
0.00000000e+00 3.28569135e-01
0.00000000e+00 3.28913728e-01
0.00000000e+00 3.29258320e-01
0.00000000e+00 3.29602913e-01
0.00000000e+00 3.29947506e-01
0.00000000e+00 3.30292099e-01
0.00000000e+00 3.30636691e-01
0.00000000e+00 3.30981284e-01
0.00000000e+00 3.31325877e-01
0.00000000e+00 3.31670469e-01
0.00000000e+00 3.32015062e-01
0.00000000e+00 3.32359655e-01
0.00000000e+00 3.32704247e-01
0.00000000e+00 3.33048840e-01
0.00000000e+00 3.33393433e-01
0.00000000e+00 3.33738026e-01
0.00000000e+00 3.34082618e-01
0.00000000e+00 3.34427211e-01
0.00000000e+00 3.34771804e-01
0.00000000e+00 3.35116396e-01
0.00000000e+00 3.35460989e-01
0.00000000e+00 3.35805582e-01
0.00000000e+00 3.36150174e-01
0.00000000e+00 3.36494767e-01
0.00000000e+00 3.36839360e-01
0.00000000e+00 3.37183952e-01
0.00000000e+00 3.37528545e-01
0.00000000e+00 3.37873138e-01
0.00000000e+00 3.38217731e-01
0.00000000e+00 3.38562323e-01
0.00000000e+00 3.38906916e-01
0.00000000e+00 3.39251509e-01
0.00000000e+00 3.39596101e-01
0.00000000e+00 3.39940694e-01
0.00000000e+00 3.40285287e-01
0.00000000e+00 3.40629879e-01
0.00000000e+00 3.40974472e-01
0.00000000e+00 3.41319065e-01
0.00000000e+00 3.41663658e-01
0.00000000e+00 3.42008250e-01
0.00000000e+00 3.42352843e-01
0.00000000e+00 3.42697436e-01
0.00000000e+00 3.43042028e-01
0.00000000e+00 3.43386621e-01
0.00000000e+00 3.43731214e-01
0.00000000e+00 3.44075806e-01
0.00000000e+00 3.44420399e-01
0.00000000e+00 3.44764992e-01
0.00000000e+00 3.45109584e-01
0.00000000e+00 3.45454177e-01
0.00000000e+00 3.45798770e-01
0.00000000e+00 3.46143363e-01
0.00000000e+00 3.46487955e-01
0.00000000e+00 3.46832548e-01
0.00000000e+00 3.47177141e-01
0.00000000e+00 3.47521733e-01
0.00000000e+00 3.47866326e-01
0.00000000e+00 3.48210919e-01
0.00000000e+00 3.48555511e-01
0.00000000e+00 3.48900104e-01
0.00000000e+00 3.49244697e-01
0.00000000e+00 3.49589290e-01
0.00000000e+00 3.49933882e-01
0.00000000e+00 3.50278475e-01
0.00000000e+00 3.50623068e-01
0.00000000e+00 3.50967660e-01
0.00000000e+00 3.51312253e-01
0.00000000e+00 3.51656846e-01
0.00000000e+00 3.52001438e-01
0.00000000e+00 3.52346031e-01
0.00000000e+00 3.52690624e-01
0.00000000e+00 3.53035216e-01
0.00000000e+00 3.53379809e-01
0.00000000e+00 3.53724402e-01
0.00000000e+00 3.54068995e-01
0.00000000e+00 3.54413587e-01
0.00000000e+00 3.54758180e-01
0.00000000e+00 3.55102773e-01
0.00000000e+00 3.55447365e-01
0.00000000e+00 3.55791958e-01
0.00000000e+00 3.56136551e-01
0.00000000e+00 3.56481143e-01
0.00000000e+00 3.56825736e-01
0.00000000e+00 3.57170329e-01
0.00000000e+00 3.57514922e-01
0.00000000e+00 3.57859514e-01
0.00000000e+00 3.58204107e-01
0.00000000e+00 3.58548700e-01
0.00000000e+00 3.58893292e-01
0.00000000e+00 3.59237885e-01
0.00000000e+00 3.59582478e-01
0.00000000e+00 3.59927070e-01
0.00000000e+00 3.60271663e-01
0.00000000e+00 3.60616256e-01
0.00000000e+00 3.60960848e-01
0.00000000e+00 3.61305441e-01
0.00000000e+00 3.61650034e-01
0.00000000e+00 3.61994627e-01
0.00000000e+00 3.62339219e-01
0.00000000e+00 3.62683812e-01
0.00000000e+00 3.63028405e-01
0.00000000e+00 3.63372997e-01
0.00000000e+00 3.63717590e-01
0.00000000e+00 3.64062183e-01
0.00000000e+00 3.64406775e-01
0.00000000e+00 3.64751368e-01
0.00000000e+00 3.65095961e-01
0.00000000e+00 3.65440554e-01
0.00000000e+00 3.65785146e-01
0.00000000e+00 3.66129739e-01
0.00000000e+00 3.66474332e-01
0.00000000e+00 3.66818924e-01
0.00000000e+00 3.67163517e-01
0.00000000e+00 3.67508110e-01
0.00000000e+00 3.67852702e-01
0.00000000e+00 3.68197295e-01
0.00000000e+00 3.68541888e-01
0.00000000e+00 3.68886480e-01
0.00000000e+00 3.69231073e-01
0.00000000e+00 3.69575666e-01
0.00000000e+00 3.69920259e-01
0.00000000e+00 3.70264851e-01
0.00000000e+00 3.70609444e-01
0.00000000e+00 3.70954037e-01
0.00000000e+00 3.71298629e-01
0.00000000e+00 3.71643222e-01
0.00000000e+00 3.71987815e-01
0.00000000e+00 3.72332407e-01
0.00000000e+00 3.72677000e-01
0.00000000e+00 3.73021593e-01
0.00000000e+00 3.73366185e-01
0.00000000e+00 3.73710778e-01
0.00000000e+00 3.74055371e-01
0.00000000e+00 3.74399964e-01
0.00000000e+00 3.74744556e-01
0.00000000e+00 3.75089149e-01
0.00000000e+00 3.75433742e-01
0.00000000e+00 3.75778334e-01
0.00000000e+00 3.76122927e-01
0.00000000e+00 3.76467520e-01
0.00000000e+00 3.76812112e-01
0.00000000e+00 3.77156705e-01
0.00000000e+00 3.77501298e-01
0.00000000e+00 3.77845891e-01
0.00000000e+00 3.78190483e-01
0.00000000e+00 3.78535076e-01
0.00000000e+00 3.78879669e-01
0.00000000e+00 3.79224261e-01
0.00000000e+00 3.79568854e-01
0.00000000e+00 3.79913447e-01
0.00000000e+00 3.80258039e-01
0.00000000e+00 3.80602632e-01
0.00000000e+00 3.80947225e-01
0.00000000e+00 3.81291817e-01
0.00000000e+00 3.81636410e-01
0.00000000e+00 3.81981003e-01
0.00000000e+00 3.82325596e-01
0.00000000e+00 3.82670188e-01
0.00000000e+00 3.83014781e-01
0.00000000e+00 3.83359374e-01
0.00000000e+00 3.83703966e-01
0.00000000e+00 3.84048559e-01
0.00000000e+00 3.84393152e-01
0.00000000e+00 3.84737744e-01
0.00000000e+00 3.85082337e-01
0.00000000e+00 3.85426930e-01
0.00000000e+00 3.85771523e-01
0.00000000e+00 3.86116115e-01
0.00000000e+00 3.86460708e-01
0.00000000e+00 3.86805301e-01
0.00000000e+00 3.87149893e-01
0.00000000e+00 3.87494486e-01
0.00000000e+00 3.87839079e-01
0.00000000e+00 3.88183671e-01
0.00000000e+00 3.88528264e-01
0.00000000e+00 3.88872857e-01
0.00000000e+00 3.89217449e-01
0.00000000e+00 3.89562042e-01
0.00000000e+00 3.89906635e-01
0.00000000e+00 3.90251228e-01
0.00000000e+00 3.90595820e-01
0.00000000e+00 3.90940413e-01
0.00000000e+00 3.91285006e-01
0.00000000e+00 3.91629598e-01
0.00000000e+00 3.91974191e-01
0.00000000e+00 3.92318784e-01
0.00000000e+00 3.92663376e-01
0.00000000e+00 3.93007969e-01
0.00000000e+00 3.93352562e-01
0.00000000e+00 3.93697155e-01
0.00000000e+00 3.94041747e-01
0.00000000e+00 3.94386340e-01
0.00000000e+00 3.94730933e-01
0.00000000e+00 3.95075525e-01
0.00000000e+00 3.95420118e-01
0.00000000e+00 3.95764711e-01
0.00000000e+00 3.96109303e-01
0.00000000e+00 3.96453896e-01
0.00000000e+00 3.96798489e-01
0.00000000e+00 3.97143081e-01
0.00000000e+00 3.97487674e-01
0.00000000e+00 3.97832267e-01
0.00000000e+00 3.98176860e-01
0.00000000e+00 3.98521452e-01
0.00000000e+00 3.98866045e-01
0.00000000e+00 3.99210638e-01
0.00000000e+00 3.99555230e-01
0.00000000e+00 3.99899823e-01
0.00000000e+00 4.00244416e-01
0.00000000e+00 4.00589008e-01
0.00000000e+00 4.00933601e-01
0.00000000e+00 4.01278194e-01
0.00000000e+00 4.01622787e-01
0.00000000e+00 4.01967379e-01
0.00000000e+00 4.02311972e-01
0.00000000e+00 4.02656565e-01
0.00000000e+00 4.03001157e-01
0.00000000e+00 4.03345750e-01
0.00000000e+00 4.03690343e-01
0.00000000e+00 4.04034935e-01
0.00000000e+00 4.04379528e-01
0.00000000e+00 4.04724121e-01
0.00000000e+00 4.05068713e-01
0.00000000e+00 4.05413306e-01
0.00000000e+00 4.05757899e-01
0.00000000e+00 4.06102492e-01
0.00000000e+00 4.06447084e-01
0.00000000e+00 4.06791677e-01
0.00000000e+00 4.07136270e-01
0.00000000e+00 4.07480862e-01
0.00000000e+00 4.07825455e-01
0.00000000e+00 4.08170048e-01
0.00000000e+00 4.08514640e-01
0.00000000e+00 4.08859233e-01
0.00000000e+00 4.09203826e-01
0.00000000e+00 4.09548419e-01
0.00000000e+00 4.09893011e-01
0.00000000e+00 4.10237604e-01
0.00000000e+00 4.10582197e-01
0.00000000e+00 4.10926789e-01
0.00000000e+00 4.11271382e-01
0.00000000e+00 4.11615975e-01
0.00000000e+00 4.11960567e-01
0.00000000e+00 4.12305160e-01
0.00000000e+00 4.12649753e-01
0.00000000e+00 4.12994345e-01
0.00000000e+00 4.13338938e-01
0.00000000e+00 4.13683531e-01
0.00000000e+00 4.14028124e-01
0.00000000e+00 4.14372716e-01
0.00000000e+00 4.14717309e-01
0.00000000e+00 4.15061902e-01
0.00000000e+00 4.15406494e-01
0.00000000e+00 4.15751087e-01
0.00000000e+00 4.16095680e-01
0.00000000e+00 4.16440272e-01
0.00000000e+00 4.16784865e-01
0.00000000e+00 4.17129458e-01
0.00000000e+00 4.17474051e-01
0.00000000e+00 4.17818643e-01
0.00000000e+00 4.18163236e-01
0.00000000e+00 4.18507829e-01
0.00000000e+00 4.18852421e-01
0.00000000e+00 4.19197014e-01
0.00000000e+00 4.19541607e-01
0.00000000e+00 4.19886199e-01
0.00000000e+00 4.20230792e-01
0.00000000e+00 4.20575385e-01
0.00000000e+00 4.20919977e-01
0.00000000e+00 4.21264570e-01
0.00000000e+00 4.21609163e-01
0.00000000e+00 4.21953756e-01
0.00000000e+00 4.22298348e-01
0.00000000e+00 4.22642941e-01
0.00000000e+00 4.22987534e-01
0.00000000e+00 4.23332126e-01
0.00000000e+00 4.23676719e-01
0.00000000e+00 4.24021312e-01
0.00000000e+00 4.24365904e-01
0.00000000e+00 4.24710497e-01
0.00000000e+00 4.25055090e-01
0.00000000e+00 4.25399683e-01
0.00000000e+00 4.25744275e-01
0.00000000e+00 4.26088868e-01
0.00000000e+00 4.26433461e-01
0.00000000e+00 4.26778053e-01
0.00000000e+00 4.27122646e-01
0.00000000e+00 4.27467239e-01
0.00000000e+00 4.27811831e-01
0.00000000e+00 4.28156424e-01
0.00000000e+00 4.28501017e-01
0.00000000e+00 4.28845609e-01
0.00000000e+00 4.29190202e-01
0.00000000e+00 4.29534795e-01
0.00000000e+00 4.29879388e-01
0.00000000e+00 4.30223980e-01
0.00000000e+00 4.30568573e-01
0.00000000e+00 4.30913166e-01
0.00000000e+00 4.31257758e-01
0.00000000e+00 4.31602351e-01
0.00000000e+00 4.31946944e-01
0.00000000e+00 4.32291536e-01
0.00000000e+00 4.32636129e-01
0.00000000e+00 4.32980722e-01
0.00000000e+00 4.33325314e-01
0.00000000e+00 4.33669907e-01
0.00000000e+00 4.34014500e-01
0.00000000e+00 4.34359093e-01
0.00000000e+00 4.34703685e-01
0.00000000e+00 4.35048278e-01
0.00000000e+00 4.35392871e-01
0.00000000e+00 4.35737463e-01
0.00000000e+00 4.36082056e-01
0.00000000e+00 4.36426649e-01
0.00000000e+00 4.36771241e-01
0.00000000e+00 4.37115834e-01
0.00000000e+00 4.37460427e-01
0.00000000e+00 4.37805020e-01
0.00000000e+00 4.38149612e-01
0.00000000e+00 4.38494205e-01
0.00000000e+00 4.38838798e-01
0.00000000e+00 4.39183390e-01
0.00000000e+00 4.39527983e-01
0.00000000e+00 4.39872576e-01
0.00000000e+00 4.40217168e-01
0.00000000e+00 4.40561761e-01
0.00000000e+00 4.40906354e-01
0.00000000e+00 4.41250946e-01
0.00000000e+00 4.41595539e-01
0.00000000e+00 4.41940132e-01
0.00000000e+00 4.42284725e-01
0.00000000e+00 4.42629317e-01
0.00000000e+00 4.42973910e-01
0.00000000e+00 4.43318503e-01
0.00000000e+00 4.43663095e-01
0.00000000e+00 4.44007688e-01
0.00000000e+00 4.44352281e-01
0.00000000e+00 4.44696873e-01
0.00000000e+00 4.45041466e-01
0.00000000e+00 4.45386059e-01
0.00000000e+00 4.45730652e-01
0.00000000e+00 4.46075244e-01
0.00000000e+00 4.46419837e-01
0.00000000e+00 4.46764430e-01
0.00000000e+00 4.47109022e-01
0.00000000e+00 4.47453615e-01
0.00000000e+00 4.47798208e-01
0.00000000e+00 4.48142800e-01
0.00000000e+00 4.48487393e-01
0.00000000e+00 4.48831986e-01
0.00000000e+00 4.49176578e-01
0.00000000e+00 4.49521171e-01
0.00000000e+00 4.49865764e-01
0.00000000e+00 4.50210357e-01
0.00000000e+00 4.50554949e-01
0.00000000e+00 4.50899542e-01
0.00000000e+00 4.51244135e-01
0.00000000e+00 4.51588727e-01
0.00000000e+00 4.51933320e-01
0.00000000e+00 4.52277913e-01
0.00000000e+00 4.52622505e-01
0.00000000e+00 4.52967098e-01
0.00000000e+00 4.53311691e-01
0.00000000e+00 4.53656284e-01
0.00000000e+00 4.54000876e-01
0.00000000e+00 4.54345469e-01
0.00000000e+00 4.54690062e-01
0.00000000e+00 4.55034654e-01
0.00000000e+00 4.55379247e-01
0.00000000e+00 4.55723840e-01
0.00000000e+00 4.56068432e-01
0.00000000e+00 4.56413025e-01
0.00000000e+00 4.56757618e-01
0.00000000e+00 4.57102210e-01
0.00000000e+00 4.57446803e-01
0.00000000e+00 4.57791396e-01
0.00000000e+00 4.58135989e-01
0.00000000e+00 4.58480581e-01
0.00000000e+00 4.58825174e-01
0.00000000e+00 4.59169767e-01
0.00000000e+00 4.59514359e-01
0.00000000e+00 4.59858952e-01
0.00000000e+00 4.60203545e-01
0.00000000e+00 4.60548137e-01
0.00000000e+00 4.60892730e-01
0.00000000e+00 4.61237323e-01
0.00000000e+00 4.61581916e-01
0.00000000e+00 4.61926508e-01
0.00000000e+00 4.62271101e-01
0.00000000e+00 4.62615694e-01
0.00000000e+00 4.62960286e-01
0.00000000e+00 4.63304879e-01
0.00000000e+00 4.63649472e-01
0.00000000e+00 4.63994064e-01
0.00000000e+00 4.64338657e-01
0.00000000e+00 4.64683250e-01
0.00000000e+00 4.65027842e-01
0.00000000e+00 4.65372435e-01
0.00000000e+00 4.65717028e-01
0.00000000e+00 4.66061621e-01
0.00000000e+00 4.66406213e-01
0.00000000e+00 4.66750806e-01
0.00000000e+00 4.67095399e-01
0.00000000e+00 4.67439991e-01
0.00000000e+00 4.67784584e-01
0.00000000e+00 4.68129177e-01
0.00000000e+00 4.68473769e-01
0.00000000e+00 4.68818362e-01
0.00000000e+00 4.69162955e-01
0.00000000e+00 4.69507548e-01
0.00000000e+00 4.69852140e-01
0.00000000e+00 4.70196733e-01
0.00000000e+00 4.70541326e-01
0.00000000e+00 4.70885918e-01
0.00000000e+00 4.71230511e-01
0.00000000e+00 4.71575104e-01
0.00000000e+00 4.71919696e-01
0.00000000e+00 4.72264289e-01
0.00000000e+00 4.72608882e-01
0.00000000e+00 4.72953474e-01
0.00000000e+00 4.73298067e-01
0.00000000e+00 4.73642660e-01
0.00000000e+00 4.73987253e-01
0.00000000e+00 4.74331845e-01
0.00000000e+00 4.74676438e-01
0.00000000e+00 4.75021031e-01
0.00000000e+00 4.75365623e-01
0.00000000e+00 4.75710216e-01
0.00000000e+00 4.76054809e-01
0.00000000e+00 4.76399401e-01
0.00000000e+00 4.76743994e-01
0.00000000e+00 4.77088587e-01
0.00000000e+00 4.77433180e-01
0.00000000e+00 4.77777772e-01
0.00000000e+00 4.78122365e-01
0.00000000e+00 4.78466958e-01
0.00000000e+00 4.78811550e-01
0.00000000e+00 4.79156143e-01
0.00000000e+00 4.79500736e-01
0.00000000e+00 4.79845328e-01
0.00000000e+00 4.80189921e-01
0.00000000e+00 4.80534514e-01
0.00000000e+00 4.80879106e-01
0.00000000e+00 4.81223699e-01
0.00000000e+00 4.81568292e-01
0.00000000e+00 4.81912885e-01
0.00000000e+00 4.82257477e-01
0.00000000e+00 4.82602070e-01
0.00000000e+00 4.82946663e-01
0.00000000e+00 4.83291255e-01
0.00000000e+00 4.83635848e-01
0.00000000e+00 4.83980441e-01
0.00000000e+00 4.84325033e-01
0.00000000e+00 4.84669626e-01
0.00000000e+00 4.85014219e-01
0.00000000e+00 4.85358812e-01
0.00000000e+00 4.85703404e-01
0.00000000e+00 4.86047997e-01
0.00000000e+00 4.86392590e-01
0.00000000e+00 4.86737182e-01
0.00000000e+00 4.87081775e-01
0.00000000e+00 4.87426368e-01
0.00000000e+00 4.87770960e-01
0.00000000e+00 4.88115553e-01
0.00000000e+00 4.88460146e-01
0.00000000e+00 4.88804738e-01
0.00000000e+00 4.89149331e-01
0.00000000e+00 4.89493924e-01
0.00000000e+00 4.89838517e-01
0.00000000e+00 4.90183109e-01
0.00000000e+00 4.90527702e-01
0.00000000e+00 4.90872295e-01
0.00000000e+00 4.91216887e-01
0.00000000e+00 4.91561480e-01
0.00000000e+00 4.91906073e-01
0.00000000e+00 4.92250665e-01
0.00000000e+00 4.92595258e-01
0.00000000e+00 4.92939851e-01
0.00000000e+00 4.93284444e-01
0.00000000e+00 4.93629036e-01
0.00000000e+00 4.93973629e-01
0.00000000e+00 4.94318222e-01
0.00000000e+00 4.94662814e-01
0.00000000e+00 4.95007407e-01
0.00000000e+00 4.95352000e-01
0.00000000e+00 4.95696592e-01
0.00000000e+00 4.96041185e-01
0.00000000e+00 4.96385778e-01
0.00000000e+00 4.96730370e-01
0.00000000e+00 4.97074963e-01
0.00000000e+00 4.97419556e-01
0.00000000e+00 4.97764149e-01
0.00000000e+00 4.98108741e-01
0.00000000e+00 4.98453334e-01
0.00000000e+00 4.98797927e-01
0.00000000e+00 4.99142519e-01
0.00000000e+00 4.99487112e-01
0.00000000e+00 4.99831705e-01
