% L-Bracket Geometry
% N_total=1936, N_horizontal=968, N_vertical=968
% Resolution: 100 segments per wavelength
% Format: x(m) y(m)
2.58444522e-04 0.00000000e+00
7.75333565e-04 0.00000000e+00
1.29222261e-03 0.00000000e+00
1.80911165e-03 0.00000000e+00
2.32600069e-03 0.00000000e+00
2.84288974e-03 0.00000000e+00
3.35977878e-03 0.00000000e+00
3.87666782e-03 0.00000000e+00
4.39355687e-03 0.00000000e+00
4.91044591e-03 0.00000000e+00
5.42733495e-03 0.00000000e+00
5.94422400e-03 0.00000000e+00
6.46111304e-03 0.00000000e+00
6.97800208e-03 0.00000000e+00
7.49489113e-03 0.00000000e+00
8.01178017e-03 0.00000000e+00
8.52866921e-03 0.00000000e+00
9.04555825e-03 0.00000000e+00
9.56244730e-03 0.00000000e+00
1.00793363e-02 0.00000000e+00
1.05962254e-02 0.00000000e+00
1.11131144e-02 0.00000000e+00
1.16300035e-02 0.00000000e+00
1.21468925e-02 0.00000000e+00
1.26637816e-02 0.00000000e+00
1.31806706e-02 0.00000000e+00
1.36975596e-02 0.00000000e+00
1.42144487e-02 0.00000000e+00
1.47313377e-02 0.00000000e+00
1.52482268e-02 0.00000000e+00
1.57651158e-02 0.00000000e+00
1.62820049e-02 0.00000000e+00
1.67988939e-02 0.00000000e+00
1.73157829e-02 0.00000000e+00
1.78326720e-02 0.00000000e+00
1.83495610e-02 0.00000000e+00
1.88664501e-02 0.00000000e+00
1.93833391e-02 0.00000000e+00
1.99002282e-02 0.00000000e+00
2.04171172e-02 0.00000000e+00
2.09340062e-02 0.00000000e+00
2.14508953e-02 0.00000000e+00
2.19677843e-02 0.00000000e+00
2.24846734e-02 0.00000000e+00
2.30015624e-02 0.00000000e+00
2.35184515e-02 0.00000000e+00
2.40353405e-02 0.00000000e+00
2.45522295e-02 0.00000000e+00
2.50691186e-02 0.00000000e+00
2.55860076e-02 0.00000000e+00
2.61028967e-02 0.00000000e+00
2.66197857e-02 0.00000000e+00
2.71366748e-02 0.00000000e+00
2.76535638e-02 0.00000000e+00
2.81704529e-02 0.00000000e+00
2.86873419e-02 0.00000000e+00
2.92042309e-02 0.00000000e+00
2.97211200e-02 0.00000000e+00
3.02380090e-02 0.00000000e+00
3.07548981e-02 0.00000000e+00
3.12717871e-02 0.00000000e+00
3.17886762e-02 0.00000000e+00
3.23055652e-02 0.00000000e+00
3.28224542e-02 0.00000000e+00
3.33393433e-02 0.00000000e+00
3.38562323e-02 0.00000000e+00
3.43731214e-02 0.00000000e+00
3.48900104e-02 0.00000000e+00
3.54068995e-02 0.00000000e+00
3.59237885e-02 0.00000000e+00
3.64406775e-02 0.00000000e+00
3.69575666e-02 0.00000000e+00
3.74744556e-02 0.00000000e+00
3.79913447e-02 0.00000000e+00
3.85082337e-02 0.00000000e+00
3.90251228e-02 0.00000000e+00
3.95420118e-02 0.00000000e+00
4.00589008e-02 0.00000000e+00
4.05757899e-02 0.00000000e+00
4.10926789e-02 0.00000000e+00
4.16095680e-02 0.00000000e+00
4.21264570e-02 0.00000000e+00
4.26433461e-02 0.00000000e+00
4.31602351e-02 0.00000000e+00
4.36771241e-02 0.00000000e+00
4.41940132e-02 0.00000000e+00
4.47109022e-02 0.00000000e+00
4.52277913e-02 0.00000000e+00
4.57446803e-02 0.00000000e+00
4.62615694e-02 0.00000000e+00
4.67784584e-02 0.00000000e+00
4.72953474e-02 0.00000000e+00
4.78122365e-02 0.00000000e+00
4.83291255e-02 0.00000000e+00
4.88460146e-02 0.00000000e+00
4.93629036e-02 0.00000000e+00
4.98797927e-02 0.00000000e+00
5.03966817e-02 0.00000000e+00
5.09135707e-02 0.00000000e+00
5.14304598e-02 0.00000000e+00
5.19473488e-02 0.00000000e+00
5.24642379e-02 0.00000000e+00
5.29811269e-02 0.00000000e+00
5.34980160e-02 0.00000000e+00
5.40149050e-02 0.00000000e+00
5.45317941e-02 0.00000000e+00
5.50486831e-02 0.00000000e+00
5.55655721e-02 0.00000000e+00
5.60824612e-02 0.00000000e+00
5.65993502e-02 0.00000000e+00
5.71162393e-02 0.00000000e+00
5.76331283e-02 0.00000000e+00
5.81500174e-02 0.00000000e+00
5.86669064e-02 0.00000000e+00
5.91837954e-02 0.00000000e+00
5.97006845e-02 0.00000000e+00
6.02175735e-02 0.00000000e+00
6.07344626e-02 0.00000000e+00
6.12513516e-02 0.00000000e+00
6.17682407e-02 0.00000000e+00
6.22851297e-02 0.00000000e+00
6.28020187e-02 0.00000000e+00
6.33189078e-02 0.00000000e+00
6.38357968e-02 0.00000000e+00
6.43526859e-02 0.00000000e+00
6.48695749e-02 0.00000000e+00
6.53864640e-02 0.00000000e+00
6.59033530e-02 0.00000000e+00
6.64202420e-02 0.00000000e+00
6.69371311e-02 0.00000000e+00
6.74540201e-02 0.00000000e+00
6.79709092e-02 0.00000000e+00
6.84877982e-02 0.00000000e+00
6.90046873e-02 0.00000000e+00
6.95215763e-02 0.00000000e+00
7.00384653e-02 0.00000000e+00
7.05553544e-02 0.00000000e+00
7.10722434e-02 0.00000000e+00
7.15891325e-02 0.00000000e+00
7.21060215e-02 0.00000000e+00
7.26229106e-02 0.00000000e+00
7.31397996e-02 0.00000000e+00
7.36566886e-02 0.00000000e+00
7.41735777e-02 0.00000000e+00
7.46904667e-02 0.00000000e+00
7.52073558e-02 0.00000000e+00
7.57242448e-02 0.00000000e+00
7.62411339e-02 0.00000000e+00
7.67580229e-02 0.00000000e+00
7.72749119e-02 0.00000000e+00
7.77918010e-02 0.00000000e+00
7.83086900e-02 0.00000000e+00
7.88255791e-02 0.00000000e+00
7.93424681e-02 0.00000000e+00
7.98593572e-02 0.00000000e+00
8.03762462e-02 0.00000000e+00
8.08931353e-02 0.00000000e+00
8.14100243e-02 0.00000000e+00
8.19269133e-02 0.00000000e+00
8.24438024e-02 0.00000000e+00
8.29606914e-02 0.00000000e+00
8.34775805e-02 0.00000000e+00
8.39944695e-02 0.00000000e+00
8.45113586e-02 0.00000000e+00
8.50282476e-02 0.00000000e+00
8.55451366e-02 0.00000000e+00
8.60620257e-02 0.00000000e+00
8.65789147e-02 0.00000000e+00
8.70958038e-02 0.00000000e+00
8.76126928e-02 0.00000000e+00
8.81295819e-02 0.00000000e+00
8.86464709e-02 0.00000000e+00
8.91633599e-02 0.00000000e+00
8.96802490e-02 0.00000000e+00
9.01971380e-02 0.00000000e+00
9.07140271e-02 0.00000000e+00
9.12309161e-02 0.00000000e+00
9.17478052e-02 0.00000000e+00
9.22646942e-02 0.00000000e+00
9.27815832e-02 0.00000000e+00
9.32984723e-02 0.00000000e+00
9.38153613e-02 0.00000000e+00
9.43322504e-02 0.00000000e+00
9.48491394e-02 0.00000000e+00
9.53660285e-02 0.00000000e+00
9.58829175e-02 0.00000000e+00
9.63998065e-02 0.00000000e+00
9.69166956e-02 0.00000000e+00
9.74335846e-02 0.00000000e+00
9.79504737e-02 0.00000000e+00
9.84673627e-02 0.00000000e+00
9.89842518e-02 0.00000000e+00
9.95011408e-02 0.00000000e+00
1.00018030e-01 0.00000000e+00
1.00534919e-01 0.00000000e+00
1.01051808e-01 0.00000000e+00
1.01568697e-01 0.00000000e+00
1.02085586e-01 0.00000000e+00
1.02602475e-01 0.00000000e+00
1.03119364e-01 0.00000000e+00
1.03636253e-01 0.00000000e+00
1.04153142e-01 0.00000000e+00
1.04670031e-01 0.00000000e+00
1.05186920e-01 0.00000000e+00
1.05703809e-01 0.00000000e+00
1.06220698e-01 0.00000000e+00
1.06737587e-01 0.00000000e+00
1.07254476e-01 0.00000000e+00
1.07771365e-01 0.00000000e+00
1.08288255e-01 0.00000000e+00
1.08805144e-01 0.00000000e+00
1.09322033e-01 0.00000000e+00
1.09838922e-01 0.00000000e+00
1.10355811e-01 0.00000000e+00
1.10872700e-01 0.00000000e+00
1.11389589e-01 0.00000000e+00
1.11906478e-01 0.00000000e+00
1.12423367e-01 0.00000000e+00
1.12940256e-01 0.00000000e+00
1.13457145e-01 0.00000000e+00
1.13974034e-01 0.00000000e+00
1.14490923e-01 0.00000000e+00
1.15007812e-01 0.00000000e+00
1.15524701e-01 0.00000000e+00
1.16041590e-01 0.00000000e+00
1.16558479e-01 0.00000000e+00
1.17075368e-01 0.00000000e+00
1.17592257e-01 0.00000000e+00
1.18109146e-01 0.00000000e+00
1.18626035e-01 0.00000000e+00
1.19142924e-01 0.00000000e+00
1.19659813e-01 0.00000000e+00
1.20176703e-01 0.00000000e+00
1.20693592e-01 0.00000000e+00
1.21210481e-01 0.00000000e+00
1.21727370e-01 0.00000000e+00
1.22244259e-01 0.00000000e+00
1.22761148e-01 0.00000000e+00
1.23278037e-01 0.00000000e+00
1.23794926e-01 0.00000000e+00
1.24311815e-01 0.00000000e+00
1.24828704e-01 0.00000000e+00
1.25345593e-01 0.00000000e+00
1.25862482e-01 0.00000000e+00
1.26379371e-01 0.00000000e+00
1.26896260e-01 0.00000000e+00
1.27413149e-01 0.00000000e+00
1.27930038e-01 0.00000000e+00
1.28446927e-01 0.00000000e+00
1.28963816e-01 0.00000000e+00
1.29480705e-01 0.00000000e+00
1.29997594e-01 0.00000000e+00
1.30514483e-01 0.00000000e+00
1.31031372e-01 0.00000000e+00
1.31548261e-01 0.00000000e+00
1.32065151e-01 0.00000000e+00
1.32582040e-01 0.00000000e+00
1.33098929e-01 0.00000000e+00
1.33615818e-01 0.00000000e+00
1.34132707e-01 0.00000000e+00
1.34649596e-01 0.00000000e+00
1.35166485e-01 0.00000000e+00
1.35683374e-01 0.00000000e+00
1.36200263e-01 0.00000000e+00
1.36717152e-01 0.00000000e+00
1.37234041e-01 0.00000000e+00
1.37750930e-01 0.00000000e+00
1.38267819e-01 0.00000000e+00
1.38784708e-01 0.00000000e+00
1.39301597e-01 0.00000000e+00
1.39818486e-01 0.00000000e+00
1.40335375e-01 0.00000000e+00
1.40852264e-01 0.00000000e+00
1.41369153e-01 0.00000000e+00
1.41886042e-01 0.00000000e+00
1.42402931e-01 0.00000000e+00
1.42919820e-01 0.00000000e+00
1.43436709e-01 0.00000000e+00
1.43953599e-01 0.00000000e+00
1.44470488e-01 0.00000000e+00
1.44987377e-01 0.00000000e+00
1.45504266e-01 0.00000000e+00
1.46021155e-01 0.00000000e+00
1.46538044e-01 0.00000000e+00
1.47054933e-01 0.00000000e+00
1.47571822e-01 0.00000000e+00
1.48088711e-01 0.00000000e+00
1.48605600e-01 0.00000000e+00
1.49122489e-01 0.00000000e+00
1.49639378e-01 0.00000000e+00
1.50156267e-01 0.00000000e+00
1.50673156e-01 0.00000000e+00
1.51190045e-01 0.00000000e+00
1.51706934e-01 0.00000000e+00
1.52223823e-01 0.00000000e+00
1.52740712e-01 0.00000000e+00
1.53257601e-01 0.00000000e+00
1.53774490e-01 0.00000000e+00
1.54291379e-01 0.00000000e+00
1.54808268e-01 0.00000000e+00
1.55325157e-01 0.00000000e+00
1.55842047e-01 0.00000000e+00
1.56358936e-01 0.00000000e+00
1.56875825e-01 0.00000000e+00
1.57392714e-01 0.00000000e+00
1.57909603e-01 0.00000000e+00
1.58426492e-01 0.00000000e+00
1.58943381e-01 0.00000000e+00
1.59460270e-01 0.00000000e+00
1.59977159e-01 0.00000000e+00
1.60494048e-01 0.00000000e+00
1.61010937e-01 0.00000000e+00
1.61527826e-01 0.00000000e+00
1.62044715e-01 0.00000000e+00
1.62561604e-01 0.00000000e+00
1.63078493e-01 0.00000000e+00
1.63595382e-01 0.00000000e+00
1.64112271e-01 0.00000000e+00
1.64629160e-01 0.00000000e+00
1.65146049e-01 0.00000000e+00
1.65662938e-01 0.00000000e+00
1.66179827e-01 0.00000000e+00
1.66696716e-01 0.00000000e+00
1.67213605e-01 0.00000000e+00
1.67730494e-01 0.00000000e+00
1.68247384e-01 0.00000000e+00
1.68764273e-01 0.00000000e+00
1.69281162e-01 0.00000000e+00
1.69798051e-01 0.00000000e+00
1.70314940e-01 0.00000000e+00
1.70831829e-01 0.00000000e+00
1.71348718e-01 0.00000000e+00
1.71865607e-01 0.00000000e+00
1.72382496e-01 0.00000000e+00
1.72899385e-01 0.00000000e+00
1.73416274e-01 0.00000000e+00
1.73933163e-01 0.00000000e+00
1.74450052e-01 0.00000000e+00
1.74966941e-01 0.00000000e+00
1.75483830e-01 0.00000000e+00
1.76000719e-01 0.00000000e+00
1.76517608e-01 0.00000000e+00
1.77034497e-01 0.00000000e+00
1.77551386e-01 0.00000000e+00
1.78068275e-01 0.00000000e+00
1.78585164e-01 0.00000000e+00
1.79102053e-01 0.00000000e+00
1.79618942e-01 0.00000000e+00
1.80135832e-01 0.00000000e+00
1.80652721e-01 0.00000000e+00
1.81169610e-01 0.00000000e+00
1.81686499e-01 0.00000000e+00
1.82203388e-01 0.00000000e+00
1.82720277e-01 0.00000000e+00
1.83237166e-01 0.00000000e+00
1.83754055e-01 0.00000000e+00
1.84270944e-01 0.00000000e+00
1.84787833e-01 0.00000000e+00
1.85304722e-01 0.00000000e+00
1.85821611e-01 0.00000000e+00
1.86338500e-01 0.00000000e+00
1.86855389e-01 0.00000000e+00
1.87372278e-01 0.00000000e+00
1.87889167e-01 0.00000000e+00
1.88406056e-01 0.00000000e+00
1.88922945e-01 0.00000000e+00
1.89439834e-01 0.00000000e+00
1.89956723e-01 0.00000000e+00
1.90473612e-01 0.00000000e+00
1.90990501e-01 0.00000000e+00
1.91507390e-01 0.00000000e+00
1.92024280e-01 0.00000000e+00
1.92541169e-01 0.00000000e+00
1.93058058e-01 0.00000000e+00
1.93574947e-01 0.00000000e+00
1.94091836e-01 0.00000000e+00
1.94608725e-01 0.00000000e+00
1.95125614e-01 0.00000000e+00
1.95642503e-01 0.00000000e+00
1.96159392e-01 0.00000000e+00
1.96676281e-01 0.00000000e+00
1.97193170e-01 0.00000000e+00
1.97710059e-01 0.00000000e+00
1.98226948e-01 0.00000000e+00
1.98743837e-01 0.00000000e+00
1.99260726e-01 0.00000000e+00
1.99777615e-01 0.00000000e+00
2.00294504e-01 0.00000000e+00
2.00811393e-01 0.00000000e+00
2.01328282e-01 0.00000000e+00
2.01845171e-01 0.00000000e+00
2.02362060e-01 0.00000000e+00
2.02878949e-01 0.00000000e+00
2.03395838e-01 0.00000000e+00
2.03912728e-01 0.00000000e+00
2.04429617e-01 0.00000000e+00
2.04946506e-01 0.00000000e+00
2.05463395e-01 0.00000000e+00
2.05980284e-01 0.00000000e+00
2.06497173e-01 0.00000000e+00
2.07014062e-01 0.00000000e+00
2.07530951e-01 0.00000000e+00
2.08047840e-01 0.00000000e+00
2.08564729e-01 0.00000000e+00
2.09081618e-01 0.00000000e+00
2.09598507e-01 0.00000000e+00
2.10115396e-01 0.00000000e+00
2.10632285e-01 0.00000000e+00
2.11149174e-01 0.00000000e+00
2.11666063e-01 0.00000000e+00
2.12182952e-01 0.00000000e+00
2.12699841e-01 0.00000000e+00
2.13216730e-01 0.00000000e+00
2.13733619e-01 0.00000000e+00
2.14250508e-01 0.00000000e+00
2.14767397e-01 0.00000000e+00
2.15284286e-01 0.00000000e+00
2.15801176e-01 0.00000000e+00
2.16318065e-01 0.00000000e+00
2.16834954e-01 0.00000000e+00
2.17351843e-01 0.00000000e+00
2.17868732e-01 0.00000000e+00
2.18385621e-01 0.00000000e+00
2.18902510e-01 0.00000000e+00
2.19419399e-01 0.00000000e+00
2.19936288e-01 0.00000000e+00
2.20453177e-01 0.00000000e+00
2.20970066e-01 0.00000000e+00
2.21486955e-01 0.00000000e+00
2.22003844e-01 0.00000000e+00
2.22520733e-01 0.00000000e+00
2.23037622e-01 0.00000000e+00
2.23554511e-01 0.00000000e+00
2.24071400e-01 0.00000000e+00
2.24588289e-01 0.00000000e+00
2.25105178e-01 0.00000000e+00
2.25622067e-01 0.00000000e+00
2.26138956e-01 0.00000000e+00
2.26655845e-01 0.00000000e+00
2.27172734e-01 0.00000000e+00
2.27689624e-01 0.00000000e+00
2.28206513e-01 0.00000000e+00
2.28723402e-01 0.00000000e+00
2.29240291e-01 0.00000000e+00
2.29757180e-01 0.00000000e+00
2.30274069e-01 0.00000000e+00
2.30790958e-01 0.00000000e+00
2.31307847e-01 0.00000000e+00
2.31824736e-01 0.00000000e+00
2.32341625e-01 0.00000000e+00
2.32858514e-01 0.00000000e+00
2.33375403e-01 0.00000000e+00
2.33892292e-01 0.00000000e+00
2.34409181e-01 0.00000000e+00
2.34926070e-01 0.00000000e+00
2.35442959e-01 0.00000000e+00
2.35959848e-01 0.00000000e+00
2.36476737e-01 0.00000000e+00
2.36993626e-01 0.00000000e+00
2.37510515e-01 0.00000000e+00
2.38027404e-01 0.00000000e+00
2.38544293e-01 0.00000000e+00
2.39061182e-01 0.00000000e+00
2.39578071e-01 0.00000000e+00
2.40094961e-01 0.00000000e+00
2.40611850e-01 0.00000000e+00
2.41128739e-01 0.00000000e+00
2.41645628e-01 0.00000000e+00
2.42162517e-01 0.00000000e+00
2.42679406e-01 0.00000000e+00
2.43196295e-01 0.00000000e+00
2.43713184e-01 0.00000000e+00
2.44230073e-01 0.00000000e+00
2.44746962e-01 0.00000000e+00
2.45263851e-01 0.00000000e+00
2.45780740e-01 0.00000000e+00
2.46297629e-01 0.00000000e+00
2.46814518e-01 0.00000000e+00
2.47331407e-01 0.00000000e+00
2.47848296e-01 0.00000000e+00
2.48365185e-01 0.00000000e+00
2.48882074e-01 0.00000000e+00
2.49398963e-01 0.00000000e+00
2.49915852e-01 0.00000000e+00
2.50432741e-01 0.00000000e+00
2.50949630e-01 0.00000000e+00
2.51466519e-01 0.00000000e+00
2.51983409e-01 0.00000000e+00
2.52500298e-01 0.00000000e+00
2.53017187e-01 0.00000000e+00
2.53534076e-01 0.00000000e+00
2.54050965e-01 0.00000000e+00
2.54567854e-01 0.00000000e+00
2.55084743e-01 0.00000000e+00
2.55601632e-01 0.00000000e+00
2.56118521e-01 0.00000000e+00
2.56635410e-01 0.00000000e+00
2.57152299e-01 0.00000000e+00
2.57669188e-01 0.00000000e+00
2.58186077e-01 0.00000000e+00
2.58702966e-01 0.00000000e+00
2.59219855e-01 0.00000000e+00
2.59736744e-01 0.00000000e+00
2.60253633e-01 0.00000000e+00
2.60770522e-01 0.00000000e+00
2.61287411e-01 0.00000000e+00
2.61804300e-01 0.00000000e+00
2.62321189e-01 0.00000000e+00
2.62838078e-01 0.00000000e+00
2.63354967e-01 0.00000000e+00
2.63871857e-01 0.00000000e+00
2.64388746e-01 0.00000000e+00
2.64905635e-01 0.00000000e+00
2.65422524e-01 0.00000000e+00
2.65939413e-01 0.00000000e+00
2.66456302e-01 0.00000000e+00
2.66973191e-01 0.00000000e+00
2.67490080e-01 0.00000000e+00
2.68006969e-01 0.00000000e+00
2.68523858e-01 0.00000000e+00
2.69040747e-01 0.00000000e+00
2.69557636e-01 0.00000000e+00
2.70074525e-01 0.00000000e+00
2.70591414e-01 0.00000000e+00
2.71108303e-01 0.00000000e+00
2.71625192e-01 0.00000000e+00
2.72142081e-01 0.00000000e+00
2.72658970e-01 0.00000000e+00
2.73175859e-01 0.00000000e+00
2.73692748e-01 0.00000000e+00
2.74209637e-01 0.00000000e+00
2.74726526e-01 0.00000000e+00
2.75243415e-01 0.00000000e+00
2.75760305e-01 0.00000000e+00
2.76277194e-01 0.00000000e+00
2.76794083e-01 0.00000000e+00
2.77310972e-01 0.00000000e+00
2.77827861e-01 0.00000000e+00
2.78344750e-01 0.00000000e+00
2.78861639e-01 0.00000000e+00
2.79378528e-01 0.00000000e+00
2.79895417e-01 0.00000000e+00
2.80412306e-01 0.00000000e+00
2.80929195e-01 0.00000000e+00
2.81446084e-01 0.00000000e+00
2.81962973e-01 0.00000000e+00
2.82479862e-01 0.00000000e+00
2.82996751e-01 0.00000000e+00
2.83513640e-01 0.00000000e+00
2.84030529e-01 0.00000000e+00
2.84547418e-01 0.00000000e+00
2.85064307e-01 0.00000000e+00
2.85581196e-01 0.00000000e+00
2.86098085e-01 0.00000000e+00
2.86614974e-01 0.00000000e+00
2.87131863e-01 0.00000000e+00
2.87648753e-01 0.00000000e+00
2.88165642e-01 0.00000000e+00
2.88682531e-01 0.00000000e+00
2.89199420e-01 0.00000000e+00
2.89716309e-01 0.00000000e+00
2.90233198e-01 0.00000000e+00
2.90750087e-01 0.00000000e+00
2.91266976e-01 0.00000000e+00
2.91783865e-01 0.00000000e+00
2.92300754e-01 0.00000000e+00
2.92817643e-01 0.00000000e+00
2.93334532e-01 0.00000000e+00
2.93851421e-01 0.00000000e+00
2.94368310e-01 0.00000000e+00
2.94885199e-01 0.00000000e+00
2.95402088e-01 0.00000000e+00
2.95918977e-01 0.00000000e+00
2.96435866e-01 0.00000000e+00
2.96952755e-01 0.00000000e+00
2.97469644e-01 0.00000000e+00
2.97986533e-01 0.00000000e+00
2.98503422e-01 0.00000000e+00
2.99020311e-01 0.00000000e+00
2.99537201e-01 0.00000000e+00
3.00054090e-01 0.00000000e+00
3.00570979e-01 0.00000000e+00
3.01087868e-01 0.00000000e+00
3.01604757e-01 0.00000000e+00
3.02121646e-01 0.00000000e+00
3.02638535e-01 0.00000000e+00
3.03155424e-01 0.00000000e+00
3.03672313e-01 0.00000000e+00
3.04189202e-01 0.00000000e+00
3.04706091e-01 0.00000000e+00
3.05222980e-01 0.00000000e+00
3.05739869e-01 0.00000000e+00
3.06256758e-01 0.00000000e+00
3.06773647e-01 0.00000000e+00
3.07290536e-01 0.00000000e+00
3.07807425e-01 0.00000000e+00
3.08324314e-01 0.00000000e+00
3.08841203e-01 0.00000000e+00
3.09358092e-01 0.00000000e+00
3.09874981e-01 0.00000000e+00
3.10391870e-01 0.00000000e+00
3.10908759e-01 0.00000000e+00
3.11425648e-01 0.00000000e+00
3.11942538e-01 0.00000000e+00
3.12459427e-01 0.00000000e+00
3.12976316e-01 0.00000000e+00
3.13493205e-01 0.00000000e+00
3.14010094e-01 0.00000000e+00
3.14526983e-01 0.00000000e+00
3.15043872e-01 0.00000000e+00
3.15560761e-01 0.00000000e+00
3.16077650e-01 0.00000000e+00
3.16594539e-01 0.00000000e+00
3.17111428e-01 0.00000000e+00
3.17628317e-01 0.00000000e+00
3.18145206e-01 0.00000000e+00
3.18662095e-01 0.00000000e+00
3.19178984e-01 0.00000000e+00
3.19695873e-01 0.00000000e+00
3.20212762e-01 0.00000000e+00
3.20729651e-01 0.00000000e+00
3.21246540e-01 0.00000000e+00
3.21763429e-01 0.00000000e+00
3.22280318e-01 0.00000000e+00
3.22797207e-01 0.00000000e+00
3.23314096e-01 0.00000000e+00
3.23830986e-01 0.00000000e+00
3.24347875e-01 0.00000000e+00
3.24864764e-01 0.00000000e+00
3.25381653e-01 0.00000000e+00
3.25898542e-01 0.00000000e+00
3.26415431e-01 0.00000000e+00
3.26932320e-01 0.00000000e+00
3.27449209e-01 0.00000000e+00
3.27966098e-01 0.00000000e+00
3.28482987e-01 0.00000000e+00
3.28999876e-01 0.00000000e+00
3.29516765e-01 0.00000000e+00
3.30033654e-01 0.00000000e+00
3.30550543e-01 0.00000000e+00
3.31067432e-01 0.00000000e+00
3.31584321e-01 0.00000000e+00
3.32101210e-01 0.00000000e+00
3.32618099e-01 0.00000000e+00
3.33134988e-01 0.00000000e+00
3.33651877e-01 0.00000000e+00
3.34168766e-01 0.00000000e+00
3.34685655e-01 0.00000000e+00
3.35202544e-01 0.00000000e+00
3.35719434e-01 0.00000000e+00
3.36236323e-01 0.00000000e+00
3.36753212e-01 0.00000000e+00
3.37270101e-01 0.00000000e+00
3.37786990e-01 0.00000000e+00
3.38303879e-01 0.00000000e+00
3.38820768e-01 0.00000000e+00
3.39337657e-01 0.00000000e+00
3.39854546e-01 0.00000000e+00
3.40371435e-01 0.00000000e+00
3.40888324e-01 0.00000000e+00
3.41405213e-01 0.00000000e+00
3.41922102e-01 0.00000000e+00
3.42438991e-01 0.00000000e+00
3.42955880e-01 0.00000000e+00
3.43472769e-01 0.00000000e+00
3.43989658e-01 0.00000000e+00
3.44506547e-01 0.00000000e+00
3.45023436e-01 0.00000000e+00
3.45540325e-01 0.00000000e+00
3.46057214e-01 0.00000000e+00
3.46574103e-01 0.00000000e+00
3.47090992e-01 0.00000000e+00
3.47607882e-01 0.00000000e+00
3.48124771e-01 0.00000000e+00
3.48641660e-01 0.00000000e+00
3.49158549e-01 0.00000000e+00
3.49675438e-01 0.00000000e+00
3.50192327e-01 0.00000000e+00
3.50709216e-01 0.00000000e+00
3.51226105e-01 0.00000000e+00
3.51742994e-01 0.00000000e+00
3.52259883e-01 0.00000000e+00
3.52776772e-01 0.00000000e+00
3.53293661e-01 0.00000000e+00
3.53810550e-01 0.00000000e+00
3.54327439e-01 0.00000000e+00
3.54844328e-01 0.00000000e+00
3.55361217e-01 0.00000000e+00
3.55878106e-01 0.00000000e+00
3.56394995e-01 0.00000000e+00
3.56911884e-01 0.00000000e+00
3.57428773e-01 0.00000000e+00
3.57945662e-01 0.00000000e+00
3.58462551e-01 0.00000000e+00
3.58979440e-01 0.00000000e+00
3.59496330e-01 0.00000000e+00
3.60013219e-01 0.00000000e+00
3.60530108e-01 0.00000000e+00
3.61046997e-01 0.00000000e+00
3.61563886e-01 0.00000000e+00
3.62080775e-01 0.00000000e+00
3.62597664e-01 0.00000000e+00
3.63114553e-01 0.00000000e+00
3.63631442e-01 0.00000000e+00
3.64148331e-01 0.00000000e+00
3.64665220e-01 0.00000000e+00
3.65182109e-01 0.00000000e+00
3.65698998e-01 0.00000000e+00
3.66215887e-01 0.00000000e+00
3.66732776e-01 0.00000000e+00
3.67249665e-01 0.00000000e+00
3.67766554e-01 0.00000000e+00
3.68283443e-01 0.00000000e+00
3.68800332e-01 0.00000000e+00
3.69317221e-01 0.00000000e+00
3.69834110e-01 0.00000000e+00
3.70350999e-01 0.00000000e+00
3.70867888e-01 0.00000000e+00
3.71384777e-01 0.00000000e+00
3.71901667e-01 0.00000000e+00
3.72418556e-01 0.00000000e+00
3.72935445e-01 0.00000000e+00
3.73452334e-01 0.00000000e+00
3.73969223e-01 0.00000000e+00
3.74486112e-01 0.00000000e+00
3.75003001e-01 0.00000000e+00
3.75519890e-01 0.00000000e+00
3.76036779e-01 0.00000000e+00
3.76553668e-01 0.00000000e+00
3.77070557e-01 0.00000000e+00
3.77587446e-01 0.00000000e+00
3.78104335e-01 0.00000000e+00
3.78621224e-01 0.00000000e+00
3.79138113e-01 0.00000000e+00
3.79655002e-01 0.00000000e+00
3.80171891e-01 0.00000000e+00
3.80688780e-01 0.00000000e+00
3.81205669e-01 0.00000000e+00
3.81722558e-01 0.00000000e+00
3.82239447e-01 0.00000000e+00
3.82756336e-01 0.00000000e+00
3.83273225e-01 0.00000000e+00
3.83790115e-01 0.00000000e+00
3.84307004e-01 0.00000000e+00
3.84823893e-01 0.00000000e+00
3.85340782e-01 0.00000000e+00
3.85857671e-01 0.00000000e+00
3.86374560e-01 0.00000000e+00
3.86891449e-01 0.00000000e+00
3.87408338e-01 0.00000000e+00
3.87925227e-01 0.00000000e+00
3.88442116e-01 0.00000000e+00
3.88959005e-01 0.00000000e+00
3.89475894e-01 0.00000000e+00
3.89992783e-01 0.00000000e+00
3.90509672e-01 0.00000000e+00
3.91026561e-01 0.00000000e+00
3.91543450e-01 0.00000000e+00
3.92060339e-01 0.00000000e+00
3.92577228e-01 0.00000000e+00
3.93094117e-01 0.00000000e+00
3.93611006e-01 0.00000000e+00
3.94127895e-01 0.00000000e+00
3.94644784e-01 0.00000000e+00
3.95161673e-01 0.00000000e+00
3.95678563e-01 0.00000000e+00
3.96195452e-01 0.00000000e+00
3.96712341e-01 0.00000000e+00
3.97229230e-01 0.00000000e+00
3.97746119e-01 0.00000000e+00
3.98263008e-01 0.00000000e+00
3.98779897e-01 0.00000000e+00
3.99296786e-01 0.00000000e+00
3.99813675e-01 0.00000000e+00
4.00330564e-01 0.00000000e+00
4.00847453e-01 0.00000000e+00
4.01364342e-01 0.00000000e+00
4.01881231e-01 0.00000000e+00
4.02398120e-01 0.00000000e+00
4.02915009e-01 0.00000000e+00
4.03431898e-01 0.00000000e+00
4.03948787e-01 0.00000000e+00
4.04465676e-01 0.00000000e+00
4.04982565e-01 0.00000000e+00
4.05499454e-01 0.00000000e+00
4.06016343e-01 0.00000000e+00
4.06533232e-01 0.00000000e+00
4.07050121e-01 0.00000000e+00
4.07567011e-01 0.00000000e+00
4.08083900e-01 0.00000000e+00
4.08600789e-01 0.00000000e+00
4.09117678e-01 0.00000000e+00
4.09634567e-01 0.00000000e+00
4.10151456e-01 0.00000000e+00
4.10668345e-01 0.00000000e+00
4.11185234e-01 0.00000000e+00
4.11702123e-01 0.00000000e+00
4.12219012e-01 0.00000000e+00
4.12735901e-01 0.00000000e+00
4.13252790e-01 0.00000000e+00
4.13769679e-01 0.00000000e+00
4.14286568e-01 0.00000000e+00
4.14803457e-01 0.00000000e+00
4.15320346e-01 0.00000000e+00
4.15837235e-01 0.00000000e+00
4.16354124e-01 0.00000000e+00
4.16871013e-01 0.00000000e+00
4.17387902e-01 0.00000000e+00
4.17904791e-01 0.00000000e+00
4.18421680e-01 0.00000000e+00
4.18938569e-01 0.00000000e+00
4.19455459e-01 0.00000000e+00
4.19972348e-01 0.00000000e+00
4.20489237e-01 0.00000000e+00
4.21006126e-01 0.00000000e+00
4.21523015e-01 0.00000000e+00
4.22039904e-01 0.00000000e+00
4.22556793e-01 0.00000000e+00
4.23073682e-01 0.00000000e+00
4.23590571e-01 0.00000000e+00
4.24107460e-01 0.00000000e+00
4.24624349e-01 0.00000000e+00
4.25141238e-01 0.00000000e+00
4.25658127e-01 0.00000000e+00
4.26175016e-01 0.00000000e+00
4.26691905e-01 0.00000000e+00
4.27208794e-01 0.00000000e+00
4.27725683e-01 0.00000000e+00
4.28242572e-01 0.00000000e+00
4.28759461e-01 0.00000000e+00
4.29276350e-01 0.00000000e+00
4.29793239e-01 0.00000000e+00
4.30310128e-01 0.00000000e+00
4.30827017e-01 0.00000000e+00
4.31343907e-01 0.00000000e+00
4.31860796e-01 0.00000000e+00
4.32377685e-01 0.00000000e+00
4.32894574e-01 0.00000000e+00
4.33411463e-01 0.00000000e+00
4.33928352e-01 0.00000000e+00
4.34445241e-01 0.00000000e+00
4.34962130e-01 0.00000000e+00
4.35479019e-01 0.00000000e+00
4.35995908e-01 0.00000000e+00
4.36512797e-01 0.00000000e+00
4.37029686e-01 0.00000000e+00
4.37546575e-01 0.00000000e+00
4.38063464e-01 0.00000000e+00
4.38580353e-01 0.00000000e+00
4.39097242e-01 0.00000000e+00
4.39614131e-01 0.00000000e+00
4.40131020e-01 0.00000000e+00
4.40647909e-01 0.00000000e+00
4.41164798e-01 0.00000000e+00
4.41681687e-01 0.00000000e+00
4.42198576e-01 0.00000000e+00
4.42715465e-01 0.00000000e+00
4.43232354e-01 0.00000000e+00
4.43749244e-01 0.00000000e+00
4.44266133e-01 0.00000000e+00
4.44783022e-01 0.00000000e+00
4.45299911e-01 0.00000000e+00
4.45816800e-01 0.00000000e+00
4.46333689e-01 0.00000000e+00
4.46850578e-01 0.00000000e+00
4.47367467e-01 0.00000000e+00
4.47884356e-01 0.00000000e+00
4.48401245e-01 0.00000000e+00
4.48918134e-01 0.00000000e+00
4.49435023e-01 0.00000000e+00
4.49951912e-01 0.00000000e+00
4.50468801e-01 0.00000000e+00
4.50985690e-01 0.00000000e+00
4.51502579e-01 0.00000000e+00
4.52019468e-01 0.00000000e+00
4.52536357e-01 0.00000000e+00
4.53053246e-01 0.00000000e+00
4.53570135e-01 0.00000000e+00
4.54087024e-01 0.00000000e+00
4.54603913e-01 0.00000000e+00
4.55120802e-01 0.00000000e+00
4.55637692e-01 0.00000000e+00
4.56154581e-01 0.00000000e+00
4.56671470e-01 0.00000000e+00
4.57188359e-01 0.00000000e+00
4.57705248e-01 0.00000000e+00
4.58222137e-01 0.00000000e+00
4.58739026e-01 0.00000000e+00
4.59255915e-01 0.00000000e+00
4.59772804e-01 0.00000000e+00
4.60289693e-01 0.00000000e+00
4.60806582e-01 0.00000000e+00
4.61323471e-01 0.00000000e+00
4.61840360e-01 0.00000000e+00
4.62357249e-01 0.00000000e+00
4.62874138e-01 0.00000000e+00
4.63391027e-01 0.00000000e+00
4.63907916e-01 0.00000000e+00
4.64424805e-01 0.00000000e+00
4.64941694e-01 0.00000000e+00
4.65458583e-01 0.00000000e+00
4.65975472e-01 0.00000000e+00
4.66492361e-01 0.00000000e+00
4.67009250e-01 0.00000000e+00
4.67526140e-01 0.00000000e+00
4.68043029e-01 0.00000000e+00
4.68559918e-01 0.00000000e+00
4.69076807e-01 0.00000000e+00
4.69593696e-01 0.00000000e+00
4.70110585e-01 0.00000000e+00
4.70627474e-01 0.00000000e+00
4.71144363e-01 0.00000000e+00
4.71661252e-01 0.00000000e+00
4.72178141e-01 0.00000000e+00
4.72695030e-01 0.00000000e+00
4.73211919e-01 0.00000000e+00
4.73728808e-01 0.00000000e+00
4.74245697e-01 0.00000000e+00
4.74762586e-01 0.00000000e+00
4.75279475e-01 0.00000000e+00
4.75796364e-01 0.00000000e+00
4.76313253e-01 0.00000000e+00
4.76830142e-01 0.00000000e+00
4.77347031e-01 0.00000000e+00
4.77863920e-01 0.00000000e+00
4.78380809e-01 0.00000000e+00
4.78897698e-01 0.00000000e+00
4.79414588e-01 0.00000000e+00
4.79931477e-01 0.00000000e+00
4.80448366e-01 0.00000000e+00
4.80965255e-01 0.00000000e+00
4.81482144e-01 0.00000000e+00
4.81999033e-01 0.00000000e+00
4.82515922e-01 0.00000000e+00
4.83032811e-01 0.00000000e+00
4.83549700e-01 0.00000000e+00
4.84066589e-01 0.00000000e+00
4.84583478e-01 0.00000000e+00
4.85100367e-01 0.00000000e+00
4.85617256e-01 0.00000000e+00
4.86134145e-01 0.00000000e+00
4.86651034e-01 0.00000000e+00
4.87167923e-01 0.00000000e+00
4.87684812e-01 0.00000000e+00
4.88201701e-01 0.00000000e+00
4.88718590e-01 0.00000000e+00
4.89235479e-01 0.00000000e+00
4.89752368e-01 0.00000000e+00
4.90269257e-01 0.00000000e+00
4.90786146e-01 0.00000000e+00
4.91303036e-01 0.00000000e+00
4.91819925e-01 0.00000000e+00
4.92336814e-01 0.00000000e+00
4.92853703e-01 0.00000000e+00
4.93370592e-01 0.00000000e+00
4.93887481e-01 0.00000000e+00
4.94404370e-01 0.00000000e+00
4.94921259e-01 0.00000000e+00
4.95438148e-01 0.00000000e+00
4.95955037e-01 0.00000000e+00
4.96471926e-01 0.00000000e+00
4.96988815e-01 0.00000000e+00
4.97505704e-01 0.00000000e+00
4.98022593e-01 0.00000000e+00
4.98539482e-01 0.00000000e+00
4.99056371e-01 0.00000000e+00
4.99573260e-01 0.00000000e+00
5.00090149e-01 0.00000000e+00
0.00000000e+00 2.58444522e-04
0.00000000e+00 7.75333565e-04
0.00000000e+00 1.29222261e-03
0.00000000e+00 1.80911165e-03
0.00000000e+00 2.32600069e-03
0.00000000e+00 2.84288974e-03
0.00000000e+00 3.35977878e-03
0.00000000e+00 3.87666782e-03
0.00000000e+00 4.39355687e-03
0.00000000e+00 4.91044591e-03
0.00000000e+00 5.42733495e-03
0.00000000e+00 5.94422400e-03
0.00000000e+00 6.46111304e-03
0.00000000e+00 6.97800208e-03
0.00000000e+00 7.49489113e-03
0.00000000e+00 8.01178017e-03
0.00000000e+00 8.52866921e-03
0.00000000e+00 9.04555825e-03
0.00000000e+00 9.56244730e-03
0.00000000e+00 1.00793363e-02
0.00000000e+00 1.05962254e-02
0.00000000e+00 1.11131144e-02
0.00000000e+00 1.16300035e-02
0.00000000e+00 1.21468925e-02
0.00000000e+00 1.26637816e-02
0.00000000e+00 1.31806706e-02
0.00000000e+00 1.36975596e-02
0.00000000e+00 1.42144487e-02
0.00000000e+00 1.47313377e-02
0.00000000e+00 1.52482268e-02
0.00000000e+00 1.57651158e-02
0.00000000e+00 1.62820049e-02
0.00000000e+00 1.67988939e-02
0.00000000e+00 1.73157829e-02
0.00000000e+00 1.78326720e-02
0.00000000e+00 1.83495610e-02
0.00000000e+00 1.88664501e-02
0.00000000e+00 1.93833391e-02
0.00000000e+00 1.99002282e-02
0.00000000e+00 2.04171172e-02
0.00000000e+00 2.09340062e-02
0.00000000e+00 2.14508953e-02
0.00000000e+00 2.19677843e-02
0.00000000e+00 2.24846734e-02
0.00000000e+00 2.30015624e-02
0.00000000e+00 2.35184515e-02
0.00000000e+00 2.40353405e-02
0.00000000e+00 2.45522295e-02
0.00000000e+00 2.50691186e-02
0.00000000e+00 2.55860076e-02
0.00000000e+00 2.61028967e-02
0.00000000e+00 2.66197857e-02
0.00000000e+00 2.71366748e-02
0.00000000e+00 2.76535638e-02
0.00000000e+00 2.81704529e-02
0.00000000e+00 2.86873419e-02
0.00000000e+00 2.92042309e-02
0.00000000e+00 2.97211200e-02
0.00000000e+00 3.02380090e-02
0.00000000e+00 3.07548981e-02
0.00000000e+00 3.12717871e-02
0.00000000e+00 3.17886762e-02
0.00000000e+00 3.23055652e-02
0.00000000e+00 3.28224542e-02
0.00000000e+00 3.33393433e-02
0.00000000e+00 3.38562323e-02
0.00000000e+00 3.43731214e-02
0.00000000e+00 3.48900104e-02
0.00000000e+00 3.54068995e-02
0.00000000e+00 3.59237885e-02
0.00000000e+00 3.64406775e-02
0.00000000e+00 3.69575666e-02
0.00000000e+00 3.74744556e-02
0.00000000e+00 3.79913447e-02
0.00000000e+00 3.85082337e-02
0.00000000e+00 3.90251228e-02
0.00000000e+00 3.95420118e-02
0.00000000e+00 4.00589008e-02
0.00000000e+00 4.05757899e-02
0.00000000e+00 4.10926789e-02
0.00000000e+00 4.16095680e-02
0.00000000e+00 4.21264570e-02
0.00000000e+00 4.26433461e-02
0.00000000e+00 4.31602351e-02
0.00000000e+00 4.36771241e-02
0.00000000e+00 4.41940132e-02
0.00000000e+00 4.47109022e-02
0.00000000e+00 4.52277913e-02
0.00000000e+00 4.57446803e-02
0.00000000e+00 4.62615694e-02
0.00000000e+00 4.67784584e-02
0.00000000e+00 4.72953474e-02
0.00000000e+00 4.78122365e-02
0.00000000e+00 4.83291255e-02
0.00000000e+00 4.88460146e-02
0.00000000e+00 4.93629036e-02
0.00000000e+00 4.98797927e-02
0.00000000e+00 5.03966817e-02
0.00000000e+00 5.09135707e-02
0.00000000e+00 5.14304598e-02
0.00000000e+00 5.19473488e-02
0.00000000e+00 5.24642379e-02
0.00000000e+00 5.29811269e-02
0.00000000e+00 5.34980160e-02
0.00000000e+00 5.40149050e-02
0.00000000e+00 5.45317941e-02
0.00000000e+00 5.50486831e-02
0.00000000e+00 5.55655721e-02
0.00000000e+00 5.60824612e-02
0.00000000e+00 5.65993502e-02
0.00000000e+00 5.71162393e-02
0.00000000e+00 5.76331283e-02
0.00000000e+00 5.81500174e-02
0.00000000e+00 5.86669064e-02
0.00000000e+00 5.91837954e-02
0.00000000e+00 5.97006845e-02
0.00000000e+00 6.02175735e-02
0.00000000e+00 6.07344626e-02
0.00000000e+00 6.12513516e-02
0.00000000e+00 6.17682407e-02
0.00000000e+00 6.22851297e-02
0.00000000e+00 6.28020187e-02
0.00000000e+00 6.33189078e-02
0.00000000e+00 6.38357968e-02
0.00000000e+00 6.43526859e-02
0.00000000e+00 6.48695749e-02
0.00000000e+00 6.53864640e-02
0.00000000e+00 6.59033530e-02
0.00000000e+00 6.64202420e-02
0.00000000e+00 6.69371311e-02
0.00000000e+00 6.74540201e-02
0.00000000e+00 6.79709092e-02
0.00000000e+00 6.84877982e-02
0.00000000e+00 6.90046873e-02
0.00000000e+00 6.95215763e-02
0.00000000e+00 7.00384653e-02
0.00000000e+00 7.05553544e-02
0.00000000e+00 7.10722434e-02
0.00000000e+00 7.15891325e-02
0.00000000e+00 7.21060215e-02
0.00000000e+00 7.26229106e-02
0.00000000e+00 7.31397996e-02
0.00000000e+00 7.36566886e-02
0.00000000e+00 7.41735777e-02
0.00000000e+00 7.46904667e-02
0.00000000e+00 7.52073558e-02
0.00000000e+00 7.57242448e-02
0.00000000e+00 7.62411339e-02
0.00000000e+00 7.67580229e-02
0.00000000e+00 7.72749119e-02
0.00000000e+00 7.77918010e-02
0.00000000e+00 7.83086900e-02
0.00000000e+00 7.88255791e-02
0.00000000e+00 7.93424681e-02
0.00000000e+00 7.98593572e-02
0.00000000e+00 8.03762462e-02
0.00000000e+00 8.08931353e-02
0.00000000e+00 8.14100243e-02
0.00000000e+00 8.19269133e-02
0.00000000e+00 8.24438024e-02
0.00000000e+00 8.29606914e-02
0.00000000e+00 8.34775805e-02
0.00000000e+00 8.39944695e-02
0.00000000e+00 8.45113586e-02
0.00000000e+00 8.50282476e-02
0.00000000e+00 8.55451366e-02
0.00000000e+00 8.60620257e-02
0.00000000e+00 8.65789147e-02
0.00000000e+00 8.70958038e-02
0.00000000e+00 8.76126928e-02
0.00000000e+00 8.81295819e-02
0.00000000e+00 8.86464709e-02
0.00000000e+00 8.91633599e-02
0.00000000e+00 8.96802490e-02
0.00000000e+00 9.01971380e-02
0.00000000e+00 9.07140271e-02
0.00000000e+00 9.12309161e-02
0.00000000e+00 9.17478052e-02
0.00000000e+00 9.22646942e-02
0.00000000e+00 9.27815832e-02
0.00000000e+00 9.32984723e-02
0.00000000e+00 9.38153613e-02
0.00000000e+00 9.43322504e-02
0.00000000e+00 9.48491394e-02
0.00000000e+00 9.53660285e-02
0.00000000e+00 9.58829175e-02
0.00000000e+00 9.63998065e-02
0.00000000e+00 9.69166956e-02
0.00000000e+00 9.74335846e-02
0.00000000e+00 9.79504737e-02
0.00000000e+00 9.84673627e-02
0.00000000e+00 9.89842518e-02
0.00000000e+00 9.95011408e-02
0.00000000e+00 1.00018030e-01
0.00000000e+00 1.00534919e-01
0.00000000e+00 1.01051808e-01
0.00000000e+00 1.01568697e-01
0.00000000e+00 1.02085586e-01
0.00000000e+00 1.02602475e-01
0.00000000e+00 1.03119364e-01
0.00000000e+00 1.03636253e-01
0.00000000e+00 1.04153142e-01
0.00000000e+00 1.04670031e-01
0.00000000e+00 1.05186920e-01
0.00000000e+00 1.05703809e-01
0.00000000e+00 1.06220698e-01
0.00000000e+00 1.06737587e-01
0.00000000e+00 1.07254476e-01
0.00000000e+00 1.07771365e-01
0.00000000e+00 1.08288255e-01
0.00000000e+00 1.08805144e-01
0.00000000e+00 1.09322033e-01
0.00000000e+00 1.09838922e-01
0.00000000e+00 1.10355811e-01
0.00000000e+00 1.10872700e-01
0.00000000e+00 1.11389589e-01
0.00000000e+00 1.11906478e-01
0.00000000e+00 1.12423367e-01
0.00000000e+00 1.12940256e-01
0.00000000e+00 1.13457145e-01
0.00000000e+00 1.13974034e-01
0.00000000e+00 1.14490923e-01
0.00000000e+00 1.15007812e-01
0.00000000e+00 1.15524701e-01
0.00000000e+00 1.16041590e-01
0.00000000e+00 1.16558479e-01
0.00000000e+00 1.17075368e-01
0.00000000e+00 1.17592257e-01
0.00000000e+00 1.18109146e-01
0.00000000e+00 1.18626035e-01
0.00000000e+00 1.19142924e-01
0.00000000e+00 1.19659813e-01
0.00000000e+00 1.20176703e-01
0.00000000e+00 1.20693592e-01
0.00000000e+00 1.21210481e-01
0.00000000e+00 1.21727370e-01
0.00000000e+00 1.22244259e-01
0.00000000e+00 1.22761148e-01
0.00000000e+00 1.23278037e-01
0.00000000e+00 1.23794926e-01
0.00000000e+00 1.24311815e-01
0.00000000e+00 1.24828704e-01
0.00000000e+00 1.25345593e-01
0.00000000e+00 1.25862482e-01
0.00000000e+00 1.26379371e-01
0.00000000e+00 1.26896260e-01
0.00000000e+00 1.27413149e-01
0.00000000e+00 1.27930038e-01
0.00000000e+00 1.28446927e-01
0.00000000e+00 1.28963816e-01
0.00000000e+00 1.29480705e-01
0.00000000e+00 1.29997594e-01
0.00000000e+00 1.30514483e-01
0.00000000e+00 1.31031372e-01
0.00000000e+00 1.31548261e-01
0.00000000e+00 1.32065151e-01
0.00000000e+00 1.32582040e-01
0.00000000e+00 1.33098929e-01
0.00000000e+00 1.33615818e-01
0.00000000e+00 1.34132707e-01
0.00000000e+00 1.34649596e-01
0.00000000e+00 1.35166485e-01
0.00000000e+00 1.35683374e-01
0.00000000e+00 1.36200263e-01
0.00000000e+00 1.36717152e-01
0.00000000e+00 1.37234041e-01
0.00000000e+00 1.37750930e-01
0.00000000e+00 1.38267819e-01
0.00000000e+00 1.38784708e-01
0.00000000e+00 1.39301597e-01
0.00000000e+00 1.39818486e-01
0.00000000e+00 1.40335375e-01
0.00000000e+00 1.40852264e-01
0.00000000e+00 1.41369153e-01
0.00000000e+00 1.41886042e-01
0.00000000e+00 1.42402931e-01
0.00000000e+00 1.42919820e-01
0.00000000e+00 1.43436709e-01
0.00000000e+00 1.43953599e-01
0.00000000e+00 1.44470488e-01
0.00000000e+00 1.44987377e-01
0.00000000e+00 1.45504266e-01
0.00000000e+00 1.46021155e-01
0.00000000e+00 1.46538044e-01
0.00000000e+00 1.47054933e-01
0.00000000e+00 1.47571822e-01
0.00000000e+00 1.48088711e-01
0.00000000e+00 1.48605600e-01
0.00000000e+00 1.49122489e-01
0.00000000e+00 1.49639378e-01
0.00000000e+00 1.50156267e-01
0.00000000e+00 1.50673156e-01
0.00000000e+00 1.51190045e-01
0.00000000e+00 1.51706934e-01
0.00000000e+00 1.52223823e-01
0.00000000e+00 1.52740712e-01
0.00000000e+00 1.53257601e-01
0.00000000e+00 1.53774490e-01
0.00000000e+00 1.54291379e-01
0.00000000e+00 1.54808268e-01
0.00000000e+00 1.55325157e-01
0.00000000e+00 1.55842047e-01
0.00000000e+00 1.56358936e-01
0.00000000e+00 1.56875825e-01
0.00000000e+00 1.57392714e-01
0.00000000e+00 1.57909603e-01
0.00000000e+00 1.58426492e-01
0.00000000e+00 1.58943381e-01
0.00000000e+00 1.59460270e-01
0.00000000e+00 1.59977159e-01
0.00000000e+00 1.60494048e-01
0.00000000e+00 1.61010937e-01
0.00000000e+00 1.61527826e-01
0.00000000e+00 1.62044715e-01
0.00000000e+00 1.62561604e-01
0.00000000e+00 1.63078493e-01
0.00000000e+00 1.63595382e-01
0.00000000e+00 1.64112271e-01
0.00000000e+00 1.64629160e-01
0.00000000e+00 1.65146049e-01
0.00000000e+00 1.65662938e-01
0.00000000e+00 1.66179827e-01
0.00000000e+00 1.66696716e-01
0.00000000e+00 1.67213605e-01
0.00000000e+00 1.67730494e-01
0.00000000e+00 1.68247384e-01
0.00000000e+00 1.68764273e-01
0.00000000e+00 1.69281162e-01
0.00000000e+00 1.69798051e-01
0.00000000e+00 1.70314940e-01
0.00000000e+00 1.70831829e-01
0.00000000e+00 1.71348718e-01
0.00000000e+00 1.71865607e-01
0.00000000e+00 1.72382496e-01
0.00000000e+00 1.72899385e-01
0.00000000e+00 1.73416274e-01
0.00000000e+00 1.73933163e-01
0.00000000e+00 1.74450052e-01
0.00000000e+00 1.74966941e-01
0.00000000e+00 1.75483830e-01
0.00000000e+00 1.76000719e-01
0.00000000e+00 1.76517608e-01
0.00000000e+00 1.77034497e-01
0.00000000e+00 1.77551386e-01
0.00000000e+00 1.78068275e-01
0.00000000e+00 1.78585164e-01
0.00000000e+00 1.79102053e-01
0.00000000e+00 1.79618942e-01
0.00000000e+00 1.80135832e-01
0.00000000e+00 1.80652721e-01
0.00000000e+00 1.81169610e-01
0.00000000e+00 1.81686499e-01
0.00000000e+00 1.82203388e-01
0.00000000e+00 1.82720277e-01
0.00000000e+00 1.83237166e-01
0.00000000e+00 1.83754055e-01
0.00000000e+00 1.84270944e-01
0.00000000e+00 1.84787833e-01
0.00000000e+00 1.85304722e-01
0.00000000e+00 1.85821611e-01
0.00000000e+00 1.86338500e-01
0.00000000e+00 1.86855389e-01
0.00000000e+00 1.87372278e-01
0.00000000e+00 1.87889167e-01
0.00000000e+00 1.88406056e-01
0.00000000e+00 1.88922945e-01
0.00000000e+00 1.89439834e-01
0.00000000e+00 1.89956723e-01
0.00000000e+00 1.90473612e-01
0.00000000e+00 1.90990501e-01
0.00000000e+00 1.91507390e-01
0.00000000e+00 1.92024280e-01
0.00000000e+00 1.92541169e-01
0.00000000e+00 1.93058058e-01
0.00000000e+00 1.93574947e-01
0.00000000e+00 1.94091836e-01
0.00000000e+00 1.94608725e-01
0.00000000e+00 1.95125614e-01
0.00000000e+00 1.95642503e-01
0.00000000e+00 1.96159392e-01
0.00000000e+00 1.96676281e-01
0.00000000e+00 1.97193170e-01
0.00000000e+00 1.97710059e-01
0.00000000e+00 1.98226948e-01
0.00000000e+00 1.98743837e-01
0.00000000e+00 1.99260726e-01
0.00000000e+00 1.99777615e-01
0.00000000e+00 2.00294504e-01
0.00000000e+00 2.00811393e-01
0.00000000e+00 2.01328282e-01
0.00000000e+00 2.01845171e-01
0.00000000e+00 2.02362060e-01
0.00000000e+00 2.02878949e-01
0.00000000e+00 2.03395838e-01
0.00000000e+00 2.03912728e-01
0.00000000e+00 2.04429617e-01
0.00000000e+00 2.04946506e-01
0.00000000e+00 2.05463395e-01
0.00000000e+00 2.05980284e-01
0.00000000e+00 2.06497173e-01
0.00000000e+00 2.07014062e-01
0.00000000e+00 2.07530951e-01
0.00000000e+00 2.08047840e-01
0.00000000e+00 2.08564729e-01
0.00000000e+00 2.09081618e-01
0.00000000e+00 2.09598507e-01
0.00000000e+00 2.10115396e-01
0.00000000e+00 2.10632285e-01
0.00000000e+00 2.11149174e-01
0.00000000e+00 2.11666063e-01
0.00000000e+00 2.12182952e-01
0.00000000e+00 2.12699841e-01
0.00000000e+00 2.13216730e-01
0.00000000e+00 2.13733619e-01
0.00000000e+00 2.14250508e-01
0.00000000e+00 2.14767397e-01
0.00000000e+00 2.15284286e-01
0.00000000e+00 2.15801176e-01
0.00000000e+00 2.16318065e-01
0.00000000e+00 2.16834954e-01
0.00000000e+00 2.17351843e-01
0.00000000e+00 2.17868732e-01
0.00000000e+00 2.18385621e-01
0.00000000e+00 2.18902510e-01
0.00000000e+00 2.19419399e-01
0.00000000e+00 2.19936288e-01
0.00000000e+00 2.20453177e-01
0.00000000e+00 2.20970066e-01
0.00000000e+00 2.21486955e-01
0.00000000e+00 2.22003844e-01
0.00000000e+00 2.22520733e-01
0.00000000e+00 2.23037622e-01
0.00000000e+00 2.23554511e-01
0.00000000e+00 2.24071400e-01
0.00000000e+00 2.24588289e-01
0.00000000e+00 2.25105178e-01
0.00000000e+00 2.25622067e-01
0.00000000e+00 2.26138956e-01
0.00000000e+00 2.26655845e-01
0.00000000e+00 2.27172734e-01
0.00000000e+00 2.27689624e-01
0.00000000e+00 2.28206513e-01
0.00000000e+00 2.28723402e-01
0.00000000e+00 2.29240291e-01
0.00000000e+00 2.29757180e-01
0.00000000e+00 2.30274069e-01
0.00000000e+00 2.30790958e-01
0.00000000e+00 2.31307847e-01
0.00000000e+00 2.31824736e-01
0.00000000e+00 2.32341625e-01
0.00000000e+00 2.32858514e-01
0.00000000e+00 2.33375403e-01
0.00000000e+00 2.33892292e-01
0.00000000e+00 2.34409181e-01
0.00000000e+00 2.34926070e-01
0.00000000e+00 2.35442959e-01
0.00000000e+00 2.35959848e-01
0.00000000e+00 2.36476737e-01
0.00000000e+00 2.36993626e-01
0.00000000e+00 2.37510515e-01
0.00000000e+00 2.38027404e-01
0.00000000e+00 2.38544293e-01
0.00000000e+00 2.39061182e-01
0.00000000e+00 2.39578071e-01
0.00000000e+00 2.40094961e-01
0.00000000e+00 2.40611850e-01
0.00000000e+00 2.41128739e-01
0.00000000e+00 2.41645628e-01
0.00000000e+00 2.42162517e-01
0.00000000e+00 2.42679406e-01
0.00000000e+00 2.43196295e-01
0.00000000e+00 2.43713184e-01
0.00000000e+00 2.44230073e-01
0.00000000e+00 2.44746962e-01
0.00000000e+00 2.45263851e-01
0.00000000e+00 2.45780740e-01
0.00000000e+00 2.46297629e-01
0.00000000e+00 2.46814518e-01
0.00000000e+00 2.47331407e-01
0.00000000e+00 2.47848296e-01
0.00000000e+00 2.48365185e-01
0.00000000e+00 2.48882074e-01
0.00000000e+00 2.49398963e-01
0.00000000e+00 2.49915852e-01
0.00000000e+00 2.50432741e-01
0.00000000e+00 2.50949630e-01
0.00000000e+00 2.51466519e-01
0.00000000e+00 2.51983409e-01
0.00000000e+00 2.52500298e-01
0.00000000e+00 2.53017187e-01
0.00000000e+00 2.53534076e-01
0.00000000e+00 2.54050965e-01
0.00000000e+00 2.54567854e-01
0.00000000e+00 2.55084743e-01
0.00000000e+00 2.55601632e-01
0.00000000e+00 2.56118521e-01
0.00000000e+00 2.56635410e-01
0.00000000e+00 2.57152299e-01
0.00000000e+00 2.57669188e-01
0.00000000e+00 2.58186077e-01
0.00000000e+00 2.58702966e-01
0.00000000e+00 2.59219855e-01
0.00000000e+00 2.59736744e-01
0.00000000e+00 2.60253633e-01
0.00000000e+00 2.60770522e-01
0.00000000e+00 2.61287411e-01
0.00000000e+00 2.61804300e-01
0.00000000e+00 2.62321189e-01
0.00000000e+00 2.62838078e-01
0.00000000e+00 2.63354967e-01
0.00000000e+00 2.63871857e-01
0.00000000e+00 2.64388746e-01
0.00000000e+00 2.64905635e-01
0.00000000e+00 2.65422524e-01
0.00000000e+00 2.65939413e-01
0.00000000e+00 2.66456302e-01
0.00000000e+00 2.66973191e-01
0.00000000e+00 2.67490080e-01
0.00000000e+00 2.68006969e-01
0.00000000e+00 2.68523858e-01
0.00000000e+00 2.69040747e-01
0.00000000e+00 2.69557636e-01
0.00000000e+00 2.70074525e-01
0.00000000e+00 2.70591414e-01
0.00000000e+00 2.71108303e-01
0.00000000e+00 2.71625192e-01
0.00000000e+00 2.72142081e-01
0.00000000e+00 2.72658970e-01
0.00000000e+00 2.73175859e-01
0.00000000e+00 2.73692748e-01
0.00000000e+00 2.74209637e-01
0.00000000e+00 2.74726526e-01
0.00000000e+00 2.75243415e-01
0.00000000e+00 2.75760305e-01
0.00000000e+00 2.76277194e-01
0.00000000e+00 2.76794083e-01
0.00000000e+00 2.77310972e-01
0.00000000e+00 2.77827861e-01
0.00000000e+00 2.78344750e-01
0.00000000e+00 2.78861639e-01
0.00000000e+00 2.79378528e-01
0.00000000e+00 2.79895417e-01
0.00000000e+00 2.80412306e-01
0.00000000e+00 2.80929195e-01
0.00000000e+00 2.81446084e-01
0.00000000e+00 2.81962973e-01
0.00000000e+00 2.82479862e-01
0.00000000e+00 2.82996751e-01
0.00000000e+00 2.83513640e-01
0.00000000e+00 2.84030529e-01
0.00000000e+00 2.84547418e-01
0.00000000e+00 2.85064307e-01
0.00000000e+00 2.85581196e-01
0.00000000e+00 2.86098085e-01
0.00000000e+00 2.86614974e-01
0.00000000e+00 2.87131863e-01
0.00000000e+00 2.87648753e-01
0.00000000e+00 2.88165642e-01
0.00000000e+00 2.88682531e-01
0.00000000e+00 2.89199420e-01
0.00000000e+00 2.89716309e-01
0.00000000e+00 2.90233198e-01
0.00000000e+00 2.90750087e-01
0.00000000e+00 2.91266976e-01
0.00000000e+00 2.91783865e-01
0.00000000e+00 2.92300754e-01
0.00000000e+00 2.92817643e-01
0.00000000e+00 2.93334532e-01
0.00000000e+00 2.93851421e-01
0.00000000e+00 2.94368310e-01
0.00000000e+00 2.94885199e-01
0.00000000e+00 2.95402088e-01
0.00000000e+00 2.95918977e-01
0.00000000e+00 2.96435866e-01
0.00000000e+00 2.96952755e-01
0.00000000e+00 2.97469644e-01
0.00000000e+00 2.97986533e-01
0.00000000e+00 2.98503422e-01
0.00000000e+00 2.99020311e-01
0.00000000e+00 2.99537201e-01
0.00000000e+00 3.00054090e-01
0.00000000e+00 3.00570979e-01
0.00000000e+00 3.01087868e-01
0.00000000e+00 3.01604757e-01
0.00000000e+00 3.02121646e-01
0.00000000e+00 3.02638535e-01
0.00000000e+00 3.03155424e-01
0.00000000e+00 3.03672313e-01
0.00000000e+00 3.04189202e-01
0.00000000e+00 3.04706091e-01
0.00000000e+00 3.05222980e-01
0.00000000e+00 3.05739869e-01
0.00000000e+00 3.06256758e-01
0.00000000e+00 3.06773647e-01
0.00000000e+00 3.07290536e-01
0.00000000e+00 3.07807425e-01
0.00000000e+00 3.08324314e-01
0.00000000e+00 3.08841203e-01
0.00000000e+00 3.09358092e-01
0.00000000e+00 3.09874981e-01
0.00000000e+00 3.10391870e-01
0.00000000e+00 3.10908759e-01
0.00000000e+00 3.11425648e-01
0.00000000e+00 3.11942538e-01
0.00000000e+00 3.12459427e-01
0.00000000e+00 3.12976316e-01
0.00000000e+00 3.13493205e-01
0.00000000e+00 3.14010094e-01
0.00000000e+00 3.14526983e-01
0.00000000e+00 3.15043872e-01
0.00000000e+00 3.15560761e-01
0.00000000e+00 3.16077650e-01
0.00000000e+00 3.16594539e-01
0.00000000e+00 3.17111428e-01
0.00000000e+00 3.17628317e-01
0.00000000e+00 3.18145206e-01
0.00000000e+00 3.18662095e-01
0.00000000e+00 3.19178984e-01
0.00000000e+00 3.19695873e-01
0.00000000e+00 3.20212762e-01
0.00000000e+00 3.20729651e-01
0.00000000e+00 3.21246540e-01
0.00000000e+00 3.21763429e-01
0.00000000e+00 3.22280318e-01
0.00000000e+00 3.22797207e-01
0.00000000e+00 3.23314096e-01
0.00000000e+00 3.23830986e-01
0.00000000e+00 3.24347875e-01
0.00000000e+00 3.24864764e-01
0.00000000e+00 3.25381653e-01
0.00000000e+00 3.25898542e-01
0.00000000e+00 3.26415431e-01
0.00000000e+00 3.26932320e-01
0.00000000e+00 3.27449209e-01
0.00000000e+00 3.27966098e-01
0.00000000e+00 3.28482987e-01
0.00000000e+00 3.28999876e-01
0.00000000e+00 3.29516765e-01
0.00000000e+00 3.30033654e-01
0.00000000e+00 3.30550543e-01
0.00000000e+00 3.31067432e-01
0.00000000e+00 3.31584321e-01
0.00000000e+00 3.32101210e-01
0.00000000e+00 3.32618099e-01
0.00000000e+00 3.33134988e-01
0.00000000e+00 3.33651877e-01
0.00000000e+00 3.34168766e-01
0.00000000e+00 3.34685655e-01
0.00000000e+00 3.35202544e-01
0.00000000e+00 3.35719434e-01
0.00000000e+00 3.36236323e-01
0.00000000e+00 3.36753212e-01
0.00000000e+00 3.37270101e-01
0.00000000e+00 3.37786990e-01
0.00000000e+00 3.38303879e-01
0.00000000e+00 3.38820768e-01
0.00000000e+00 3.39337657e-01
0.00000000e+00 3.39854546e-01
0.00000000e+00 3.40371435e-01
0.00000000e+00 3.40888324e-01
0.00000000e+00 3.41405213e-01
0.00000000e+00 3.41922102e-01
0.00000000e+00 3.42438991e-01
0.00000000e+00 3.42955880e-01
0.00000000e+00 3.43472769e-01
0.00000000e+00 3.43989658e-01
0.00000000e+00 3.44506547e-01
0.00000000e+00 3.45023436e-01
0.00000000e+00 3.45540325e-01
0.00000000e+00 3.46057214e-01
0.00000000e+00 3.46574103e-01
0.00000000e+00 3.47090992e-01
0.00000000e+00 3.47607882e-01
0.00000000e+00 3.48124771e-01
0.00000000e+00 3.48641660e-01
0.00000000e+00 3.49158549e-01
0.00000000e+00 3.49675438e-01
0.00000000e+00 3.50192327e-01
0.00000000e+00 3.50709216e-01
0.00000000e+00 3.51226105e-01
0.00000000e+00 3.51742994e-01
0.00000000e+00 3.52259883e-01
0.00000000e+00 3.52776772e-01
0.00000000e+00 3.53293661e-01
0.00000000e+00 3.53810550e-01
0.00000000e+00 3.54327439e-01
0.00000000e+00 3.54844328e-01
0.00000000e+00 3.55361217e-01
0.00000000e+00 3.55878106e-01
0.00000000e+00 3.56394995e-01
0.00000000e+00 3.56911884e-01
0.00000000e+00 3.57428773e-01
0.00000000e+00 3.57945662e-01
0.00000000e+00 3.58462551e-01
0.00000000e+00 3.58979440e-01
0.00000000e+00 3.59496330e-01
0.00000000e+00 3.60013219e-01
0.00000000e+00 3.60530108e-01
0.00000000e+00 3.61046997e-01
0.00000000e+00 3.61563886e-01
0.00000000e+00 3.62080775e-01
0.00000000e+00 3.62597664e-01
0.00000000e+00 3.63114553e-01
0.00000000e+00 3.63631442e-01
0.00000000e+00 3.64148331e-01
0.00000000e+00 3.64665220e-01
0.00000000e+00 3.65182109e-01
0.00000000e+00 3.65698998e-01
0.00000000e+00 3.66215887e-01
0.00000000e+00 3.66732776e-01
0.00000000e+00 3.67249665e-01
0.00000000e+00 3.67766554e-01
0.00000000e+00 3.68283443e-01
0.00000000e+00 3.68800332e-01
0.00000000e+00 3.69317221e-01
0.00000000e+00 3.69834110e-01
0.00000000e+00 3.70350999e-01
0.00000000e+00 3.70867888e-01
0.00000000e+00 3.71384777e-01
0.00000000e+00 3.71901667e-01
0.00000000e+00 3.72418556e-01
0.00000000e+00 3.72935445e-01
0.00000000e+00 3.73452334e-01
0.00000000e+00 3.73969223e-01
0.00000000e+00 3.74486112e-01
0.00000000e+00 3.75003001e-01
0.00000000e+00 3.75519890e-01
0.00000000e+00 3.76036779e-01
0.00000000e+00 3.76553668e-01
0.00000000e+00 3.77070557e-01
0.00000000e+00 3.77587446e-01
0.00000000e+00 3.78104335e-01
0.00000000e+00 3.78621224e-01
0.00000000e+00 3.79138113e-01
0.00000000e+00 3.79655002e-01
0.00000000e+00 3.80171891e-01
0.00000000e+00 3.80688780e-01
0.00000000e+00 3.81205669e-01
0.00000000e+00 3.81722558e-01
0.00000000e+00 3.82239447e-01
0.00000000e+00 3.82756336e-01
0.00000000e+00 3.83273225e-01
0.00000000e+00 3.83790115e-01
0.00000000e+00 3.84307004e-01
0.00000000e+00 3.84823893e-01
0.00000000e+00 3.85340782e-01
0.00000000e+00 3.85857671e-01
0.00000000e+00 3.86374560e-01
0.00000000e+00 3.86891449e-01
0.00000000e+00 3.87408338e-01
0.00000000e+00 3.87925227e-01
0.00000000e+00 3.88442116e-01
0.00000000e+00 3.88959005e-01
0.00000000e+00 3.89475894e-01
0.00000000e+00 3.89992783e-01
0.00000000e+00 3.90509672e-01
0.00000000e+00 3.91026561e-01
0.00000000e+00 3.91543450e-01
0.00000000e+00 3.92060339e-01
0.00000000e+00 3.92577228e-01
0.00000000e+00 3.93094117e-01
0.00000000e+00 3.93611006e-01
0.00000000e+00 3.94127895e-01
0.00000000e+00 3.94644784e-01
0.00000000e+00 3.95161673e-01
0.00000000e+00 3.95678563e-01
0.00000000e+00 3.96195452e-01
0.00000000e+00 3.96712341e-01
0.00000000e+00 3.97229230e-01
0.00000000e+00 3.97746119e-01
0.00000000e+00 3.98263008e-01
0.00000000e+00 3.98779897e-01
0.00000000e+00 3.99296786e-01
0.00000000e+00 3.99813675e-01
0.00000000e+00 4.00330564e-01
0.00000000e+00 4.00847453e-01
0.00000000e+00 4.01364342e-01
0.00000000e+00 4.01881231e-01
0.00000000e+00 4.02398120e-01
0.00000000e+00 4.02915009e-01
0.00000000e+00 4.03431898e-01
0.00000000e+00 4.03948787e-01
0.00000000e+00 4.04465676e-01
0.00000000e+00 4.04982565e-01
0.00000000e+00 4.05499454e-01
0.00000000e+00 4.06016343e-01
0.00000000e+00 4.06533232e-01
0.00000000e+00 4.07050121e-01
0.00000000e+00 4.07567011e-01
0.00000000e+00 4.08083900e-01
0.00000000e+00 4.08600789e-01
0.00000000e+00 4.09117678e-01
0.00000000e+00 4.09634567e-01
0.00000000e+00 4.10151456e-01
0.00000000e+00 4.10668345e-01
0.00000000e+00 4.11185234e-01
0.00000000e+00 4.11702123e-01
0.00000000e+00 4.12219012e-01
0.00000000e+00 4.12735901e-01
0.00000000e+00 4.13252790e-01
0.00000000e+00 4.13769679e-01
0.00000000e+00 4.14286568e-01
0.00000000e+00 4.14803457e-01
0.00000000e+00 4.15320346e-01
0.00000000e+00 4.15837235e-01
0.00000000e+00 4.16354124e-01
0.00000000e+00 4.16871013e-01
0.00000000e+00 4.17387902e-01
0.00000000e+00 4.17904791e-01
0.00000000e+00 4.18421680e-01
0.00000000e+00 4.18938569e-01
0.00000000e+00 4.19455459e-01
0.00000000e+00 4.19972348e-01
0.00000000e+00 4.20489237e-01
0.00000000e+00 4.21006126e-01
0.00000000e+00 4.21523015e-01
0.00000000e+00 4.22039904e-01
0.00000000e+00 4.22556793e-01
0.00000000e+00 4.23073682e-01
0.00000000e+00 4.23590571e-01
0.00000000e+00 4.24107460e-01
0.00000000e+00 4.24624349e-01
0.00000000e+00 4.25141238e-01
0.00000000e+00 4.25658127e-01
0.00000000e+00 4.26175016e-01
0.00000000e+00 4.26691905e-01
0.00000000e+00 4.27208794e-01
0.00000000e+00 4.27725683e-01
0.00000000e+00 4.28242572e-01
0.00000000e+00 4.28759461e-01
0.00000000e+00 4.29276350e-01
0.00000000e+00 4.29793239e-01
0.00000000e+00 4.30310128e-01
0.00000000e+00 4.30827017e-01
0.00000000e+00 4.31343907e-01
0.00000000e+00 4.31860796e-01
0.00000000e+00 4.32377685e-01
0.00000000e+00 4.32894574e-01
0.00000000e+00 4.33411463e-01
0.00000000e+00 4.33928352e-01
0.00000000e+00 4.34445241e-01
0.00000000e+00 4.34962130e-01
0.00000000e+00 4.35479019e-01
0.00000000e+00 4.35995908e-01
0.00000000e+00 4.36512797e-01
0.00000000e+00 4.37029686e-01
0.00000000e+00 4.37546575e-01
0.00000000e+00 4.38063464e-01
0.00000000e+00 4.38580353e-01
0.00000000e+00 4.39097242e-01
0.00000000e+00 4.39614131e-01
0.00000000e+00 4.40131020e-01
0.00000000e+00 4.40647909e-01
0.00000000e+00 4.41164798e-01
0.00000000e+00 4.41681687e-01
0.00000000e+00 4.42198576e-01
0.00000000e+00 4.42715465e-01
0.00000000e+00 4.43232354e-01
0.00000000e+00 4.43749244e-01
0.00000000e+00 4.44266133e-01
0.00000000e+00 4.44783022e-01
0.00000000e+00 4.45299911e-01
0.00000000e+00 4.45816800e-01
0.00000000e+00 4.46333689e-01
0.00000000e+00 4.46850578e-01
0.00000000e+00 4.47367467e-01
0.00000000e+00 4.47884356e-01
0.00000000e+00 4.48401245e-01
0.00000000e+00 4.48918134e-01
0.00000000e+00 4.49435023e-01
0.00000000e+00 4.49951912e-01
0.00000000e+00 4.50468801e-01
0.00000000e+00 4.50985690e-01
0.00000000e+00 4.51502579e-01
0.00000000e+00 4.52019468e-01
0.00000000e+00 4.52536357e-01
0.00000000e+00 4.53053246e-01
0.00000000e+00 4.53570135e-01
0.00000000e+00 4.54087024e-01
0.00000000e+00 4.54603913e-01
0.00000000e+00 4.55120802e-01
0.00000000e+00 4.55637692e-01
0.00000000e+00 4.56154581e-01
0.00000000e+00 4.56671470e-01
0.00000000e+00 4.57188359e-01
0.00000000e+00 4.57705248e-01
0.00000000e+00 4.58222137e-01
0.00000000e+00 4.58739026e-01
0.00000000e+00 4.59255915e-01
0.00000000e+00 4.59772804e-01
0.00000000e+00 4.60289693e-01
0.00000000e+00 4.60806582e-01
0.00000000e+00 4.61323471e-01
0.00000000e+00 4.61840360e-01
0.00000000e+00 4.62357249e-01
0.00000000e+00 4.62874138e-01
0.00000000e+00 4.63391027e-01
0.00000000e+00 4.63907916e-01
0.00000000e+00 4.64424805e-01
0.00000000e+00 4.64941694e-01
0.00000000e+00 4.65458583e-01
0.00000000e+00 4.65975472e-01
0.00000000e+00 4.66492361e-01
0.00000000e+00 4.67009250e-01
0.00000000e+00 4.67526140e-01
0.00000000e+00 4.68043029e-01
0.00000000e+00 4.68559918e-01
0.00000000e+00 4.69076807e-01
0.00000000e+00 4.69593696e-01
0.00000000e+00 4.70110585e-01
0.00000000e+00 4.70627474e-01
0.00000000e+00 4.71144363e-01
0.00000000e+00 4.71661252e-01
0.00000000e+00 4.72178141e-01
0.00000000e+00 4.72695030e-01
0.00000000e+00 4.73211919e-01
0.00000000e+00 4.73728808e-01
0.00000000e+00 4.74245697e-01
0.00000000e+00 4.74762586e-01
0.00000000e+00 4.75279475e-01
0.00000000e+00 4.75796364e-01
0.00000000e+00 4.76313253e-01
0.00000000e+00 4.76830142e-01
0.00000000e+00 4.77347031e-01
0.00000000e+00 4.77863920e-01
0.00000000e+00 4.78380809e-01
0.00000000e+00 4.78897698e-01
0.00000000e+00 4.79414588e-01
0.00000000e+00 4.79931477e-01
0.00000000e+00 4.80448366e-01
0.00000000e+00 4.80965255e-01
0.00000000e+00 4.81482144e-01
0.00000000e+00 4.81999033e-01
0.00000000e+00 4.82515922e-01
0.00000000e+00 4.83032811e-01
0.00000000e+00 4.83549700e-01
0.00000000e+00 4.84066589e-01
0.00000000e+00 4.84583478e-01
0.00000000e+00 4.85100367e-01
0.00000000e+00 4.85617256e-01
0.00000000e+00 4.86134145e-01
0.00000000e+00 4.86651034e-01
0.00000000e+00 4.87167923e-01
0.00000000e+00 4.87684812e-01
0.00000000e+00 4.88201701e-01
0.00000000e+00 4.88718590e-01
0.00000000e+00 4.89235479e-01
0.00000000e+00 4.89752368e-01
0.00000000e+00 4.90269257e-01
0.00000000e+00 4.90786146e-01
0.00000000e+00 4.91303036e-01
0.00000000e+00 4.91819925e-01
0.00000000e+00 4.92336814e-01
0.00000000e+00 4.92853703e-01
0.00000000e+00 4.93370592e-01
0.00000000e+00 4.93887481e-01
0.00000000e+00 4.94404370e-01
0.00000000e+00 4.94921259e-01
0.00000000e+00 4.95438148e-01
0.00000000e+00 4.95955037e-01
0.00000000e+00 4.96471926e-01
0.00000000e+00 4.96988815e-01
0.00000000e+00 4.97505704e-01
0.00000000e+00 4.98022593e-01
0.00000000e+00 4.98539482e-01
0.00000000e+00 4.99056371e-01
0.00000000e+00 4.99573260e-01
0.00000000e+00 5.00090149e-01
