% L-Bracket Geometry
% N_total=2970, N_horizontal=1485, N_vertical=1485
% Resolution: 100 segments per wavelength
% Format: x(m) y(m)
1.68424520e-04 0.00000000e+00
5.05273559e-04 0.00000000e+00
8.42122598e-04 0.00000000e+00
1.17897164e-03 0.00000000e+00
1.51582068e-03 0.00000000e+00
1.85266972e-03 0.00000000e+00
2.18951876e-03 0.00000000e+00
2.52636780e-03 0.00000000e+00
2.86321683e-03 0.00000000e+00
3.20006587e-03 0.00000000e+00
3.53691491e-03 0.00000000e+00
3.87376395e-03 0.00000000e+00
4.21061299e-03 0.00000000e+00
4.54746203e-03 0.00000000e+00
4.88431107e-03 0.00000000e+00
5.22116011e-03 0.00000000e+00
5.55800915e-03 0.00000000e+00
5.89485819e-03 0.00000000e+00
6.23170723e-03 0.00000000e+00
6.56855627e-03 0.00000000e+00
6.90540531e-03 0.00000000e+00
7.24225435e-03 0.00000000e+00
7.57910339e-03 0.00000000e+00
7.91595242e-03 0.00000000e+00
8.25280146e-03 0.00000000e+00
8.58965050e-03 0.00000000e+00
8.92649954e-03 0.00000000e+00
9.26334858e-03 0.00000000e+00
9.60019762e-03 0.00000000e+00
9.93704666e-03 0.00000000e+00
1.02738957e-02 0.00000000e+00
1.06107447e-02 0.00000000e+00
1.09475938e-02 0.00000000e+00
1.12844428e-02 0.00000000e+00
1.16212919e-02 0.00000000e+00
1.19581409e-02 0.00000000e+00
1.22949899e-02 0.00000000e+00
1.26318390e-02 0.00000000e+00
1.29686880e-02 0.00000000e+00
1.33055371e-02 0.00000000e+00
1.36423861e-02 0.00000000e+00
1.39792351e-02 0.00000000e+00
1.43160842e-02 0.00000000e+00
1.46529332e-02 0.00000000e+00
1.49897823e-02 0.00000000e+00
1.53266313e-02 0.00000000e+00
1.56634803e-02 0.00000000e+00
1.60003294e-02 0.00000000e+00
1.63371784e-02 0.00000000e+00
1.66740274e-02 0.00000000e+00
1.70108765e-02 0.00000000e+00
1.73477255e-02 0.00000000e+00
1.76845746e-02 0.00000000e+00
1.80214236e-02 0.00000000e+00
1.83582726e-02 0.00000000e+00
1.86951217e-02 0.00000000e+00
1.90319707e-02 0.00000000e+00
1.93688198e-02 0.00000000e+00
1.97056688e-02 0.00000000e+00
2.00425178e-02 0.00000000e+00
2.03793669e-02 0.00000000e+00
2.07162159e-02 0.00000000e+00
2.10530650e-02 0.00000000e+00
2.13899140e-02 0.00000000e+00
2.17267630e-02 0.00000000e+00
2.20636121e-02 0.00000000e+00
2.24004611e-02 0.00000000e+00
2.27373102e-02 0.00000000e+00
2.30741592e-02 0.00000000e+00
2.34110082e-02 0.00000000e+00
2.37478573e-02 0.00000000e+00
2.40847063e-02 0.00000000e+00
2.44215554e-02 0.00000000e+00
2.47584044e-02 0.00000000e+00
2.50952534e-02 0.00000000e+00
2.54321025e-02 0.00000000e+00
2.57689515e-02 0.00000000e+00
2.61058005e-02 0.00000000e+00
2.64426496e-02 0.00000000e+00
2.67794986e-02 0.00000000e+00
2.71163477e-02 0.00000000e+00
2.74531967e-02 0.00000000e+00
2.77900457e-02 0.00000000e+00
2.81268948e-02 0.00000000e+00
2.84637438e-02 0.00000000e+00
2.88005929e-02 0.00000000e+00
2.91374419e-02 0.00000000e+00
2.94742909e-02 0.00000000e+00
2.98111400e-02 0.00000000e+00
3.01479890e-02 0.00000000e+00
3.04848381e-02 0.00000000e+00
3.08216871e-02 0.00000000e+00
3.11585361e-02 0.00000000e+00
3.14953852e-02 0.00000000e+00
3.18322342e-02 0.00000000e+00
3.21690833e-02 0.00000000e+00
3.25059323e-02 0.00000000e+00
3.28427813e-02 0.00000000e+00
3.31796304e-02 0.00000000e+00
3.35164794e-02 0.00000000e+00
3.38533285e-02 0.00000000e+00
3.41901775e-02 0.00000000e+00
3.45270265e-02 0.00000000e+00
3.48638756e-02 0.00000000e+00
3.52007246e-02 0.00000000e+00
3.55375737e-02 0.00000000e+00
3.58744227e-02 0.00000000e+00
3.62112717e-02 0.00000000e+00
3.65481208e-02 0.00000000e+00
3.68849698e-02 0.00000000e+00
3.72218188e-02 0.00000000e+00
3.75586679e-02 0.00000000e+00
3.78955169e-02 0.00000000e+00
3.82323660e-02 0.00000000e+00
3.85692150e-02 0.00000000e+00
3.89060640e-02 0.00000000e+00
3.92429131e-02 0.00000000e+00
3.95797621e-02 0.00000000e+00
3.99166112e-02 0.00000000e+00
4.02534602e-02 0.00000000e+00
4.05903092e-02 0.00000000e+00
4.09271583e-02 0.00000000e+00
4.12640073e-02 0.00000000e+00
4.16008564e-02 0.00000000e+00
4.19377054e-02 0.00000000e+00
4.22745544e-02 0.00000000e+00
4.26114035e-02 0.00000000e+00
4.29482525e-02 0.00000000e+00
4.32851016e-02 0.00000000e+00
4.36219506e-02 0.00000000e+00
4.39587996e-02 0.00000000e+00
4.42956487e-02 0.00000000e+00
4.46324977e-02 0.00000000e+00
4.49693468e-02 0.00000000e+00
4.53061958e-02 0.00000000e+00
4.56430448e-02 0.00000000e+00
4.59798939e-02 0.00000000e+00
4.63167429e-02 0.00000000e+00
4.66535919e-02 0.00000000e+00
4.69904410e-02 0.00000000e+00
4.73272900e-02 0.00000000e+00
4.76641391e-02 0.00000000e+00
4.80009881e-02 0.00000000e+00
4.83378371e-02 0.00000000e+00
4.86746862e-02 0.00000000e+00
4.90115352e-02 0.00000000e+00
4.93483843e-02 0.00000000e+00
4.96852333e-02 0.00000000e+00
5.00220823e-02 0.00000000e+00
5.03589314e-02 0.00000000e+00
5.06957804e-02 0.00000000e+00
5.10326295e-02 0.00000000e+00
5.13694785e-02 0.00000000e+00
5.17063275e-02 0.00000000e+00
5.20431766e-02 0.00000000e+00
5.23800256e-02 0.00000000e+00
5.27168747e-02 0.00000000e+00
5.30537237e-02 0.00000000e+00
5.33905727e-02 0.00000000e+00
5.37274218e-02 0.00000000e+00
5.40642708e-02 0.00000000e+00
5.44011199e-02 0.00000000e+00
5.47379689e-02 0.00000000e+00
5.50748179e-02 0.00000000e+00
5.54116670e-02 0.00000000e+00
5.57485160e-02 0.00000000e+00
5.60853651e-02 0.00000000e+00
5.64222141e-02 0.00000000e+00
5.67590631e-02 0.00000000e+00
5.70959122e-02 0.00000000e+00
5.74327612e-02 0.00000000e+00
5.77696102e-02 0.00000000e+00
5.81064593e-02 0.00000000e+00
5.84433083e-02 0.00000000e+00
5.87801574e-02 0.00000000e+00
5.91170064e-02 0.00000000e+00
5.94538554e-02 0.00000000e+00
5.97907045e-02 0.00000000e+00
6.01275535e-02 0.00000000e+00
6.04644026e-02 0.00000000e+00
6.08012516e-02 0.00000000e+00
6.11381006e-02 0.00000000e+00
6.14749497e-02 0.00000000e+00
6.18117987e-02 0.00000000e+00
6.21486478e-02 0.00000000e+00
6.24854968e-02 0.00000000e+00
6.28223458e-02 0.00000000e+00
6.31591949e-02 0.00000000e+00
6.34960439e-02 0.00000000e+00
6.38328930e-02 0.00000000e+00
6.41697420e-02 0.00000000e+00
6.45065910e-02 0.00000000e+00
6.48434401e-02 0.00000000e+00
6.51802891e-02 0.00000000e+00
6.55171382e-02 0.00000000e+00
6.58539872e-02 0.00000000e+00
6.61908362e-02 0.00000000e+00
6.65276853e-02 0.00000000e+00
6.68645343e-02 0.00000000e+00
6.72013834e-02 0.00000000e+00
6.75382324e-02 0.00000000e+00
6.78750814e-02 0.00000000e+00
6.82119305e-02 0.00000000e+00
6.85487795e-02 0.00000000e+00
6.88856285e-02 0.00000000e+00
6.92224776e-02 0.00000000e+00
6.95593266e-02 0.00000000e+00
6.98961757e-02 0.00000000e+00
7.02330247e-02 0.00000000e+00
7.05698737e-02 0.00000000e+00
7.09067228e-02 0.00000000e+00
7.12435718e-02 0.00000000e+00
7.15804209e-02 0.00000000e+00
7.19172699e-02 0.00000000e+00
7.22541189e-02 0.00000000e+00
7.25909680e-02 0.00000000e+00
7.29278170e-02 0.00000000e+00
7.32646661e-02 0.00000000e+00
7.36015151e-02 0.00000000e+00
7.39383641e-02 0.00000000e+00
7.42752132e-02 0.00000000e+00
7.46120622e-02 0.00000000e+00
7.49489113e-02 0.00000000e+00
7.52857603e-02 0.00000000e+00
7.56226093e-02 0.00000000e+00
7.59594584e-02 0.00000000e+00
7.62963074e-02 0.00000000e+00
7.66331565e-02 0.00000000e+00
7.69700055e-02 0.00000000e+00
7.73068545e-02 0.00000000e+00
7.76437036e-02 0.00000000e+00
7.79805526e-02 0.00000000e+00
7.83174016e-02 0.00000000e+00
7.86542507e-02 0.00000000e+00
7.89910997e-02 0.00000000e+00
7.93279488e-02 0.00000000e+00
7.96647978e-02 0.00000000e+00
8.00016468e-02 0.00000000e+00
8.03384959e-02 0.00000000e+00
8.06753449e-02 0.00000000e+00
8.10121940e-02 0.00000000e+00
8.13490430e-02 0.00000000e+00
8.16858920e-02 0.00000000e+00
8.20227411e-02 0.00000000e+00
8.23595901e-02 0.00000000e+00
8.26964392e-02 0.00000000e+00
8.30332882e-02 0.00000000e+00
8.33701372e-02 0.00000000e+00
8.37069863e-02 0.00000000e+00
8.40438353e-02 0.00000000e+00
8.43806844e-02 0.00000000e+00
8.47175334e-02 0.00000000e+00
8.50543824e-02 0.00000000e+00
8.53912315e-02 0.00000000e+00
8.57280805e-02 0.00000000e+00
8.60649296e-02 0.00000000e+00
8.64017786e-02 0.00000000e+00
8.67386276e-02 0.00000000e+00
8.70754767e-02 0.00000000e+00
8.74123257e-02 0.00000000e+00
8.77491748e-02 0.00000000e+00
8.80860238e-02 0.00000000e+00
8.84228728e-02 0.00000000e+00
8.87597219e-02 0.00000000e+00
8.90965709e-02 0.00000000e+00
8.94334199e-02 0.00000000e+00
8.97702690e-02 0.00000000e+00
9.01071180e-02 0.00000000e+00
9.04439671e-02 0.00000000e+00
9.07808161e-02 0.00000000e+00
9.11176651e-02 0.00000000e+00
9.14545142e-02 0.00000000e+00
9.17913632e-02 0.00000000e+00
9.21282123e-02 0.00000000e+00
9.24650613e-02 0.00000000e+00
9.28019103e-02 0.00000000e+00
9.31387594e-02 0.00000000e+00
9.34756084e-02 0.00000000e+00
9.38124575e-02 0.00000000e+00
9.41493065e-02 0.00000000e+00
9.44861555e-02 0.00000000e+00
9.48230046e-02 0.00000000e+00
9.51598536e-02 0.00000000e+00
9.54967027e-02 0.00000000e+00
9.58335517e-02 0.00000000e+00
9.61704007e-02 0.00000000e+00
9.65072498e-02 0.00000000e+00
9.68440988e-02 0.00000000e+00
9.71809479e-02 0.00000000e+00
9.75177969e-02 0.00000000e+00
9.78546459e-02 0.00000000e+00
9.81914950e-02 0.00000000e+00
9.85283440e-02 0.00000000e+00
9.88651930e-02 0.00000000e+00
9.92020421e-02 0.00000000e+00
9.95388911e-02 0.00000000e+00
9.98757402e-02 0.00000000e+00
1.00212589e-01 0.00000000e+00
1.00549438e-01 0.00000000e+00
1.00886287e-01 0.00000000e+00
1.01223136e-01 0.00000000e+00
1.01559985e-01 0.00000000e+00
1.01896834e-01 0.00000000e+00
1.02233683e-01 0.00000000e+00
1.02570532e-01 0.00000000e+00
1.02907382e-01 0.00000000e+00
1.03244231e-01 0.00000000e+00
1.03581080e-01 0.00000000e+00
1.03917929e-01 0.00000000e+00
1.04254778e-01 0.00000000e+00
1.04591627e-01 0.00000000e+00
1.04928476e-01 0.00000000e+00
1.05265325e-01 0.00000000e+00
1.05602174e-01 0.00000000e+00
1.05939023e-01 0.00000000e+00
1.06275872e-01 0.00000000e+00
1.06612721e-01 0.00000000e+00
1.06949570e-01 0.00000000e+00
1.07286419e-01 0.00000000e+00
1.07623268e-01 0.00000000e+00
1.07960117e-01 0.00000000e+00
1.08296966e-01 0.00000000e+00
1.08633815e-01 0.00000000e+00
1.08970664e-01 0.00000000e+00
1.09307513e-01 0.00000000e+00
1.09644362e-01 0.00000000e+00
1.09981211e-01 0.00000000e+00
1.10318060e-01 0.00000000e+00
1.10654909e-01 0.00000000e+00
1.10991758e-01 0.00000000e+00
1.11328608e-01 0.00000000e+00
1.11665457e-01 0.00000000e+00
1.12002306e-01 0.00000000e+00
1.12339155e-01 0.00000000e+00
1.12676004e-01 0.00000000e+00
1.13012853e-01 0.00000000e+00
1.13349702e-01 0.00000000e+00
1.13686551e-01 0.00000000e+00
1.14023400e-01 0.00000000e+00
1.14360249e-01 0.00000000e+00
1.14697098e-01 0.00000000e+00
1.15033947e-01 0.00000000e+00
1.15370796e-01 0.00000000e+00
1.15707645e-01 0.00000000e+00
1.16044494e-01 0.00000000e+00
1.16381343e-01 0.00000000e+00
1.16718192e-01 0.00000000e+00
1.17055041e-01 0.00000000e+00
1.17391890e-01 0.00000000e+00
1.17728739e-01 0.00000000e+00
1.18065588e-01 0.00000000e+00
1.18402437e-01 0.00000000e+00
1.18739286e-01 0.00000000e+00
1.19076135e-01 0.00000000e+00
1.19412984e-01 0.00000000e+00
1.19749833e-01 0.00000000e+00
1.20086683e-01 0.00000000e+00
1.20423532e-01 0.00000000e+00
1.20760381e-01 0.00000000e+00
1.21097230e-01 0.00000000e+00
1.21434079e-01 0.00000000e+00
1.21770928e-01 0.00000000e+00
1.22107777e-01 0.00000000e+00
1.22444626e-01 0.00000000e+00
1.22781475e-01 0.00000000e+00
1.23118324e-01 0.00000000e+00
1.23455173e-01 0.00000000e+00
1.23792022e-01 0.00000000e+00
1.24128871e-01 0.00000000e+00
1.24465720e-01 0.00000000e+00
1.24802569e-01 0.00000000e+00
1.25139418e-01 0.00000000e+00
1.25476267e-01 0.00000000e+00
1.25813116e-01 0.00000000e+00
1.26149965e-01 0.00000000e+00
1.26486814e-01 0.00000000e+00
1.26823663e-01 0.00000000e+00
1.27160512e-01 0.00000000e+00
1.27497361e-01 0.00000000e+00
1.27834210e-01 0.00000000e+00
1.28171059e-01 0.00000000e+00
1.28507909e-01 0.00000000e+00
1.28844758e-01 0.00000000e+00
1.29181607e-01 0.00000000e+00
1.29518456e-01 0.00000000e+00
1.29855305e-01 0.00000000e+00
1.30192154e-01 0.00000000e+00
1.30529003e-01 0.00000000e+00
1.30865852e-01 0.00000000e+00
1.31202701e-01 0.00000000e+00
1.31539550e-01 0.00000000e+00
1.31876399e-01 0.00000000e+00
1.32213248e-01 0.00000000e+00
1.32550097e-01 0.00000000e+00
1.32886946e-01 0.00000000e+00
1.33223795e-01 0.00000000e+00
1.33560644e-01 0.00000000e+00
1.33897493e-01 0.00000000e+00
1.34234342e-01 0.00000000e+00
1.34571191e-01 0.00000000e+00
1.34908040e-01 0.00000000e+00
1.35244889e-01 0.00000000e+00
1.35581738e-01 0.00000000e+00
1.35918587e-01 0.00000000e+00
1.36255436e-01 0.00000000e+00
1.36592285e-01 0.00000000e+00
1.36929134e-01 0.00000000e+00
1.37265984e-01 0.00000000e+00
1.37602833e-01 0.00000000e+00
1.37939682e-01 0.00000000e+00
1.38276531e-01 0.00000000e+00
1.38613380e-01 0.00000000e+00
1.38950229e-01 0.00000000e+00
1.39287078e-01 0.00000000e+00
1.39623927e-01 0.00000000e+00
1.39960776e-01 0.00000000e+00
1.40297625e-01 0.00000000e+00
1.40634474e-01 0.00000000e+00
1.40971323e-01 0.00000000e+00
1.41308172e-01 0.00000000e+00
1.41645021e-01 0.00000000e+00
1.41981870e-01 0.00000000e+00
1.42318719e-01 0.00000000e+00
1.42655568e-01 0.00000000e+00
1.42992417e-01 0.00000000e+00
1.43329266e-01 0.00000000e+00
1.43666115e-01 0.00000000e+00
1.44002964e-01 0.00000000e+00
1.44339813e-01 0.00000000e+00
1.44676662e-01 0.00000000e+00
1.45013511e-01 0.00000000e+00
1.45350360e-01 0.00000000e+00
1.45687210e-01 0.00000000e+00
1.46024059e-01 0.00000000e+00
1.46360908e-01 0.00000000e+00
1.46697757e-01 0.00000000e+00
1.47034606e-01 0.00000000e+00
1.47371455e-01 0.00000000e+00
1.47708304e-01 0.00000000e+00
1.48045153e-01 0.00000000e+00
1.48382002e-01 0.00000000e+00
1.48718851e-01 0.00000000e+00
1.49055700e-01 0.00000000e+00
1.49392549e-01 0.00000000e+00
1.49729398e-01 0.00000000e+00
1.50066247e-01 0.00000000e+00
1.50403096e-01 0.00000000e+00
1.50739945e-01 0.00000000e+00
1.51076794e-01 0.00000000e+00
1.51413643e-01 0.00000000e+00
1.51750492e-01 0.00000000e+00
1.52087341e-01 0.00000000e+00
1.52424190e-01 0.00000000e+00
1.52761039e-01 0.00000000e+00
1.53097888e-01 0.00000000e+00
1.53434737e-01 0.00000000e+00
1.53771586e-01 0.00000000e+00
1.54108436e-01 0.00000000e+00
1.54445285e-01 0.00000000e+00
1.54782134e-01 0.00000000e+00
1.55118983e-01 0.00000000e+00
1.55455832e-01 0.00000000e+00
1.55792681e-01 0.00000000e+00
1.56129530e-01 0.00000000e+00
1.56466379e-01 0.00000000e+00
1.56803228e-01 0.00000000e+00
1.57140077e-01 0.00000000e+00
1.57476926e-01 0.00000000e+00
1.57813775e-01 0.00000000e+00
1.58150624e-01 0.00000000e+00
1.58487473e-01 0.00000000e+00
1.58824322e-01 0.00000000e+00
1.59161171e-01 0.00000000e+00
1.59498020e-01 0.00000000e+00
1.59834869e-01 0.00000000e+00
1.60171718e-01 0.00000000e+00
1.60508567e-01 0.00000000e+00
1.60845416e-01 0.00000000e+00
1.61182265e-01 0.00000000e+00
1.61519114e-01 0.00000000e+00
1.61855963e-01 0.00000000e+00
1.62192812e-01 0.00000000e+00
1.62529661e-01 0.00000000e+00
1.62866511e-01 0.00000000e+00
1.63203360e-01 0.00000000e+00
1.63540209e-01 0.00000000e+00
1.63877058e-01 0.00000000e+00
1.64213907e-01 0.00000000e+00
1.64550756e-01 0.00000000e+00
1.64887605e-01 0.00000000e+00
1.65224454e-01 0.00000000e+00
1.65561303e-01 0.00000000e+00
1.65898152e-01 0.00000000e+00
1.66235001e-01 0.00000000e+00
1.66571850e-01 0.00000000e+00
1.66908699e-01 0.00000000e+00
1.67245548e-01 0.00000000e+00
1.67582397e-01 0.00000000e+00
1.67919246e-01 0.00000000e+00
1.68256095e-01 0.00000000e+00
1.68592944e-01 0.00000000e+00
1.68929793e-01 0.00000000e+00
1.69266642e-01 0.00000000e+00
1.69603491e-01 0.00000000e+00
1.69940340e-01 0.00000000e+00
1.70277189e-01 0.00000000e+00
1.70614038e-01 0.00000000e+00
1.70950887e-01 0.00000000e+00
1.71287737e-01 0.00000000e+00
1.71624586e-01 0.00000000e+00
1.71961435e-01 0.00000000e+00
1.72298284e-01 0.00000000e+00
1.72635133e-01 0.00000000e+00
1.72971982e-01 0.00000000e+00
1.73308831e-01 0.00000000e+00
1.73645680e-01 0.00000000e+00
1.73982529e-01 0.00000000e+00
1.74319378e-01 0.00000000e+00
1.74656227e-01 0.00000000e+00
1.74993076e-01 0.00000000e+00
1.75329925e-01 0.00000000e+00
1.75666774e-01 0.00000000e+00
1.76003623e-01 0.00000000e+00
1.76340472e-01 0.00000000e+00
1.76677321e-01 0.00000000e+00
1.77014170e-01 0.00000000e+00
1.77351019e-01 0.00000000e+00
1.77687868e-01 0.00000000e+00
1.78024717e-01 0.00000000e+00
1.78361566e-01 0.00000000e+00
1.78698415e-01 0.00000000e+00
1.79035264e-01 0.00000000e+00
1.79372113e-01 0.00000000e+00
1.79708962e-01 0.00000000e+00
1.80045812e-01 0.00000000e+00
1.80382661e-01 0.00000000e+00
1.80719510e-01 0.00000000e+00
1.81056359e-01 0.00000000e+00
1.81393208e-01 0.00000000e+00
1.81730057e-01 0.00000000e+00
1.82066906e-01 0.00000000e+00
1.82403755e-01 0.00000000e+00
1.82740604e-01 0.00000000e+00
1.83077453e-01 0.00000000e+00
1.83414302e-01 0.00000000e+00
1.83751151e-01 0.00000000e+00
1.84088000e-01 0.00000000e+00
1.84424849e-01 0.00000000e+00
1.84761698e-01 0.00000000e+00
1.85098547e-01 0.00000000e+00
1.85435396e-01 0.00000000e+00
1.85772245e-01 0.00000000e+00
1.86109094e-01 0.00000000e+00
1.86445943e-01 0.00000000e+00
1.86782792e-01 0.00000000e+00
1.87119641e-01 0.00000000e+00
1.87456490e-01 0.00000000e+00
1.87793339e-01 0.00000000e+00
1.88130188e-01 0.00000000e+00
1.88467038e-01 0.00000000e+00
1.88803887e-01 0.00000000e+00
1.89140736e-01 0.00000000e+00
1.89477585e-01 0.00000000e+00
1.89814434e-01 0.00000000e+00
1.90151283e-01 0.00000000e+00
1.90488132e-01 0.00000000e+00
1.90824981e-01 0.00000000e+00
1.91161830e-01 0.00000000e+00
1.91498679e-01 0.00000000e+00
1.91835528e-01 0.00000000e+00
1.92172377e-01 0.00000000e+00
1.92509226e-01 0.00000000e+00
1.92846075e-01 0.00000000e+00
1.93182924e-01 0.00000000e+00
1.93519773e-01 0.00000000e+00
1.93856622e-01 0.00000000e+00
1.94193471e-01 0.00000000e+00
1.94530320e-01 0.00000000e+00
1.94867169e-01 0.00000000e+00
1.95204018e-01 0.00000000e+00
1.95540867e-01 0.00000000e+00
1.95877716e-01 0.00000000e+00
1.96214565e-01 0.00000000e+00
1.96551414e-01 0.00000000e+00
1.96888264e-01 0.00000000e+00
1.97225113e-01 0.00000000e+00
1.97561962e-01 0.00000000e+00
1.97898811e-01 0.00000000e+00
1.98235660e-01 0.00000000e+00
1.98572509e-01 0.00000000e+00
1.98909358e-01 0.00000000e+00
1.99246207e-01 0.00000000e+00
1.99583056e-01 0.00000000e+00
1.99919905e-01 0.00000000e+00
2.00256754e-01 0.00000000e+00
2.00593603e-01 0.00000000e+00
2.00930452e-01 0.00000000e+00
2.01267301e-01 0.00000000e+00
2.01604150e-01 0.00000000e+00
2.01940999e-01 0.00000000e+00
2.02277848e-01 0.00000000e+00
2.02614697e-01 0.00000000e+00
2.02951546e-01 0.00000000e+00
2.03288395e-01 0.00000000e+00
2.03625244e-01 0.00000000e+00
2.03962093e-01 0.00000000e+00
2.04298942e-01 0.00000000e+00
2.04635791e-01 0.00000000e+00
2.04972640e-01 0.00000000e+00
2.05309489e-01 0.00000000e+00
2.05646339e-01 0.00000000e+00
2.05983188e-01 0.00000000e+00
2.06320037e-01 0.00000000e+00
2.06656886e-01 0.00000000e+00
2.06993735e-01 0.00000000e+00
2.07330584e-01 0.00000000e+00
2.07667433e-01 0.00000000e+00
2.08004282e-01 0.00000000e+00
2.08341131e-01 0.00000000e+00
2.08677980e-01 0.00000000e+00
2.09014829e-01 0.00000000e+00
2.09351678e-01 0.00000000e+00
2.09688527e-01 0.00000000e+00
2.10025376e-01 0.00000000e+00
2.10362225e-01 0.00000000e+00
2.10699074e-01 0.00000000e+00
2.11035923e-01 0.00000000e+00
2.11372772e-01 0.00000000e+00
2.11709621e-01 0.00000000e+00
2.12046470e-01 0.00000000e+00
2.12383319e-01 0.00000000e+00
2.12720168e-01 0.00000000e+00
2.13057017e-01 0.00000000e+00
2.13393866e-01 0.00000000e+00
2.13730715e-01 0.00000000e+00
2.14067565e-01 0.00000000e+00
2.14404414e-01 0.00000000e+00
2.14741263e-01 0.00000000e+00
2.15078112e-01 0.00000000e+00
2.15414961e-01 0.00000000e+00
2.15751810e-01 0.00000000e+00
2.16088659e-01 0.00000000e+00
2.16425508e-01 0.00000000e+00
2.16762357e-01 0.00000000e+00
2.17099206e-01 0.00000000e+00
2.17436055e-01 0.00000000e+00
2.17772904e-01 0.00000000e+00
2.18109753e-01 0.00000000e+00
2.18446602e-01 0.00000000e+00
2.18783451e-01 0.00000000e+00
2.19120300e-01 0.00000000e+00
2.19457149e-01 0.00000000e+00
2.19793998e-01 0.00000000e+00
2.20130847e-01 0.00000000e+00
2.20467696e-01 0.00000000e+00
2.20804545e-01 0.00000000e+00
2.21141394e-01 0.00000000e+00
2.21478243e-01 0.00000000e+00
2.21815092e-01 0.00000000e+00
2.22151941e-01 0.00000000e+00
2.22488790e-01 0.00000000e+00
2.22825640e-01 0.00000000e+00
2.23162489e-01 0.00000000e+00
2.23499338e-01 0.00000000e+00
2.23836187e-01 0.00000000e+00
2.24173036e-01 0.00000000e+00
2.24509885e-01 0.00000000e+00
2.24846734e-01 0.00000000e+00
2.25183583e-01 0.00000000e+00
2.25520432e-01 0.00000000e+00
2.25857281e-01 0.00000000e+00
2.26194130e-01 0.00000000e+00
2.26530979e-01 0.00000000e+00
2.26867828e-01 0.00000000e+00
2.27204677e-01 0.00000000e+00
2.27541526e-01 0.00000000e+00
2.27878375e-01 0.00000000e+00
2.28215224e-01 0.00000000e+00
2.28552073e-01 0.00000000e+00
2.28888922e-01 0.00000000e+00
2.29225771e-01 0.00000000e+00
2.29562620e-01 0.00000000e+00
2.29899469e-01 0.00000000e+00
2.30236318e-01 0.00000000e+00
2.30573167e-01 0.00000000e+00
2.30910016e-01 0.00000000e+00
2.31246866e-01 0.00000000e+00
2.31583715e-01 0.00000000e+00
2.31920564e-01 0.00000000e+00
2.32257413e-01 0.00000000e+00
2.32594262e-01 0.00000000e+00
2.32931111e-01 0.00000000e+00
2.33267960e-01 0.00000000e+00
2.33604809e-01 0.00000000e+00
2.33941658e-01 0.00000000e+00
2.34278507e-01 0.00000000e+00
2.34615356e-01 0.00000000e+00
2.34952205e-01 0.00000000e+00
2.35289054e-01 0.00000000e+00
2.35625903e-01 0.00000000e+00
2.35962752e-01 0.00000000e+00
2.36299601e-01 0.00000000e+00
2.36636450e-01 0.00000000e+00
2.36973299e-01 0.00000000e+00
2.37310148e-01 0.00000000e+00
2.37646997e-01 0.00000000e+00
2.37983846e-01 0.00000000e+00
2.38320695e-01 0.00000000e+00
2.38657544e-01 0.00000000e+00
2.38994393e-01 0.00000000e+00
2.39331242e-01 0.00000000e+00
2.39668091e-01 0.00000000e+00
2.40004941e-01 0.00000000e+00
2.40341790e-01 0.00000000e+00
2.40678639e-01 0.00000000e+00
2.41015488e-01 0.00000000e+00
2.41352337e-01 0.00000000e+00
2.41689186e-01 0.00000000e+00
2.42026035e-01 0.00000000e+00
2.42362884e-01 0.00000000e+00
2.42699733e-01 0.00000000e+00
2.43036582e-01 0.00000000e+00
2.43373431e-01 0.00000000e+00
2.43710280e-01 0.00000000e+00
2.44047129e-01 0.00000000e+00
2.44383978e-01 0.00000000e+00
2.44720827e-01 0.00000000e+00
2.45057676e-01 0.00000000e+00
2.45394525e-01 0.00000000e+00
2.45731374e-01 0.00000000e+00
2.46068223e-01 0.00000000e+00
2.46405072e-01 0.00000000e+00
2.46741921e-01 0.00000000e+00
2.47078770e-01 0.00000000e+00
2.47415619e-01 0.00000000e+00
2.47752468e-01 0.00000000e+00
2.48089317e-01 0.00000000e+00
2.48426167e-01 0.00000000e+00
2.48763016e-01 0.00000000e+00
2.49099865e-01 0.00000000e+00
2.49436714e-01 0.00000000e+00
2.49773563e-01 0.00000000e+00
2.50110412e-01 0.00000000e+00
2.50447261e-01 0.00000000e+00
2.50784110e-01 0.00000000e+00
2.51120959e-01 0.00000000e+00
2.51457808e-01 0.00000000e+00
2.51794657e-01 0.00000000e+00
2.52131506e-01 0.00000000e+00
2.52468355e-01 0.00000000e+00
2.52805204e-01 0.00000000e+00
2.53142053e-01 0.00000000e+00
2.53478902e-01 0.00000000e+00
2.53815751e-01 0.00000000e+00
2.54152600e-01 0.00000000e+00
2.54489449e-01 0.00000000e+00
2.54826298e-01 0.00000000e+00
2.55163147e-01 0.00000000e+00
2.55499996e-01 0.00000000e+00
2.55836845e-01 0.00000000e+00
2.56173694e-01 0.00000000e+00
2.56510543e-01 0.00000000e+00
2.56847393e-01 0.00000000e+00
2.57184242e-01 0.00000000e+00
2.57521091e-01 0.00000000e+00
2.57857940e-01 0.00000000e+00
2.58194789e-01 0.00000000e+00
2.58531638e-01 0.00000000e+00
2.58868487e-01 0.00000000e+00
2.59205336e-01 0.00000000e+00
2.59542185e-01 0.00000000e+00
2.59879034e-01 0.00000000e+00
2.60215883e-01 0.00000000e+00
2.60552732e-01 0.00000000e+00
2.60889581e-01 0.00000000e+00
2.61226430e-01 0.00000000e+00
2.61563279e-01 0.00000000e+00
2.61900128e-01 0.00000000e+00
2.62236977e-01 0.00000000e+00
2.62573826e-01 0.00000000e+00
2.62910675e-01 0.00000000e+00
2.63247524e-01 0.00000000e+00
2.63584373e-01 0.00000000e+00
2.63921222e-01 0.00000000e+00
2.64258071e-01 0.00000000e+00
2.64594920e-01 0.00000000e+00
2.64931769e-01 0.00000000e+00
2.65268618e-01 0.00000000e+00
2.65605468e-01 0.00000000e+00
2.65942317e-01 0.00000000e+00
2.66279166e-01 0.00000000e+00
2.66616015e-01 0.00000000e+00
2.66952864e-01 0.00000000e+00
2.67289713e-01 0.00000000e+00
2.67626562e-01 0.00000000e+00
2.67963411e-01 0.00000000e+00
2.68300260e-01 0.00000000e+00
2.68637109e-01 0.00000000e+00
2.68973958e-01 0.00000000e+00
2.69310807e-01 0.00000000e+00
2.69647656e-01 0.00000000e+00
2.69984505e-01 0.00000000e+00
2.70321354e-01 0.00000000e+00
2.70658203e-01 0.00000000e+00
2.70995052e-01 0.00000000e+00
2.71331901e-01 0.00000000e+00
2.71668750e-01 0.00000000e+00
2.72005599e-01 0.00000000e+00
2.72342448e-01 0.00000000e+00
2.72679297e-01 0.00000000e+00
2.73016146e-01 0.00000000e+00
2.73352995e-01 0.00000000e+00
2.73689844e-01 0.00000000e+00
2.74026694e-01 0.00000000e+00
2.74363543e-01 0.00000000e+00
2.74700392e-01 0.00000000e+00
2.75037241e-01 0.00000000e+00
2.75374090e-01 0.00000000e+00
2.75710939e-01 0.00000000e+00
2.76047788e-01 0.00000000e+00
2.76384637e-01 0.00000000e+00
2.76721486e-01 0.00000000e+00
2.77058335e-01 0.00000000e+00
2.77395184e-01 0.00000000e+00
2.77732033e-01 0.00000000e+00
2.78068882e-01 0.00000000e+00
2.78405731e-01 0.00000000e+00
2.78742580e-01 0.00000000e+00
2.79079429e-01 0.00000000e+00
2.79416278e-01 0.00000000e+00
2.79753127e-01 0.00000000e+00
2.80089976e-01 0.00000000e+00
2.80426825e-01 0.00000000e+00
2.80763674e-01 0.00000000e+00
2.81100523e-01 0.00000000e+00
2.81437372e-01 0.00000000e+00
2.81774221e-01 0.00000000e+00
2.82111070e-01 0.00000000e+00
2.82447919e-01 0.00000000e+00
2.82784769e-01 0.00000000e+00
2.83121618e-01 0.00000000e+00
2.83458467e-01 0.00000000e+00
2.83795316e-01 0.00000000e+00
2.84132165e-01 0.00000000e+00
2.84469014e-01 0.00000000e+00
2.84805863e-01 0.00000000e+00
2.85142712e-01 0.00000000e+00
2.85479561e-01 0.00000000e+00
2.85816410e-01 0.00000000e+00
2.86153259e-01 0.00000000e+00
2.86490108e-01 0.00000000e+00
2.86826957e-01 0.00000000e+00
2.87163806e-01 0.00000000e+00
2.87500655e-01 0.00000000e+00
2.87837504e-01 0.00000000e+00
2.88174353e-01 0.00000000e+00
2.88511202e-01 0.00000000e+00
2.88848051e-01 0.00000000e+00
2.89184900e-01 0.00000000e+00
2.89521749e-01 0.00000000e+00
2.89858598e-01 0.00000000e+00
2.90195447e-01 0.00000000e+00
2.90532296e-01 0.00000000e+00
2.90869145e-01 0.00000000e+00
2.91205995e-01 0.00000000e+00
2.91542844e-01 0.00000000e+00
2.91879693e-01 0.00000000e+00
2.92216542e-01 0.00000000e+00
2.92553391e-01 0.00000000e+00
2.92890240e-01 0.00000000e+00
2.93227089e-01 0.00000000e+00
2.93563938e-01 0.00000000e+00
2.93900787e-01 0.00000000e+00
2.94237636e-01 0.00000000e+00
2.94574485e-01 0.00000000e+00
2.94911334e-01 0.00000000e+00
2.95248183e-01 0.00000000e+00
2.95585032e-01 0.00000000e+00
2.95921881e-01 0.00000000e+00
2.96258730e-01 0.00000000e+00
2.96595579e-01 0.00000000e+00
2.96932428e-01 0.00000000e+00
2.97269277e-01 0.00000000e+00
2.97606126e-01 0.00000000e+00
2.97942975e-01 0.00000000e+00
2.98279824e-01 0.00000000e+00
2.98616673e-01 0.00000000e+00
2.98953522e-01 0.00000000e+00
2.99290371e-01 0.00000000e+00
2.99627221e-01 0.00000000e+00
2.99964070e-01 0.00000000e+00
3.00300919e-01 0.00000000e+00
3.00637768e-01 0.00000000e+00
3.00974617e-01 0.00000000e+00
3.01311466e-01 0.00000000e+00
3.01648315e-01 0.00000000e+00
3.01985164e-01 0.00000000e+00
3.02322013e-01 0.00000000e+00
3.02658862e-01 0.00000000e+00
3.02995711e-01 0.00000000e+00
3.03332560e-01 0.00000000e+00
3.03669409e-01 0.00000000e+00
3.04006258e-01 0.00000000e+00
3.04343107e-01 0.00000000e+00
3.04679956e-01 0.00000000e+00
3.05016805e-01 0.00000000e+00
3.05353654e-01 0.00000000e+00
3.05690503e-01 0.00000000e+00
3.06027352e-01 0.00000000e+00
3.06364201e-01 0.00000000e+00
3.06701050e-01 0.00000000e+00
3.07037899e-01 0.00000000e+00
3.07374748e-01 0.00000000e+00
3.07711597e-01 0.00000000e+00
3.08048446e-01 0.00000000e+00
3.08385296e-01 0.00000000e+00
3.08722145e-01 0.00000000e+00
3.09058994e-01 0.00000000e+00
3.09395843e-01 0.00000000e+00
3.09732692e-01 0.00000000e+00
3.10069541e-01 0.00000000e+00
3.10406390e-01 0.00000000e+00
3.10743239e-01 0.00000000e+00
3.11080088e-01 0.00000000e+00
3.11416937e-01 0.00000000e+00
3.11753786e-01 0.00000000e+00
3.12090635e-01 0.00000000e+00
3.12427484e-01 0.00000000e+00
3.12764333e-01 0.00000000e+00
3.13101182e-01 0.00000000e+00
3.13438031e-01 0.00000000e+00
3.13774880e-01 0.00000000e+00
3.14111729e-01 0.00000000e+00
3.14448578e-01 0.00000000e+00
3.14785427e-01 0.00000000e+00
3.15122276e-01 0.00000000e+00
3.15459125e-01 0.00000000e+00
3.15795974e-01 0.00000000e+00
3.16132823e-01 0.00000000e+00
3.16469672e-01 0.00000000e+00
3.16806522e-01 0.00000000e+00
3.17143371e-01 0.00000000e+00
3.17480220e-01 0.00000000e+00
3.17817069e-01 0.00000000e+00
3.18153918e-01 0.00000000e+00
3.18490767e-01 0.00000000e+00
3.18827616e-01 0.00000000e+00
3.19164465e-01 0.00000000e+00
3.19501314e-01 0.00000000e+00
3.19838163e-01 0.00000000e+00
3.20175012e-01 0.00000000e+00
3.20511861e-01 0.00000000e+00
3.20848710e-01 0.00000000e+00
3.21185559e-01 0.00000000e+00
3.21522408e-01 0.00000000e+00
3.21859257e-01 0.00000000e+00
3.22196106e-01 0.00000000e+00
3.22532955e-01 0.00000000e+00
3.22869804e-01 0.00000000e+00
3.23206653e-01 0.00000000e+00
3.23543502e-01 0.00000000e+00
3.23880351e-01 0.00000000e+00
3.24217200e-01 0.00000000e+00
3.24554049e-01 0.00000000e+00
3.24890898e-01 0.00000000e+00
3.25227747e-01 0.00000000e+00
3.25564597e-01 0.00000000e+00
3.25901446e-01 0.00000000e+00
3.26238295e-01 0.00000000e+00
3.26575144e-01 0.00000000e+00
3.26911993e-01 0.00000000e+00
3.27248842e-01 0.00000000e+00
3.27585691e-01 0.00000000e+00
3.27922540e-01 0.00000000e+00
3.28259389e-01 0.00000000e+00
3.28596238e-01 0.00000000e+00
3.28933087e-01 0.00000000e+00
3.29269936e-01 0.00000000e+00
3.29606785e-01 0.00000000e+00
3.29943634e-01 0.00000000e+00
3.30280483e-01 0.00000000e+00
3.30617332e-01 0.00000000e+00
3.30954181e-01 0.00000000e+00
3.31291030e-01 0.00000000e+00
3.31627879e-01 0.00000000e+00
3.31964728e-01 0.00000000e+00
3.32301577e-01 0.00000000e+00
3.32638426e-01 0.00000000e+00
3.32975275e-01 0.00000000e+00
3.33312124e-01 0.00000000e+00
3.33648973e-01 0.00000000e+00
3.33985823e-01 0.00000000e+00
3.34322672e-01 0.00000000e+00
3.34659521e-01 0.00000000e+00
3.34996370e-01 0.00000000e+00
3.35333219e-01 0.00000000e+00
3.35670068e-01 0.00000000e+00
3.36006917e-01 0.00000000e+00
3.36343766e-01 0.00000000e+00
3.36680615e-01 0.00000000e+00
3.37017464e-01 0.00000000e+00
3.37354313e-01 0.00000000e+00
3.37691162e-01 0.00000000e+00
3.38028011e-01 0.00000000e+00
3.38364860e-01 0.00000000e+00
3.38701709e-01 0.00000000e+00
3.39038558e-01 0.00000000e+00
3.39375407e-01 0.00000000e+00
3.39712256e-01 0.00000000e+00
3.40049105e-01 0.00000000e+00
3.40385954e-01 0.00000000e+00
3.40722803e-01 0.00000000e+00
3.41059652e-01 0.00000000e+00
3.41396501e-01 0.00000000e+00
3.41733350e-01 0.00000000e+00
3.42070199e-01 0.00000000e+00
3.42407048e-01 0.00000000e+00
3.42743898e-01 0.00000000e+00
3.43080747e-01 0.00000000e+00
3.43417596e-01 0.00000000e+00
3.43754445e-01 0.00000000e+00
3.44091294e-01 0.00000000e+00
3.44428143e-01 0.00000000e+00
3.44764992e-01 0.00000000e+00
3.45101841e-01 0.00000000e+00
3.45438690e-01 0.00000000e+00
3.45775539e-01 0.00000000e+00
3.46112388e-01 0.00000000e+00
3.46449237e-01 0.00000000e+00
3.46786086e-01 0.00000000e+00
3.47122935e-01 0.00000000e+00
3.47459784e-01 0.00000000e+00
3.47796633e-01 0.00000000e+00
3.48133482e-01 0.00000000e+00
3.48470331e-01 0.00000000e+00
3.48807180e-01 0.00000000e+00
3.49144029e-01 0.00000000e+00
3.49480878e-01 0.00000000e+00
3.49817727e-01 0.00000000e+00
3.50154576e-01 0.00000000e+00
3.50491425e-01 0.00000000e+00
3.50828274e-01 0.00000000e+00
3.51165124e-01 0.00000000e+00
3.51501973e-01 0.00000000e+00
3.51838822e-01 0.00000000e+00
3.52175671e-01 0.00000000e+00
3.52512520e-01 0.00000000e+00
3.52849369e-01 0.00000000e+00
3.53186218e-01 0.00000000e+00
3.53523067e-01 0.00000000e+00
3.53859916e-01 0.00000000e+00
3.54196765e-01 0.00000000e+00
3.54533614e-01 0.00000000e+00
3.54870463e-01 0.00000000e+00
3.55207312e-01 0.00000000e+00
3.55544161e-01 0.00000000e+00
3.55881010e-01 0.00000000e+00
3.56217859e-01 0.00000000e+00
3.56554708e-01 0.00000000e+00
3.56891557e-01 0.00000000e+00
3.57228406e-01 0.00000000e+00
3.57565255e-01 0.00000000e+00
3.57902104e-01 0.00000000e+00
3.58238953e-01 0.00000000e+00
3.58575802e-01 0.00000000e+00
3.58912651e-01 0.00000000e+00
3.59249500e-01 0.00000000e+00
3.59586350e-01 0.00000000e+00
3.59923199e-01 0.00000000e+00
3.60260048e-01 0.00000000e+00
3.60596897e-01 0.00000000e+00
3.60933746e-01 0.00000000e+00
3.61270595e-01 0.00000000e+00
3.61607444e-01 0.00000000e+00
3.61944293e-01 0.00000000e+00
3.62281142e-01 0.00000000e+00
3.62617991e-01 0.00000000e+00
3.62954840e-01 0.00000000e+00
3.63291689e-01 0.00000000e+00
3.63628538e-01 0.00000000e+00
3.63965387e-01 0.00000000e+00
3.64302236e-01 0.00000000e+00
3.64639085e-01 0.00000000e+00
3.64975934e-01 0.00000000e+00
3.65312783e-01 0.00000000e+00
3.65649632e-01 0.00000000e+00
3.65986481e-01 0.00000000e+00
3.66323330e-01 0.00000000e+00
3.66660179e-01 0.00000000e+00
3.66997028e-01 0.00000000e+00
3.67333877e-01 0.00000000e+00
3.67670726e-01 0.00000000e+00
3.68007575e-01 0.00000000e+00
3.68344425e-01 0.00000000e+00
3.68681274e-01 0.00000000e+00
3.69018123e-01 0.00000000e+00
3.69354972e-01 0.00000000e+00
3.69691821e-01 0.00000000e+00
3.70028670e-01 0.00000000e+00
3.70365519e-01 0.00000000e+00
3.70702368e-01 0.00000000e+00
3.71039217e-01 0.00000000e+00
3.71376066e-01 0.00000000e+00
3.71712915e-01 0.00000000e+00
3.72049764e-01 0.00000000e+00
3.72386613e-01 0.00000000e+00
3.72723462e-01 0.00000000e+00
3.73060311e-01 0.00000000e+00
3.73397160e-01 0.00000000e+00
3.73734009e-01 0.00000000e+00
3.74070858e-01 0.00000000e+00
3.74407707e-01 0.00000000e+00
3.74744556e-01 0.00000000e+00
3.75081405e-01 0.00000000e+00
3.75418254e-01 0.00000000e+00
3.75755103e-01 0.00000000e+00
3.76091952e-01 0.00000000e+00
3.76428801e-01 0.00000000e+00
3.76765651e-01 0.00000000e+00
3.77102500e-01 0.00000000e+00
3.77439349e-01 0.00000000e+00
3.77776198e-01 0.00000000e+00
3.78113047e-01 0.00000000e+00
3.78449896e-01 0.00000000e+00
3.78786745e-01 0.00000000e+00
3.79123594e-01 0.00000000e+00
3.79460443e-01 0.00000000e+00
3.79797292e-01 0.00000000e+00
3.80134141e-01 0.00000000e+00
3.80470990e-01 0.00000000e+00
3.80807839e-01 0.00000000e+00
3.81144688e-01 0.00000000e+00
3.81481537e-01 0.00000000e+00
3.81818386e-01 0.00000000e+00
3.82155235e-01 0.00000000e+00
3.82492084e-01 0.00000000e+00
3.82828933e-01 0.00000000e+00
3.83165782e-01 0.00000000e+00
3.83502631e-01 0.00000000e+00
3.83839480e-01 0.00000000e+00
3.84176329e-01 0.00000000e+00
3.84513178e-01 0.00000000e+00
3.84850027e-01 0.00000000e+00
3.85186876e-01 0.00000000e+00
3.85523726e-01 0.00000000e+00
3.85860575e-01 0.00000000e+00
3.86197424e-01 0.00000000e+00
3.86534273e-01 0.00000000e+00
3.86871122e-01 0.00000000e+00
3.87207971e-01 0.00000000e+00
3.87544820e-01 0.00000000e+00
3.87881669e-01 0.00000000e+00
3.88218518e-01 0.00000000e+00
3.88555367e-01 0.00000000e+00
3.88892216e-01 0.00000000e+00
3.89229065e-01 0.00000000e+00
3.89565914e-01 0.00000000e+00
3.89902763e-01 0.00000000e+00
3.90239612e-01 0.00000000e+00
3.90576461e-01 0.00000000e+00
3.90913310e-01 0.00000000e+00
3.91250159e-01 0.00000000e+00
3.91587008e-01 0.00000000e+00
3.91923857e-01 0.00000000e+00
3.92260706e-01 0.00000000e+00
3.92597555e-01 0.00000000e+00
3.92934404e-01 0.00000000e+00
3.93271253e-01 0.00000000e+00
3.93608102e-01 0.00000000e+00
3.93944952e-01 0.00000000e+00
3.94281801e-01 0.00000000e+00
3.94618650e-01 0.00000000e+00
3.94955499e-01 0.00000000e+00
3.95292348e-01 0.00000000e+00
3.95629197e-01 0.00000000e+00
3.95966046e-01 0.00000000e+00
3.96302895e-01 0.00000000e+00
3.96639744e-01 0.00000000e+00
3.96976593e-01 0.00000000e+00
3.97313442e-01 0.00000000e+00
3.97650291e-01 0.00000000e+00
3.97987140e-01 0.00000000e+00
3.98323989e-01 0.00000000e+00
3.98660838e-01 0.00000000e+00
3.98997687e-01 0.00000000e+00
3.99334536e-01 0.00000000e+00
3.99671385e-01 0.00000000e+00
4.00008234e-01 0.00000000e+00
4.00345083e-01 0.00000000e+00
4.00681932e-01 0.00000000e+00
4.01018781e-01 0.00000000e+00
4.01355630e-01 0.00000000e+00
4.01692479e-01 0.00000000e+00
4.02029328e-01 0.00000000e+00
4.02366178e-01 0.00000000e+00
4.02703027e-01 0.00000000e+00
4.03039876e-01 0.00000000e+00
4.03376725e-01 0.00000000e+00
4.03713574e-01 0.00000000e+00
4.04050423e-01 0.00000000e+00
4.04387272e-01 0.00000000e+00
4.04724121e-01 0.00000000e+00
4.05060970e-01 0.00000000e+00
4.05397819e-01 0.00000000e+00
4.05734668e-01 0.00000000e+00
4.06071517e-01 0.00000000e+00
4.06408366e-01 0.00000000e+00
4.06745215e-01 0.00000000e+00
4.07082064e-01 0.00000000e+00
4.07418913e-01 0.00000000e+00
4.07755762e-01 0.00000000e+00
4.08092611e-01 0.00000000e+00
4.08429460e-01 0.00000000e+00
4.08766309e-01 0.00000000e+00
4.09103158e-01 0.00000000e+00
4.09440007e-01 0.00000000e+00
4.09776856e-01 0.00000000e+00
4.10113705e-01 0.00000000e+00
4.10450554e-01 0.00000000e+00
4.10787403e-01 0.00000000e+00
4.11124253e-01 0.00000000e+00
4.11461102e-01 0.00000000e+00
4.11797951e-01 0.00000000e+00
4.12134800e-01 0.00000000e+00
4.12471649e-01 0.00000000e+00
4.12808498e-01 0.00000000e+00
4.13145347e-01 0.00000000e+00
4.13482196e-01 0.00000000e+00
4.13819045e-01 0.00000000e+00
4.14155894e-01 0.00000000e+00
4.14492743e-01 0.00000000e+00
4.14829592e-01 0.00000000e+00
4.15166441e-01 0.00000000e+00
4.15503290e-01 0.00000000e+00
4.15840139e-01 0.00000000e+00
4.16176988e-01 0.00000000e+00
4.16513837e-01 0.00000000e+00
4.16850686e-01 0.00000000e+00
4.17187535e-01 0.00000000e+00
4.17524384e-01 0.00000000e+00
4.17861233e-01 0.00000000e+00
4.18198082e-01 0.00000000e+00
4.18534931e-01 0.00000000e+00
4.18871780e-01 0.00000000e+00
4.19208629e-01 0.00000000e+00
4.19545479e-01 0.00000000e+00
4.19882328e-01 0.00000000e+00
4.20219177e-01 0.00000000e+00
4.20556026e-01 0.00000000e+00
4.20892875e-01 0.00000000e+00
4.21229724e-01 0.00000000e+00
4.21566573e-01 0.00000000e+00
4.21903422e-01 0.00000000e+00
4.22240271e-01 0.00000000e+00
4.22577120e-01 0.00000000e+00
4.22913969e-01 0.00000000e+00
4.23250818e-01 0.00000000e+00
4.23587667e-01 0.00000000e+00
4.23924516e-01 0.00000000e+00
4.24261365e-01 0.00000000e+00
4.24598214e-01 0.00000000e+00
4.24935063e-01 0.00000000e+00
4.25271912e-01 0.00000000e+00
4.25608761e-01 0.00000000e+00
4.25945610e-01 0.00000000e+00
4.26282459e-01 0.00000000e+00
4.26619308e-01 0.00000000e+00
4.26956157e-01 0.00000000e+00
4.27293006e-01 0.00000000e+00
4.27629855e-01 0.00000000e+00
4.27966704e-01 0.00000000e+00
4.28303554e-01 0.00000000e+00
4.28640403e-01 0.00000000e+00
4.28977252e-01 0.00000000e+00
4.29314101e-01 0.00000000e+00
4.29650950e-01 0.00000000e+00
4.29987799e-01 0.00000000e+00
4.30324648e-01 0.00000000e+00
4.30661497e-01 0.00000000e+00
4.30998346e-01 0.00000000e+00
4.31335195e-01 0.00000000e+00
4.31672044e-01 0.00000000e+00
4.32008893e-01 0.00000000e+00
4.32345742e-01 0.00000000e+00
4.32682591e-01 0.00000000e+00
4.33019440e-01 0.00000000e+00
4.33356289e-01 0.00000000e+00
4.33693138e-01 0.00000000e+00
4.34029987e-01 0.00000000e+00
4.34366836e-01 0.00000000e+00
4.34703685e-01 0.00000000e+00
4.35040534e-01 0.00000000e+00
4.35377383e-01 0.00000000e+00
4.35714232e-01 0.00000000e+00
4.36051081e-01 0.00000000e+00
4.36387930e-01 0.00000000e+00
4.36724780e-01 0.00000000e+00
4.37061629e-01 0.00000000e+00
4.37398478e-01 0.00000000e+00
4.37735327e-01 0.00000000e+00
4.38072176e-01 0.00000000e+00
4.38409025e-01 0.00000000e+00
4.38745874e-01 0.00000000e+00
4.39082723e-01 0.00000000e+00
4.39419572e-01 0.00000000e+00
4.39756421e-01 0.00000000e+00
4.40093270e-01 0.00000000e+00
4.40430119e-01 0.00000000e+00
4.40766968e-01 0.00000000e+00
4.41103817e-01 0.00000000e+00
4.41440666e-01 0.00000000e+00
4.41777515e-01 0.00000000e+00
4.42114364e-01 0.00000000e+00
4.42451213e-01 0.00000000e+00
4.42788062e-01 0.00000000e+00
4.43124911e-01 0.00000000e+00
4.43461760e-01 0.00000000e+00
4.43798609e-01 0.00000000e+00
4.44135458e-01 0.00000000e+00
4.44472307e-01 0.00000000e+00
4.44809156e-01 0.00000000e+00
4.45146006e-01 0.00000000e+00
4.45482855e-01 0.00000000e+00
4.45819704e-01 0.00000000e+00
4.46156553e-01 0.00000000e+00
4.46493402e-01 0.00000000e+00
4.46830251e-01 0.00000000e+00
4.47167100e-01 0.00000000e+00
4.47503949e-01 0.00000000e+00
4.47840798e-01 0.00000000e+00
4.48177647e-01 0.00000000e+00
4.48514496e-01 0.00000000e+00
4.48851345e-01 0.00000000e+00
4.49188194e-01 0.00000000e+00
4.49525043e-01 0.00000000e+00
4.49861892e-01 0.00000000e+00
4.50198741e-01 0.00000000e+00
4.50535590e-01 0.00000000e+00
4.50872439e-01 0.00000000e+00
4.51209288e-01 0.00000000e+00
4.51546137e-01 0.00000000e+00
4.51882986e-01 0.00000000e+00
4.52219835e-01 0.00000000e+00
4.52556684e-01 0.00000000e+00
4.52893533e-01 0.00000000e+00
4.53230382e-01 0.00000000e+00
4.53567231e-01 0.00000000e+00
4.53904081e-01 0.00000000e+00
4.54240930e-01 0.00000000e+00
4.54577779e-01 0.00000000e+00
4.54914628e-01 0.00000000e+00
4.55251477e-01 0.00000000e+00
4.55588326e-01 0.00000000e+00
4.55925175e-01 0.00000000e+00
4.56262024e-01 0.00000000e+00
4.56598873e-01 0.00000000e+00
4.56935722e-01 0.00000000e+00
4.57272571e-01 0.00000000e+00
4.57609420e-01 0.00000000e+00
4.57946269e-01 0.00000000e+00
4.58283118e-01 0.00000000e+00
4.58619967e-01 0.00000000e+00
4.58956816e-01 0.00000000e+00
4.59293665e-01 0.00000000e+00
4.59630514e-01 0.00000000e+00
4.59967363e-01 0.00000000e+00
4.60304212e-01 0.00000000e+00
4.60641061e-01 0.00000000e+00
4.60977910e-01 0.00000000e+00
4.61314759e-01 0.00000000e+00
4.61651608e-01 0.00000000e+00
4.61988457e-01 0.00000000e+00
4.62325307e-01 0.00000000e+00
4.62662156e-01 0.00000000e+00
4.62999005e-01 0.00000000e+00
4.63335854e-01 0.00000000e+00
4.63672703e-01 0.00000000e+00
4.64009552e-01 0.00000000e+00
4.64346401e-01 0.00000000e+00
4.64683250e-01 0.00000000e+00
4.65020099e-01 0.00000000e+00
4.65356948e-01 0.00000000e+00
4.65693797e-01 0.00000000e+00
4.66030646e-01 0.00000000e+00
4.66367495e-01 0.00000000e+00
4.66704344e-01 0.00000000e+00
4.67041193e-01 0.00000000e+00
4.67378042e-01 0.00000000e+00
4.67714891e-01 0.00000000e+00
4.68051740e-01 0.00000000e+00
4.68388589e-01 0.00000000e+00
4.68725438e-01 0.00000000e+00
4.69062287e-01 0.00000000e+00
4.69399136e-01 0.00000000e+00
4.69735985e-01 0.00000000e+00
4.70072834e-01 0.00000000e+00
4.70409683e-01 0.00000000e+00
4.70746532e-01 0.00000000e+00
4.71083382e-01 0.00000000e+00
4.71420231e-01 0.00000000e+00
4.71757080e-01 0.00000000e+00
4.72093929e-01 0.00000000e+00
4.72430778e-01 0.00000000e+00
4.72767627e-01 0.00000000e+00
4.73104476e-01 0.00000000e+00
4.73441325e-01 0.00000000e+00
4.73778174e-01 0.00000000e+00
4.74115023e-01 0.00000000e+00
4.74451872e-01 0.00000000e+00
4.74788721e-01 0.00000000e+00
4.75125570e-01 0.00000000e+00
4.75462419e-01 0.00000000e+00
4.75799268e-01 0.00000000e+00
4.76136117e-01 0.00000000e+00
4.76472966e-01 0.00000000e+00
4.76809815e-01 0.00000000e+00
4.77146664e-01 0.00000000e+00
4.77483513e-01 0.00000000e+00
4.77820362e-01 0.00000000e+00
4.78157211e-01 0.00000000e+00
4.78494060e-01 0.00000000e+00
4.78830909e-01 0.00000000e+00
4.79167758e-01 0.00000000e+00
4.79504608e-01 0.00000000e+00
4.79841457e-01 0.00000000e+00
4.80178306e-01 0.00000000e+00
4.80515155e-01 0.00000000e+00
4.80852004e-01 0.00000000e+00
4.81188853e-01 0.00000000e+00
4.81525702e-01 0.00000000e+00
4.81862551e-01 0.00000000e+00
4.82199400e-01 0.00000000e+00
4.82536249e-01 0.00000000e+00
4.82873098e-01 0.00000000e+00
4.83209947e-01 0.00000000e+00
4.83546796e-01 0.00000000e+00
4.83883645e-01 0.00000000e+00
4.84220494e-01 0.00000000e+00
4.84557343e-01 0.00000000e+00
4.84894192e-01 0.00000000e+00
4.85231041e-01 0.00000000e+00
4.85567890e-01 0.00000000e+00
4.85904739e-01 0.00000000e+00
4.86241588e-01 0.00000000e+00
4.86578437e-01 0.00000000e+00
4.86915286e-01 0.00000000e+00
4.87252135e-01 0.00000000e+00
4.87588984e-01 0.00000000e+00
4.87925833e-01 0.00000000e+00
4.88262683e-01 0.00000000e+00
4.88599532e-01 0.00000000e+00
4.88936381e-01 0.00000000e+00
4.89273230e-01 0.00000000e+00
4.89610079e-01 0.00000000e+00
4.89946928e-01 0.00000000e+00
4.90283777e-01 0.00000000e+00
4.90620626e-01 0.00000000e+00
4.90957475e-01 0.00000000e+00
4.91294324e-01 0.00000000e+00
4.91631173e-01 0.00000000e+00
4.91968022e-01 0.00000000e+00
4.92304871e-01 0.00000000e+00
4.92641720e-01 0.00000000e+00
4.92978569e-01 0.00000000e+00
4.93315418e-01 0.00000000e+00
4.93652267e-01 0.00000000e+00
4.93989116e-01 0.00000000e+00
4.94325965e-01 0.00000000e+00
4.94662814e-01 0.00000000e+00
4.94999663e-01 0.00000000e+00
4.95336512e-01 0.00000000e+00
4.95673361e-01 0.00000000e+00
4.96010210e-01 0.00000000e+00
4.96347059e-01 0.00000000e+00
4.96683909e-01 0.00000000e+00
4.97020758e-01 0.00000000e+00
4.97357607e-01 0.00000000e+00
4.97694456e-01 0.00000000e+00
4.98031305e-01 0.00000000e+00
4.98368154e-01 0.00000000e+00
4.98705003e-01 0.00000000e+00
4.99041852e-01 0.00000000e+00
4.99378701e-01 0.00000000e+00
4.99715550e-01 0.00000000e+00
5.00052399e-01 0.00000000e+00
0.00000000e+00 1.68424520e-04
0.00000000e+00 5.05273559e-04
0.00000000e+00 8.42122598e-04
0.00000000e+00 1.17897164e-03
0.00000000e+00 1.51582068e-03
0.00000000e+00 1.85266972e-03
0.00000000e+00 2.18951876e-03
0.00000000e+00 2.52636780e-03
0.00000000e+00 2.86321683e-03
0.00000000e+00 3.20006587e-03
0.00000000e+00 3.53691491e-03
0.00000000e+00 3.87376395e-03
0.00000000e+00 4.21061299e-03
0.00000000e+00 4.54746203e-03
0.00000000e+00 4.88431107e-03
0.00000000e+00 5.22116011e-03
0.00000000e+00 5.55800915e-03
0.00000000e+00 5.89485819e-03
0.00000000e+00 6.23170723e-03
0.00000000e+00 6.56855627e-03
0.00000000e+00 6.90540531e-03
0.00000000e+00 7.24225435e-03
0.00000000e+00 7.57910339e-03
0.00000000e+00 7.91595242e-03
0.00000000e+00 8.25280146e-03
0.00000000e+00 8.58965050e-03
0.00000000e+00 8.92649954e-03
0.00000000e+00 9.26334858e-03
0.00000000e+00 9.60019762e-03
0.00000000e+00 9.93704666e-03
0.00000000e+00 1.02738957e-02
0.00000000e+00 1.06107447e-02
0.00000000e+00 1.09475938e-02
0.00000000e+00 1.12844428e-02
0.00000000e+00 1.16212919e-02
0.00000000e+00 1.19581409e-02
0.00000000e+00 1.22949899e-02
0.00000000e+00 1.26318390e-02
0.00000000e+00 1.29686880e-02
0.00000000e+00 1.33055371e-02
0.00000000e+00 1.36423861e-02
0.00000000e+00 1.39792351e-02
0.00000000e+00 1.43160842e-02
0.00000000e+00 1.46529332e-02
0.00000000e+00 1.49897823e-02
0.00000000e+00 1.53266313e-02
0.00000000e+00 1.56634803e-02
0.00000000e+00 1.60003294e-02
0.00000000e+00 1.63371784e-02
0.00000000e+00 1.66740274e-02
0.00000000e+00 1.70108765e-02
0.00000000e+00 1.73477255e-02
0.00000000e+00 1.76845746e-02
0.00000000e+00 1.80214236e-02
0.00000000e+00 1.83582726e-02
0.00000000e+00 1.86951217e-02
0.00000000e+00 1.90319707e-02
0.00000000e+00 1.93688198e-02
0.00000000e+00 1.97056688e-02
0.00000000e+00 2.00425178e-02
0.00000000e+00 2.03793669e-02
0.00000000e+00 2.07162159e-02
0.00000000e+00 2.10530650e-02
0.00000000e+00 2.13899140e-02
0.00000000e+00 2.17267630e-02
0.00000000e+00 2.20636121e-02
0.00000000e+00 2.24004611e-02
0.00000000e+00 2.27373102e-02
0.00000000e+00 2.30741592e-02
0.00000000e+00 2.34110082e-02
0.00000000e+00 2.37478573e-02
0.00000000e+00 2.40847063e-02
0.00000000e+00 2.44215554e-02
0.00000000e+00 2.47584044e-02
0.00000000e+00 2.50952534e-02
0.00000000e+00 2.54321025e-02
0.00000000e+00 2.57689515e-02
0.00000000e+00 2.61058005e-02
0.00000000e+00 2.64426496e-02
0.00000000e+00 2.67794986e-02
0.00000000e+00 2.71163477e-02
0.00000000e+00 2.74531967e-02
0.00000000e+00 2.77900457e-02
0.00000000e+00 2.81268948e-02
0.00000000e+00 2.84637438e-02
0.00000000e+00 2.88005929e-02
0.00000000e+00 2.91374419e-02
0.00000000e+00 2.94742909e-02
0.00000000e+00 2.98111400e-02
0.00000000e+00 3.01479890e-02
0.00000000e+00 3.04848381e-02
0.00000000e+00 3.08216871e-02
0.00000000e+00 3.11585361e-02
0.00000000e+00 3.14953852e-02
0.00000000e+00 3.18322342e-02
0.00000000e+00 3.21690833e-02
0.00000000e+00 3.25059323e-02
0.00000000e+00 3.28427813e-02
0.00000000e+00 3.31796304e-02
0.00000000e+00 3.35164794e-02
0.00000000e+00 3.38533285e-02
0.00000000e+00 3.41901775e-02
0.00000000e+00 3.45270265e-02
0.00000000e+00 3.48638756e-02
0.00000000e+00 3.52007246e-02
0.00000000e+00 3.55375737e-02
0.00000000e+00 3.58744227e-02
0.00000000e+00 3.62112717e-02
0.00000000e+00 3.65481208e-02
0.00000000e+00 3.68849698e-02
0.00000000e+00 3.72218188e-02
0.00000000e+00 3.75586679e-02
0.00000000e+00 3.78955169e-02
0.00000000e+00 3.82323660e-02
0.00000000e+00 3.85692150e-02
0.00000000e+00 3.89060640e-02
0.00000000e+00 3.92429131e-02
0.00000000e+00 3.95797621e-02
0.00000000e+00 3.99166112e-02
0.00000000e+00 4.02534602e-02
0.00000000e+00 4.05903092e-02
0.00000000e+00 4.09271583e-02
0.00000000e+00 4.12640073e-02
0.00000000e+00 4.16008564e-02
0.00000000e+00 4.19377054e-02
0.00000000e+00 4.22745544e-02
0.00000000e+00 4.26114035e-02
0.00000000e+00 4.29482525e-02
0.00000000e+00 4.32851016e-02
0.00000000e+00 4.36219506e-02
0.00000000e+00 4.39587996e-02
0.00000000e+00 4.42956487e-02
0.00000000e+00 4.46324977e-02
0.00000000e+00 4.49693468e-02
0.00000000e+00 4.53061958e-02
0.00000000e+00 4.56430448e-02
0.00000000e+00 4.59798939e-02
0.00000000e+00 4.63167429e-02
0.00000000e+00 4.66535919e-02
0.00000000e+00 4.69904410e-02
0.00000000e+00 4.73272900e-02
0.00000000e+00 4.76641391e-02
0.00000000e+00 4.80009881e-02
0.00000000e+00 4.83378371e-02
0.00000000e+00 4.86746862e-02
0.00000000e+00 4.90115352e-02
0.00000000e+00 4.93483843e-02
0.00000000e+00 4.96852333e-02
0.00000000e+00 5.00220823e-02
0.00000000e+00 5.03589314e-02
0.00000000e+00 5.06957804e-02
0.00000000e+00 5.10326295e-02
0.00000000e+00 5.13694785e-02
0.00000000e+00 5.17063275e-02
0.00000000e+00 5.20431766e-02
0.00000000e+00 5.23800256e-02
0.00000000e+00 5.27168747e-02
0.00000000e+00 5.30537237e-02
0.00000000e+00 5.33905727e-02
0.00000000e+00 5.37274218e-02
0.00000000e+00 5.40642708e-02
0.00000000e+00 5.44011199e-02
0.00000000e+00 5.47379689e-02
0.00000000e+00 5.50748179e-02
0.00000000e+00 5.54116670e-02
0.00000000e+00 5.57485160e-02
0.00000000e+00 5.60853651e-02
0.00000000e+00 5.64222141e-02
0.00000000e+00 5.67590631e-02
0.00000000e+00 5.70959122e-02
0.00000000e+00 5.74327612e-02
0.00000000e+00 5.77696102e-02
0.00000000e+00 5.81064593e-02
0.00000000e+00 5.84433083e-02
0.00000000e+00 5.87801574e-02
0.00000000e+00 5.91170064e-02
0.00000000e+00 5.94538554e-02
0.00000000e+00 5.97907045e-02
0.00000000e+00 6.01275535e-02
0.00000000e+00 6.04644026e-02
0.00000000e+00 6.08012516e-02
0.00000000e+00 6.11381006e-02
0.00000000e+00 6.14749497e-02
0.00000000e+00 6.18117987e-02
0.00000000e+00 6.21486478e-02
0.00000000e+00 6.24854968e-02
0.00000000e+00 6.28223458e-02
0.00000000e+00 6.31591949e-02
0.00000000e+00 6.34960439e-02
0.00000000e+00 6.38328930e-02
0.00000000e+00 6.41697420e-02
0.00000000e+00 6.45065910e-02
0.00000000e+00 6.48434401e-02
0.00000000e+00 6.51802891e-02
0.00000000e+00 6.55171382e-02
0.00000000e+00 6.58539872e-02
0.00000000e+00 6.61908362e-02
0.00000000e+00 6.65276853e-02
0.00000000e+00 6.68645343e-02
0.00000000e+00 6.72013834e-02
0.00000000e+00 6.75382324e-02
0.00000000e+00 6.78750814e-02
0.00000000e+00 6.82119305e-02
0.00000000e+00 6.85487795e-02
0.00000000e+00 6.88856285e-02
0.00000000e+00 6.92224776e-02
0.00000000e+00 6.95593266e-02
0.00000000e+00 6.98961757e-02
0.00000000e+00 7.02330247e-02
0.00000000e+00 7.05698737e-02
0.00000000e+00 7.09067228e-02
0.00000000e+00 7.12435718e-02
0.00000000e+00 7.15804209e-02
0.00000000e+00 7.19172699e-02
0.00000000e+00 7.22541189e-02
0.00000000e+00 7.25909680e-02
0.00000000e+00 7.29278170e-02
0.00000000e+00 7.32646661e-02
0.00000000e+00 7.36015151e-02
0.00000000e+00 7.39383641e-02
0.00000000e+00 7.42752132e-02
0.00000000e+00 7.46120622e-02
0.00000000e+00 7.49489113e-02
0.00000000e+00 7.52857603e-02
0.00000000e+00 7.56226093e-02
0.00000000e+00 7.59594584e-02
0.00000000e+00 7.62963074e-02
0.00000000e+00 7.66331565e-02
0.00000000e+00 7.69700055e-02
0.00000000e+00 7.73068545e-02
0.00000000e+00 7.76437036e-02
0.00000000e+00 7.79805526e-02
0.00000000e+00 7.83174016e-02
0.00000000e+00 7.86542507e-02
0.00000000e+00 7.89910997e-02
0.00000000e+00 7.93279488e-02
0.00000000e+00 7.96647978e-02
0.00000000e+00 8.00016468e-02
0.00000000e+00 8.03384959e-02
0.00000000e+00 8.06753449e-02
0.00000000e+00 8.10121940e-02
0.00000000e+00 8.13490430e-02
0.00000000e+00 8.16858920e-02
0.00000000e+00 8.20227411e-02
0.00000000e+00 8.23595901e-02
0.00000000e+00 8.26964392e-02
0.00000000e+00 8.30332882e-02
0.00000000e+00 8.33701372e-02
0.00000000e+00 8.37069863e-02
0.00000000e+00 8.40438353e-02
0.00000000e+00 8.43806844e-02
0.00000000e+00 8.47175334e-02
0.00000000e+00 8.50543824e-02
0.00000000e+00 8.53912315e-02
0.00000000e+00 8.57280805e-02
0.00000000e+00 8.60649296e-02
0.00000000e+00 8.64017786e-02
0.00000000e+00 8.67386276e-02
0.00000000e+00 8.70754767e-02
0.00000000e+00 8.74123257e-02
0.00000000e+00 8.77491748e-02
0.00000000e+00 8.80860238e-02
0.00000000e+00 8.84228728e-02
0.00000000e+00 8.87597219e-02
0.00000000e+00 8.90965709e-02
0.00000000e+00 8.94334199e-02
0.00000000e+00 8.97702690e-02
0.00000000e+00 9.01071180e-02
0.00000000e+00 9.04439671e-02
0.00000000e+00 9.07808161e-02
0.00000000e+00 9.11176651e-02
0.00000000e+00 9.14545142e-02
0.00000000e+00 9.17913632e-02
0.00000000e+00 9.21282123e-02
0.00000000e+00 9.24650613e-02
0.00000000e+00 9.28019103e-02
0.00000000e+00 9.31387594e-02
0.00000000e+00 9.34756084e-02
0.00000000e+00 9.38124575e-02
0.00000000e+00 9.41493065e-02
0.00000000e+00 9.44861555e-02
0.00000000e+00 9.48230046e-02
0.00000000e+00 9.51598536e-02
0.00000000e+00 9.54967027e-02
0.00000000e+00 9.58335517e-02
0.00000000e+00 9.61704007e-02
0.00000000e+00 9.65072498e-02
0.00000000e+00 9.68440988e-02
0.00000000e+00 9.71809479e-02
0.00000000e+00 9.75177969e-02
0.00000000e+00 9.78546459e-02
0.00000000e+00 9.81914950e-02
0.00000000e+00 9.85283440e-02
0.00000000e+00 9.88651930e-02
0.00000000e+00 9.92020421e-02
0.00000000e+00 9.95388911e-02
0.00000000e+00 9.98757402e-02
0.00000000e+00 1.00212589e-01
0.00000000e+00 1.00549438e-01
0.00000000e+00 1.00886287e-01
0.00000000e+00 1.01223136e-01
0.00000000e+00 1.01559985e-01
0.00000000e+00 1.01896834e-01
0.00000000e+00 1.02233683e-01
0.00000000e+00 1.02570532e-01
0.00000000e+00 1.02907382e-01
0.00000000e+00 1.03244231e-01
0.00000000e+00 1.03581080e-01
0.00000000e+00 1.03917929e-01
0.00000000e+00 1.04254778e-01
0.00000000e+00 1.04591627e-01
0.00000000e+00 1.04928476e-01
0.00000000e+00 1.05265325e-01
0.00000000e+00 1.05602174e-01
0.00000000e+00 1.05939023e-01
0.00000000e+00 1.06275872e-01
0.00000000e+00 1.06612721e-01
0.00000000e+00 1.06949570e-01
0.00000000e+00 1.07286419e-01
0.00000000e+00 1.07623268e-01
0.00000000e+00 1.07960117e-01
0.00000000e+00 1.08296966e-01
0.00000000e+00 1.08633815e-01
0.00000000e+00 1.08970664e-01
0.00000000e+00 1.09307513e-01
0.00000000e+00 1.09644362e-01
0.00000000e+00 1.09981211e-01
0.00000000e+00 1.10318060e-01
0.00000000e+00 1.10654909e-01
0.00000000e+00 1.10991758e-01
0.00000000e+00 1.11328608e-01
0.00000000e+00 1.11665457e-01
0.00000000e+00 1.12002306e-01
0.00000000e+00 1.12339155e-01
0.00000000e+00 1.12676004e-01
0.00000000e+00 1.13012853e-01
0.00000000e+00 1.13349702e-01
0.00000000e+00 1.13686551e-01
0.00000000e+00 1.14023400e-01
0.00000000e+00 1.14360249e-01
0.00000000e+00 1.14697098e-01
0.00000000e+00 1.15033947e-01
0.00000000e+00 1.15370796e-01
0.00000000e+00 1.15707645e-01
0.00000000e+00 1.16044494e-01
0.00000000e+00 1.16381343e-01
0.00000000e+00 1.16718192e-01
0.00000000e+00 1.17055041e-01
0.00000000e+00 1.17391890e-01
0.00000000e+00 1.17728739e-01
0.00000000e+00 1.18065588e-01
0.00000000e+00 1.18402437e-01
0.00000000e+00 1.18739286e-01
0.00000000e+00 1.19076135e-01
0.00000000e+00 1.19412984e-01
0.00000000e+00 1.19749833e-01
0.00000000e+00 1.20086683e-01
0.00000000e+00 1.20423532e-01
0.00000000e+00 1.20760381e-01
0.00000000e+00 1.21097230e-01
0.00000000e+00 1.21434079e-01
0.00000000e+00 1.21770928e-01
0.00000000e+00 1.22107777e-01
0.00000000e+00 1.22444626e-01
0.00000000e+00 1.22781475e-01
0.00000000e+00 1.23118324e-01
0.00000000e+00 1.23455173e-01
0.00000000e+00 1.23792022e-01
0.00000000e+00 1.24128871e-01
0.00000000e+00 1.24465720e-01
0.00000000e+00 1.24802569e-01
0.00000000e+00 1.25139418e-01
0.00000000e+00 1.25476267e-01
0.00000000e+00 1.25813116e-01
0.00000000e+00 1.26149965e-01
0.00000000e+00 1.26486814e-01
0.00000000e+00 1.26823663e-01
0.00000000e+00 1.27160512e-01
0.00000000e+00 1.27497361e-01
0.00000000e+00 1.27834210e-01
0.00000000e+00 1.28171059e-01
0.00000000e+00 1.28507909e-01
0.00000000e+00 1.28844758e-01
0.00000000e+00 1.29181607e-01
0.00000000e+00 1.29518456e-01
0.00000000e+00 1.29855305e-01
0.00000000e+00 1.30192154e-01
0.00000000e+00 1.30529003e-01
0.00000000e+00 1.30865852e-01
0.00000000e+00 1.31202701e-01
0.00000000e+00 1.31539550e-01
0.00000000e+00 1.31876399e-01
0.00000000e+00 1.32213248e-01
0.00000000e+00 1.32550097e-01
0.00000000e+00 1.32886946e-01
0.00000000e+00 1.33223795e-01
0.00000000e+00 1.33560644e-01
0.00000000e+00 1.33897493e-01
0.00000000e+00 1.34234342e-01
0.00000000e+00 1.34571191e-01
0.00000000e+00 1.34908040e-01
0.00000000e+00 1.35244889e-01
0.00000000e+00 1.35581738e-01
0.00000000e+00 1.35918587e-01
0.00000000e+00 1.36255436e-01
0.00000000e+00 1.36592285e-01
0.00000000e+00 1.36929134e-01
0.00000000e+00 1.37265984e-01
0.00000000e+00 1.37602833e-01
0.00000000e+00 1.37939682e-01
0.00000000e+00 1.38276531e-01
0.00000000e+00 1.38613380e-01
0.00000000e+00 1.38950229e-01
0.00000000e+00 1.39287078e-01
0.00000000e+00 1.39623927e-01
0.00000000e+00 1.39960776e-01
0.00000000e+00 1.40297625e-01
0.00000000e+00 1.40634474e-01
0.00000000e+00 1.40971323e-01
0.00000000e+00 1.41308172e-01
0.00000000e+00 1.41645021e-01
0.00000000e+00 1.41981870e-01
0.00000000e+00 1.42318719e-01
0.00000000e+00 1.42655568e-01
0.00000000e+00 1.42992417e-01
0.00000000e+00 1.43329266e-01
0.00000000e+00 1.43666115e-01
0.00000000e+00 1.44002964e-01
0.00000000e+00 1.44339813e-01
0.00000000e+00 1.44676662e-01
0.00000000e+00 1.45013511e-01
0.00000000e+00 1.45350360e-01
0.00000000e+00 1.45687210e-01
0.00000000e+00 1.46024059e-01
0.00000000e+00 1.46360908e-01
0.00000000e+00 1.46697757e-01
0.00000000e+00 1.47034606e-01
0.00000000e+00 1.47371455e-01
0.00000000e+00 1.47708304e-01
0.00000000e+00 1.48045153e-01
0.00000000e+00 1.48382002e-01
0.00000000e+00 1.48718851e-01
0.00000000e+00 1.49055700e-01
0.00000000e+00 1.49392549e-01
0.00000000e+00 1.49729398e-01
0.00000000e+00 1.50066247e-01
0.00000000e+00 1.50403096e-01
0.00000000e+00 1.50739945e-01
0.00000000e+00 1.51076794e-01
0.00000000e+00 1.51413643e-01
0.00000000e+00 1.51750492e-01
0.00000000e+00 1.52087341e-01
0.00000000e+00 1.52424190e-01
0.00000000e+00 1.52761039e-01
0.00000000e+00 1.53097888e-01
0.00000000e+00 1.53434737e-01
0.00000000e+00 1.53771586e-01
0.00000000e+00 1.54108436e-01
0.00000000e+00 1.54445285e-01
0.00000000e+00 1.54782134e-01
0.00000000e+00 1.55118983e-01
0.00000000e+00 1.55455832e-01
0.00000000e+00 1.55792681e-01
0.00000000e+00 1.56129530e-01
0.00000000e+00 1.56466379e-01
0.00000000e+00 1.56803228e-01
0.00000000e+00 1.57140077e-01
0.00000000e+00 1.57476926e-01
0.00000000e+00 1.57813775e-01
0.00000000e+00 1.58150624e-01
0.00000000e+00 1.58487473e-01
0.00000000e+00 1.58824322e-01
0.00000000e+00 1.59161171e-01
0.00000000e+00 1.59498020e-01
0.00000000e+00 1.59834869e-01
0.00000000e+00 1.60171718e-01
0.00000000e+00 1.60508567e-01
0.00000000e+00 1.60845416e-01
0.00000000e+00 1.61182265e-01
0.00000000e+00 1.61519114e-01
0.00000000e+00 1.61855963e-01
0.00000000e+00 1.62192812e-01
0.00000000e+00 1.62529661e-01
0.00000000e+00 1.62866511e-01
0.00000000e+00 1.63203360e-01
0.00000000e+00 1.63540209e-01
0.00000000e+00 1.63877058e-01
0.00000000e+00 1.64213907e-01
0.00000000e+00 1.64550756e-01
0.00000000e+00 1.64887605e-01
0.00000000e+00 1.65224454e-01
0.00000000e+00 1.65561303e-01
0.00000000e+00 1.65898152e-01
0.00000000e+00 1.66235001e-01
0.00000000e+00 1.66571850e-01
0.00000000e+00 1.66908699e-01
0.00000000e+00 1.67245548e-01
0.00000000e+00 1.67582397e-01
0.00000000e+00 1.67919246e-01
0.00000000e+00 1.68256095e-01
0.00000000e+00 1.68592944e-01
0.00000000e+00 1.68929793e-01
0.00000000e+00 1.69266642e-01
0.00000000e+00 1.69603491e-01
0.00000000e+00 1.69940340e-01
0.00000000e+00 1.70277189e-01
0.00000000e+00 1.70614038e-01
0.00000000e+00 1.70950887e-01
0.00000000e+00 1.71287737e-01
0.00000000e+00 1.71624586e-01
0.00000000e+00 1.71961435e-01
0.00000000e+00 1.72298284e-01
0.00000000e+00 1.72635133e-01
0.00000000e+00 1.72971982e-01
0.00000000e+00 1.73308831e-01
0.00000000e+00 1.73645680e-01
0.00000000e+00 1.73982529e-01
0.00000000e+00 1.74319378e-01
0.00000000e+00 1.74656227e-01
0.00000000e+00 1.74993076e-01
0.00000000e+00 1.75329925e-01
0.00000000e+00 1.75666774e-01
0.00000000e+00 1.76003623e-01
0.00000000e+00 1.76340472e-01
0.00000000e+00 1.76677321e-01
0.00000000e+00 1.77014170e-01
0.00000000e+00 1.77351019e-01
0.00000000e+00 1.77687868e-01
0.00000000e+00 1.78024717e-01
0.00000000e+00 1.78361566e-01
0.00000000e+00 1.78698415e-01
0.00000000e+00 1.79035264e-01
0.00000000e+00 1.79372113e-01
0.00000000e+00 1.79708962e-01
0.00000000e+00 1.80045812e-01
0.00000000e+00 1.80382661e-01
0.00000000e+00 1.80719510e-01
0.00000000e+00 1.81056359e-01
0.00000000e+00 1.81393208e-01
0.00000000e+00 1.81730057e-01
0.00000000e+00 1.82066906e-01
0.00000000e+00 1.82403755e-01
0.00000000e+00 1.82740604e-01
0.00000000e+00 1.83077453e-01
0.00000000e+00 1.83414302e-01
0.00000000e+00 1.83751151e-01
0.00000000e+00 1.84088000e-01
0.00000000e+00 1.84424849e-01
0.00000000e+00 1.84761698e-01
0.00000000e+00 1.85098547e-01
0.00000000e+00 1.85435396e-01
0.00000000e+00 1.85772245e-01
0.00000000e+00 1.86109094e-01
0.00000000e+00 1.86445943e-01
0.00000000e+00 1.86782792e-01
0.00000000e+00 1.87119641e-01
0.00000000e+00 1.87456490e-01
0.00000000e+00 1.87793339e-01
0.00000000e+00 1.88130188e-01
0.00000000e+00 1.88467038e-01
0.00000000e+00 1.88803887e-01
0.00000000e+00 1.89140736e-01
0.00000000e+00 1.89477585e-01
0.00000000e+00 1.89814434e-01
0.00000000e+00 1.90151283e-01
0.00000000e+00 1.90488132e-01
0.00000000e+00 1.90824981e-01
0.00000000e+00 1.91161830e-01
0.00000000e+00 1.91498679e-01
0.00000000e+00 1.91835528e-01
0.00000000e+00 1.92172377e-01
0.00000000e+00 1.92509226e-01
0.00000000e+00 1.92846075e-01
0.00000000e+00 1.93182924e-01
0.00000000e+00 1.93519773e-01
0.00000000e+00 1.93856622e-01
0.00000000e+00 1.94193471e-01
0.00000000e+00 1.94530320e-01
0.00000000e+00 1.94867169e-01
0.00000000e+00 1.95204018e-01
0.00000000e+00 1.95540867e-01
0.00000000e+00 1.95877716e-01
0.00000000e+00 1.96214565e-01
0.00000000e+00 1.96551414e-01
0.00000000e+00 1.96888264e-01
0.00000000e+00 1.97225113e-01
0.00000000e+00 1.97561962e-01
0.00000000e+00 1.97898811e-01
0.00000000e+00 1.98235660e-01
0.00000000e+00 1.98572509e-01
0.00000000e+00 1.98909358e-01
0.00000000e+00 1.99246207e-01
0.00000000e+00 1.99583056e-01
0.00000000e+00 1.99919905e-01
0.00000000e+00 2.00256754e-01
0.00000000e+00 2.00593603e-01
0.00000000e+00 2.00930452e-01
0.00000000e+00 2.01267301e-01
0.00000000e+00 2.01604150e-01
0.00000000e+00 2.01940999e-01
0.00000000e+00 2.02277848e-01
0.00000000e+00 2.02614697e-01
0.00000000e+00 2.02951546e-01
0.00000000e+00 2.03288395e-01
0.00000000e+00 2.03625244e-01
0.00000000e+00 2.03962093e-01
0.00000000e+00 2.04298942e-01
0.00000000e+00 2.04635791e-01
0.00000000e+00 2.04972640e-01
0.00000000e+00 2.05309489e-01
0.00000000e+00 2.05646339e-01
0.00000000e+00 2.05983188e-01
0.00000000e+00 2.06320037e-01
0.00000000e+00 2.06656886e-01
0.00000000e+00 2.06993735e-01
0.00000000e+00 2.07330584e-01
0.00000000e+00 2.07667433e-01
0.00000000e+00 2.08004282e-01
0.00000000e+00 2.08341131e-01
0.00000000e+00 2.08677980e-01
0.00000000e+00 2.09014829e-01
0.00000000e+00 2.09351678e-01
0.00000000e+00 2.09688527e-01
0.00000000e+00 2.10025376e-01
0.00000000e+00 2.10362225e-01
0.00000000e+00 2.10699074e-01
0.00000000e+00 2.11035923e-01
0.00000000e+00 2.11372772e-01
0.00000000e+00 2.11709621e-01
0.00000000e+00 2.12046470e-01
0.00000000e+00 2.12383319e-01
0.00000000e+00 2.12720168e-01
0.00000000e+00 2.13057017e-01
0.00000000e+00 2.13393866e-01
0.00000000e+00 2.13730715e-01
0.00000000e+00 2.14067565e-01
0.00000000e+00 2.14404414e-01
0.00000000e+00 2.14741263e-01
0.00000000e+00 2.15078112e-01
0.00000000e+00 2.15414961e-01
0.00000000e+00 2.15751810e-01
0.00000000e+00 2.16088659e-01
0.00000000e+00 2.16425508e-01
0.00000000e+00 2.16762357e-01
0.00000000e+00 2.17099206e-01
0.00000000e+00 2.17436055e-01
0.00000000e+00 2.17772904e-01
0.00000000e+00 2.18109753e-01
0.00000000e+00 2.18446602e-01
0.00000000e+00 2.18783451e-01
0.00000000e+00 2.19120300e-01
0.00000000e+00 2.19457149e-01
0.00000000e+00 2.19793998e-01
0.00000000e+00 2.20130847e-01
0.00000000e+00 2.20467696e-01
0.00000000e+00 2.20804545e-01
0.00000000e+00 2.21141394e-01
0.00000000e+00 2.21478243e-01
0.00000000e+00 2.21815092e-01
0.00000000e+00 2.22151941e-01
0.00000000e+00 2.22488790e-01
0.00000000e+00 2.22825640e-01
0.00000000e+00 2.23162489e-01
0.00000000e+00 2.23499338e-01
0.00000000e+00 2.23836187e-01
0.00000000e+00 2.24173036e-01
0.00000000e+00 2.24509885e-01
0.00000000e+00 2.24846734e-01
0.00000000e+00 2.25183583e-01
0.00000000e+00 2.25520432e-01
0.00000000e+00 2.25857281e-01
0.00000000e+00 2.26194130e-01
0.00000000e+00 2.26530979e-01
0.00000000e+00 2.26867828e-01
0.00000000e+00 2.27204677e-01
0.00000000e+00 2.27541526e-01
0.00000000e+00 2.27878375e-01
0.00000000e+00 2.28215224e-01
0.00000000e+00 2.28552073e-01
0.00000000e+00 2.28888922e-01
0.00000000e+00 2.29225771e-01
0.00000000e+00 2.29562620e-01
0.00000000e+00 2.29899469e-01
0.00000000e+00 2.30236318e-01
0.00000000e+00 2.30573167e-01
0.00000000e+00 2.30910016e-01
0.00000000e+00 2.31246866e-01
0.00000000e+00 2.31583715e-01
0.00000000e+00 2.31920564e-01
0.00000000e+00 2.32257413e-01
0.00000000e+00 2.32594262e-01
0.00000000e+00 2.32931111e-01
0.00000000e+00 2.33267960e-01
0.00000000e+00 2.33604809e-01
0.00000000e+00 2.33941658e-01
0.00000000e+00 2.34278507e-01
0.00000000e+00 2.34615356e-01
0.00000000e+00 2.34952205e-01
0.00000000e+00 2.35289054e-01
0.00000000e+00 2.35625903e-01
0.00000000e+00 2.35962752e-01
0.00000000e+00 2.36299601e-01
0.00000000e+00 2.36636450e-01
0.00000000e+00 2.36973299e-01
0.00000000e+00 2.37310148e-01
0.00000000e+00 2.37646997e-01
0.00000000e+00 2.37983846e-01
0.00000000e+00 2.38320695e-01
0.00000000e+00 2.38657544e-01
0.00000000e+00 2.38994393e-01
0.00000000e+00 2.39331242e-01
0.00000000e+00 2.39668091e-01
0.00000000e+00 2.40004941e-01
0.00000000e+00 2.40341790e-01
0.00000000e+00 2.40678639e-01
0.00000000e+00 2.41015488e-01
0.00000000e+00 2.41352337e-01
0.00000000e+00 2.41689186e-01
0.00000000e+00 2.42026035e-01
0.00000000e+00 2.42362884e-01
0.00000000e+00 2.42699733e-01
0.00000000e+00 2.43036582e-01
0.00000000e+00 2.43373431e-01
0.00000000e+00 2.43710280e-01
0.00000000e+00 2.44047129e-01
0.00000000e+00 2.44383978e-01
0.00000000e+00 2.44720827e-01
0.00000000e+00 2.45057676e-01
0.00000000e+00 2.45394525e-01
0.00000000e+00 2.45731374e-01
0.00000000e+00 2.46068223e-01
0.00000000e+00 2.46405072e-01
0.00000000e+00 2.46741921e-01
0.00000000e+00 2.47078770e-01
0.00000000e+00 2.47415619e-01
0.00000000e+00 2.47752468e-01
0.00000000e+00 2.48089317e-01
0.00000000e+00 2.48426167e-01
0.00000000e+00 2.48763016e-01
0.00000000e+00 2.49099865e-01
0.00000000e+00 2.49436714e-01
0.00000000e+00 2.49773563e-01
0.00000000e+00 2.50110412e-01
0.00000000e+00 2.50447261e-01
0.00000000e+00 2.50784110e-01
0.00000000e+00 2.51120959e-01
0.00000000e+00 2.51457808e-01
0.00000000e+00 2.51794657e-01
0.00000000e+00 2.52131506e-01
0.00000000e+00 2.52468355e-01
0.00000000e+00 2.52805204e-01
0.00000000e+00 2.53142053e-01
0.00000000e+00 2.53478902e-01
0.00000000e+00 2.53815751e-01
0.00000000e+00 2.54152600e-01
0.00000000e+00 2.54489449e-01
0.00000000e+00 2.54826298e-01
0.00000000e+00 2.55163147e-01
0.00000000e+00 2.55499996e-01
0.00000000e+00 2.55836845e-01
0.00000000e+00 2.56173694e-01
0.00000000e+00 2.56510543e-01
0.00000000e+00 2.56847393e-01
0.00000000e+00 2.57184242e-01
0.00000000e+00 2.57521091e-01
0.00000000e+00 2.57857940e-01
0.00000000e+00 2.58194789e-01
0.00000000e+00 2.58531638e-01
0.00000000e+00 2.58868487e-01
0.00000000e+00 2.59205336e-01
0.00000000e+00 2.59542185e-01
0.00000000e+00 2.59879034e-01
0.00000000e+00 2.60215883e-01
0.00000000e+00 2.60552732e-01
0.00000000e+00 2.60889581e-01
0.00000000e+00 2.61226430e-01
0.00000000e+00 2.61563279e-01
0.00000000e+00 2.61900128e-01
0.00000000e+00 2.62236977e-01
0.00000000e+00 2.62573826e-01
0.00000000e+00 2.62910675e-01
0.00000000e+00 2.63247524e-01
0.00000000e+00 2.63584373e-01
0.00000000e+00 2.63921222e-01
0.00000000e+00 2.64258071e-01
0.00000000e+00 2.64594920e-01
0.00000000e+00 2.64931769e-01
0.00000000e+00 2.65268618e-01
0.00000000e+00 2.65605468e-01
0.00000000e+00 2.65942317e-01
0.00000000e+00 2.66279166e-01
0.00000000e+00 2.66616015e-01
0.00000000e+00 2.66952864e-01
0.00000000e+00 2.67289713e-01
0.00000000e+00 2.67626562e-01
0.00000000e+00 2.67963411e-01
0.00000000e+00 2.68300260e-01
0.00000000e+00 2.68637109e-01
0.00000000e+00 2.68973958e-01
0.00000000e+00 2.69310807e-01
0.00000000e+00 2.69647656e-01
0.00000000e+00 2.69984505e-01
0.00000000e+00 2.70321354e-01
0.00000000e+00 2.70658203e-01
0.00000000e+00 2.70995052e-01
0.00000000e+00 2.71331901e-01
0.00000000e+00 2.71668750e-01
0.00000000e+00 2.72005599e-01
0.00000000e+00 2.72342448e-01
0.00000000e+00 2.72679297e-01
0.00000000e+00 2.73016146e-01
0.00000000e+00 2.73352995e-01
0.00000000e+00 2.73689844e-01
0.00000000e+00 2.74026694e-01
0.00000000e+00 2.74363543e-01
0.00000000e+00 2.74700392e-01
0.00000000e+00 2.75037241e-01
0.00000000e+00 2.75374090e-01
0.00000000e+00 2.75710939e-01
0.00000000e+00 2.76047788e-01
0.00000000e+00 2.76384637e-01
0.00000000e+00 2.76721486e-01
0.00000000e+00 2.77058335e-01
0.00000000e+00 2.77395184e-01
0.00000000e+00 2.77732033e-01
0.00000000e+00 2.78068882e-01
0.00000000e+00 2.78405731e-01
0.00000000e+00 2.78742580e-01
0.00000000e+00 2.79079429e-01
0.00000000e+00 2.79416278e-01
0.00000000e+00 2.79753127e-01
0.00000000e+00 2.80089976e-01
0.00000000e+00 2.80426825e-01
0.00000000e+00 2.80763674e-01
0.00000000e+00 2.81100523e-01
0.00000000e+00 2.81437372e-01
0.00000000e+00 2.81774221e-01
0.00000000e+00 2.82111070e-01
0.00000000e+00 2.82447919e-01
0.00000000e+00 2.82784769e-01
0.00000000e+00 2.83121618e-01
0.00000000e+00 2.83458467e-01
0.00000000e+00 2.83795316e-01
0.00000000e+00 2.84132165e-01
0.00000000e+00 2.84469014e-01
0.00000000e+00 2.84805863e-01
0.00000000e+00 2.85142712e-01
0.00000000e+00 2.85479561e-01
0.00000000e+00 2.85816410e-01
0.00000000e+00 2.86153259e-01
0.00000000e+00 2.86490108e-01
0.00000000e+00 2.86826957e-01
0.00000000e+00 2.87163806e-01
0.00000000e+00 2.87500655e-01
0.00000000e+00 2.87837504e-01
0.00000000e+00 2.88174353e-01
0.00000000e+00 2.88511202e-01
0.00000000e+00 2.88848051e-01
0.00000000e+00 2.89184900e-01
0.00000000e+00 2.89521749e-01
0.00000000e+00 2.89858598e-01
0.00000000e+00 2.90195447e-01
0.00000000e+00 2.90532296e-01
0.00000000e+00 2.90869145e-01
0.00000000e+00 2.91205995e-01
0.00000000e+00 2.91542844e-01
0.00000000e+00 2.91879693e-01
0.00000000e+00 2.92216542e-01
0.00000000e+00 2.92553391e-01
0.00000000e+00 2.92890240e-01
0.00000000e+00 2.93227089e-01
0.00000000e+00 2.93563938e-01
0.00000000e+00 2.93900787e-01
0.00000000e+00 2.94237636e-01
0.00000000e+00 2.94574485e-01
0.00000000e+00 2.94911334e-01
0.00000000e+00 2.95248183e-01
0.00000000e+00 2.95585032e-01
0.00000000e+00 2.95921881e-01
0.00000000e+00 2.96258730e-01
0.00000000e+00 2.96595579e-01
0.00000000e+00 2.96932428e-01
0.00000000e+00 2.97269277e-01
0.00000000e+00 2.97606126e-01
0.00000000e+00 2.97942975e-01
0.00000000e+00 2.98279824e-01
0.00000000e+00 2.98616673e-01
0.00000000e+00 2.98953522e-01
0.00000000e+00 2.99290371e-01
0.00000000e+00 2.99627221e-01
0.00000000e+00 2.99964070e-01
0.00000000e+00 3.00300919e-01
0.00000000e+00 3.00637768e-01
0.00000000e+00 3.00974617e-01
0.00000000e+00 3.01311466e-01
0.00000000e+00 3.01648315e-01
0.00000000e+00 3.01985164e-01
0.00000000e+00 3.02322013e-01
0.00000000e+00 3.02658862e-01
0.00000000e+00 3.02995711e-01
0.00000000e+00 3.03332560e-01
0.00000000e+00 3.03669409e-01
0.00000000e+00 3.04006258e-01
0.00000000e+00 3.04343107e-01
0.00000000e+00 3.04679956e-01
0.00000000e+00 3.05016805e-01
0.00000000e+00 3.05353654e-01
0.00000000e+00 3.05690503e-01
0.00000000e+00 3.06027352e-01
0.00000000e+00 3.06364201e-01
0.00000000e+00 3.06701050e-01
0.00000000e+00 3.07037899e-01
0.00000000e+00 3.07374748e-01
0.00000000e+00 3.07711597e-01
0.00000000e+00 3.08048446e-01
0.00000000e+00 3.08385296e-01
0.00000000e+00 3.08722145e-01
0.00000000e+00 3.09058994e-01
0.00000000e+00 3.09395843e-01
0.00000000e+00 3.09732692e-01
0.00000000e+00 3.10069541e-01
0.00000000e+00 3.10406390e-01
0.00000000e+00 3.10743239e-01
0.00000000e+00 3.11080088e-01
0.00000000e+00 3.11416937e-01
0.00000000e+00 3.11753786e-01
0.00000000e+00 3.12090635e-01
0.00000000e+00 3.12427484e-01
0.00000000e+00 3.12764333e-01
0.00000000e+00 3.13101182e-01
0.00000000e+00 3.13438031e-01
0.00000000e+00 3.13774880e-01
0.00000000e+00 3.14111729e-01
0.00000000e+00 3.14448578e-01
0.00000000e+00 3.14785427e-01
0.00000000e+00 3.15122276e-01
0.00000000e+00 3.15459125e-01
0.00000000e+00 3.15795974e-01
0.00000000e+00 3.16132823e-01
0.00000000e+00 3.16469672e-01
0.00000000e+00 3.16806522e-01
0.00000000e+00 3.17143371e-01
0.00000000e+00 3.17480220e-01
0.00000000e+00 3.17817069e-01
0.00000000e+00 3.18153918e-01
0.00000000e+00 3.18490767e-01
0.00000000e+00 3.18827616e-01
0.00000000e+00 3.19164465e-01
0.00000000e+00 3.19501314e-01
0.00000000e+00 3.19838163e-01
0.00000000e+00 3.20175012e-01
0.00000000e+00 3.20511861e-01
0.00000000e+00 3.20848710e-01
0.00000000e+00 3.21185559e-01
0.00000000e+00 3.21522408e-01
0.00000000e+00 3.21859257e-01
0.00000000e+00 3.22196106e-01
0.00000000e+00 3.22532955e-01
0.00000000e+00 3.22869804e-01
0.00000000e+00 3.23206653e-01
0.00000000e+00 3.23543502e-01
0.00000000e+00 3.23880351e-01
0.00000000e+00 3.24217200e-01
0.00000000e+00 3.24554049e-01
0.00000000e+00 3.24890898e-01
0.00000000e+00 3.25227747e-01
0.00000000e+00 3.25564597e-01
0.00000000e+00 3.25901446e-01
0.00000000e+00 3.26238295e-01
0.00000000e+00 3.26575144e-01
0.00000000e+00 3.26911993e-01
0.00000000e+00 3.27248842e-01
0.00000000e+00 3.27585691e-01
0.00000000e+00 3.27922540e-01
0.00000000e+00 3.28259389e-01
0.00000000e+00 3.28596238e-01
0.00000000e+00 3.28933087e-01
0.00000000e+00 3.29269936e-01
0.00000000e+00 3.29606785e-01
0.00000000e+00 3.29943634e-01
0.00000000e+00 3.30280483e-01
0.00000000e+00 3.30617332e-01
0.00000000e+00 3.30954181e-01
0.00000000e+00 3.31291030e-01
0.00000000e+00 3.31627879e-01
0.00000000e+00 3.31964728e-01
0.00000000e+00 3.32301577e-01
0.00000000e+00 3.32638426e-01
0.00000000e+00 3.32975275e-01
0.00000000e+00 3.33312124e-01
0.00000000e+00 3.33648973e-01
0.00000000e+00 3.33985823e-01
0.00000000e+00 3.34322672e-01
0.00000000e+00 3.34659521e-01
0.00000000e+00 3.34996370e-01
0.00000000e+00 3.35333219e-01
0.00000000e+00 3.35670068e-01
0.00000000e+00 3.36006917e-01
0.00000000e+00 3.36343766e-01
0.00000000e+00 3.36680615e-01
0.00000000e+00 3.37017464e-01
0.00000000e+00 3.37354313e-01
0.00000000e+00 3.37691162e-01
0.00000000e+00 3.38028011e-01
0.00000000e+00 3.38364860e-01
0.00000000e+00 3.38701709e-01
0.00000000e+00 3.39038558e-01
0.00000000e+00 3.39375407e-01
0.00000000e+00 3.39712256e-01
0.00000000e+00 3.40049105e-01
0.00000000e+00 3.40385954e-01
0.00000000e+00 3.40722803e-01
0.00000000e+00 3.41059652e-01
0.00000000e+00 3.41396501e-01
0.00000000e+00 3.41733350e-01
0.00000000e+00 3.42070199e-01
0.00000000e+00 3.42407048e-01
0.00000000e+00 3.42743898e-01
0.00000000e+00 3.43080747e-01
0.00000000e+00 3.43417596e-01
0.00000000e+00 3.43754445e-01
0.00000000e+00 3.44091294e-01
0.00000000e+00 3.44428143e-01
0.00000000e+00 3.44764992e-01
0.00000000e+00 3.45101841e-01
0.00000000e+00 3.45438690e-01
0.00000000e+00 3.45775539e-01
0.00000000e+00 3.46112388e-01
0.00000000e+00 3.46449237e-01
0.00000000e+00 3.46786086e-01
0.00000000e+00 3.47122935e-01
0.00000000e+00 3.47459784e-01
0.00000000e+00 3.47796633e-01
0.00000000e+00 3.48133482e-01
0.00000000e+00 3.48470331e-01
0.00000000e+00 3.48807180e-01
0.00000000e+00 3.49144029e-01
0.00000000e+00 3.49480878e-01
0.00000000e+00 3.49817727e-01
0.00000000e+00 3.50154576e-01
0.00000000e+00 3.50491425e-01
0.00000000e+00 3.50828274e-01
0.00000000e+00 3.51165124e-01
0.00000000e+00 3.51501973e-01
0.00000000e+00 3.51838822e-01
0.00000000e+00 3.52175671e-01
0.00000000e+00 3.52512520e-01
0.00000000e+00 3.52849369e-01
0.00000000e+00 3.53186218e-01
0.00000000e+00 3.53523067e-01
0.00000000e+00 3.53859916e-01
0.00000000e+00 3.54196765e-01
0.00000000e+00 3.54533614e-01
0.00000000e+00 3.54870463e-01
0.00000000e+00 3.55207312e-01
0.00000000e+00 3.55544161e-01
0.00000000e+00 3.55881010e-01
0.00000000e+00 3.56217859e-01
0.00000000e+00 3.56554708e-01
0.00000000e+00 3.56891557e-01
0.00000000e+00 3.57228406e-01
0.00000000e+00 3.57565255e-01
0.00000000e+00 3.57902104e-01
0.00000000e+00 3.58238953e-01
0.00000000e+00 3.58575802e-01
0.00000000e+00 3.58912651e-01
0.00000000e+00 3.59249500e-01
0.00000000e+00 3.59586350e-01
0.00000000e+00 3.59923199e-01
0.00000000e+00 3.60260048e-01
0.00000000e+00 3.60596897e-01
0.00000000e+00 3.60933746e-01
0.00000000e+00 3.61270595e-01
0.00000000e+00 3.61607444e-01
0.00000000e+00 3.61944293e-01
0.00000000e+00 3.62281142e-01
0.00000000e+00 3.62617991e-01
0.00000000e+00 3.62954840e-01
0.00000000e+00 3.63291689e-01
0.00000000e+00 3.63628538e-01
0.00000000e+00 3.63965387e-01
0.00000000e+00 3.64302236e-01
0.00000000e+00 3.64639085e-01
0.00000000e+00 3.64975934e-01
0.00000000e+00 3.65312783e-01
0.00000000e+00 3.65649632e-01
0.00000000e+00 3.65986481e-01
0.00000000e+00 3.66323330e-01
0.00000000e+00 3.66660179e-01
0.00000000e+00 3.66997028e-01
0.00000000e+00 3.67333877e-01
0.00000000e+00 3.67670726e-01
0.00000000e+00 3.68007575e-01
0.00000000e+00 3.68344425e-01
0.00000000e+00 3.68681274e-01
0.00000000e+00 3.69018123e-01
0.00000000e+00 3.69354972e-01
0.00000000e+00 3.69691821e-01
0.00000000e+00 3.70028670e-01
0.00000000e+00 3.70365519e-01
0.00000000e+00 3.70702368e-01
0.00000000e+00 3.71039217e-01
0.00000000e+00 3.71376066e-01
0.00000000e+00 3.71712915e-01
0.00000000e+00 3.72049764e-01
0.00000000e+00 3.72386613e-01
0.00000000e+00 3.72723462e-01
0.00000000e+00 3.73060311e-01
0.00000000e+00 3.73397160e-01
0.00000000e+00 3.73734009e-01
0.00000000e+00 3.74070858e-01
0.00000000e+00 3.74407707e-01
0.00000000e+00 3.74744556e-01
0.00000000e+00 3.75081405e-01
0.00000000e+00 3.75418254e-01
0.00000000e+00 3.75755103e-01
0.00000000e+00 3.76091952e-01
0.00000000e+00 3.76428801e-01
0.00000000e+00 3.76765651e-01
0.00000000e+00 3.77102500e-01
0.00000000e+00 3.77439349e-01
0.00000000e+00 3.77776198e-01
0.00000000e+00 3.78113047e-01
0.00000000e+00 3.78449896e-01
0.00000000e+00 3.78786745e-01
0.00000000e+00 3.79123594e-01
0.00000000e+00 3.79460443e-01
0.00000000e+00 3.79797292e-01
0.00000000e+00 3.80134141e-01
0.00000000e+00 3.80470990e-01
0.00000000e+00 3.80807839e-01
0.00000000e+00 3.81144688e-01
0.00000000e+00 3.81481537e-01
0.00000000e+00 3.81818386e-01
0.00000000e+00 3.82155235e-01
0.00000000e+00 3.82492084e-01
0.00000000e+00 3.82828933e-01
0.00000000e+00 3.83165782e-01
0.00000000e+00 3.83502631e-01
0.00000000e+00 3.83839480e-01
0.00000000e+00 3.84176329e-01
0.00000000e+00 3.84513178e-01
0.00000000e+00 3.84850027e-01
0.00000000e+00 3.85186876e-01
0.00000000e+00 3.85523726e-01
0.00000000e+00 3.85860575e-01
0.00000000e+00 3.86197424e-01
0.00000000e+00 3.86534273e-01
0.00000000e+00 3.86871122e-01
0.00000000e+00 3.87207971e-01
0.00000000e+00 3.87544820e-01
0.00000000e+00 3.87881669e-01
0.00000000e+00 3.88218518e-01
0.00000000e+00 3.88555367e-01
0.00000000e+00 3.88892216e-01
0.00000000e+00 3.89229065e-01
0.00000000e+00 3.89565914e-01
0.00000000e+00 3.89902763e-01
0.00000000e+00 3.90239612e-01
0.00000000e+00 3.90576461e-01
0.00000000e+00 3.90913310e-01
0.00000000e+00 3.91250159e-01
0.00000000e+00 3.91587008e-01
0.00000000e+00 3.91923857e-01
0.00000000e+00 3.92260706e-01
0.00000000e+00 3.92597555e-01
0.00000000e+00 3.92934404e-01
0.00000000e+00 3.93271253e-01
0.00000000e+00 3.93608102e-01
0.00000000e+00 3.93944952e-01
0.00000000e+00 3.94281801e-01
0.00000000e+00 3.94618650e-01
0.00000000e+00 3.94955499e-01
0.00000000e+00 3.95292348e-01
0.00000000e+00 3.95629197e-01
0.00000000e+00 3.95966046e-01
0.00000000e+00 3.96302895e-01
0.00000000e+00 3.96639744e-01
0.00000000e+00 3.96976593e-01
0.00000000e+00 3.97313442e-01
0.00000000e+00 3.97650291e-01
0.00000000e+00 3.97987140e-01
0.00000000e+00 3.98323989e-01
0.00000000e+00 3.98660838e-01
0.00000000e+00 3.98997687e-01
0.00000000e+00 3.99334536e-01
0.00000000e+00 3.99671385e-01
0.00000000e+00 4.00008234e-01
0.00000000e+00 4.00345083e-01
0.00000000e+00 4.00681932e-01
0.00000000e+00 4.01018781e-01
0.00000000e+00 4.01355630e-01
0.00000000e+00 4.01692479e-01
0.00000000e+00 4.02029328e-01
0.00000000e+00 4.02366178e-01
0.00000000e+00 4.02703027e-01
0.00000000e+00 4.03039876e-01
0.00000000e+00 4.03376725e-01
0.00000000e+00 4.03713574e-01
0.00000000e+00 4.04050423e-01
0.00000000e+00 4.04387272e-01
0.00000000e+00 4.04724121e-01
0.00000000e+00 4.05060970e-01
0.00000000e+00 4.05397819e-01
0.00000000e+00 4.05734668e-01
0.00000000e+00 4.06071517e-01
0.00000000e+00 4.06408366e-01
0.00000000e+00 4.06745215e-01
0.00000000e+00 4.07082064e-01
0.00000000e+00 4.07418913e-01
0.00000000e+00 4.07755762e-01
0.00000000e+00 4.08092611e-01
0.00000000e+00 4.08429460e-01
0.00000000e+00 4.08766309e-01
0.00000000e+00 4.09103158e-01
0.00000000e+00 4.09440007e-01
0.00000000e+00 4.09776856e-01
0.00000000e+00 4.10113705e-01
0.00000000e+00 4.10450554e-01
0.00000000e+00 4.10787403e-01
0.00000000e+00 4.11124253e-01
0.00000000e+00 4.11461102e-01
0.00000000e+00 4.11797951e-01
0.00000000e+00 4.12134800e-01
0.00000000e+00 4.12471649e-01
0.00000000e+00 4.12808498e-01
0.00000000e+00 4.13145347e-01
0.00000000e+00 4.13482196e-01
0.00000000e+00 4.13819045e-01
0.00000000e+00 4.14155894e-01
0.00000000e+00 4.14492743e-01
0.00000000e+00 4.14829592e-01
0.00000000e+00 4.15166441e-01
0.00000000e+00 4.15503290e-01
0.00000000e+00 4.15840139e-01
0.00000000e+00 4.16176988e-01
0.00000000e+00 4.16513837e-01
0.00000000e+00 4.16850686e-01
0.00000000e+00 4.17187535e-01
0.00000000e+00 4.17524384e-01
0.00000000e+00 4.17861233e-01
0.00000000e+00 4.18198082e-01
0.00000000e+00 4.18534931e-01
0.00000000e+00 4.18871780e-01
0.00000000e+00 4.19208629e-01
0.00000000e+00 4.19545479e-01
0.00000000e+00 4.19882328e-01
0.00000000e+00 4.20219177e-01
0.00000000e+00 4.20556026e-01
0.00000000e+00 4.20892875e-01
0.00000000e+00 4.21229724e-01
0.00000000e+00 4.21566573e-01
0.00000000e+00 4.21903422e-01
0.00000000e+00 4.22240271e-01
0.00000000e+00 4.22577120e-01
0.00000000e+00 4.22913969e-01
0.00000000e+00 4.23250818e-01
0.00000000e+00 4.23587667e-01
0.00000000e+00 4.23924516e-01
0.00000000e+00 4.24261365e-01
0.00000000e+00 4.24598214e-01
0.00000000e+00 4.24935063e-01
0.00000000e+00 4.25271912e-01
0.00000000e+00 4.25608761e-01
0.00000000e+00 4.25945610e-01
0.00000000e+00 4.26282459e-01
0.00000000e+00 4.26619308e-01
0.00000000e+00 4.26956157e-01
0.00000000e+00 4.27293006e-01
0.00000000e+00 4.27629855e-01
0.00000000e+00 4.27966704e-01
0.00000000e+00 4.28303554e-01
0.00000000e+00 4.28640403e-01
0.00000000e+00 4.28977252e-01
0.00000000e+00 4.29314101e-01
0.00000000e+00 4.29650950e-01
0.00000000e+00 4.29987799e-01
0.00000000e+00 4.30324648e-01
0.00000000e+00 4.30661497e-01
0.00000000e+00 4.30998346e-01
0.00000000e+00 4.31335195e-01
0.00000000e+00 4.31672044e-01
0.00000000e+00 4.32008893e-01
0.00000000e+00 4.32345742e-01
0.00000000e+00 4.32682591e-01
0.00000000e+00 4.33019440e-01
0.00000000e+00 4.33356289e-01
0.00000000e+00 4.33693138e-01
0.00000000e+00 4.34029987e-01
0.00000000e+00 4.34366836e-01
0.00000000e+00 4.34703685e-01
0.00000000e+00 4.35040534e-01
0.00000000e+00 4.35377383e-01
0.00000000e+00 4.35714232e-01
0.00000000e+00 4.36051081e-01
0.00000000e+00 4.36387930e-01
0.00000000e+00 4.36724780e-01
0.00000000e+00 4.37061629e-01
0.00000000e+00 4.37398478e-01
0.00000000e+00 4.37735327e-01
0.00000000e+00 4.38072176e-01
0.00000000e+00 4.38409025e-01
0.00000000e+00 4.38745874e-01
0.00000000e+00 4.39082723e-01
0.00000000e+00 4.39419572e-01
0.00000000e+00 4.39756421e-01
0.00000000e+00 4.40093270e-01
0.00000000e+00 4.40430119e-01
0.00000000e+00 4.40766968e-01
0.00000000e+00 4.41103817e-01
0.00000000e+00 4.41440666e-01
0.00000000e+00 4.41777515e-01
0.00000000e+00 4.42114364e-01
0.00000000e+00 4.42451213e-01
0.00000000e+00 4.42788062e-01
0.00000000e+00 4.43124911e-01
0.00000000e+00 4.43461760e-01
0.00000000e+00 4.43798609e-01
0.00000000e+00 4.44135458e-01
0.00000000e+00 4.44472307e-01
0.00000000e+00 4.44809156e-01
0.00000000e+00 4.45146006e-01
0.00000000e+00 4.45482855e-01
0.00000000e+00 4.45819704e-01
0.00000000e+00 4.46156553e-01
0.00000000e+00 4.46493402e-01
0.00000000e+00 4.46830251e-01
0.00000000e+00 4.47167100e-01
0.00000000e+00 4.47503949e-01
0.00000000e+00 4.47840798e-01
0.00000000e+00 4.48177647e-01
0.00000000e+00 4.48514496e-01
0.00000000e+00 4.48851345e-01
0.00000000e+00 4.49188194e-01
0.00000000e+00 4.49525043e-01
0.00000000e+00 4.49861892e-01
0.00000000e+00 4.50198741e-01
0.00000000e+00 4.50535590e-01
0.00000000e+00 4.50872439e-01
0.00000000e+00 4.51209288e-01
0.00000000e+00 4.51546137e-01
0.00000000e+00 4.51882986e-01
0.00000000e+00 4.52219835e-01
0.00000000e+00 4.52556684e-01
0.00000000e+00 4.52893533e-01
0.00000000e+00 4.53230382e-01
0.00000000e+00 4.53567231e-01
0.00000000e+00 4.53904081e-01
0.00000000e+00 4.54240930e-01
0.00000000e+00 4.54577779e-01
0.00000000e+00 4.54914628e-01
0.00000000e+00 4.55251477e-01
0.00000000e+00 4.55588326e-01
0.00000000e+00 4.55925175e-01
0.00000000e+00 4.56262024e-01
0.00000000e+00 4.56598873e-01
0.00000000e+00 4.56935722e-01
0.00000000e+00 4.57272571e-01
0.00000000e+00 4.57609420e-01
0.00000000e+00 4.57946269e-01
0.00000000e+00 4.58283118e-01
0.00000000e+00 4.58619967e-01
0.00000000e+00 4.58956816e-01
0.00000000e+00 4.59293665e-01
0.00000000e+00 4.59630514e-01
0.00000000e+00 4.59967363e-01
0.00000000e+00 4.60304212e-01
0.00000000e+00 4.60641061e-01
0.00000000e+00 4.60977910e-01
0.00000000e+00 4.61314759e-01
0.00000000e+00 4.61651608e-01
0.00000000e+00 4.61988457e-01
0.00000000e+00 4.62325307e-01
0.00000000e+00 4.62662156e-01
0.00000000e+00 4.62999005e-01
0.00000000e+00 4.63335854e-01
0.00000000e+00 4.63672703e-01
0.00000000e+00 4.64009552e-01
0.00000000e+00 4.64346401e-01
0.00000000e+00 4.64683250e-01
0.00000000e+00 4.65020099e-01
0.00000000e+00 4.65356948e-01
0.00000000e+00 4.65693797e-01
0.00000000e+00 4.66030646e-01
0.00000000e+00 4.66367495e-01
0.00000000e+00 4.66704344e-01
0.00000000e+00 4.67041193e-01
0.00000000e+00 4.67378042e-01
0.00000000e+00 4.67714891e-01
0.00000000e+00 4.68051740e-01
0.00000000e+00 4.68388589e-01
0.00000000e+00 4.68725438e-01
0.00000000e+00 4.69062287e-01
0.00000000e+00 4.69399136e-01
0.00000000e+00 4.69735985e-01
0.00000000e+00 4.70072834e-01
0.00000000e+00 4.70409683e-01
0.00000000e+00 4.70746532e-01
0.00000000e+00 4.71083382e-01
0.00000000e+00 4.71420231e-01
0.00000000e+00 4.71757080e-01
0.00000000e+00 4.72093929e-01
0.00000000e+00 4.72430778e-01
0.00000000e+00 4.72767627e-01
0.00000000e+00 4.73104476e-01
0.00000000e+00 4.73441325e-01
0.00000000e+00 4.73778174e-01
0.00000000e+00 4.74115023e-01
0.00000000e+00 4.74451872e-01
0.00000000e+00 4.74788721e-01
0.00000000e+00 4.75125570e-01
0.00000000e+00 4.75462419e-01
0.00000000e+00 4.75799268e-01
0.00000000e+00 4.76136117e-01
0.00000000e+00 4.76472966e-01
0.00000000e+00 4.76809815e-01
0.00000000e+00 4.77146664e-01
0.00000000e+00 4.77483513e-01
0.00000000e+00 4.77820362e-01
0.00000000e+00 4.78157211e-01
0.00000000e+00 4.78494060e-01
0.00000000e+00 4.78830909e-01
0.00000000e+00 4.79167758e-01
0.00000000e+00 4.79504608e-01
0.00000000e+00 4.79841457e-01
0.00000000e+00 4.80178306e-01
0.00000000e+00 4.80515155e-01
0.00000000e+00 4.80852004e-01
0.00000000e+00 4.81188853e-01
0.00000000e+00 4.81525702e-01
0.00000000e+00 4.81862551e-01
0.00000000e+00 4.82199400e-01
0.00000000e+00 4.82536249e-01
0.00000000e+00 4.82873098e-01
0.00000000e+00 4.83209947e-01
0.00000000e+00 4.83546796e-01
0.00000000e+00 4.83883645e-01
0.00000000e+00 4.84220494e-01
0.00000000e+00 4.84557343e-01
0.00000000e+00 4.84894192e-01
0.00000000e+00 4.85231041e-01
0.00000000e+00 4.85567890e-01
0.00000000e+00 4.85904739e-01
0.00000000e+00 4.86241588e-01
0.00000000e+00 4.86578437e-01
0.00000000e+00 4.86915286e-01
0.00000000e+00 4.87252135e-01
0.00000000e+00 4.87588984e-01
0.00000000e+00 4.87925833e-01
0.00000000e+00 4.88262683e-01
0.00000000e+00 4.88599532e-01
0.00000000e+00 4.88936381e-01
0.00000000e+00 4.89273230e-01
0.00000000e+00 4.89610079e-01
0.00000000e+00 4.89946928e-01
0.00000000e+00 4.90283777e-01
0.00000000e+00 4.90620626e-01
0.00000000e+00 4.90957475e-01
0.00000000e+00 4.91294324e-01
0.00000000e+00 4.91631173e-01
0.00000000e+00 4.91968022e-01
0.00000000e+00 4.92304871e-01
0.00000000e+00 4.92641720e-01
0.00000000e+00 4.92978569e-01
0.00000000e+00 4.93315418e-01
0.00000000e+00 4.93652267e-01
0.00000000e+00 4.93989116e-01
0.00000000e+00 4.94325965e-01
0.00000000e+00 4.94662814e-01
0.00000000e+00 4.94999663e-01
0.00000000e+00 4.95336512e-01
0.00000000e+00 4.95673361e-01
0.00000000e+00 4.96010210e-01
0.00000000e+00 4.96347059e-01
0.00000000e+00 4.96683909e-01
0.00000000e+00 4.97020758e-01
0.00000000e+00 4.97357607e-01
0.00000000e+00 4.97694456e-01
0.00000000e+00 4.98031305e-01
0.00000000e+00 4.98368154e-01
0.00000000e+00 4.98705003e-01
0.00000000e+00 4.99041852e-01
0.00000000e+00 4.99378701e-01
0.00000000e+00 4.99715550e-01
0.00000000e+00 5.00052399e-01
