% L-Bracket Geometry
% N_total=2236, N_horizontal=1118, N_vertical=1118
% Resolution: 100 segments per wavelength
% Format: x(m) y(m)
2.23728093e-04 0.00000000e+00
6.71184280e-04 0.00000000e+00
1.11864047e-03 0.00000000e+00
1.56609665e-03 0.00000000e+00
2.01355284e-03 0.00000000e+00
2.46100903e-03 0.00000000e+00
2.90846521e-03 0.00000000e+00
3.35592140e-03 0.00000000e+00
3.80337759e-03 0.00000000e+00
4.25083377e-03 0.00000000e+00
4.69828996e-03 0.00000000e+00
5.14574615e-03 0.00000000e+00
5.59320233e-03 0.00000000e+00
6.04065852e-03 0.00000000e+00
6.48811471e-03 0.00000000e+00
6.93557089e-03 0.00000000e+00
7.38302708e-03 0.00000000e+00
7.83048327e-03 0.00000000e+00
8.27793945e-03 0.00000000e+00
8.72539564e-03 0.00000000e+00
9.17285183e-03 0.00000000e+00
9.62030801e-03 0.00000000e+00
1.00677642e-02 0.00000000e+00
1.05152204e-02 0.00000000e+00
1.09626766e-02 0.00000000e+00
1.14101328e-02 0.00000000e+00
1.18575889e-02 0.00000000e+00
1.23050451e-02 0.00000000e+00
1.27525013e-02 0.00000000e+00
1.31999575e-02 0.00000000e+00
1.36474137e-02 0.00000000e+00
1.40948699e-02 0.00000000e+00
1.45423261e-02 0.00000000e+00
1.49897823e-02 0.00000000e+00
1.54372384e-02 0.00000000e+00
1.58846946e-02 0.00000000e+00
1.63321508e-02 0.00000000e+00
1.67796070e-02 0.00000000e+00
1.72270632e-02 0.00000000e+00
1.76745194e-02 0.00000000e+00
1.81219756e-02 0.00000000e+00
1.85694317e-02 0.00000000e+00
1.90168879e-02 0.00000000e+00
1.94643441e-02 0.00000000e+00
1.99118003e-02 0.00000000e+00
2.03592565e-02 0.00000000e+00
2.08067127e-02 0.00000000e+00
2.12541689e-02 0.00000000e+00
2.17016251e-02 0.00000000e+00
2.21490812e-02 0.00000000e+00
2.25965374e-02 0.00000000e+00
2.30439936e-02 0.00000000e+00
2.34914498e-02 0.00000000e+00
2.39389060e-02 0.00000000e+00
2.43863622e-02 0.00000000e+00
2.48338184e-02 0.00000000e+00
2.52812745e-02 0.00000000e+00
2.57287307e-02 0.00000000e+00
2.61761869e-02 0.00000000e+00
2.66236431e-02 0.00000000e+00
2.70710993e-02 0.00000000e+00
2.75185555e-02 0.00000000e+00
2.79660117e-02 0.00000000e+00
2.84134678e-02 0.00000000e+00
2.88609240e-02 0.00000000e+00
2.93083802e-02 0.00000000e+00
2.97558364e-02 0.00000000e+00
3.02032926e-02 0.00000000e+00
3.06507488e-02 0.00000000e+00
3.10982050e-02 0.00000000e+00
3.15456612e-02 0.00000000e+00
3.19931173e-02 0.00000000e+00
3.24405735e-02 0.00000000e+00
3.28880297e-02 0.00000000e+00
3.33354859e-02 0.00000000e+00
3.37829421e-02 0.00000000e+00
3.42303983e-02 0.00000000e+00
3.46778545e-02 0.00000000e+00
3.51253106e-02 0.00000000e+00
3.55727668e-02 0.00000000e+00
3.60202230e-02 0.00000000e+00
3.64676792e-02 0.00000000e+00
3.69151354e-02 0.00000000e+00
3.73625916e-02 0.00000000e+00
3.78100478e-02 0.00000000e+00
3.82575040e-02 0.00000000e+00
3.87049601e-02 0.00000000e+00
3.91524163e-02 0.00000000e+00
3.95998725e-02 0.00000000e+00
4.00473287e-02 0.00000000e+00
4.04947849e-02 0.00000000e+00
4.09422411e-02 0.00000000e+00
4.13896973e-02 0.00000000e+00
4.18371534e-02 0.00000000e+00
4.22846096e-02 0.00000000e+00
4.27320658e-02 0.00000000e+00
4.31795220e-02 0.00000000e+00
4.36269782e-02 0.00000000e+00
4.40744344e-02 0.00000000e+00
4.45218906e-02 0.00000000e+00
4.49693468e-02 0.00000000e+00
4.54168029e-02 0.00000000e+00
4.58642591e-02 0.00000000e+00
4.63117153e-02 0.00000000e+00
4.67591715e-02 0.00000000e+00
4.72066277e-02 0.00000000e+00
4.76540839e-02 0.00000000e+00
4.81015401e-02 0.00000000e+00
4.85489962e-02 0.00000000e+00
4.89964524e-02 0.00000000e+00
4.94439086e-02 0.00000000e+00
4.98913648e-02 0.00000000e+00
5.03388210e-02 0.00000000e+00
5.07862772e-02 0.00000000e+00
5.12337334e-02 0.00000000e+00
5.16811896e-02 0.00000000e+00
5.21286457e-02 0.00000000e+00
5.25761019e-02 0.00000000e+00
5.30235581e-02 0.00000000e+00
5.34710143e-02 0.00000000e+00
5.39184705e-02 0.00000000e+00
5.43659267e-02 0.00000000e+00
5.48133829e-02 0.00000000e+00
5.52608390e-02 0.00000000e+00
5.57082952e-02 0.00000000e+00
5.61557514e-02 0.00000000e+00
5.66032076e-02 0.00000000e+00
5.70506638e-02 0.00000000e+00
5.74981200e-02 0.00000000e+00
5.79455762e-02 0.00000000e+00
5.83930324e-02 0.00000000e+00
5.88404885e-02 0.00000000e+00
5.92879447e-02 0.00000000e+00
5.97354009e-02 0.00000000e+00
6.01828571e-02 0.00000000e+00
6.06303133e-02 0.00000000e+00
6.10777695e-02 0.00000000e+00
6.15252257e-02 0.00000000e+00
6.19726818e-02 0.00000000e+00
6.24201380e-02 0.00000000e+00
6.28675942e-02 0.00000000e+00
6.33150504e-02 0.00000000e+00
6.37625066e-02 0.00000000e+00
6.42099628e-02 0.00000000e+00
6.46574190e-02 0.00000000e+00
6.51048752e-02 0.00000000e+00
6.55523313e-02 0.00000000e+00
6.59997875e-02 0.00000000e+00
6.64472437e-02 0.00000000e+00
6.68946999e-02 0.00000000e+00
6.73421561e-02 0.00000000e+00
6.77896123e-02 0.00000000e+00
6.82370685e-02 0.00000000e+00
6.86845246e-02 0.00000000e+00
6.91319808e-02 0.00000000e+00
6.95794370e-02 0.00000000e+00
7.00268932e-02 0.00000000e+00
7.04743494e-02 0.00000000e+00
7.09218056e-02 0.00000000e+00
7.13692618e-02 0.00000000e+00
7.18167179e-02 0.00000000e+00
7.22641741e-02 0.00000000e+00
7.27116303e-02 0.00000000e+00
7.31590865e-02 0.00000000e+00
7.36065427e-02 0.00000000e+00
7.40539989e-02 0.00000000e+00
7.45014551e-02 0.00000000e+00
7.49489113e-02 0.00000000e+00
7.53963674e-02 0.00000000e+00
7.58438236e-02 0.00000000e+00
7.62912798e-02 0.00000000e+00
7.67387360e-02 0.00000000e+00
7.71861922e-02 0.00000000e+00
7.76336484e-02 0.00000000e+00
7.80811046e-02 0.00000000e+00
7.85285607e-02 0.00000000e+00
7.89760169e-02 0.00000000e+00
7.94234731e-02 0.00000000e+00
7.98709293e-02 0.00000000e+00
8.03183855e-02 0.00000000e+00
8.07658417e-02 0.00000000e+00
8.12132979e-02 0.00000000e+00
8.16607541e-02 0.00000000e+00
8.21082102e-02 0.00000000e+00
8.25556664e-02 0.00000000e+00
8.30031226e-02 0.00000000e+00
8.34505788e-02 0.00000000e+00
8.38980350e-02 0.00000000e+00
8.43454912e-02 0.00000000e+00
8.47929474e-02 0.00000000e+00
8.52404035e-02 0.00000000e+00
8.56878597e-02 0.00000000e+00
8.61353159e-02 0.00000000e+00
8.65827721e-02 0.00000000e+00
8.70302283e-02 0.00000000e+00
8.74776845e-02 0.00000000e+00
8.79251407e-02 0.00000000e+00
8.83725969e-02 0.00000000e+00
8.88200530e-02 0.00000000e+00
8.92675092e-02 0.00000000e+00
8.97149654e-02 0.00000000e+00
9.01624216e-02 0.00000000e+00
9.06098778e-02 0.00000000e+00
9.10573340e-02 0.00000000e+00
9.15047902e-02 0.00000000e+00
9.19522463e-02 0.00000000e+00
9.23997025e-02 0.00000000e+00
9.28471587e-02 0.00000000e+00
9.32946149e-02 0.00000000e+00
9.37420711e-02 0.00000000e+00
9.41895273e-02 0.00000000e+00
9.46369835e-02 0.00000000e+00
9.50844397e-02 0.00000000e+00
9.55318958e-02 0.00000000e+00
9.59793520e-02 0.00000000e+00
9.64268082e-02 0.00000000e+00
9.68742644e-02 0.00000000e+00
9.73217206e-02 0.00000000e+00
9.77691768e-02 0.00000000e+00
9.82166330e-02 0.00000000e+00
9.86640891e-02 0.00000000e+00
9.91115453e-02 0.00000000e+00
9.95590015e-02 0.00000000e+00
1.00006458e-01 0.00000000e+00
1.00453914e-01 0.00000000e+00
1.00901370e-01 0.00000000e+00
1.01348826e-01 0.00000000e+00
1.01796282e-01 0.00000000e+00
1.02243739e-01 0.00000000e+00
1.02691195e-01 0.00000000e+00
1.03138651e-01 0.00000000e+00
1.03586107e-01 0.00000000e+00
1.04033563e-01 0.00000000e+00
1.04481020e-01 0.00000000e+00
1.04928476e-01 0.00000000e+00
1.05375932e-01 0.00000000e+00
1.05823388e-01 0.00000000e+00
1.06270844e-01 0.00000000e+00
1.06718301e-01 0.00000000e+00
1.07165757e-01 0.00000000e+00
1.07613213e-01 0.00000000e+00
1.08060669e-01 0.00000000e+00
1.08508125e-01 0.00000000e+00
1.08955581e-01 0.00000000e+00
1.09403038e-01 0.00000000e+00
1.09850494e-01 0.00000000e+00
1.10297950e-01 0.00000000e+00
1.10745406e-01 0.00000000e+00
1.11192862e-01 0.00000000e+00
1.11640319e-01 0.00000000e+00
1.12087775e-01 0.00000000e+00
1.12535231e-01 0.00000000e+00
1.12982687e-01 0.00000000e+00
1.13430143e-01 0.00000000e+00
1.13877599e-01 0.00000000e+00
1.14325056e-01 0.00000000e+00
1.14772512e-01 0.00000000e+00
1.15219968e-01 0.00000000e+00
1.15667424e-01 0.00000000e+00
1.16114880e-01 0.00000000e+00
1.16562337e-01 0.00000000e+00
1.17009793e-01 0.00000000e+00
1.17457249e-01 0.00000000e+00
1.17904705e-01 0.00000000e+00
1.18352161e-01 0.00000000e+00
1.18799618e-01 0.00000000e+00
1.19247074e-01 0.00000000e+00
1.19694530e-01 0.00000000e+00
1.20141986e-01 0.00000000e+00
1.20589442e-01 0.00000000e+00
1.21036898e-01 0.00000000e+00
1.21484355e-01 0.00000000e+00
1.21931811e-01 0.00000000e+00
1.22379267e-01 0.00000000e+00
1.22826723e-01 0.00000000e+00
1.23274179e-01 0.00000000e+00
1.23721636e-01 0.00000000e+00
1.24169092e-01 0.00000000e+00
1.24616548e-01 0.00000000e+00
1.25064004e-01 0.00000000e+00
1.25511460e-01 0.00000000e+00
1.25958917e-01 0.00000000e+00
1.26406373e-01 0.00000000e+00
1.26853829e-01 0.00000000e+00
1.27301285e-01 0.00000000e+00
1.27748741e-01 0.00000000e+00
1.28196197e-01 0.00000000e+00
1.28643654e-01 0.00000000e+00
1.29091110e-01 0.00000000e+00
1.29538566e-01 0.00000000e+00
1.29986022e-01 0.00000000e+00
1.30433478e-01 0.00000000e+00
1.30880935e-01 0.00000000e+00
1.31328391e-01 0.00000000e+00
1.31775847e-01 0.00000000e+00
1.32223303e-01 0.00000000e+00
1.32670759e-01 0.00000000e+00
1.33118216e-01 0.00000000e+00
1.33565672e-01 0.00000000e+00
1.34013128e-01 0.00000000e+00
1.34460584e-01 0.00000000e+00
1.34908040e-01 0.00000000e+00
1.35355496e-01 0.00000000e+00
1.35802953e-01 0.00000000e+00
1.36250409e-01 0.00000000e+00
1.36697865e-01 0.00000000e+00
1.37145321e-01 0.00000000e+00
1.37592777e-01 0.00000000e+00
1.38040234e-01 0.00000000e+00
1.38487690e-01 0.00000000e+00
1.38935146e-01 0.00000000e+00
1.39382602e-01 0.00000000e+00
1.39830058e-01 0.00000000e+00
1.40277514e-01 0.00000000e+00
1.40724971e-01 0.00000000e+00
1.41172427e-01 0.00000000e+00
1.41619883e-01 0.00000000e+00
1.42067339e-01 0.00000000e+00
1.42514795e-01 0.00000000e+00
1.42962252e-01 0.00000000e+00
1.43409708e-01 0.00000000e+00
1.43857164e-01 0.00000000e+00
1.44304620e-01 0.00000000e+00
1.44752076e-01 0.00000000e+00
1.45199533e-01 0.00000000e+00
1.45646989e-01 0.00000000e+00
1.46094445e-01 0.00000000e+00
1.46541901e-01 0.00000000e+00
1.46989357e-01 0.00000000e+00
1.47436813e-01 0.00000000e+00
1.47884270e-01 0.00000000e+00
1.48331726e-01 0.00000000e+00
1.48779182e-01 0.00000000e+00
1.49226638e-01 0.00000000e+00
1.49674094e-01 0.00000000e+00
1.50121551e-01 0.00000000e+00
1.50569007e-01 0.00000000e+00
1.51016463e-01 0.00000000e+00
1.51463919e-01 0.00000000e+00
1.51911375e-01 0.00000000e+00
1.52358832e-01 0.00000000e+00
1.52806288e-01 0.00000000e+00
1.53253744e-01 0.00000000e+00
1.53701200e-01 0.00000000e+00
1.54148656e-01 0.00000000e+00
1.54596112e-01 0.00000000e+00
1.55043569e-01 0.00000000e+00
1.55491025e-01 0.00000000e+00
1.55938481e-01 0.00000000e+00
1.56385937e-01 0.00000000e+00
1.56833393e-01 0.00000000e+00
1.57280850e-01 0.00000000e+00
1.57728306e-01 0.00000000e+00
1.58175762e-01 0.00000000e+00
1.58623218e-01 0.00000000e+00
1.59070674e-01 0.00000000e+00
1.59518131e-01 0.00000000e+00
1.59965587e-01 0.00000000e+00
1.60413043e-01 0.00000000e+00
1.60860499e-01 0.00000000e+00
1.61307955e-01 0.00000000e+00
1.61755411e-01 0.00000000e+00
1.62202868e-01 0.00000000e+00
1.62650324e-01 0.00000000e+00
1.63097780e-01 0.00000000e+00
1.63545236e-01 0.00000000e+00
1.63992692e-01 0.00000000e+00
1.64440149e-01 0.00000000e+00
1.64887605e-01 0.00000000e+00
1.65335061e-01 0.00000000e+00
1.65782517e-01 0.00000000e+00
1.66229973e-01 0.00000000e+00
1.66677430e-01 0.00000000e+00
1.67124886e-01 0.00000000e+00
1.67572342e-01 0.00000000e+00
1.68019798e-01 0.00000000e+00
1.68467254e-01 0.00000000e+00
1.68914710e-01 0.00000000e+00
1.69362167e-01 0.00000000e+00
1.69809623e-01 0.00000000e+00
1.70257079e-01 0.00000000e+00
1.70704535e-01 0.00000000e+00
1.71151991e-01 0.00000000e+00
1.71599448e-01 0.00000000e+00
1.72046904e-01 0.00000000e+00
1.72494360e-01 0.00000000e+00
1.72941816e-01 0.00000000e+00
1.73389272e-01 0.00000000e+00
1.73836728e-01 0.00000000e+00
1.74284185e-01 0.00000000e+00
1.74731641e-01 0.00000000e+00
1.75179097e-01 0.00000000e+00
1.75626553e-01 0.00000000e+00
1.76074009e-01 0.00000000e+00
1.76521466e-01 0.00000000e+00
1.76968922e-01 0.00000000e+00
1.77416378e-01 0.00000000e+00
1.77863834e-01 0.00000000e+00
1.78311290e-01 0.00000000e+00
1.78758747e-01 0.00000000e+00
1.79206203e-01 0.00000000e+00
1.79653659e-01 0.00000000e+00
1.80101115e-01 0.00000000e+00
1.80548571e-01 0.00000000e+00
1.80996027e-01 0.00000000e+00
1.81443484e-01 0.00000000e+00
1.81890940e-01 0.00000000e+00
1.82338396e-01 0.00000000e+00
1.82785852e-01 0.00000000e+00
1.83233308e-01 0.00000000e+00
1.83680765e-01 0.00000000e+00
1.84128221e-01 0.00000000e+00
1.84575677e-01 0.00000000e+00
1.85023133e-01 0.00000000e+00
1.85470589e-01 0.00000000e+00
1.85918046e-01 0.00000000e+00
1.86365502e-01 0.00000000e+00
1.86812958e-01 0.00000000e+00
1.87260414e-01 0.00000000e+00
1.87707870e-01 0.00000000e+00
1.88155326e-01 0.00000000e+00
1.88602783e-01 0.00000000e+00
1.89050239e-01 0.00000000e+00
1.89497695e-01 0.00000000e+00
1.89945151e-01 0.00000000e+00
1.90392607e-01 0.00000000e+00
1.90840064e-01 0.00000000e+00
1.91287520e-01 0.00000000e+00
1.91734976e-01 0.00000000e+00
1.92182432e-01 0.00000000e+00
1.92629888e-01 0.00000000e+00
1.93077345e-01 0.00000000e+00
1.93524801e-01 0.00000000e+00
1.93972257e-01 0.00000000e+00
1.94419713e-01 0.00000000e+00
1.94867169e-01 0.00000000e+00
1.95314625e-01 0.00000000e+00
1.95762082e-01 0.00000000e+00
1.96209538e-01 0.00000000e+00
1.96656994e-01 0.00000000e+00
1.97104450e-01 0.00000000e+00
1.97551906e-01 0.00000000e+00
1.97999363e-01 0.00000000e+00
1.98446819e-01 0.00000000e+00
1.98894275e-01 0.00000000e+00
1.99341731e-01 0.00000000e+00
1.99789187e-01 0.00000000e+00
2.00236644e-01 0.00000000e+00
2.00684100e-01 0.00000000e+00
2.01131556e-01 0.00000000e+00
2.01579012e-01 0.00000000e+00
2.02026468e-01 0.00000000e+00
2.02473924e-01 0.00000000e+00
2.02921381e-01 0.00000000e+00
2.03368837e-01 0.00000000e+00
2.03816293e-01 0.00000000e+00
2.04263749e-01 0.00000000e+00
2.04711205e-01 0.00000000e+00
2.05158662e-01 0.00000000e+00
2.05606118e-01 0.00000000e+00
2.06053574e-01 0.00000000e+00
2.06501030e-01 0.00000000e+00
2.06948486e-01 0.00000000e+00
2.07395942e-01 0.00000000e+00
2.07843399e-01 0.00000000e+00
2.08290855e-01 0.00000000e+00
2.08738311e-01 0.00000000e+00
2.09185767e-01 0.00000000e+00
2.09633223e-01 0.00000000e+00
2.10080680e-01 0.00000000e+00
2.10528136e-01 0.00000000e+00
2.10975592e-01 0.00000000e+00
2.11423048e-01 0.00000000e+00
2.11870504e-01 0.00000000e+00
2.12317961e-01 0.00000000e+00
2.12765417e-01 0.00000000e+00
2.13212873e-01 0.00000000e+00
2.13660329e-01 0.00000000e+00
2.14107785e-01 0.00000000e+00
2.14555241e-01 0.00000000e+00
2.15002698e-01 0.00000000e+00
2.15450154e-01 0.00000000e+00
2.15897610e-01 0.00000000e+00
2.16345066e-01 0.00000000e+00
2.16792522e-01 0.00000000e+00
2.17239979e-01 0.00000000e+00
2.17687435e-01 0.00000000e+00
2.18134891e-01 0.00000000e+00
2.18582347e-01 0.00000000e+00
2.19029803e-01 0.00000000e+00
2.19477260e-01 0.00000000e+00
2.19924716e-01 0.00000000e+00
2.20372172e-01 0.00000000e+00
2.20819628e-01 0.00000000e+00
2.21267084e-01 0.00000000e+00
2.21714540e-01 0.00000000e+00
2.22161997e-01 0.00000000e+00
2.22609453e-01 0.00000000e+00
2.23056909e-01 0.00000000e+00
2.23504365e-01 0.00000000e+00
2.23951821e-01 0.00000000e+00
2.24399278e-01 0.00000000e+00
2.24846734e-01 0.00000000e+00
2.25294190e-01 0.00000000e+00
2.25741646e-01 0.00000000e+00
2.26189102e-01 0.00000000e+00
2.26636559e-01 0.00000000e+00
2.27084015e-01 0.00000000e+00
2.27531471e-01 0.00000000e+00
2.27978927e-01 0.00000000e+00
2.28426383e-01 0.00000000e+00
2.28873839e-01 0.00000000e+00
2.29321296e-01 0.00000000e+00
2.29768752e-01 0.00000000e+00
2.30216208e-01 0.00000000e+00
2.30663664e-01 0.00000000e+00
2.31111120e-01 0.00000000e+00
2.31558577e-01 0.00000000e+00
2.32006033e-01 0.00000000e+00
2.32453489e-01 0.00000000e+00
2.32900945e-01 0.00000000e+00
2.33348401e-01 0.00000000e+00
2.33795857e-01 0.00000000e+00
2.34243314e-01 0.00000000e+00
2.34690770e-01 0.00000000e+00
2.35138226e-01 0.00000000e+00
2.35585682e-01 0.00000000e+00
2.36033138e-01 0.00000000e+00
2.36480595e-01 0.00000000e+00
2.36928051e-01 0.00000000e+00
2.37375507e-01 0.00000000e+00
2.37822963e-01 0.00000000e+00
2.38270419e-01 0.00000000e+00
2.38717876e-01 0.00000000e+00
2.39165332e-01 0.00000000e+00
2.39612788e-01 0.00000000e+00
2.40060244e-01 0.00000000e+00
2.40507700e-01 0.00000000e+00
2.40955156e-01 0.00000000e+00
2.41402613e-01 0.00000000e+00
2.41850069e-01 0.00000000e+00
2.42297525e-01 0.00000000e+00
2.42744981e-01 0.00000000e+00
2.43192437e-01 0.00000000e+00
2.43639894e-01 0.00000000e+00
2.44087350e-01 0.00000000e+00
2.44534806e-01 0.00000000e+00
2.44982262e-01 0.00000000e+00
2.45429718e-01 0.00000000e+00
2.45877175e-01 0.00000000e+00
2.46324631e-01 0.00000000e+00
2.46772087e-01 0.00000000e+00
2.47219543e-01 0.00000000e+00
2.47666999e-01 0.00000000e+00
2.48114455e-01 0.00000000e+00
2.48561912e-01 0.00000000e+00
2.49009368e-01 0.00000000e+00
2.49456824e-01 0.00000000e+00
2.49904280e-01 0.00000000e+00
2.50351736e-01 0.00000000e+00
2.50799193e-01 0.00000000e+00
2.51246649e-01 0.00000000e+00
2.51694105e-01 0.00000000e+00
2.52141561e-01 0.00000000e+00
2.52589017e-01 0.00000000e+00
2.53036474e-01 0.00000000e+00
2.53483930e-01 0.00000000e+00
2.53931386e-01 0.00000000e+00
2.54378842e-01 0.00000000e+00
2.54826298e-01 0.00000000e+00
2.55273754e-01 0.00000000e+00
2.55721211e-01 0.00000000e+00
2.56168667e-01 0.00000000e+00
2.56616123e-01 0.00000000e+00
2.57063579e-01 0.00000000e+00
2.57511035e-01 0.00000000e+00
2.57958492e-01 0.00000000e+00
2.58405948e-01 0.00000000e+00
2.58853404e-01 0.00000000e+00
2.59300860e-01 0.00000000e+00
2.59748316e-01 0.00000000e+00
2.60195773e-01 0.00000000e+00
2.60643229e-01 0.00000000e+00
2.61090685e-01 0.00000000e+00
2.61538141e-01 0.00000000e+00
2.61985597e-01 0.00000000e+00
2.62433053e-01 0.00000000e+00
2.62880510e-01 0.00000000e+00
2.63327966e-01 0.00000000e+00
2.63775422e-01 0.00000000e+00
2.64222878e-01 0.00000000e+00
2.64670334e-01 0.00000000e+00
2.65117791e-01 0.00000000e+00
2.65565247e-01 0.00000000e+00
2.66012703e-01 0.00000000e+00
2.66460159e-01 0.00000000e+00
2.66907615e-01 0.00000000e+00
2.67355071e-01 0.00000000e+00
2.67802528e-01 0.00000000e+00
2.68249984e-01 0.00000000e+00
2.68697440e-01 0.00000000e+00
2.69144896e-01 0.00000000e+00
2.69592352e-01 0.00000000e+00
2.70039809e-01 0.00000000e+00
2.70487265e-01 0.00000000e+00
2.70934721e-01 0.00000000e+00
2.71382177e-01 0.00000000e+00
2.71829633e-01 0.00000000e+00
2.72277090e-01 0.00000000e+00
2.72724546e-01 0.00000000e+00
2.73172002e-01 0.00000000e+00
2.73619458e-01 0.00000000e+00
2.74066914e-01 0.00000000e+00
2.74514370e-01 0.00000000e+00
2.74961827e-01 0.00000000e+00
2.75409283e-01 0.00000000e+00
2.75856739e-01 0.00000000e+00
2.76304195e-01 0.00000000e+00
2.76751651e-01 0.00000000e+00
2.77199108e-01 0.00000000e+00
2.77646564e-01 0.00000000e+00
2.78094020e-01 0.00000000e+00
2.78541476e-01 0.00000000e+00
2.78988932e-01 0.00000000e+00
2.79436389e-01 0.00000000e+00
2.79883845e-01 0.00000000e+00
2.80331301e-01 0.00000000e+00
2.80778757e-01 0.00000000e+00
2.81226213e-01 0.00000000e+00
2.81673669e-01 0.00000000e+00
2.82121126e-01 0.00000000e+00
2.82568582e-01 0.00000000e+00
2.83016038e-01 0.00000000e+00
2.83463494e-01 0.00000000e+00
2.83910950e-01 0.00000000e+00
2.84358407e-01 0.00000000e+00
2.84805863e-01 0.00000000e+00
2.85253319e-01 0.00000000e+00
2.85700775e-01 0.00000000e+00
2.86148231e-01 0.00000000e+00
2.86595688e-01 0.00000000e+00
2.87043144e-01 0.00000000e+00
2.87490600e-01 0.00000000e+00
2.87938056e-01 0.00000000e+00
2.88385512e-01 0.00000000e+00
2.88832968e-01 0.00000000e+00
2.89280425e-01 0.00000000e+00
2.89727881e-01 0.00000000e+00
2.90175337e-01 0.00000000e+00
2.90622793e-01 0.00000000e+00
2.91070249e-01 0.00000000e+00
2.91517706e-01 0.00000000e+00
2.91965162e-01 0.00000000e+00
2.92412618e-01 0.00000000e+00
2.92860074e-01 0.00000000e+00
2.93307530e-01 0.00000000e+00
2.93754987e-01 0.00000000e+00
2.94202443e-01 0.00000000e+00
2.94649899e-01 0.00000000e+00
2.95097355e-01 0.00000000e+00
2.95544811e-01 0.00000000e+00
2.95992267e-01 0.00000000e+00
2.96439724e-01 0.00000000e+00
2.96887180e-01 0.00000000e+00
2.97334636e-01 0.00000000e+00
2.97782092e-01 0.00000000e+00
2.98229548e-01 0.00000000e+00
2.98677005e-01 0.00000000e+00
2.99124461e-01 0.00000000e+00
2.99571917e-01 0.00000000e+00
3.00019373e-01 0.00000000e+00
3.00466829e-01 0.00000000e+00
3.00914285e-01 0.00000000e+00
3.01361742e-01 0.00000000e+00
3.01809198e-01 0.00000000e+00
3.02256654e-01 0.00000000e+00
3.02704110e-01 0.00000000e+00
3.03151566e-01 0.00000000e+00
3.03599023e-01 0.00000000e+00
3.04046479e-01 0.00000000e+00
3.04493935e-01 0.00000000e+00
3.04941391e-01 0.00000000e+00
3.05388847e-01 0.00000000e+00
3.05836304e-01 0.00000000e+00
3.06283760e-01 0.00000000e+00
3.06731216e-01 0.00000000e+00
3.07178672e-01 0.00000000e+00
3.07626128e-01 0.00000000e+00
3.08073584e-01 0.00000000e+00
3.08521041e-01 0.00000000e+00
3.08968497e-01 0.00000000e+00
3.09415953e-01 0.00000000e+00
3.09863409e-01 0.00000000e+00
3.10310865e-01 0.00000000e+00
3.10758322e-01 0.00000000e+00
3.11205778e-01 0.00000000e+00
3.11653234e-01 0.00000000e+00
3.12100690e-01 0.00000000e+00
3.12548146e-01 0.00000000e+00
3.12995603e-01 0.00000000e+00
3.13443059e-01 0.00000000e+00
3.13890515e-01 0.00000000e+00
3.14337971e-01 0.00000000e+00
3.14785427e-01 0.00000000e+00
3.15232883e-01 0.00000000e+00
3.15680340e-01 0.00000000e+00
3.16127796e-01 0.00000000e+00
3.16575252e-01 0.00000000e+00
3.17022708e-01 0.00000000e+00
3.17470164e-01 0.00000000e+00
3.17917621e-01 0.00000000e+00
3.18365077e-01 0.00000000e+00
3.18812533e-01 0.00000000e+00
3.19259989e-01 0.00000000e+00
3.19707445e-01 0.00000000e+00
3.20154902e-01 0.00000000e+00
3.20602358e-01 0.00000000e+00
3.21049814e-01 0.00000000e+00
3.21497270e-01 0.00000000e+00
3.21944726e-01 0.00000000e+00
3.22392182e-01 0.00000000e+00
3.22839639e-01 0.00000000e+00
3.23287095e-01 0.00000000e+00
3.23734551e-01 0.00000000e+00
3.24182007e-01 0.00000000e+00
3.24629463e-01 0.00000000e+00
3.25076920e-01 0.00000000e+00
3.25524376e-01 0.00000000e+00
3.25971832e-01 0.00000000e+00
3.26419288e-01 0.00000000e+00
3.26866744e-01 0.00000000e+00
3.27314200e-01 0.00000000e+00
3.27761657e-01 0.00000000e+00
3.28209113e-01 0.00000000e+00
3.28656569e-01 0.00000000e+00
3.29104025e-01 0.00000000e+00
3.29551481e-01 0.00000000e+00
3.29998938e-01 0.00000000e+00
3.30446394e-01 0.00000000e+00
3.30893850e-01 0.00000000e+00
3.31341306e-01 0.00000000e+00
3.31788762e-01 0.00000000e+00
3.32236219e-01 0.00000000e+00
3.32683675e-01 0.00000000e+00
3.33131131e-01 0.00000000e+00
3.33578587e-01 0.00000000e+00
3.34026043e-01 0.00000000e+00
3.34473499e-01 0.00000000e+00
3.34920956e-01 0.00000000e+00
3.35368412e-01 0.00000000e+00
3.35815868e-01 0.00000000e+00
3.36263324e-01 0.00000000e+00
3.36710780e-01 0.00000000e+00
3.37158237e-01 0.00000000e+00
3.37605693e-01 0.00000000e+00
3.38053149e-01 0.00000000e+00
3.38500605e-01 0.00000000e+00
3.38948061e-01 0.00000000e+00
3.39395518e-01 0.00000000e+00
3.39842974e-01 0.00000000e+00
3.40290430e-01 0.00000000e+00
3.40737886e-01 0.00000000e+00
3.41185342e-01 0.00000000e+00
3.41632798e-01 0.00000000e+00
3.42080255e-01 0.00000000e+00
3.42527711e-01 0.00000000e+00
3.42975167e-01 0.00000000e+00
3.43422623e-01 0.00000000e+00
3.43870079e-01 0.00000000e+00
3.44317536e-01 0.00000000e+00
3.44764992e-01 0.00000000e+00
3.45212448e-01 0.00000000e+00
3.45659904e-01 0.00000000e+00
3.46107360e-01 0.00000000e+00
3.46554817e-01 0.00000000e+00
3.47002273e-01 0.00000000e+00
3.47449729e-01 0.00000000e+00
3.47897185e-01 0.00000000e+00
3.48344641e-01 0.00000000e+00
3.48792097e-01 0.00000000e+00
3.49239554e-01 0.00000000e+00
3.49687010e-01 0.00000000e+00
3.50134466e-01 0.00000000e+00
3.50581922e-01 0.00000000e+00
3.51029378e-01 0.00000000e+00
3.51476835e-01 0.00000000e+00
3.51924291e-01 0.00000000e+00
3.52371747e-01 0.00000000e+00
3.52819203e-01 0.00000000e+00
3.53266659e-01 0.00000000e+00
3.53714116e-01 0.00000000e+00
3.54161572e-01 0.00000000e+00
3.54609028e-01 0.00000000e+00
3.55056484e-01 0.00000000e+00
3.55503940e-01 0.00000000e+00
3.55951396e-01 0.00000000e+00
3.56398853e-01 0.00000000e+00
3.56846309e-01 0.00000000e+00
3.57293765e-01 0.00000000e+00
3.57741221e-01 0.00000000e+00
3.58188677e-01 0.00000000e+00
3.58636134e-01 0.00000000e+00
3.59083590e-01 0.00000000e+00
3.59531046e-01 0.00000000e+00
3.59978502e-01 0.00000000e+00
3.60425958e-01 0.00000000e+00
3.60873414e-01 0.00000000e+00
3.61320871e-01 0.00000000e+00
3.61768327e-01 0.00000000e+00
3.62215783e-01 0.00000000e+00
3.62663239e-01 0.00000000e+00
3.63110695e-01 0.00000000e+00
3.63558152e-01 0.00000000e+00
3.64005608e-01 0.00000000e+00
3.64453064e-01 0.00000000e+00
3.64900520e-01 0.00000000e+00
3.65347976e-01 0.00000000e+00
3.65795433e-01 0.00000000e+00
3.66242889e-01 0.00000000e+00
3.66690345e-01 0.00000000e+00
3.67137801e-01 0.00000000e+00
3.67585257e-01 0.00000000e+00
3.68032713e-01 0.00000000e+00
3.68480170e-01 0.00000000e+00
3.68927626e-01 0.00000000e+00
3.69375082e-01 0.00000000e+00
3.69822538e-01 0.00000000e+00
3.70269994e-01 0.00000000e+00
3.70717451e-01 0.00000000e+00
3.71164907e-01 0.00000000e+00
3.71612363e-01 0.00000000e+00
3.72059819e-01 0.00000000e+00
3.72507275e-01 0.00000000e+00
3.72954732e-01 0.00000000e+00
3.73402188e-01 0.00000000e+00
3.73849644e-01 0.00000000e+00
3.74297100e-01 0.00000000e+00
3.74744556e-01 0.00000000e+00
3.75192012e-01 0.00000000e+00
3.75639469e-01 0.00000000e+00
3.76086925e-01 0.00000000e+00
3.76534381e-01 0.00000000e+00
3.76981837e-01 0.00000000e+00
3.77429293e-01 0.00000000e+00
3.77876750e-01 0.00000000e+00
3.78324206e-01 0.00000000e+00
3.78771662e-01 0.00000000e+00
3.79219118e-01 0.00000000e+00
3.79666574e-01 0.00000000e+00
3.80114031e-01 0.00000000e+00
3.80561487e-01 0.00000000e+00
3.81008943e-01 0.00000000e+00
3.81456399e-01 0.00000000e+00
3.81903855e-01 0.00000000e+00
3.82351311e-01 0.00000000e+00
3.82798768e-01 0.00000000e+00
3.83246224e-01 0.00000000e+00
3.83693680e-01 0.00000000e+00
3.84141136e-01 0.00000000e+00
3.84588592e-01 0.00000000e+00
3.85036049e-01 0.00000000e+00
3.85483505e-01 0.00000000e+00
3.85930961e-01 0.00000000e+00
3.86378417e-01 0.00000000e+00
3.86825873e-01 0.00000000e+00
3.87273330e-01 0.00000000e+00
3.87720786e-01 0.00000000e+00
3.88168242e-01 0.00000000e+00
3.88615698e-01 0.00000000e+00
3.89063154e-01 0.00000000e+00
3.89510610e-01 0.00000000e+00
3.89958067e-01 0.00000000e+00
3.90405523e-01 0.00000000e+00
3.90852979e-01 0.00000000e+00
3.91300435e-01 0.00000000e+00
3.91747891e-01 0.00000000e+00
3.92195348e-01 0.00000000e+00
3.92642804e-01 0.00000000e+00
3.93090260e-01 0.00000000e+00
3.93537716e-01 0.00000000e+00
3.93985172e-01 0.00000000e+00
3.94432628e-01 0.00000000e+00
3.94880085e-01 0.00000000e+00
3.95327541e-01 0.00000000e+00
3.95774997e-01 0.00000000e+00
3.96222453e-01 0.00000000e+00
3.96669909e-01 0.00000000e+00
3.97117366e-01 0.00000000e+00
3.97564822e-01 0.00000000e+00
3.98012278e-01 0.00000000e+00
3.98459734e-01 0.00000000e+00
3.98907190e-01 0.00000000e+00
3.99354647e-01 0.00000000e+00
3.99802103e-01 0.00000000e+00
4.00249559e-01 0.00000000e+00
4.00697015e-01 0.00000000e+00
4.01144471e-01 0.00000000e+00
4.01591927e-01 0.00000000e+00
4.02039384e-01 0.00000000e+00
4.02486840e-01 0.00000000e+00
4.02934296e-01 0.00000000e+00
4.03381752e-01 0.00000000e+00
4.03829208e-01 0.00000000e+00
4.04276665e-01 0.00000000e+00
4.04724121e-01 0.00000000e+00
4.05171577e-01 0.00000000e+00
4.05619033e-01 0.00000000e+00
4.06066489e-01 0.00000000e+00
4.06513946e-01 0.00000000e+00
4.06961402e-01 0.00000000e+00
4.07408858e-01 0.00000000e+00
4.07856314e-01 0.00000000e+00
4.08303770e-01 0.00000000e+00
4.08751226e-01 0.00000000e+00
4.09198683e-01 0.00000000e+00
4.09646139e-01 0.00000000e+00
4.10093595e-01 0.00000000e+00
4.10541051e-01 0.00000000e+00
4.10988507e-01 0.00000000e+00
4.11435964e-01 0.00000000e+00
4.11883420e-01 0.00000000e+00
4.12330876e-01 0.00000000e+00
4.12778332e-01 0.00000000e+00
4.13225788e-01 0.00000000e+00
4.13673245e-01 0.00000000e+00
4.14120701e-01 0.00000000e+00
4.14568157e-01 0.00000000e+00
4.15015613e-01 0.00000000e+00
4.15463069e-01 0.00000000e+00
4.15910525e-01 0.00000000e+00
4.16357982e-01 0.00000000e+00
4.16805438e-01 0.00000000e+00
4.17252894e-01 0.00000000e+00
4.17700350e-01 0.00000000e+00
4.18147806e-01 0.00000000e+00
4.18595263e-01 0.00000000e+00
4.19042719e-01 0.00000000e+00
4.19490175e-01 0.00000000e+00
4.19937631e-01 0.00000000e+00
4.20385087e-01 0.00000000e+00
4.20832543e-01 0.00000000e+00
4.21280000e-01 0.00000000e+00
4.21727456e-01 0.00000000e+00
4.22174912e-01 0.00000000e+00
4.22622368e-01 0.00000000e+00
4.23069824e-01 0.00000000e+00
4.23517281e-01 0.00000000e+00
4.23964737e-01 0.00000000e+00
4.24412193e-01 0.00000000e+00
4.24859649e-01 0.00000000e+00
4.25307105e-01 0.00000000e+00
4.25754562e-01 0.00000000e+00
4.26202018e-01 0.00000000e+00
4.26649474e-01 0.00000000e+00
4.27096930e-01 0.00000000e+00
4.27544386e-01 0.00000000e+00
4.27991842e-01 0.00000000e+00
4.28439299e-01 0.00000000e+00
4.28886755e-01 0.00000000e+00
4.29334211e-01 0.00000000e+00
4.29781667e-01 0.00000000e+00
4.30229123e-01 0.00000000e+00
4.30676580e-01 0.00000000e+00
4.31124036e-01 0.00000000e+00
4.31571492e-01 0.00000000e+00
4.32018948e-01 0.00000000e+00
4.32466404e-01 0.00000000e+00
4.32913861e-01 0.00000000e+00
4.33361317e-01 0.00000000e+00
4.33808773e-01 0.00000000e+00
4.34256229e-01 0.00000000e+00
4.34703685e-01 0.00000000e+00
4.35151141e-01 0.00000000e+00
4.35598598e-01 0.00000000e+00
4.36046054e-01 0.00000000e+00
4.36493510e-01 0.00000000e+00
4.36940966e-01 0.00000000e+00
4.37388422e-01 0.00000000e+00
4.37835879e-01 0.00000000e+00
4.38283335e-01 0.00000000e+00
4.38730791e-01 0.00000000e+00
4.39178247e-01 0.00000000e+00
4.39625703e-01 0.00000000e+00
4.40073160e-01 0.00000000e+00
4.40520616e-01 0.00000000e+00
4.40968072e-01 0.00000000e+00
4.41415528e-01 0.00000000e+00
4.41862984e-01 0.00000000e+00
4.42310440e-01 0.00000000e+00
4.42757897e-01 0.00000000e+00
4.43205353e-01 0.00000000e+00
4.43652809e-01 0.00000000e+00
4.44100265e-01 0.00000000e+00
4.44547721e-01 0.00000000e+00
4.44995178e-01 0.00000000e+00
4.45442634e-01 0.00000000e+00
4.45890090e-01 0.00000000e+00
4.46337546e-01 0.00000000e+00
4.46785002e-01 0.00000000e+00
4.47232459e-01 0.00000000e+00
4.47679915e-01 0.00000000e+00
4.48127371e-01 0.00000000e+00
4.48574827e-01 0.00000000e+00
4.49022283e-01 0.00000000e+00
4.49469739e-01 0.00000000e+00
4.49917196e-01 0.00000000e+00
4.50364652e-01 0.00000000e+00
4.50812108e-01 0.00000000e+00
4.51259564e-01 0.00000000e+00
4.51707020e-01 0.00000000e+00
4.52154477e-01 0.00000000e+00
4.52601933e-01 0.00000000e+00
4.53049389e-01 0.00000000e+00
4.53496845e-01 0.00000000e+00
4.53944301e-01 0.00000000e+00
4.54391757e-01 0.00000000e+00
4.54839214e-01 0.00000000e+00
4.55286670e-01 0.00000000e+00
4.55734126e-01 0.00000000e+00
4.56181582e-01 0.00000000e+00
4.56629038e-01 0.00000000e+00
4.57076495e-01 0.00000000e+00
4.57523951e-01 0.00000000e+00
4.57971407e-01 0.00000000e+00
4.58418863e-01 0.00000000e+00
4.58866319e-01 0.00000000e+00
4.59313776e-01 0.00000000e+00
4.59761232e-01 0.00000000e+00
4.60208688e-01 0.00000000e+00
4.60656144e-01 0.00000000e+00
4.61103600e-01 0.00000000e+00
4.61551056e-01 0.00000000e+00
4.61998513e-01 0.00000000e+00
4.62445969e-01 0.00000000e+00
4.62893425e-01 0.00000000e+00
4.63340881e-01 0.00000000e+00
4.63788337e-01 0.00000000e+00
4.64235794e-01 0.00000000e+00
4.64683250e-01 0.00000000e+00
4.65130706e-01 0.00000000e+00
4.65578162e-01 0.00000000e+00
4.66025618e-01 0.00000000e+00
4.66473075e-01 0.00000000e+00
4.66920531e-01 0.00000000e+00
4.67367987e-01 0.00000000e+00
4.67815443e-01 0.00000000e+00
4.68262899e-01 0.00000000e+00
4.68710355e-01 0.00000000e+00
4.69157812e-01 0.00000000e+00
4.69605268e-01 0.00000000e+00
4.70052724e-01 0.00000000e+00
4.70500180e-01 0.00000000e+00
4.70947636e-01 0.00000000e+00
4.71395093e-01 0.00000000e+00
4.71842549e-01 0.00000000e+00
4.72290005e-01 0.00000000e+00
4.72737461e-01 0.00000000e+00
4.73184917e-01 0.00000000e+00
4.73632374e-01 0.00000000e+00
4.74079830e-01 0.00000000e+00
4.74527286e-01 0.00000000e+00
4.74974742e-01 0.00000000e+00
4.75422198e-01 0.00000000e+00
4.75869654e-01 0.00000000e+00
4.76317111e-01 0.00000000e+00
4.76764567e-01 0.00000000e+00
4.77212023e-01 0.00000000e+00
4.77659479e-01 0.00000000e+00
4.78106935e-01 0.00000000e+00
4.78554392e-01 0.00000000e+00
4.79001848e-01 0.00000000e+00
4.79449304e-01 0.00000000e+00
4.79896760e-01 0.00000000e+00
4.80344216e-01 0.00000000e+00
4.80791673e-01 0.00000000e+00
4.81239129e-01 0.00000000e+00
4.81686585e-01 0.00000000e+00
4.82134041e-01 0.00000000e+00
4.82581497e-01 0.00000000e+00
4.83028953e-01 0.00000000e+00
4.83476410e-01 0.00000000e+00
4.83923866e-01 0.00000000e+00
4.84371322e-01 0.00000000e+00
4.84818778e-01 0.00000000e+00
4.85266234e-01 0.00000000e+00
4.85713691e-01 0.00000000e+00
4.86161147e-01 0.00000000e+00
4.86608603e-01 0.00000000e+00
4.87056059e-01 0.00000000e+00
4.87503515e-01 0.00000000e+00
4.87950971e-01 0.00000000e+00
4.88398428e-01 0.00000000e+00
4.88845884e-01 0.00000000e+00
4.89293340e-01 0.00000000e+00
4.89740796e-01 0.00000000e+00
4.90188252e-01 0.00000000e+00
4.90635709e-01 0.00000000e+00
4.91083165e-01 0.00000000e+00
4.91530621e-01 0.00000000e+00
4.91978077e-01 0.00000000e+00
4.92425533e-01 0.00000000e+00
4.92872990e-01 0.00000000e+00
4.93320446e-01 0.00000000e+00
4.93767902e-01 0.00000000e+00
4.94215358e-01 0.00000000e+00
4.94662814e-01 0.00000000e+00
4.95110270e-01 0.00000000e+00
4.95557727e-01 0.00000000e+00
4.96005183e-01 0.00000000e+00
4.96452639e-01 0.00000000e+00
4.96900095e-01 0.00000000e+00
4.97347551e-01 0.00000000e+00
4.97795008e-01 0.00000000e+00
4.98242464e-01 0.00000000e+00
4.98689920e-01 0.00000000e+00
4.99137376e-01 0.00000000e+00
4.99584832e-01 0.00000000e+00
5.00032289e-01 0.00000000e+00
0.00000000e+00 2.23728093e-04
0.00000000e+00 6.71184280e-04
0.00000000e+00 1.11864047e-03
0.00000000e+00 1.56609665e-03
0.00000000e+00 2.01355284e-03
0.00000000e+00 2.46100903e-03
0.00000000e+00 2.90846521e-03
0.00000000e+00 3.35592140e-03
0.00000000e+00 3.80337759e-03
0.00000000e+00 4.25083377e-03
0.00000000e+00 4.69828996e-03
0.00000000e+00 5.14574615e-03
0.00000000e+00 5.59320233e-03
0.00000000e+00 6.04065852e-03
0.00000000e+00 6.48811471e-03
0.00000000e+00 6.93557089e-03
0.00000000e+00 7.38302708e-03
0.00000000e+00 7.83048327e-03
0.00000000e+00 8.27793945e-03
0.00000000e+00 8.72539564e-03
0.00000000e+00 9.17285183e-03
0.00000000e+00 9.62030801e-03
0.00000000e+00 1.00677642e-02
0.00000000e+00 1.05152204e-02
0.00000000e+00 1.09626766e-02
0.00000000e+00 1.14101328e-02
0.00000000e+00 1.18575889e-02
0.00000000e+00 1.23050451e-02
0.00000000e+00 1.27525013e-02
0.00000000e+00 1.31999575e-02
0.00000000e+00 1.36474137e-02
0.00000000e+00 1.40948699e-02
0.00000000e+00 1.45423261e-02
0.00000000e+00 1.49897823e-02
0.00000000e+00 1.54372384e-02
0.00000000e+00 1.58846946e-02
0.00000000e+00 1.63321508e-02
0.00000000e+00 1.67796070e-02
0.00000000e+00 1.72270632e-02
0.00000000e+00 1.76745194e-02
0.00000000e+00 1.81219756e-02
0.00000000e+00 1.85694317e-02
0.00000000e+00 1.90168879e-02
0.00000000e+00 1.94643441e-02
0.00000000e+00 1.99118003e-02
0.00000000e+00 2.03592565e-02
0.00000000e+00 2.08067127e-02
0.00000000e+00 2.12541689e-02
0.00000000e+00 2.17016251e-02
0.00000000e+00 2.21490812e-02
0.00000000e+00 2.25965374e-02
0.00000000e+00 2.30439936e-02
0.00000000e+00 2.34914498e-02
0.00000000e+00 2.39389060e-02
0.00000000e+00 2.43863622e-02
0.00000000e+00 2.48338184e-02
0.00000000e+00 2.52812745e-02
0.00000000e+00 2.57287307e-02
0.00000000e+00 2.61761869e-02
0.00000000e+00 2.66236431e-02
0.00000000e+00 2.70710993e-02
0.00000000e+00 2.75185555e-02
0.00000000e+00 2.79660117e-02
0.00000000e+00 2.84134678e-02
0.00000000e+00 2.88609240e-02
0.00000000e+00 2.93083802e-02
0.00000000e+00 2.97558364e-02
0.00000000e+00 3.02032926e-02
0.00000000e+00 3.06507488e-02
0.00000000e+00 3.10982050e-02
0.00000000e+00 3.15456612e-02
0.00000000e+00 3.19931173e-02
0.00000000e+00 3.24405735e-02
0.00000000e+00 3.28880297e-02
0.00000000e+00 3.33354859e-02
0.00000000e+00 3.37829421e-02
0.00000000e+00 3.42303983e-02
0.00000000e+00 3.46778545e-02
0.00000000e+00 3.51253106e-02
0.00000000e+00 3.55727668e-02
0.00000000e+00 3.60202230e-02
0.00000000e+00 3.64676792e-02
0.00000000e+00 3.69151354e-02
0.00000000e+00 3.73625916e-02
0.00000000e+00 3.78100478e-02
0.00000000e+00 3.82575040e-02
0.00000000e+00 3.87049601e-02
0.00000000e+00 3.91524163e-02
0.00000000e+00 3.95998725e-02
0.00000000e+00 4.00473287e-02
0.00000000e+00 4.04947849e-02
0.00000000e+00 4.09422411e-02
0.00000000e+00 4.13896973e-02
0.00000000e+00 4.18371534e-02
0.00000000e+00 4.22846096e-02
0.00000000e+00 4.27320658e-02
0.00000000e+00 4.31795220e-02
0.00000000e+00 4.36269782e-02
0.00000000e+00 4.40744344e-02
0.00000000e+00 4.45218906e-02
0.00000000e+00 4.49693468e-02
0.00000000e+00 4.54168029e-02
0.00000000e+00 4.58642591e-02
0.00000000e+00 4.63117153e-02
0.00000000e+00 4.67591715e-02
0.00000000e+00 4.72066277e-02
0.00000000e+00 4.76540839e-02
0.00000000e+00 4.81015401e-02
0.00000000e+00 4.85489962e-02
0.00000000e+00 4.89964524e-02
0.00000000e+00 4.94439086e-02
0.00000000e+00 4.98913648e-02
0.00000000e+00 5.03388210e-02
0.00000000e+00 5.07862772e-02
0.00000000e+00 5.12337334e-02
0.00000000e+00 5.16811896e-02
0.00000000e+00 5.21286457e-02
0.00000000e+00 5.25761019e-02
0.00000000e+00 5.30235581e-02
0.00000000e+00 5.34710143e-02
0.00000000e+00 5.39184705e-02
0.00000000e+00 5.43659267e-02
0.00000000e+00 5.48133829e-02
0.00000000e+00 5.52608390e-02
0.00000000e+00 5.57082952e-02
0.00000000e+00 5.61557514e-02
0.00000000e+00 5.66032076e-02
0.00000000e+00 5.70506638e-02
0.00000000e+00 5.74981200e-02
0.00000000e+00 5.79455762e-02
0.00000000e+00 5.83930324e-02
0.00000000e+00 5.88404885e-02
0.00000000e+00 5.92879447e-02
0.00000000e+00 5.97354009e-02
0.00000000e+00 6.01828571e-02
0.00000000e+00 6.06303133e-02
0.00000000e+00 6.10777695e-02
0.00000000e+00 6.15252257e-02
0.00000000e+00 6.19726818e-02
0.00000000e+00 6.24201380e-02
0.00000000e+00 6.28675942e-02
0.00000000e+00 6.33150504e-02
0.00000000e+00 6.37625066e-02
0.00000000e+00 6.42099628e-02
0.00000000e+00 6.46574190e-02
0.00000000e+00 6.51048752e-02
0.00000000e+00 6.55523313e-02
0.00000000e+00 6.59997875e-02
0.00000000e+00 6.64472437e-02
0.00000000e+00 6.68946999e-02
0.00000000e+00 6.73421561e-02
0.00000000e+00 6.77896123e-02
0.00000000e+00 6.82370685e-02
0.00000000e+00 6.86845246e-02
0.00000000e+00 6.91319808e-02
0.00000000e+00 6.95794370e-02
0.00000000e+00 7.00268932e-02
0.00000000e+00 7.04743494e-02
0.00000000e+00 7.09218056e-02
0.00000000e+00 7.13692618e-02
0.00000000e+00 7.18167179e-02
0.00000000e+00 7.22641741e-02
0.00000000e+00 7.27116303e-02
0.00000000e+00 7.31590865e-02
0.00000000e+00 7.36065427e-02
0.00000000e+00 7.40539989e-02
0.00000000e+00 7.45014551e-02
0.00000000e+00 7.49489113e-02
0.00000000e+00 7.53963674e-02
0.00000000e+00 7.58438236e-02
0.00000000e+00 7.62912798e-02
0.00000000e+00 7.67387360e-02
0.00000000e+00 7.71861922e-02
0.00000000e+00 7.76336484e-02
0.00000000e+00 7.80811046e-02
0.00000000e+00 7.85285607e-02
0.00000000e+00 7.89760169e-02
0.00000000e+00 7.94234731e-02
0.00000000e+00 7.98709293e-02
0.00000000e+00 8.03183855e-02
0.00000000e+00 8.07658417e-02
0.00000000e+00 8.12132979e-02
0.00000000e+00 8.16607541e-02
0.00000000e+00 8.21082102e-02
0.00000000e+00 8.25556664e-02
0.00000000e+00 8.30031226e-02
0.00000000e+00 8.34505788e-02
0.00000000e+00 8.38980350e-02
0.00000000e+00 8.43454912e-02
0.00000000e+00 8.47929474e-02
0.00000000e+00 8.52404035e-02
0.00000000e+00 8.56878597e-02
0.00000000e+00 8.61353159e-02
0.00000000e+00 8.65827721e-02
0.00000000e+00 8.70302283e-02
0.00000000e+00 8.74776845e-02
0.00000000e+00 8.79251407e-02
0.00000000e+00 8.83725969e-02
0.00000000e+00 8.88200530e-02
0.00000000e+00 8.92675092e-02
0.00000000e+00 8.97149654e-02
0.00000000e+00 9.01624216e-02
0.00000000e+00 9.06098778e-02
0.00000000e+00 9.10573340e-02
0.00000000e+00 9.15047902e-02
0.00000000e+00 9.19522463e-02
0.00000000e+00 9.23997025e-02
0.00000000e+00 9.28471587e-02
0.00000000e+00 9.32946149e-02
0.00000000e+00 9.37420711e-02
0.00000000e+00 9.41895273e-02
0.00000000e+00 9.46369835e-02
0.00000000e+00 9.50844397e-02
0.00000000e+00 9.55318958e-02
0.00000000e+00 9.59793520e-02
0.00000000e+00 9.64268082e-02
0.00000000e+00 9.68742644e-02
0.00000000e+00 9.73217206e-02
0.00000000e+00 9.77691768e-02
0.00000000e+00 9.82166330e-02
0.00000000e+00 9.86640891e-02
0.00000000e+00 9.91115453e-02
0.00000000e+00 9.95590015e-02
0.00000000e+00 1.00006458e-01
0.00000000e+00 1.00453914e-01
0.00000000e+00 1.00901370e-01
0.00000000e+00 1.01348826e-01
0.00000000e+00 1.01796282e-01
0.00000000e+00 1.02243739e-01
0.00000000e+00 1.02691195e-01
0.00000000e+00 1.03138651e-01
0.00000000e+00 1.03586107e-01
0.00000000e+00 1.04033563e-01
0.00000000e+00 1.04481020e-01
0.00000000e+00 1.04928476e-01
0.00000000e+00 1.05375932e-01
0.00000000e+00 1.05823388e-01
0.00000000e+00 1.06270844e-01
0.00000000e+00 1.06718301e-01
0.00000000e+00 1.07165757e-01
0.00000000e+00 1.07613213e-01
0.00000000e+00 1.08060669e-01
0.00000000e+00 1.08508125e-01
0.00000000e+00 1.08955581e-01
0.00000000e+00 1.09403038e-01
0.00000000e+00 1.09850494e-01
0.00000000e+00 1.10297950e-01
0.00000000e+00 1.10745406e-01
0.00000000e+00 1.11192862e-01
0.00000000e+00 1.11640319e-01
0.00000000e+00 1.12087775e-01
0.00000000e+00 1.12535231e-01
0.00000000e+00 1.12982687e-01
0.00000000e+00 1.13430143e-01
0.00000000e+00 1.13877599e-01
0.00000000e+00 1.14325056e-01
0.00000000e+00 1.14772512e-01
0.00000000e+00 1.15219968e-01
0.00000000e+00 1.15667424e-01
0.00000000e+00 1.16114880e-01
0.00000000e+00 1.16562337e-01
0.00000000e+00 1.17009793e-01
0.00000000e+00 1.17457249e-01
0.00000000e+00 1.17904705e-01
0.00000000e+00 1.18352161e-01
0.00000000e+00 1.18799618e-01
0.00000000e+00 1.19247074e-01
0.00000000e+00 1.19694530e-01
0.00000000e+00 1.20141986e-01
0.00000000e+00 1.20589442e-01
0.00000000e+00 1.21036898e-01
0.00000000e+00 1.21484355e-01
0.00000000e+00 1.21931811e-01
0.00000000e+00 1.22379267e-01
0.00000000e+00 1.22826723e-01
0.00000000e+00 1.23274179e-01
0.00000000e+00 1.23721636e-01
0.00000000e+00 1.24169092e-01
0.00000000e+00 1.24616548e-01
0.00000000e+00 1.25064004e-01
0.00000000e+00 1.25511460e-01
0.00000000e+00 1.25958917e-01
0.00000000e+00 1.26406373e-01
0.00000000e+00 1.26853829e-01
0.00000000e+00 1.27301285e-01
0.00000000e+00 1.27748741e-01
0.00000000e+00 1.28196197e-01
0.00000000e+00 1.28643654e-01
0.00000000e+00 1.29091110e-01
0.00000000e+00 1.29538566e-01
0.00000000e+00 1.29986022e-01
0.00000000e+00 1.30433478e-01
0.00000000e+00 1.30880935e-01
0.00000000e+00 1.31328391e-01
0.00000000e+00 1.31775847e-01
0.00000000e+00 1.32223303e-01
0.00000000e+00 1.32670759e-01
0.00000000e+00 1.33118216e-01
0.00000000e+00 1.33565672e-01
0.00000000e+00 1.34013128e-01
0.00000000e+00 1.34460584e-01
0.00000000e+00 1.34908040e-01
0.00000000e+00 1.35355496e-01
0.00000000e+00 1.35802953e-01
0.00000000e+00 1.36250409e-01
0.00000000e+00 1.36697865e-01
0.00000000e+00 1.37145321e-01
0.00000000e+00 1.37592777e-01
0.00000000e+00 1.38040234e-01
0.00000000e+00 1.38487690e-01
0.00000000e+00 1.38935146e-01
0.00000000e+00 1.39382602e-01
0.00000000e+00 1.39830058e-01
0.00000000e+00 1.40277514e-01
0.00000000e+00 1.40724971e-01
0.00000000e+00 1.41172427e-01
0.00000000e+00 1.41619883e-01
0.00000000e+00 1.42067339e-01
0.00000000e+00 1.42514795e-01
0.00000000e+00 1.42962252e-01
0.00000000e+00 1.43409708e-01
0.00000000e+00 1.43857164e-01
0.00000000e+00 1.44304620e-01
0.00000000e+00 1.44752076e-01
0.00000000e+00 1.45199533e-01
0.00000000e+00 1.45646989e-01
0.00000000e+00 1.46094445e-01
0.00000000e+00 1.46541901e-01
0.00000000e+00 1.46989357e-01
0.00000000e+00 1.47436813e-01
0.00000000e+00 1.47884270e-01
0.00000000e+00 1.48331726e-01
0.00000000e+00 1.48779182e-01
0.00000000e+00 1.49226638e-01
0.00000000e+00 1.49674094e-01
0.00000000e+00 1.50121551e-01
0.00000000e+00 1.50569007e-01
0.00000000e+00 1.51016463e-01
0.00000000e+00 1.51463919e-01
0.00000000e+00 1.51911375e-01
0.00000000e+00 1.52358832e-01
0.00000000e+00 1.52806288e-01
0.00000000e+00 1.53253744e-01
0.00000000e+00 1.53701200e-01
0.00000000e+00 1.54148656e-01
0.00000000e+00 1.54596112e-01
0.00000000e+00 1.55043569e-01
0.00000000e+00 1.55491025e-01
0.00000000e+00 1.55938481e-01
0.00000000e+00 1.56385937e-01
0.00000000e+00 1.56833393e-01
0.00000000e+00 1.57280850e-01
0.00000000e+00 1.57728306e-01
0.00000000e+00 1.58175762e-01
0.00000000e+00 1.58623218e-01
0.00000000e+00 1.59070674e-01
0.00000000e+00 1.59518131e-01
0.00000000e+00 1.59965587e-01
0.00000000e+00 1.60413043e-01
0.00000000e+00 1.60860499e-01
0.00000000e+00 1.61307955e-01
0.00000000e+00 1.61755411e-01
0.00000000e+00 1.62202868e-01
0.00000000e+00 1.62650324e-01
0.00000000e+00 1.63097780e-01
0.00000000e+00 1.63545236e-01
0.00000000e+00 1.63992692e-01
0.00000000e+00 1.64440149e-01
0.00000000e+00 1.64887605e-01
0.00000000e+00 1.65335061e-01
0.00000000e+00 1.65782517e-01
0.00000000e+00 1.66229973e-01
0.00000000e+00 1.66677430e-01
0.00000000e+00 1.67124886e-01
0.00000000e+00 1.67572342e-01
0.00000000e+00 1.68019798e-01
0.00000000e+00 1.68467254e-01
0.00000000e+00 1.68914710e-01
0.00000000e+00 1.69362167e-01
0.00000000e+00 1.69809623e-01
0.00000000e+00 1.70257079e-01
0.00000000e+00 1.70704535e-01
0.00000000e+00 1.71151991e-01
0.00000000e+00 1.71599448e-01
0.00000000e+00 1.72046904e-01
0.00000000e+00 1.72494360e-01
0.00000000e+00 1.72941816e-01
0.00000000e+00 1.73389272e-01
0.00000000e+00 1.73836728e-01
0.00000000e+00 1.74284185e-01
0.00000000e+00 1.74731641e-01
0.00000000e+00 1.75179097e-01
0.00000000e+00 1.75626553e-01
0.00000000e+00 1.76074009e-01
0.00000000e+00 1.76521466e-01
0.00000000e+00 1.76968922e-01
0.00000000e+00 1.77416378e-01
0.00000000e+00 1.77863834e-01
0.00000000e+00 1.78311290e-01
0.00000000e+00 1.78758747e-01
0.00000000e+00 1.79206203e-01
0.00000000e+00 1.79653659e-01
0.00000000e+00 1.80101115e-01
0.00000000e+00 1.80548571e-01
0.00000000e+00 1.80996027e-01
0.00000000e+00 1.81443484e-01
0.00000000e+00 1.81890940e-01
0.00000000e+00 1.82338396e-01
0.00000000e+00 1.82785852e-01
0.00000000e+00 1.83233308e-01
0.00000000e+00 1.83680765e-01
0.00000000e+00 1.84128221e-01
0.00000000e+00 1.84575677e-01
0.00000000e+00 1.85023133e-01
0.00000000e+00 1.85470589e-01
0.00000000e+00 1.85918046e-01
0.00000000e+00 1.86365502e-01
0.00000000e+00 1.86812958e-01
0.00000000e+00 1.87260414e-01
0.00000000e+00 1.87707870e-01
0.00000000e+00 1.88155326e-01
0.00000000e+00 1.88602783e-01
0.00000000e+00 1.89050239e-01
0.00000000e+00 1.89497695e-01
0.00000000e+00 1.89945151e-01
0.00000000e+00 1.90392607e-01
0.00000000e+00 1.90840064e-01
0.00000000e+00 1.91287520e-01
0.00000000e+00 1.91734976e-01
0.00000000e+00 1.92182432e-01
0.00000000e+00 1.92629888e-01
0.00000000e+00 1.93077345e-01
0.00000000e+00 1.93524801e-01
0.00000000e+00 1.93972257e-01
0.00000000e+00 1.94419713e-01
0.00000000e+00 1.94867169e-01
0.00000000e+00 1.95314625e-01
0.00000000e+00 1.95762082e-01
0.00000000e+00 1.96209538e-01
0.00000000e+00 1.96656994e-01
0.00000000e+00 1.97104450e-01
0.00000000e+00 1.97551906e-01
0.00000000e+00 1.97999363e-01
0.00000000e+00 1.98446819e-01
0.00000000e+00 1.98894275e-01
0.00000000e+00 1.99341731e-01
0.00000000e+00 1.99789187e-01
0.00000000e+00 2.00236644e-01
0.00000000e+00 2.00684100e-01
0.00000000e+00 2.01131556e-01
0.00000000e+00 2.01579012e-01
0.00000000e+00 2.02026468e-01
0.00000000e+00 2.02473924e-01
0.00000000e+00 2.02921381e-01
0.00000000e+00 2.03368837e-01
0.00000000e+00 2.03816293e-01
0.00000000e+00 2.04263749e-01
0.00000000e+00 2.04711205e-01
0.00000000e+00 2.05158662e-01
0.00000000e+00 2.05606118e-01
0.00000000e+00 2.06053574e-01
0.00000000e+00 2.06501030e-01
0.00000000e+00 2.06948486e-01
0.00000000e+00 2.07395942e-01
0.00000000e+00 2.07843399e-01
0.00000000e+00 2.08290855e-01
0.00000000e+00 2.08738311e-01
0.00000000e+00 2.09185767e-01
0.00000000e+00 2.09633223e-01
0.00000000e+00 2.10080680e-01
0.00000000e+00 2.10528136e-01
0.00000000e+00 2.10975592e-01
0.00000000e+00 2.11423048e-01
0.00000000e+00 2.11870504e-01
0.00000000e+00 2.12317961e-01
0.00000000e+00 2.12765417e-01
0.00000000e+00 2.13212873e-01
0.00000000e+00 2.13660329e-01
0.00000000e+00 2.14107785e-01
0.00000000e+00 2.14555241e-01
0.00000000e+00 2.15002698e-01
0.00000000e+00 2.15450154e-01
0.00000000e+00 2.15897610e-01
0.00000000e+00 2.16345066e-01
0.00000000e+00 2.16792522e-01
0.00000000e+00 2.17239979e-01
0.00000000e+00 2.17687435e-01
0.00000000e+00 2.18134891e-01
0.00000000e+00 2.18582347e-01
0.00000000e+00 2.19029803e-01
0.00000000e+00 2.19477260e-01
0.00000000e+00 2.19924716e-01
0.00000000e+00 2.20372172e-01
0.00000000e+00 2.20819628e-01
0.00000000e+00 2.21267084e-01
0.00000000e+00 2.21714540e-01
0.00000000e+00 2.22161997e-01
0.00000000e+00 2.22609453e-01
0.00000000e+00 2.23056909e-01
0.00000000e+00 2.23504365e-01
0.00000000e+00 2.23951821e-01
0.00000000e+00 2.24399278e-01
0.00000000e+00 2.24846734e-01
0.00000000e+00 2.25294190e-01
0.00000000e+00 2.25741646e-01
0.00000000e+00 2.26189102e-01
0.00000000e+00 2.26636559e-01
0.00000000e+00 2.27084015e-01
0.00000000e+00 2.27531471e-01
0.00000000e+00 2.27978927e-01
0.00000000e+00 2.28426383e-01
0.00000000e+00 2.28873839e-01
0.00000000e+00 2.29321296e-01
0.00000000e+00 2.29768752e-01
0.00000000e+00 2.30216208e-01
0.00000000e+00 2.30663664e-01
0.00000000e+00 2.31111120e-01
0.00000000e+00 2.31558577e-01
0.00000000e+00 2.32006033e-01
0.00000000e+00 2.32453489e-01
0.00000000e+00 2.32900945e-01
0.00000000e+00 2.33348401e-01
0.00000000e+00 2.33795857e-01
0.00000000e+00 2.34243314e-01
0.00000000e+00 2.34690770e-01
0.00000000e+00 2.35138226e-01
0.00000000e+00 2.35585682e-01
0.00000000e+00 2.36033138e-01
0.00000000e+00 2.36480595e-01
0.00000000e+00 2.36928051e-01
0.00000000e+00 2.37375507e-01
0.00000000e+00 2.37822963e-01
0.00000000e+00 2.38270419e-01
0.00000000e+00 2.38717876e-01
0.00000000e+00 2.39165332e-01
0.00000000e+00 2.39612788e-01
0.00000000e+00 2.40060244e-01
0.00000000e+00 2.40507700e-01
0.00000000e+00 2.40955156e-01
0.00000000e+00 2.41402613e-01
0.00000000e+00 2.41850069e-01
0.00000000e+00 2.42297525e-01
0.00000000e+00 2.42744981e-01
0.00000000e+00 2.43192437e-01
0.00000000e+00 2.43639894e-01
0.00000000e+00 2.44087350e-01
0.00000000e+00 2.44534806e-01
0.00000000e+00 2.44982262e-01
0.00000000e+00 2.45429718e-01
0.00000000e+00 2.45877175e-01
0.00000000e+00 2.46324631e-01
0.00000000e+00 2.46772087e-01
0.00000000e+00 2.47219543e-01
0.00000000e+00 2.47666999e-01
0.00000000e+00 2.48114455e-01
0.00000000e+00 2.48561912e-01
0.00000000e+00 2.49009368e-01
0.00000000e+00 2.49456824e-01
0.00000000e+00 2.49904280e-01
0.00000000e+00 2.50351736e-01
0.00000000e+00 2.50799193e-01
0.00000000e+00 2.51246649e-01
0.00000000e+00 2.51694105e-01
0.00000000e+00 2.52141561e-01
0.00000000e+00 2.52589017e-01
0.00000000e+00 2.53036474e-01
0.00000000e+00 2.53483930e-01
0.00000000e+00 2.53931386e-01
0.00000000e+00 2.54378842e-01
0.00000000e+00 2.54826298e-01
0.00000000e+00 2.55273754e-01
0.00000000e+00 2.55721211e-01
0.00000000e+00 2.56168667e-01
0.00000000e+00 2.56616123e-01
0.00000000e+00 2.57063579e-01
0.00000000e+00 2.57511035e-01
0.00000000e+00 2.57958492e-01
0.00000000e+00 2.58405948e-01
0.00000000e+00 2.58853404e-01
0.00000000e+00 2.59300860e-01
0.00000000e+00 2.59748316e-01
0.00000000e+00 2.60195773e-01
0.00000000e+00 2.60643229e-01
0.00000000e+00 2.61090685e-01
0.00000000e+00 2.61538141e-01
0.00000000e+00 2.61985597e-01
0.00000000e+00 2.62433053e-01
0.00000000e+00 2.62880510e-01
0.00000000e+00 2.63327966e-01
0.00000000e+00 2.63775422e-01
0.00000000e+00 2.64222878e-01
0.00000000e+00 2.64670334e-01
0.00000000e+00 2.65117791e-01
0.00000000e+00 2.65565247e-01
0.00000000e+00 2.66012703e-01
0.00000000e+00 2.66460159e-01
0.00000000e+00 2.66907615e-01
0.00000000e+00 2.67355071e-01
0.00000000e+00 2.67802528e-01
0.00000000e+00 2.68249984e-01
0.00000000e+00 2.68697440e-01
0.00000000e+00 2.69144896e-01
0.00000000e+00 2.69592352e-01
0.00000000e+00 2.70039809e-01
0.00000000e+00 2.70487265e-01
0.00000000e+00 2.70934721e-01
0.00000000e+00 2.71382177e-01
0.00000000e+00 2.71829633e-01
0.00000000e+00 2.72277090e-01
0.00000000e+00 2.72724546e-01
0.00000000e+00 2.73172002e-01
0.00000000e+00 2.73619458e-01
0.00000000e+00 2.74066914e-01
0.00000000e+00 2.74514370e-01
0.00000000e+00 2.74961827e-01
0.00000000e+00 2.75409283e-01
0.00000000e+00 2.75856739e-01
0.00000000e+00 2.76304195e-01
0.00000000e+00 2.76751651e-01
0.00000000e+00 2.77199108e-01
0.00000000e+00 2.77646564e-01
0.00000000e+00 2.78094020e-01
0.00000000e+00 2.78541476e-01
0.00000000e+00 2.78988932e-01
0.00000000e+00 2.79436389e-01
0.00000000e+00 2.79883845e-01
0.00000000e+00 2.80331301e-01
0.00000000e+00 2.80778757e-01
0.00000000e+00 2.81226213e-01
0.00000000e+00 2.81673669e-01
0.00000000e+00 2.82121126e-01
0.00000000e+00 2.82568582e-01
0.00000000e+00 2.83016038e-01
0.00000000e+00 2.83463494e-01
0.00000000e+00 2.83910950e-01
0.00000000e+00 2.84358407e-01
0.00000000e+00 2.84805863e-01
0.00000000e+00 2.85253319e-01
0.00000000e+00 2.85700775e-01
0.00000000e+00 2.86148231e-01
0.00000000e+00 2.86595688e-01
0.00000000e+00 2.87043144e-01
0.00000000e+00 2.87490600e-01
0.00000000e+00 2.87938056e-01
0.00000000e+00 2.88385512e-01
0.00000000e+00 2.88832968e-01
0.00000000e+00 2.89280425e-01
0.00000000e+00 2.89727881e-01
0.00000000e+00 2.90175337e-01
0.00000000e+00 2.90622793e-01
0.00000000e+00 2.91070249e-01
0.00000000e+00 2.91517706e-01
0.00000000e+00 2.91965162e-01
0.00000000e+00 2.92412618e-01
0.00000000e+00 2.92860074e-01
0.00000000e+00 2.93307530e-01
0.00000000e+00 2.93754987e-01
0.00000000e+00 2.94202443e-01
0.00000000e+00 2.94649899e-01
0.00000000e+00 2.95097355e-01
0.00000000e+00 2.95544811e-01
0.00000000e+00 2.95992267e-01
0.00000000e+00 2.96439724e-01
0.00000000e+00 2.96887180e-01
0.00000000e+00 2.97334636e-01
0.00000000e+00 2.97782092e-01
0.00000000e+00 2.98229548e-01
0.00000000e+00 2.98677005e-01
0.00000000e+00 2.99124461e-01
0.00000000e+00 2.99571917e-01
0.00000000e+00 3.00019373e-01
0.00000000e+00 3.00466829e-01
0.00000000e+00 3.00914285e-01
0.00000000e+00 3.01361742e-01
0.00000000e+00 3.01809198e-01
0.00000000e+00 3.02256654e-01
0.00000000e+00 3.02704110e-01
0.00000000e+00 3.03151566e-01
0.00000000e+00 3.03599023e-01
0.00000000e+00 3.04046479e-01
0.00000000e+00 3.04493935e-01
0.00000000e+00 3.04941391e-01
0.00000000e+00 3.05388847e-01
0.00000000e+00 3.05836304e-01
0.00000000e+00 3.06283760e-01
0.00000000e+00 3.06731216e-01
0.00000000e+00 3.07178672e-01
0.00000000e+00 3.07626128e-01
0.00000000e+00 3.08073584e-01
0.00000000e+00 3.08521041e-01
0.00000000e+00 3.08968497e-01
0.00000000e+00 3.09415953e-01
0.00000000e+00 3.09863409e-01
0.00000000e+00 3.10310865e-01
0.00000000e+00 3.10758322e-01
0.00000000e+00 3.11205778e-01
0.00000000e+00 3.11653234e-01
0.00000000e+00 3.12100690e-01
0.00000000e+00 3.12548146e-01
0.00000000e+00 3.12995603e-01
0.00000000e+00 3.13443059e-01
0.00000000e+00 3.13890515e-01
0.00000000e+00 3.14337971e-01
0.00000000e+00 3.14785427e-01
0.00000000e+00 3.15232883e-01
0.00000000e+00 3.15680340e-01
0.00000000e+00 3.16127796e-01
0.00000000e+00 3.16575252e-01
0.00000000e+00 3.17022708e-01
0.00000000e+00 3.17470164e-01
0.00000000e+00 3.17917621e-01
0.00000000e+00 3.18365077e-01
0.00000000e+00 3.18812533e-01
0.00000000e+00 3.19259989e-01
0.00000000e+00 3.19707445e-01
0.00000000e+00 3.20154902e-01
0.00000000e+00 3.20602358e-01
0.00000000e+00 3.21049814e-01
0.00000000e+00 3.21497270e-01
0.00000000e+00 3.21944726e-01
0.00000000e+00 3.22392182e-01
0.00000000e+00 3.22839639e-01
0.00000000e+00 3.23287095e-01
0.00000000e+00 3.23734551e-01
0.00000000e+00 3.24182007e-01
0.00000000e+00 3.24629463e-01
0.00000000e+00 3.25076920e-01
0.00000000e+00 3.25524376e-01
0.00000000e+00 3.25971832e-01
0.00000000e+00 3.26419288e-01
0.00000000e+00 3.26866744e-01
0.00000000e+00 3.27314200e-01
0.00000000e+00 3.27761657e-01
0.00000000e+00 3.28209113e-01
0.00000000e+00 3.28656569e-01
0.00000000e+00 3.29104025e-01
0.00000000e+00 3.29551481e-01
0.00000000e+00 3.29998938e-01
0.00000000e+00 3.30446394e-01
0.00000000e+00 3.30893850e-01
0.00000000e+00 3.31341306e-01
0.00000000e+00 3.31788762e-01
0.00000000e+00 3.32236219e-01
0.00000000e+00 3.32683675e-01
0.00000000e+00 3.33131131e-01
0.00000000e+00 3.33578587e-01
0.00000000e+00 3.34026043e-01
0.00000000e+00 3.34473499e-01
0.00000000e+00 3.34920956e-01
0.00000000e+00 3.35368412e-01
0.00000000e+00 3.35815868e-01
0.00000000e+00 3.36263324e-01
0.00000000e+00 3.36710780e-01
0.00000000e+00 3.37158237e-01
0.00000000e+00 3.37605693e-01
0.00000000e+00 3.38053149e-01
0.00000000e+00 3.38500605e-01
0.00000000e+00 3.38948061e-01
0.00000000e+00 3.39395518e-01
0.00000000e+00 3.39842974e-01
0.00000000e+00 3.40290430e-01
0.00000000e+00 3.40737886e-01
0.00000000e+00 3.41185342e-01
0.00000000e+00 3.41632798e-01
0.00000000e+00 3.42080255e-01
0.00000000e+00 3.42527711e-01
0.00000000e+00 3.42975167e-01
0.00000000e+00 3.43422623e-01
0.00000000e+00 3.43870079e-01
0.00000000e+00 3.44317536e-01
0.00000000e+00 3.44764992e-01
0.00000000e+00 3.45212448e-01
0.00000000e+00 3.45659904e-01
0.00000000e+00 3.46107360e-01
0.00000000e+00 3.46554817e-01
0.00000000e+00 3.47002273e-01
0.00000000e+00 3.47449729e-01
0.00000000e+00 3.47897185e-01
0.00000000e+00 3.48344641e-01
0.00000000e+00 3.48792097e-01
0.00000000e+00 3.49239554e-01
0.00000000e+00 3.49687010e-01
0.00000000e+00 3.50134466e-01
0.00000000e+00 3.50581922e-01
0.00000000e+00 3.51029378e-01
0.00000000e+00 3.51476835e-01
0.00000000e+00 3.51924291e-01
0.00000000e+00 3.52371747e-01
0.00000000e+00 3.52819203e-01
0.00000000e+00 3.53266659e-01
0.00000000e+00 3.53714116e-01
0.00000000e+00 3.54161572e-01
0.00000000e+00 3.54609028e-01
0.00000000e+00 3.55056484e-01
0.00000000e+00 3.55503940e-01
0.00000000e+00 3.55951396e-01
0.00000000e+00 3.56398853e-01
0.00000000e+00 3.56846309e-01
0.00000000e+00 3.57293765e-01
0.00000000e+00 3.57741221e-01
0.00000000e+00 3.58188677e-01
0.00000000e+00 3.58636134e-01
0.00000000e+00 3.59083590e-01
0.00000000e+00 3.59531046e-01
0.00000000e+00 3.59978502e-01
0.00000000e+00 3.60425958e-01
0.00000000e+00 3.60873414e-01
0.00000000e+00 3.61320871e-01
0.00000000e+00 3.61768327e-01
0.00000000e+00 3.62215783e-01
0.00000000e+00 3.62663239e-01
0.00000000e+00 3.63110695e-01
0.00000000e+00 3.63558152e-01
0.00000000e+00 3.64005608e-01
0.00000000e+00 3.64453064e-01
0.00000000e+00 3.64900520e-01
0.00000000e+00 3.65347976e-01
0.00000000e+00 3.65795433e-01
0.00000000e+00 3.66242889e-01
0.00000000e+00 3.66690345e-01
0.00000000e+00 3.67137801e-01
0.00000000e+00 3.67585257e-01
0.00000000e+00 3.68032713e-01
0.00000000e+00 3.68480170e-01
0.00000000e+00 3.68927626e-01
0.00000000e+00 3.69375082e-01
0.00000000e+00 3.69822538e-01
0.00000000e+00 3.70269994e-01
0.00000000e+00 3.70717451e-01
0.00000000e+00 3.71164907e-01
0.00000000e+00 3.71612363e-01
0.00000000e+00 3.72059819e-01
0.00000000e+00 3.72507275e-01
0.00000000e+00 3.72954732e-01
0.00000000e+00 3.73402188e-01
0.00000000e+00 3.73849644e-01
0.00000000e+00 3.74297100e-01
0.00000000e+00 3.74744556e-01
0.00000000e+00 3.75192012e-01
0.00000000e+00 3.75639469e-01
0.00000000e+00 3.76086925e-01
0.00000000e+00 3.76534381e-01
0.00000000e+00 3.76981837e-01
0.00000000e+00 3.77429293e-01
0.00000000e+00 3.77876750e-01
0.00000000e+00 3.78324206e-01
0.00000000e+00 3.78771662e-01
0.00000000e+00 3.79219118e-01
0.00000000e+00 3.79666574e-01
0.00000000e+00 3.80114031e-01
0.00000000e+00 3.80561487e-01
0.00000000e+00 3.81008943e-01
0.00000000e+00 3.81456399e-01
0.00000000e+00 3.81903855e-01
0.00000000e+00 3.82351311e-01
0.00000000e+00 3.82798768e-01
0.00000000e+00 3.83246224e-01
0.00000000e+00 3.83693680e-01
0.00000000e+00 3.84141136e-01
0.00000000e+00 3.84588592e-01
0.00000000e+00 3.85036049e-01
0.00000000e+00 3.85483505e-01
0.00000000e+00 3.85930961e-01
0.00000000e+00 3.86378417e-01
0.00000000e+00 3.86825873e-01
0.00000000e+00 3.87273330e-01
0.00000000e+00 3.87720786e-01
0.00000000e+00 3.88168242e-01
0.00000000e+00 3.88615698e-01
0.00000000e+00 3.89063154e-01
0.00000000e+00 3.89510610e-01
0.00000000e+00 3.89958067e-01
0.00000000e+00 3.90405523e-01
0.00000000e+00 3.90852979e-01
0.00000000e+00 3.91300435e-01
0.00000000e+00 3.91747891e-01
0.00000000e+00 3.92195348e-01
0.00000000e+00 3.92642804e-01
0.00000000e+00 3.93090260e-01
0.00000000e+00 3.93537716e-01
0.00000000e+00 3.93985172e-01
0.00000000e+00 3.94432628e-01
0.00000000e+00 3.94880085e-01
0.00000000e+00 3.95327541e-01
0.00000000e+00 3.95774997e-01
0.00000000e+00 3.96222453e-01
0.00000000e+00 3.96669909e-01
0.00000000e+00 3.97117366e-01
0.00000000e+00 3.97564822e-01
0.00000000e+00 3.98012278e-01
0.00000000e+00 3.98459734e-01
0.00000000e+00 3.98907190e-01
0.00000000e+00 3.99354647e-01
0.00000000e+00 3.99802103e-01
0.00000000e+00 4.00249559e-01
0.00000000e+00 4.00697015e-01
0.00000000e+00 4.01144471e-01
0.00000000e+00 4.01591927e-01
0.00000000e+00 4.02039384e-01
0.00000000e+00 4.02486840e-01
0.00000000e+00 4.02934296e-01
0.00000000e+00 4.03381752e-01
0.00000000e+00 4.03829208e-01
0.00000000e+00 4.04276665e-01
0.00000000e+00 4.04724121e-01
0.00000000e+00 4.05171577e-01
0.00000000e+00 4.05619033e-01
0.00000000e+00 4.06066489e-01
0.00000000e+00 4.06513946e-01
0.00000000e+00 4.06961402e-01
0.00000000e+00 4.07408858e-01
0.00000000e+00 4.07856314e-01
0.00000000e+00 4.08303770e-01
0.00000000e+00 4.08751226e-01
0.00000000e+00 4.09198683e-01
0.00000000e+00 4.09646139e-01
0.00000000e+00 4.10093595e-01
0.00000000e+00 4.10541051e-01
0.00000000e+00 4.10988507e-01
0.00000000e+00 4.11435964e-01
0.00000000e+00 4.11883420e-01
0.00000000e+00 4.12330876e-01
0.00000000e+00 4.12778332e-01
0.00000000e+00 4.13225788e-01
0.00000000e+00 4.13673245e-01
0.00000000e+00 4.14120701e-01
0.00000000e+00 4.14568157e-01
0.00000000e+00 4.15015613e-01
0.00000000e+00 4.15463069e-01
0.00000000e+00 4.15910525e-01
0.00000000e+00 4.16357982e-01
0.00000000e+00 4.16805438e-01
0.00000000e+00 4.17252894e-01
0.00000000e+00 4.17700350e-01
0.00000000e+00 4.18147806e-01
0.00000000e+00 4.18595263e-01
0.00000000e+00 4.19042719e-01
0.00000000e+00 4.19490175e-01
0.00000000e+00 4.19937631e-01
0.00000000e+00 4.20385087e-01
0.00000000e+00 4.20832543e-01
0.00000000e+00 4.21280000e-01
0.00000000e+00 4.21727456e-01
0.00000000e+00 4.22174912e-01
0.00000000e+00 4.22622368e-01
0.00000000e+00 4.23069824e-01
0.00000000e+00 4.23517281e-01
0.00000000e+00 4.23964737e-01
0.00000000e+00 4.24412193e-01
0.00000000e+00 4.24859649e-01
0.00000000e+00 4.25307105e-01
0.00000000e+00 4.25754562e-01
0.00000000e+00 4.26202018e-01
0.00000000e+00 4.26649474e-01
0.00000000e+00 4.27096930e-01
0.00000000e+00 4.27544386e-01
0.00000000e+00 4.27991842e-01
0.00000000e+00 4.28439299e-01
0.00000000e+00 4.28886755e-01
0.00000000e+00 4.29334211e-01
0.00000000e+00 4.29781667e-01
0.00000000e+00 4.30229123e-01
0.00000000e+00 4.30676580e-01
0.00000000e+00 4.31124036e-01
0.00000000e+00 4.31571492e-01
0.00000000e+00 4.32018948e-01
0.00000000e+00 4.32466404e-01
0.00000000e+00 4.32913861e-01
0.00000000e+00 4.33361317e-01
0.00000000e+00 4.33808773e-01
0.00000000e+00 4.34256229e-01
0.00000000e+00 4.34703685e-01
0.00000000e+00 4.35151141e-01
0.00000000e+00 4.35598598e-01
0.00000000e+00 4.36046054e-01
0.00000000e+00 4.36493510e-01
0.00000000e+00 4.36940966e-01
0.00000000e+00 4.37388422e-01
0.00000000e+00 4.37835879e-01
0.00000000e+00 4.38283335e-01
0.00000000e+00 4.38730791e-01
0.00000000e+00 4.39178247e-01
0.00000000e+00 4.39625703e-01
0.00000000e+00 4.40073160e-01
0.00000000e+00 4.40520616e-01
0.00000000e+00 4.40968072e-01
0.00000000e+00 4.41415528e-01
0.00000000e+00 4.41862984e-01
0.00000000e+00 4.42310440e-01
0.00000000e+00 4.42757897e-01
0.00000000e+00 4.43205353e-01
0.00000000e+00 4.43652809e-01
0.00000000e+00 4.44100265e-01
0.00000000e+00 4.44547721e-01
0.00000000e+00 4.44995178e-01
0.00000000e+00 4.45442634e-01
0.00000000e+00 4.45890090e-01
0.00000000e+00 4.46337546e-01
0.00000000e+00 4.46785002e-01
0.00000000e+00 4.47232459e-01
0.00000000e+00 4.47679915e-01
0.00000000e+00 4.48127371e-01
0.00000000e+00 4.48574827e-01
0.00000000e+00 4.49022283e-01
0.00000000e+00 4.49469739e-01
0.00000000e+00 4.49917196e-01
0.00000000e+00 4.50364652e-01
0.00000000e+00 4.50812108e-01
0.00000000e+00 4.51259564e-01
0.00000000e+00 4.51707020e-01
0.00000000e+00 4.52154477e-01
0.00000000e+00 4.52601933e-01
0.00000000e+00 4.53049389e-01
0.00000000e+00 4.53496845e-01
0.00000000e+00 4.53944301e-01
0.00000000e+00 4.54391757e-01
0.00000000e+00 4.54839214e-01
0.00000000e+00 4.55286670e-01
0.00000000e+00 4.55734126e-01
0.00000000e+00 4.56181582e-01
0.00000000e+00 4.56629038e-01
0.00000000e+00 4.57076495e-01
0.00000000e+00 4.57523951e-01
0.00000000e+00 4.57971407e-01
0.00000000e+00 4.58418863e-01
0.00000000e+00 4.58866319e-01
0.00000000e+00 4.59313776e-01
0.00000000e+00 4.59761232e-01
0.00000000e+00 4.60208688e-01
0.00000000e+00 4.60656144e-01
0.00000000e+00 4.61103600e-01
0.00000000e+00 4.61551056e-01
0.00000000e+00 4.61998513e-01
0.00000000e+00 4.62445969e-01
0.00000000e+00 4.62893425e-01
0.00000000e+00 4.63340881e-01
0.00000000e+00 4.63788337e-01
0.00000000e+00 4.64235794e-01
0.00000000e+00 4.64683250e-01
0.00000000e+00 4.65130706e-01
0.00000000e+00 4.65578162e-01
0.00000000e+00 4.66025618e-01
0.00000000e+00 4.66473075e-01
0.00000000e+00 4.66920531e-01
0.00000000e+00 4.67367987e-01
0.00000000e+00 4.67815443e-01
0.00000000e+00 4.68262899e-01
0.00000000e+00 4.68710355e-01
0.00000000e+00 4.69157812e-01
0.00000000e+00 4.69605268e-01
0.00000000e+00 4.70052724e-01
0.00000000e+00 4.70500180e-01
0.00000000e+00 4.70947636e-01
0.00000000e+00 4.71395093e-01
0.00000000e+00 4.71842549e-01
0.00000000e+00 4.72290005e-01
0.00000000e+00 4.72737461e-01
0.00000000e+00 4.73184917e-01
0.00000000e+00 4.73632374e-01
0.00000000e+00 4.74079830e-01
0.00000000e+00 4.74527286e-01
0.00000000e+00 4.74974742e-01
0.00000000e+00 4.75422198e-01
0.00000000e+00 4.75869654e-01
0.00000000e+00 4.76317111e-01
0.00000000e+00 4.76764567e-01
0.00000000e+00 4.77212023e-01
0.00000000e+00 4.77659479e-01
0.00000000e+00 4.78106935e-01
0.00000000e+00 4.78554392e-01
0.00000000e+00 4.79001848e-01
0.00000000e+00 4.79449304e-01
0.00000000e+00 4.79896760e-01
0.00000000e+00 4.80344216e-01
0.00000000e+00 4.80791673e-01
0.00000000e+00 4.81239129e-01
0.00000000e+00 4.81686585e-01
0.00000000e+00 4.82134041e-01
0.00000000e+00 4.82581497e-01
0.00000000e+00 4.83028953e-01
0.00000000e+00 4.83476410e-01
0.00000000e+00 4.83923866e-01
0.00000000e+00 4.84371322e-01
0.00000000e+00 4.84818778e-01
0.00000000e+00 4.85266234e-01
0.00000000e+00 4.85713691e-01
0.00000000e+00 4.86161147e-01
0.00000000e+00 4.86608603e-01
0.00000000e+00 4.87056059e-01
0.00000000e+00 4.87503515e-01
0.00000000e+00 4.87950971e-01
0.00000000e+00 4.88398428e-01
0.00000000e+00 4.88845884e-01
0.00000000e+00 4.89293340e-01
0.00000000e+00 4.89740796e-01
0.00000000e+00 4.90188252e-01
0.00000000e+00 4.90635709e-01
0.00000000e+00 4.91083165e-01
0.00000000e+00 4.91530621e-01
0.00000000e+00 4.91978077e-01
0.00000000e+00 4.92425533e-01
0.00000000e+00 4.92872990e-01
0.00000000e+00 4.93320446e-01
0.00000000e+00 4.93767902e-01
0.00000000e+00 4.94215358e-01
0.00000000e+00 4.94662814e-01
0.00000000e+00 4.95110270e-01
0.00000000e+00 4.95557727e-01
0.00000000e+00 4.96005183e-01
0.00000000e+00 4.96452639e-01
0.00000000e+00 4.96900095e-01
0.00000000e+00 4.97347551e-01
0.00000000e+00 4.97795008e-01
0.00000000e+00 4.98242464e-01
0.00000000e+00 4.98689920e-01
0.00000000e+00 4.99137376e-01
0.00000000e+00 4.99584832e-01
0.00000000e+00 5.00032289e-01
