% L-Bracket Geometry
% N_total=2370, N_horizontal=1185, N_vertical=1185
% Resolution: 100 segments per wavelength
% Format: x(m) y(m)
2.11123694e-04 0.00000000e+00
6.33371081e-04 0.00000000e+00
1.05561847e-03 0.00000000e+00
1.47786586e-03 0.00000000e+00
1.90011324e-03 0.00000000e+00
2.32236063e-03 0.00000000e+00
2.74460802e-03 0.00000000e+00
3.16685541e-03 0.00000000e+00
3.58910279e-03 0.00000000e+00
4.01135018e-03 0.00000000e+00
4.43359757e-03 0.00000000e+00
4.85584495e-03 0.00000000e+00
5.27809234e-03 0.00000000e+00
5.70033973e-03 0.00000000e+00
6.12258712e-03 0.00000000e+00
6.54483450e-03 0.00000000e+00
6.96708189e-03 0.00000000e+00
7.38932928e-03 0.00000000e+00
7.81157667e-03 0.00000000e+00
8.23382405e-03 0.00000000e+00
8.65607144e-03 0.00000000e+00
9.07831883e-03 0.00000000e+00
9.50056622e-03 0.00000000e+00
9.92281360e-03 0.00000000e+00
1.03450610e-02 0.00000000e+00
1.07673084e-02 0.00000000e+00
1.11895558e-02 0.00000000e+00
1.16118032e-02 0.00000000e+00
1.20340505e-02 0.00000000e+00
1.24562979e-02 0.00000000e+00
1.28785453e-02 0.00000000e+00
1.33007927e-02 0.00000000e+00
1.37230401e-02 0.00000000e+00
1.41452875e-02 0.00000000e+00
1.45675349e-02 0.00000000e+00
1.49897823e-02 0.00000000e+00
1.54120296e-02 0.00000000e+00
1.58342770e-02 0.00000000e+00
1.62565244e-02 0.00000000e+00
1.66787718e-02 0.00000000e+00
1.71010192e-02 0.00000000e+00
1.75232666e-02 0.00000000e+00
1.79455140e-02 0.00000000e+00
1.83677613e-02 0.00000000e+00
1.87900087e-02 0.00000000e+00
1.92122561e-02 0.00000000e+00
1.96345035e-02 0.00000000e+00
2.00567509e-02 0.00000000e+00
2.04789983e-02 0.00000000e+00
2.09012457e-02 0.00000000e+00
2.13234931e-02 0.00000000e+00
2.17457404e-02 0.00000000e+00
2.21679878e-02 0.00000000e+00
2.25902352e-02 0.00000000e+00
2.30124826e-02 0.00000000e+00
2.34347300e-02 0.00000000e+00
2.38569774e-02 0.00000000e+00
2.42792248e-02 0.00000000e+00
2.47014722e-02 0.00000000e+00
2.51237195e-02 0.00000000e+00
2.55459669e-02 0.00000000e+00
2.59682143e-02 0.00000000e+00
2.63904617e-02 0.00000000e+00
2.68127091e-02 0.00000000e+00
2.72349565e-02 0.00000000e+00
2.76572039e-02 0.00000000e+00
2.80794513e-02 0.00000000e+00
2.85016986e-02 0.00000000e+00
2.89239460e-02 0.00000000e+00
2.93461934e-02 0.00000000e+00
2.97684408e-02 0.00000000e+00
3.01906882e-02 0.00000000e+00
3.06129356e-02 0.00000000e+00
3.10351830e-02 0.00000000e+00
3.14574304e-02 0.00000000e+00
3.18796777e-02 0.00000000e+00
3.23019251e-02 0.00000000e+00
3.27241725e-02 0.00000000e+00
3.31464199e-02 0.00000000e+00
3.35686673e-02 0.00000000e+00
3.39909147e-02 0.00000000e+00
3.44131621e-02 0.00000000e+00
3.48354095e-02 0.00000000e+00
3.52576568e-02 0.00000000e+00
3.56799042e-02 0.00000000e+00
3.61021516e-02 0.00000000e+00
3.65243990e-02 0.00000000e+00
3.69466464e-02 0.00000000e+00
3.73688938e-02 0.00000000e+00
3.77911412e-02 0.00000000e+00
3.82133886e-02 0.00000000e+00
3.86356359e-02 0.00000000e+00
3.90578833e-02 0.00000000e+00
3.94801307e-02 0.00000000e+00
3.99023781e-02 0.00000000e+00
4.03246255e-02 0.00000000e+00
4.07468729e-02 0.00000000e+00
4.11691203e-02 0.00000000e+00
4.15913677e-02 0.00000000e+00
4.20136150e-02 0.00000000e+00
4.24358624e-02 0.00000000e+00
4.28581098e-02 0.00000000e+00
4.32803572e-02 0.00000000e+00
4.37026046e-02 0.00000000e+00
4.41248520e-02 0.00000000e+00
4.45470994e-02 0.00000000e+00
4.49693468e-02 0.00000000e+00
4.53915941e-02 0.00000000e+00
4.58138415e-02 0.00000000e+00
4.62360889e-02 0.00000000e+00
4.66583363e-02 0.00000000e+00
4.70805837e-02 0.00000000e+00
4.75028311e-02 0.00000000e+00
4.79250785e-02 0.00000000e+00
4.83473259e-02 0.00000000e+00
4.87695732e-02 0.00000000e+00
4.91918206e-02 0.00000000e+00
4.96140680e-02 0.00000000e+00
5.00363154e-02 0.00000000e+00
5.04585628e-02 0.00000000e+00
5.08808102e-02 0.00000000e+00
5.13030576e-02 0.00000000e+00
5.17253050e-02 0.00000000e+00
5.21475523e-02 0.00000000e+00
5.25697997e-02 0.00000000e+00
5.29920471e-02 0.00000000e+00
5.34142945e-02 0.00000000e+00
5.38365419e-02 0.00000000e+00
5.42587893e-02 0.00000000e+00
5.46810367e-02 0.00000000e+00
5.51032840e-02 0.00000000e+00
5.55255314e-02 0.00000000e+00
5.59477788e-02 0.00000000e+00
5.63700262e-02 0.00000000e+00
5.67922736e-02 0.00000000e+00
5.72145210e-02 0.00000000e+00
5.76367684e-02 0.00000000e+00
5.80590158e-02 0.00000000e+00
5.84812631e-02 0.00000000e+00
5.89035105e-02 0.00000000e+00
5.93257579e-02 0.00000000e+00
5.97480053e-02 0.00000000e+00
6.01702527e-02 0.00000000e+00
6.05925001e-02 0.00000000e+00
6.10147475e-02 0.00000000e+00
6.14369949e-02 0.00000000e+00
6.18592422e-02 0.00000000e+00
6.22814896e-02 0.00000000e+00
6.27037370e-02 0.00000000e+00
6.31259844e-02 0.00000000e+00
6.35482318e-02 0.00000000e+00
6.39704792e-02 0.00000000e+00
6.43927266e-02 0.00000000e+00
6.48149740e-02 0.00000000e+00
6.52372213e-02 0.00000000e+00
6.56594687e-02 0.00000000e+00
6.60817161e-02 0.00000000e+00
6.65039635e-02 0.00000000e+00
6.69262109e-02 0.00000000e+00
6.73484583e-02 0.00000000e+00
6.77707057e-02 0.00000000e+00
6.81929531e-02 0.00000000e+00
6.86152004e-02 0.00000000e+00
6.90374478e-02 0.00000000e+00
6.94596952e-02 0.00000000e+00
6.98819426e-02 0.00000000e+00
7.03041900e-02 0.00000000e+00
7.07264374e-02 0.00000000e+00
7.11486848e-02 0.00000000e+00
7.15709322e-02 0.00000000e+00
7.19931795e-02 0.00000000e+00
7.24154269e-02 0.00000000e+00
7.28376743e-02 0.00000000e+00
7.32599217e-02 0.00000000e+00
7.36821691e-02 0.00000000e+00
7.41044165e-02 0.00000000e+00
7.45266639e-02 0.00000000e+00
7.49489113e-02 0.00000000e+00
7.53711586e-02 0.00000000e+00
7.57934060e-02 0.00000000e+00
7.62156534e-02 0.00000000e+00
7.66379008e-02 0.00000000e+00
7.70601482e-02 0.00000000e+00
7.74823956e-02 0.00000000e+00
7.79046430e-02 0.00000000e+00
7.83268904e-02 0.00000000e+00
7.87491377e-02 0.00000000e+00
7.91713851e-02 0.00000000e+00
7.95936325e-02 0.00000000e+00
8.00158799e-02 0.00000000e+00
8.04381273e-02 0.00000000e+00
8.08603747e-02 0.00000000e+00
8.12826221e-02 0.00000000e+00
8.17048695e-02 0.00000000e+00
8.21271168e-02 0.00000000e+00
8.25493642e-02 0.00000000e+00
8.29716116e-02 0.00000000e+00
8.33938590e-02 0.00000000e+00
8.38161064e-02 0.00000000e+00
8.42383538e-02 0.00000000e+00
8.46606012e-02 0.00000000e+00
8.50828486e-02 0.00000000e+00
8.55050959e-02 0.00000000e+00
8.59273433e-02 0.00000000e+00
8.63495907e-02 0.00000000e+00
8.67718381e-02 0.00000000e+00
8.71940855e-02 0.00000000e+00
8.76163329e-02 0.00000000e+00
8.80385803e-02 0.00000000e+00
8.84608277e-02 0.00000000e+00
8.88830750e-02 0.00000000e+00
8.93053224e-02 0.00000000e+00
8.97275698e-02 0.00000000e+00
9.01498172e-02 0.00000000e+00
9.05720646e-02 0.00000000e+00
9.09943120e-02 0.00000000e+00
9.14165594e-02 0.00000000e+00
9.18388067e-02 0.00000000e+00
9.22610541e-02 0.00000000e+00
9.26833015e-02 0.00000000e+00
9.31055489e-02 0.00000000e+00
9.35277963e-02 0.00000000e+00
9.39500437e-02 0.00000000e+00
9.43722911e-02 0.00000000e+00
9.47945385e-02 0.00000000e+00
9.52167858e-02 0.00000000e+00
9.56390332e-02 0.00000000e+00
9.60612806e-02 0.00000000e+00
9.64835280e-02 0.00000000e+00
9.69057754e-02 0.00000000e+00
9.73280228e-02 0.00000000e+00
9.77502702e-02 0.00000000e+00
9.81725176e-02 0.00000000e+00
9.85947649e-02 0.00000000e+00
9.90170123e-02 0.00000000e+00
9.94392597e-02 0.00000000e+00
9.98615071e-02 0.00000000e+00
1.00283754e-01 0.00000000e+00
1.00706002e-01 0.00000000e+00
1.01128249e-01 0.00000000e+00
1.01550497e-01 0.00000000e+00
1.01972744e-01 0.00000000e+00
1.02394991e-01 0.00000000e+00
1.02817239e-01 0.00000000e+00
1.03239486e-01 0.00000000e+00
1.03661734e-01 0.00000000e+00
1.04083981e-01 0.00000000e+00
1.04506228e-01 0.00000000e+00
1.04928476e-01 0.00000000e+00
1.05350723e-01 0.00000000e+00
1.05772971e-01 0.00000000e+00
1.06195218e-01 0.00000000e+00
1.06617465e-01 0.00000000e+00
1.07039713e-01 0.00000000e+00
1.07461960e-01 0.00000000e+00
1.07884207e-01 0.00000000e+00
1.08306455e-01 0.00000000e+00
1.08728702e-01 0.00000000e+00
1.09150950e-01 0.00000000e+00
1.09573197e-01 0.00000000e+00
1.09995444e-01 0.00000000e+00
1.10417692e-01 0.00000000e+00
1.10839939e-01 0.00000000e+00
1.11262187e-01 0.00000000e+00
1.11684434e-01 0.00000000e+00
1.12106681e-01 0.00000000e+00
1.12528929e-01 0.00000000e+00
1.12951176e-01 0.00000000e+00
1.13373424e-01 0.00000000e+00
1.13795671e-01 0.00000000e+00
1.14217918e-01 0.00000000e+00
1.14640166e-01 0.00000000e+00
1.15062413e-01 0.00000000e+00
1.15484660e-01 0.00000000e+00
1.15906908e-01 0.00000000e+00
1.16329155e-01 0.00000000e+00
1.16751403e-01 0.00000000e+00
1.17173650e-01 0.00000000e+00
1.17595897e-01 0.00000000e+00
1.18018145e-01 0.00000000e+00
1.18440392e-01 0.00000000e+00
1.18862640e-01 0.00000000e+00
1.19284887e-01 0.00000000e+00
1.19707134e-01 0.00000000e+00
1.20129382e-01 0.00000000e+00
1.20551629e-01 0.00000000e+00
1.20973876e-01 0.00000000e+00
1.21396124e-01 0.00000000e+00
1.21818371e-01 0.00000000e+00
1.22240619e-01 0.00000000e+00
1.22662866e-01 0.00000000e+00
1.23085113e-01 0.00000000e+00
1.23507361e-01 0.00000000e+00
1.23929608e-01 0.00000000e+00
1.24351856e-01 0.00000000e+00
1.24774103e-01 0.00000000e+00
1.25196350e-01 0.00000000e+00
1.25618598e-01 0.00000000e+00
1.26040845e-01 0.00000000e+00
1.26463093e-01 0.00000000e+00
1.26885340e-01 0.00000000e+00
1.27307587e-01 0.00000000e+00
1.27729835e-01 0.00000000e+00
1.28152082e-01 0.00000000e+00
1.28574329e-01 0.00000000e+00
1.28996577e-01 0.00000000e+00
1.29418824e-01 0.00000000e+00
1.29841072e-01 0.00000000e+00
1.30263319e-01 0.00000000e+00
1.30685566e-01 0.00000000e+00
1.31107814e-01 0.00000000e+00
1.31530061e-01 0.00000000e+00
1.31952309e-01 0.00000000e+00
1.32374556e-01 0.00000000e+00
1.32796803e-01 0.00000000e+00
1.33219051e-01 0.00000000e+00
1.33641298e-01 0.00000000e+00
1.34063545e-01 0.00000000e+00
1.34485793e-01 0.00000000e+00
1.34908040e-01 0.00000000e+00
1.35330288e-01 0.00000000e+00
1.35752535e-01 0.00000000e+00
1.36174782e-01 0.00000000e+00
1.36597030e-01 0.00000000e+00
1.37019277e-01 0.00000000e+00
1.37441525e-01 0.00000000e+00
1.37863772e-01 0.00000000e+00
1.38286019e-01 0.00000000e+00
1.38708267e-01 0.00000000e+00
1.39130514e-01 0.00000000e+00
1.39552762e-01 0.00000000e+00
1.39975009e-01 0.00000000e+00
1.40397256e-01 0.00000000e+00
1.40819504e-01 0.00000000e+00
1.41241751e-01 0.00000000e+00
1.41663998e-01 0.00000000e+00
1.42086246e-01 0.00000000e+00
1.42508493e-01 0.00000000e+00
1.42930741e-01 0.00000000e+00
1.43352988e-01 0.00000000e+00
1.43775235e-01 0.00000000e+00
1.44197483e-01 0.00000000e+00
1.44619730e-01 0.00000000e+00
1.45041978e-01 0.00000000e+00
1.45464225e-01 0.00000000e+00
1.45886472e-01 0.00000000e+00
1.46308720e-01 0.00000000e+00
1.46730967e-01 0.00000000e+00
1.47153214e-01 0.00000000e+00
1.47575462e-01 0.00000000e+00
1.47997709e-01 0.00000000e+00
1.48419957e-01 0.00000000e+00
1.48842204e-01 0.00000000e+00
1.49264451e-01 0.00000000e+00
1.49686699e-01 0.00000000e+00
1.50108946e-01 0.00000000e+00
1.50531194e-01 0.00000000e+00
1.50953441e-01 0.00000000e+00
1.51375688e-01 0.00000000e+00
1.51797936e-01 0.00000000e+00
1.52220183e-01 0.00000000e+00
1.52642431e-01 0.00000000e+00
1.53064678e-01 0.00000000e+00
1.53486925e-01 0.00000000e+00
1.53909173e-01 0.00000000e+00
1.54331420e-01 0.00000000e+00
1.54753667e-01 0.00000000e+00
1.55175915e-01 0.00000000e+00
1.55598162e-01 0.00000000e+00
1.56020410e-01 0.00000000e+00
1.56442657e-01 0.00000000e+00
1.56864904e-01 0.00000000e+00
1.57287152e-01 0.00000000e+00
1.57709399e-01 0.00000000e+00
1.58131647e-01 0.00000000e+00
1.58553894e-01 0.00000000e+00
1.58976141e-01 0.00000000e+00
1.59398389e-01 0.00000000e+00
1.59820636e-01 0.00000000e+00
1.60242884e-01 0.00000000e+00
1.60665131e-01 0.00000000e+00
1.61087378e-01 0.00000000e+00
1.61509626e-01 0.00000000e+00
1.61931873e-01 0.00000000e+00
1.62354120e-01 0.00000000e+00
1.62776368e-01 0.00000000e+00
1.63198615e-01 0.00000000e+00
1.63620863e-01 0.00000000e+00
1.64043110e-01 0.00000000e+00
1.64465357e-01 0.00000000e+00
1.64887605e-01 0.00000000e+00
1.65309852e-01 0.00000000e+00
1.65732100e-01 0.00000000e+00
1.66154347e-01 0.00000000e+00
1.66576594e-01 0.00000000e+00
1.66998842e-01 0.00000000e+00
1.67421089e-01 0.00000000e+00
1.67843336e-01 0.00000000e+00
1.68265584e-01 0.00000000e+00
1.68687831e-01 0.00000000e+00
1.69110079e-01 0.00000000e+00
1.69532326e-01 0.00000000e+00
1.69954573e-01 0.00000000e+00
1.70376821e-01 0.00000000e+00
1.70799068e-01 0.00000000e+00
1.71221316e-01 0.00000000e+00
1.71643563e-01 0.00000000e+00
1.72065810e-01 0.00000000e+00
1.72488058e-01 0.00000000e+00
1.72910305e-01 0.00000000e+00
1.73332553e-01 0.00000000e+00
1.73754800e-01 0.00000000e+00
1.74177047e-01 0.00000000e+00
1.74599295e-01 0.00000000e+00
1.75021542e-01 0.00000000e+00
1.75443789e-01 0.00000000e+00
1.75866037e-01 0.00000000e+00
1.76288284e-01 0.00000000e+00
1.76710532e-01 0.00000000e+00
1.77132779e-01 0.00000000e+00
1.77555026e-01 0.00000000e+00
1.77977274e-01 0.00000000e+00
1.78399521e-01 0.00000000e+00
1.78821769e-01 0.00000000e+00
1.79244016e-01 0.00000000e+00
1.79666263e-01 0.00000000e+00
1.80088511e-01 0.00000000e+00
1.80510758e-01 0.00000000e+00
1.80933005e-01 0.00000000e+00
1.81355253e-01 0.00000000e+00
1.81777500e-01 0.00000000e+00
1.82199748e-01 0.00000000e+00
1.82621995e-01 0.00000000e+00
1.83044242e-01 0.00000000e+00
1.83466490e-01 0.00000000e+00
1.83888737e-01 0.00000000e+00
1.84310985e-01 0.00000000e+00
1.84733232e-01 0.00000000e+00
1.85155479e-01 0.00000000e+00
1.85577727e-01 0.00000000e+00
1.85999974e-01 0.00000000e+00
1.86422222e-01 0.00000000e+00
1.86844469e-01 0.00000000e+00
1.87266716e-01 0.00000000e+00
1.87688964e-01 0.00000000e+00
1.88111211e-01 0.00000000e+00
1.88533458e-01 0.00000000e+00
1.88955706e-01 0.00000000e+00
1.89377953e-01 0.00000000e+00
1.89800201e-01 0.00000000e+00
1.90222448e-01 0.00000000e+00
1.90644695e-01 0.00000000e+00
1.91066943e-01 0.00000000e+00
1.91489190e-01 0.00000000e+00
1.91911438e-01 0.00000000e+00
1.92333685e-01 0.00000000e+00
1.92755932e-01 0.00000000e+00
1.93178180e-01 0.00000000e+00
1.93600427e-01 0.00000000e+00
1.94022674e-01 0.00000000e+00
1.94444922e-01 0.00000000e+00
1.94867169e-01 0.00000000e+00
1.95289417e-01 0.00000000e+00
1.95711664e-01 0.00000000e+00
1.96133911e-01 0.00000000e+00
1.96556159e-01 0.00000000e+00
1.96978406e-01 0.00000000e+00
1.97400654e-01 0.00000000e+00
1.97822901e-01 0.00000000e+00
1.98245148e-01 0.00000000e+00
1.98667396e-01 0.00000000e+00
1.99089643e-01 0.00000000e+00
1.99511891e-01 0.00000000e+00
1.99934138e-01 0.00000000e+00
2.00356385e-01 0.00000000e+00
2.00778633e-01 0.00000000e+00
2.01200880e-01 0.00000000e+00
2.01623127e-01 0.00000000e+00
2.02045375e-01 0.00000000e+00
2.02467622e-01 0.00000000e+00
2.02889870e-01 0.00000000e+00
2.03312117e-01 0.00000000e+00
2.03734364e-01 0.00000000e+00
2.04156612e-01 0.00000000e+00
2.04578859e-01 0.00000000e+00
2.05001107e-01 0.00000000e+00
2.05423354e-01 0.00000000e+00
2.05845601e-01 0.00000000e+00
2.06267849e-01 0.00000000e+00
2.06690096e-01 0.00000000e+00
2.07112343e-01 0.00000000e+00
2.07534591e-01 0.00000000e+00
2.07956838e-01 0.00000000e+00
2.08379086e-01 0.00000000e+00
2.08801333e-01 0.00000000e+00
2.09223580e-01 0.00000000e+00
2.09645828e-01 0.00000000e+00
2.10068075e-01 0.00000000e+00
2.10490323e-01 0.00000000e+00
2.10912570e-01 0.00000000e+00
2.11334817e-01 0.00000000e+00
2.11757065e-01 0.00000000e+00
2.12179312e-01 0.00000000e+00
2.12601560e-01 0.00000000e+00
2.13023807e-01 0.00000000e+00
2.13446054e-01 0.00000000e+00
2.13868302e-01 0.00000000e+00
2.14290549e-01 0.00000000e+00
2.14712796e-01 0.00000000e+00
2.15135044e-01 0.00000000e+00
2.15557291e-01 0.00000000e+00
2.15979539e-01 0.00000000e+00
2.16401786e-01 0.00000000e+00
2.16824033e-01 0.00000000e+00
2.17246281e-01 0.00000000e+00
2.17668528e-01 0.00000000e+00
2.18090776e-01 0.00000000e+00
2.18513023e-01 0.00000000e+00
2.18935270e-01 0.00000000e+00
2.19357518e-01 0.00000000e+00
2.19779765e-01 0.00000000e+00
2.20202013e-01 0.00000000e+00
2.20624260e-01 0.00000000e+00
2.21046507e-01 0.00000000e+00
2.21468755e-01 0.00000000e+00
2.21891002e-01 0.00000000e+00
2.22313249e-01 0.00000000e+00
2.22735497e-01 0.00000000e+00
2.23157744e-01 0.00000000e+00
2.23579992e-01 0.00000000e+00
2.24002239e-01 0.00000000e+00
2.24424486e-01 0.00000000e+00
2.24846734e-01 0.00000000e+00
2.25268981e-01 0.00000000e+00
2.25691229e-01 0.00000000e+00
2.26113476e-01 0.00000000e+00
2.26535723e-01 0.00000000e+00
2.26957971e-01 0.00000000e+00
2.27380218e-01 0.00000000e+00
2.27802465e-01 0.00000000e+00
2.28224713e-01 0.00000000e+00
2.28646960e-01 0.00000000e+00
2.29069208e-01 0.00000000e+00
2.29491455e-01 0.00000000e+00
2.29913702e-01 0.00000000e+00
2.30335950e-01 0.00000000e+00
2.30758197e-01 0.00000000e+00
2.31180445e-01 0.00000000e+00
2.31602692e-01 0.00000000e+00
2.32024939e-01 0.00000000e+00
2.32447187e-01 0.00000000e+00
2.32869434e-01 0.00000000e+00
2.33291682e-01 0.00000000e+00
2.33713929e-01 0.00000000e+00
2.34136176e-01 0.00000000e+00
2.34558424e-01 0.00000000e+00
2.34980671e-01 0.00000000e+00
2.35402918e-01 0.00000000e+00
2.35825166e-01 0.00000000e+00
2.36247413e-01 0.00000000e+00
2.36669661e-01 0.00000000e+00
2.37091908e-01 0.00000000e+00
2.37514155e-01 0.00000000e+00
2.37936403e-01 0.00000000e+00
2.38358650e-01 0.00000000e+00
2.38780898e-01 0.00000000e+00
2.39203145e-01 0.00000000e+00
2.39625392e-01 0.00000000e+00
2.40047640e-01 0.00000000e+00
2.40469887e-01 0.00000000e+00
2.40892134e-01 0.00000000e+00
2.41314382e-01 0.00000000e+00
2.41736629e-01 0.00000000e+00
2.42158877e-01 0.00000000e+00
2.42581124e-01 0.00000000e+00
2.43003371e-01 0.00000000e+00
2.43425619e-01 0.00000000e+00
2.43847866e-01 0.00000000e+00
2.44270114e-01 0.00000000e+00
2.44692361e-01 0.00000000e+00
2.45114608e-01 0.00000000e+00
2.45536856e-01 0.00000000e+00
2.45959103e-01 0.00000000e+00
2.46381351e-01 0.00000000e+00
2.46803598e-01 0.00000000e+00
2.47225845e-01 0.00000000e+00
2.47648093e-01 0.00000000e+00
2.48070340e-01 0.00000000e+00
2.48492587e-01 0.00000000e+00
2.48914835e-01 0.00000000e+00
2.49337082e-01 0.00000000e+00
2.49759330e-01 0.00000000e+00
2.50181577e-01 0.00000000e+00
2.50603824e-01 0.00000000e+00
2.51026072e-01 0.00000000e+00
2.51448319e-01 0.00000000e+00
2.51870567e-01 0.00000000e+00
2.52292814e-01 0.00000000e+00
2.52715061e-01 0.00000000e+00
2.53137309e-01 0.00000000e+00
2.53559556e-01 0.00000000e+00
2.53981803e-01 0.00000000e+00
2.54404051e-01 0.00000000e+00
2.54826298e-01 0.00000000e+00
2.55248546e-01 0.00000000e+00
2.55670793e-01 0.00000000e+00
2.56093040e-01 0.00000000e+00
2.56515288e-01 0.00000000e+00
2.56937535e-01 0.00000000e+00
2.57359783e-01 0.00000000e+00
2.57782030e-01 0.00000000e+00
2.58204277e-01 0.00000000e+00
2.58626525e-01 0.00000000e+00
2.59048772e-01 0.00000000e+00
2.59471020e-01 0.00000000e+00
2.59893267e-01 0.00000000e+00
2.60315514e-01 0.00000000e+00
2.60737762e-01 0.00000000e+00
2.61160009e-01 0.00000000e+00
2.61582256e-01 0.00000000e+00
2.62004504e-01 0.00000000e+00
2.62426751e-01 0.00000000e+00
2.62848999e-01 0.00000000e+00
2.63271246e-01 0.00000000e+00
2.63693493e-01 0.00000000e+00
2.64115741e-01 0.00000000e+00
2.64537988e-01 0.00000000e+00
2.64960236e-01 0.00000000e+00
2.65382483e-01 0.00000000e+00
2.65804730e-01 0.00000000e+00
2.66226978e-01 0.00000000e+00
2.66649225e-01 0.00000000e+00
2.67071473e-01 0.00000000e+00
2.67493720e-01 0.00000000e+00
2.67915967e-01 0.00000000e+00
2.68338215e-01 0.00000000e+00
2.68760462e-01 0.00000000e+00
2.69182709e-01 0.00000000e+00
2.69604957e-01 0.00000000e+00
2.70027204e-01 0.00000000e+00
2.70449452e-01 0.00000000e+00
2.70871699e-01 0.00000000e+00
2.71293946e-01 0.00000000e+00
2.71716194e-01 0.00000000e+00
2.72138441e-01 0.00000000e+00
2.72560689e-01 0.00000000e+00
2.72982936e-01 0.00000000e+00
2.73405183e-01 0.00000000e+00
2.73827431e-01 0.00000000e+00
2.74249678e-01 0.00000000e+00
2.74671925e-01 0.00000000e+00
2.75094173e-01 0.00000000e+00
2.75516420e-01 0.00000000e+00
2.75938668e-01 0.00000000e+00
2.76360915e-01 0.00000000e+00
2.76783162e-01 0.00000000e+00
2.77205410e-01 0.00000000e+00
2.77627657e-01 0.00000000e+00
2.78049905e-01 0.00000000e+00
2.78472152e-01 0.00000000e+00
2.78894399e-01 0.00000000e+00
2.79316647e-01 0.00000000e+00
2.79738894e-01 0.00000000e+00
2.80161142e-01 0.00000000e+00
2.80583389e-01 0.00000000e+00
2.81005636e-01 0.00000000e+00
2.81427884e-01 0.00000000e+00
2.81850131e-01 0.00000000e+00
2.82272378e-01 0.00000000e+00
2.82694626e-01 0.00000000e+00
2.83116873e-01 0.00000000e+00
2.83539121e-01 0.00000000e+00
2.83961368e-01 0.00000000e+00
2.84383615e-01 0.00000000e+00
2.84805863e-01 0.00000000e+00
2.85228110e-01 0.00000000e+00
2.85650358e-01 0.00000000e+00
2.86072605e-01 0.00000000e+00
2.86494852e-01 0.00000000e+00
2.86917100e-01 0.00000000e+00
2.87339347e-01 0.00000000e+00
2.87761594e-01 0.00000000e+00
2.88183842e-01 0.00000000e+00
2.88606089e-01 0.00000000e+00
2.89028337e-01 0.00000000e+00
2.89450584e-01 0.00000000e+00
2.89872831e-01 0.00000000e+00
2.90295079e-01 0.00000000e+00
2.90717326e-01 0.00000000e+00
2.91139574e-01 0.00000000e+00
2.91561821e-01 0.00000000e+00
2.91984068e-01 0.00000000e+00
2.92406316e-01 0.00000000e+00
2.92828563e-01 0.00000000e+00
2.93250811e-01 0.00000000e+00
2.93673058e-01 0.00000000e+00
2.94095305e-01 0.00000000e+00
2.94517553e-01 0.00000000e+00
2.94939800e-01 0.00000000e+00
2.95362047e-01 0.00000000e+00
2.95784295e-01 0.00000000e+00
2.96206542e-01 0.00000000e+00
2.96628790e-01 0.00000000e+00
2.97051037e-01 0.00000000e+00
2.97473284e-01 0.00000000e+00
2.97895532e-01 0.00000000e+00
2.98317779e-01 0.00000000e+00
2.98740027e-01 0.00000000e+00
2.99162274e-01 0.00000000e+00
2.99584521e-01 0.00000000e+00
3.00006769e-01 0.00000000e+00
3.00429016e-01 0.00000000e+00
3.00851263e-01 0.00000000e+00
3.01273511e-01 0.00000000e+00
3.01695758e-01 0.00000000e+00
3.02118006e-01 0.00000000e+00
3.02540253e-01 0.00000000e+00
3.02962500e-01 0.00000000e+00
3.03384748e-01 0.00000000e+00
3.03806995e-01 0.00000000e+00
3.04229243e-01 0.00000000e+00
3.04651490e-01 0.00000000e+00
3.05073737e-01 0.00000000e+00
3.05495985e-01 0.00000000e+00
3.05918232e-01 0.00000000e+00
3.06340480e-01 0.00000000e+00
3.06762727e-01 0.00000000e+00
3.07184974e-01 0.00000000e+00
3.07607222e-01 0.00000000e+00
3.08029469e-01 0.00000000e+00
3.08451716e-01 0.00000000e+00
3.08873964e-01 0.00000000e+00
3.09296211e-01 0.00000000e+00
3.09718459e-01 0.00000000e+00
3.10140706e-01 0.00000000e+00
3.10562953e-01 0.00000000e+00
3.10985201e-01 0.00000000e+00
3.11407448e-01 0.00000000e+00
3.11829696e-01 0.00000000e+00
3.12251943e-01 0.00000000e+00
3.12674190e-01 0.00000000e+00
3.13096438e-01 0.00000000e+00
3.13518685e-01 0.00000000e+00
3.13940932e-01 0.00000000e+00
3.14363180e-01 0.00000000e+00
3.14785427e-01 0.00000000e+00
3.15207675e-01 0.00000000e+00
3.15629922e-01 0.00000000e+00
3.16052169e-01 0.00000000e+00
3.16474417e-01 0.00000000e+00
3.16896664e-01 0.00000000e+00
3.17318912e-01 0.00000000e+00
3.17741159e-01 0.00000000e+00
3.18163406e-01 0.00000000e+00
3.18585654e-01 0.00000000e+00
3.19007901e-01 0.00000000e+00
3.19430149e-01 0.00000000e+00
3.19852396e-01 0.00000000e+00
3.20274643e-01 0.00000000e+00
3.20696891e-01 0.00000000e+00
3.21119138e-01 0.00000000e+00
3.21541385e-01 0.00000000e+00
3.21963633e-01 0.00000000e+00
3.22385880e-01 0.00000000e+00
3.22808128e-01 0.00000000e+00
3.23230375e-01 0.00000000e+00
3.23652622e-01 0.00000000e+00
3.24074870e-01 0.00000000e+00
3.24497117e-01 0.00000000e+00
3.24919365e-01 0.00000000e+00
3.25341612e-01 0.00000000e+00
3.25763859e-01 0.00000000e+00
3.26186107e-01 0.00000000e+00
3.26608354e-01 0.00000000e+00
3.27030602e-01 0.00000000e+00
3.27452849e-01 0.00000000e+00
3.27875096e-01 0.00000000e+00
3.28297344e-01 0.00000000e+00
3.28719591e-01 0.00000000e+00
3.29141838e-01 0.00000000e+00
3.29564086e-01 0.00000000e+00
3.29986333e-01 0.00000000e+00
3.30408581e-01 0.00000000e+00
3.30830828e-01 0.00000000e+00
3.31253075e-01 0.00000000e+00
3.31675323e-01 0.00000000e+00
3.32097570e-01 0.00000000e+00
3.32519818e-01 0.00000000e+00
3.32942065e-01 0.00000000e+00
3.33364312e-01 0.00000000e+00
3.33786560e-01 0.00000000e+00
3.34208807e-01 0.00000000e+00
3.34631054e-01 0.00000000e+00
3.35053302e-01 0.00000000e+00
3.35475549e-01 0.00000000e+00
3.35897797e-01 0.00000000e+00
3.36320044e-01 0.00000000e+00
3.36742291e-01 0.00000000e+00
3.37164539e-01 0.00000000e+00
3.37586786e-01 0.00000000e+00
3.38009034e-01 0.00000000e+00
3.38431281e-01 0.00000000e+00
3.38853528e-01 0.00000000e+00
3.39275776e-01 0.00000000e+00
3.39698023e-01 0.00000000e+00
3.40120271e-01 0.00000000e+00
3.40542518e-01 0.00000000e+00
3.40964765e-01 0.00000000e+00
3.41387013e-01 0.00000000e+00
3.41809260e-01 0.00000000e+00
3.42231507e-01 0.00000000e+00
3.42653755e-01 0.00000000e+00
3.43076002e-01 0.00000000e+00
3.43498250e-01 0.00000000e+00
3.43920497e-01 0.00000000e+00
3.44342744e-01 0.00000000e+00
3.44764992e-01 0.00000000e+00
3.45187239e-01 0.00000000e+00
3.45609487e-01 0.00000000e+00
3.46031734e-01 0.00000000e+00
3.46453981e-01 0.00000000e+00
3.46876229e-01 0.00000000e+00
3.47298476e-01 0.00000000e+00
3.47720723e-01 0.00000000e+00
3.48142971e-01 0.00000000e+00
3.48565218e-01 0.00000000e+00
3.48987466e-01 0.00000000e+00
3.49409713e-01 0.00000000e+00
3.49831960e-01 0.00000000e+00
3.50254208e-01 0.00000000e+00
3.50676455e-01 0.00000000e+00
3.51098703e-01 0.00000000e+00
3.51520950e-01 0.00000000e+00
3.51943197e-01 0.00000000e+00
3.52365445e-01 0.00000000e+00
3.52787692e-01 0.00000000e+00
3.53209940e-01 0.00000000e+00
3.53632187e-01 0.00000000e+00
3.54054434e-01 0.00000000e+00
3.54476682e-01 0.00000000e+00
3.54898929e-01 0.00000000e+00
3.55321176e-01 0.00000000e+00
3.55743424e-01 0.00000000e+00
3.56165671e-01 0.00000000e+00
3.56587919e-01 0.00000000e+00
3.57010166e-01 0.00000000e+00
3.57432413e-01 0.00000000e+00
3.57854661e-01 0.00000000e+00
3.58276908e-01 0.00000000e+00
3.58699156e-01 0.00000000e+00
3.59121403e-01 0.00000000e+00
3.59543650e-01 0.00000000e+00
3.59965898e-01 0.00000000e+00
3.60388145e-01 0.00000000e+00
3.60810392e-01 0.00000000e+00
3.61232640e-01 0.00000000e+00
3.61654887e-01 0.00000000e+00
3.62077135e-01 0.00000000e+00
3.62499382e-01 0.00000000e+00
3.62921629e-01 0.00000000e+00
3.63343877e-01 0.00000000e+00
3.63766124e-01 0.00000000e+00
3.64188372e-01 0.00000000e+00
3.64610619e-01 0.00000000e+00
3.65032866e-01 0.00000000e+00
3.65455114e-01 0.00000000e+00
3.65877361e-01 0.00000000e+00
3.66299609e-01 0.00000000e+00
3.66721856e-01 0.00000000e+00
3.67144103e-01 0.00000000e+00
3.67566351e-01 0.00000000e+00
3.67988598e-01 0.00000000e+00
3.68410845e-01 0.00000000e+00
3.68833093e-01 0.00000000e+00
3.69255340e-01 0.00000000e+00
3.69677588e-01 0.00000000e+00
3.70099835e-01 0.00000000e+00
3.70522082e-01 0.00000000e+00
3.70944330e-01 0.00000000e+00
3.71366577e-01 0.00000000e+00
3.71788825e-01 0.00000000e+00
3.72211072e-01 0.00000000e+00
3.72633319e-01 0.00000000e+00
3.73055567e-01 0.00000000e+00
3.73477814e-01 0.00000000e+00
3.73900062e-01 0.00000000e+00
3.74322309e-01 0.00000000e+00
3.74744556e-01 0.00000000e+00
3.75166804e-01 0.00000000e+00
3.75589051e-01 0.00000000e+00
3.76011298e-01 0.00000000e+00
3.76433546e-01 0.00000000e+00
3.76855793e-01 0.00000000e+00
3.77278041e-01 0.00000000e+00
3.77700288e-01 0.00000000e+00
3.78122535e-01 0.00000000e+00
3.78544783e-01 0.00000000e+00
3.78967030e-01 0.00000000e+00
3.79389278e-01 0.00000000e+00
3.79811525e-01 0.00000000e+00
3.80233772e-01 0.00000000e+00
3.80656020e-01 0.00000000e+00
3.81078267e-01 0.00000000e+00
3.81500514e-01 0.00000000e+00
3.81922762e-01 0.00000000e+00
3.82345009e-01 0.00000000e+00
3.82767257e-01 0.00000000e+00
3.83189504e-01 0.00000000e+00
3.83611751e-01 0.00000000e+00
3.84033999e-01 0.00000000e+00
3.84456246e-01 0.00000000e+00
3.84878494e-01 0.00000000e+00
3.85300741e-01 0.00000000e+00
3.85722988e-01 0.00000000e+00
3.86145236e-01 0.00000000e+00
3.86567483e-01 0.00000000e+00
3.86989731e-01 0.00000000e+00
3.87411978e-01 0.00000000e+00
3.87834225e-01 0.00000000e+00
3.88256473e-01 0.00000000e+00
3.88678720e-01 0.00000000e+00
3.89100967e-01 0.00000000e+00
3.89523215e-01 0.00000000e+00
3.89945462e-01 0.00000000e+00
3.90367710e-01 0.00000000e+00
3.90789957e-01 0.00000000e+00
3.91212204e-01 0.00000000e+00
3.91634452e-01 0.00000000e+00
3.92056699e-01 0.00000000e+00
3.92478947e-01 0.00000000e+00
3.92901194e-01 0.00000000e+00
3.93323441e-01 0.00000000e+00
3.93745689e-01 0.00000000e+00
3.94167936e-01 0.00000000e+00
3.94590183e-01 0.00000000e+00
3.95012431e-01 0.00000000e+00
3.95434678e-01 0.00000000e+00
3.95856926e-01 0.00000000e+00
3.96279173e-01 0.00000000e+00
3.96701420e-01 0.00000000e+00
3.97123668e-01 0.00000000e+00
3.97545915e-01 0.00000000e+00
3.97968163e-01 0.00000000e+00
3.98390410e-01 0.00000000e+00
3.98812657e-01 0.00000000e+00
3.99234905e-01 0.00000000e+00
3.99657152e-01 0.00000000e+00
4.00079400e-01 0.00000000e+00
4.00501647e-01 0.00000000e+00
4.00923894e-01 0.00000000e+00
4.01346142e-01 0.00000000e+00
4.01768389e-01 0.00000000e+00
4.02190636e-01 0.00000000e+00
4.02612884e-01 0.00000000e+00
4.03035131e-01 0.00000000e+00
4.03457379e-01 0.00000000e+00
4.03879626e-01 0.00000000e+00
4.04301873e-01 0.00000000e+00
4.04724121e-01 0.00000000e+00
4.05146368e-01 0.00000000e+00
4.05568616e-01 0.00000000e+00
4.05990863e-01 0.00000000e+00
4.06413110e-01 0.00000000e+00
4.06835358e-01 0.00000000e+00
4.07257605e-01 0.00000000e+00
4.07679852e-01 0.00000000e+00
4.08102100e-01 0.00000000e+00
4.08524347e-01 0.00000000e+00
4.08946595e-01 0.00000000e+00
4.09368842e-01 0.00000000e+00
4.09791089e-01 0.00000000e+00
4.10213337e-01 0.00000000e+00
4.10635584e-01 0.00000000e+00
4.11057832e-01 0.00000000e+00
4.11480079e-01 0.00000000e+00
4.11902326e-01 0.00000000e+00
4.12324574e-01 0.00000000e+00
4.12746821e-01 0.00000000e+00
4.13169069e-01 0.00000000e+00
4.13591316e-01 0.00000000e+00
4.14013563e-01 0.00000000e+00
4.14435811e-01 0.00000000e+00
4.14858058e-01 0.00000000e+00
4.15280305e-01 0.00000000e+00
4.15702553e-01 0.00000000e+00
4.16124800e-01 0.00000000e+00
4.16547048e-01 0.00000000e+00
4.16969295e-01 0.00000000e+00
4.17391542e-01 0.00000000e+00
4.17813790e-01 0.00000000e+00
4.18236037e-01 0.00000000e+00
4.18658285e-01 0.00000000e+00
4.19080532e-01 0.00000000e+00
4.19502779e-01 0.00000000e+00
4.19925027e-01 0.00000000e+00
4.20347274e-01 0.00000000e+00
4.20769521e-01 0.00000000e+00
4.21191769e-01 0.00000000e+00
4.21614016e-01 0.00000000e+00
4.22036264e-01 0.00000000e+00
4.22458511e-01 0.00000000e+00
4.22880758e-01 0.00000000e+00
4.23303006e-01 0.00000000e+00
4.23725253e-01 0.00000000e+00
4.24147501e-01 0.00000000e+00
4.24569748e-01 0.00000000e+00
4.24991995e-01 0.00000000e+00
4.25414243e-01 0.00000000e+00
4.25836490e-01 0.00000000e+00
4.26258738e-01 0.00000000e+00
4.26680985e-01 0.00000000e+00
4.27103232e-01 0.00000000e+00
4.27525480e-01 0.00000000e+00
4.27947727e-01 0.00000000e+00
4.28369974e-01 0.00000000e+00
4.28792222e-01 0.00000000e+00
4.29214469e-01 0.00000000e+00
4.29636717e-01 0.00000000e+00
4.30058964e-01 0.00000000e+00
4.30481211e-01 0.00000000e+00
4.30903459e-01 0.00000000e+00
4.31325706e-01 0.00000000e+00
4.31747954e-01 0.00000000e+00
4.32170201e-01 0.00000000e+00
4.32592448e-01 0.00000000e+00
4.33014696e-01 0.00000000e+00
4.33436943e-01 0.00000000e+00
4.33859191e-01 0.00000000e+00
4.34281438e-01 0.00000000e+00
4.34703685e-01 0.00000000e+00
4.35125933e-01 0.00000000e+00
4.35548180e-01 0.00000000e+00
4.35970427e-01 0.00000000e+00
4.36392675e-01 0.00000000e+00
4.36814922e-01 0.00000000e+00
4.37237170e-01 0.00000000e+00
4.37659417e-01 0.00000000e+00
4.38081664e-01 0.00000000e+00
4.38503912e-01 0.00000000e+00
4.38926159e-01 0.00000000e+00
4.39348407e-01 0.00000000e+00
4.39770654e-01 0.00000000e+00
4.40192901e-01 0.00000000e+00
4.40615149e-01 0.00000000e+00
4.41037396e-01 0.00000000e+00
4.41459643e-01 0.00000000e+00
4.41881891e-01 0.00000000e+00
4.42304138e-01 0.00000000e+00
4.42726386e-01 0.00000000e+00
4.43148633e-01 0.00000000e+00
4.43570880e-01 0.00000000e+00
4.43993128e-01 0.00000000e+00
4.44415375e-01 0.00000000e+00
4.44837623e-01 0.00000000e+00
4.45259870e-01 0.00000000e+00
4.45682117e-01 0.00000000e+00
4.46104365e-01 0.00000000e+00
4.46526612e-01 0.00000000e+00
4.46948860e-01 0.00000000e+00
4.47371107e-01 0.00000000e+00
4.47793354e-01 0.00000000e+00
4.48215602e-01 0.00000000e+00
4.48637849e-01 0.00000000e+00
4.49060096e-01 0.00000000e+00
4.49482344e-01 0.00000000e+00
4.49904591e-01 0.00000000e+00
4.50326839e-01 0.00000000e+00
4.50749086e-01 0.00000000e+00
4.51171333e-01 0.00000000e+00
4.51593581e-01 0.00000000e+00
4.52015828e-01 0.00000000e+00
4.52438076e-01 0.00000000e+00
4.52860323e-01 0.00000000e+00
4.53282570e-01 0.00000000e+00
4.53704818e-01 0.00000000e+00
4.54127065e-01 0.00000000e+00
4.54549312e-01 0.00000000e+00
4.54971560e-01 0.00000000e+00
4.55393807e-01 0.00000000e+00
4.55816055e-01 0.00000000e+00
4.56238302e-01 0.00000000e+00
4.56660549e-01 0.00000000e+00
4.57082797e-01 0.00000000e+00
4.57505044e-01 0.00000000e+00
4.57927292e-01 0.00000000e+00
4.58349539e-01 0.00000000e+00
4.58771786e-01 0.00000000e+00
4.59194034e-01 0.00000000e+00
4.59616281e-01 0.00000000e+00
4.60038529e-01 0.00000000e+00
4.60460776e-01 0.00000000e+00
4.60883023e-01 0.00000000e+00
4.61305271e-01 0.00000000e+00
4.61727518e-01 0.00000000e+00
4.62149765e-01 0.00000000e+00
4.62572013e-01 0.00000000e+00
4.62994260e-01 0.00000000e+00
4.63416508e-01 0.00000000e+00
4.63838755e-01 0.00000000e+00
4.64261002e-01 0.00000000e+00
4.64683250e-01 0.00000000e+00
4.65105497e-01 0.00000000e+00
4.65527745e-01 0.00000000e+00
4.65949992e-01 0.00000000e+00
4.66372239e-01 0.00000000e+00
4.66794487e-01 0.00000000e+00
4.67216734e-01 0.00000000e+00
4.67638981e-01 0.00000000e+00
4.68061229e-01 0.00000000e+00
4.68483476e-01 0.00000000e+00
4.68905724e-01 0.00000000e+00
4.69327971e-01 0.00000000e+00
4.69750218e-01 0.00000000e+00
4.70172466e-01 0.00000000e+00
4.70594713e-01 0.00000000e+00
4.71016961e-01 0.00000000e+00
4.71439208e-01 0.00000000e+00
4.71861455e-01 0.00000000e+00
4.72283703e-01 0.00000000e+00
4.72705950e-01 0.00000000e+00
4.73128198e-01 0.00000000e+00
4.73550445e-01 0.00000000e+00
4.73972692e-01 0.00000000e+00
4.74394940e-01 0.00000000e+00
4.74817187e-01 0.00000000e+00
4.75239434e-01 0.00000000e+00
4.75661682e-01 0.00000000e+00
4.76083929e-01 0.00000000e+00
4.76506177e-01 0.00000000e+00
4.76928424e-01 0.00000000e+00
4.77350671e-01 0.00000000e+00
4.77772919e-01 0.00000000e+00
4.78195166e-01 0.00000000e+00
4.78617414e-01 0.00000000e+00
4.79039661e-01 0.00000000e+00
4.79461908e-01 0.00000000e+00
4.79884156e-01 0.00000000e+00
4.80306403e-01 0.00000000e+00
4.80728651e-01 0.00000000e+00
4.81150898e-01 0.00000000e+00
4.81573145e-01 0.00000000e+00
4.81995393e-01 0.00000000e+00
4.82417640e-01 0.00000000e+00
4.82839887e-01 0.00000000e+00
4.83262135e-01 0.00000000e+00
4.83684382e-01 0.00000000e+00
4.84106630e-01 0.00000000e+00
4.84528877e-01 0.00000000e+00
4.84951124e-01 0.00000000e+00
4.85373372e-01 0.00000000e+00
4.85795619e-01 0.00000000e+00
4.86217867e-01 0.00000000e+00
4.86640114e-01 0.00000000e+00
4.87062361e-01 0.00000000e+00
4.87484609e-01 0.00000000e+00
4.87906856e-01 0.00000000e+00
4.88329103e-01 0.00000000e+00
4.88751351e-01 0.00000000e+00
4.89173598e-01 0.00000000e+00
4.89595846e-01 0.00000000e+00
4.90018093e-01 0.00000000e+00
4.90440340e-01 0.00000000e+00
4.90862588e-01 0.00000000e+00
4.91284835e-01 0.00000000e+00
4.91707083e-01 0.00000000e+00
4.92129330e-01 0.00000000e+00
4.92551577e-01 0.00000000e+00
4.92973825e-01 0.00000000e+00
4.93396072e-01 0.00000000e+00
4.93818320e-01 0.00000000e+00
4.94240567e-01 0.00000000e+00
4.94662814e-01 0.00000000e+00
4.95085062e-01 0.00000000e+00
4.95507309e-01 0.00000000e+00
4.95929556e-01 0.00000000e+00
4.96351804e-01 0.00000000e+00
4.96774051e-01 0.00000000e+00
4.97196299e-01 0.00000000e+00
4.97618546e-01 0.00000000e+00
4.98040793e-01 0.00000000e+00
4.98463041e-01 0.00000000e+00
4.98885288e-01 0.00000000e+00
4.99307536e-01 0.00000000e+00
4.99729783e-01 0.00000000e+00
5.00152030e-01 0.00000000e+00
0.00000000e+00 2.11123694e-04
0.00000000e+00 6.33371081e-04
0.00000000e+00 1.05561847e-03
0.00000000e+00 1.47786586e-03
0.00000000e+00 1.90011324e-03
0.00000000e+00 2.32236063e-03
0.00000000e+00 2.74460802e-03
0.00000000e+00 3.16685541e-03
0.00000000e+00 3.58910279e-03
0.00000000e+00 4.01135018e-03
0.00000000e+00 4.43359757e-03
0.00000000e+00 4.85584495e-03
0.00000000e+00 5.27809234e-03
0.00000000e+00 5.70033973e-03
0.00000000e+00 6.12258712e-03
0.00000000e+00 6.54483450e-03
0.00000000e+00 6.96708189e-03
0.00000000e+00 7.38932928e-03
0.00000000e+00 7.81157667e-03
0.00000000e+00 8.23382405e-03
0.00000000e+00 8.65607144e-03
0.00000000e+00 9.07831883e-03
0.00000000e+00 9.50056622e-03
0.00000000e+00 9.92281360e-03
0.00000000e+00 1.03450610e-02
0.00000000e+00 1.07673084e-02
0.00000000e+00 1.11895558e-02
0.00000000e+00 1.16118032e-02
0.00000000e+00 1.20340505e-02
0.00000000e+00 1.24562979e-02
0.00000000e+00 1.28785453e-02
0.00000000e+00 1.33007927e-02
0.00000000e+00 1.37230401e-02
0.00000000e+00 1.41452875e-02
0.00000000e+00 1.45675349e-02
0.00000000e+00 1.49897823e-02
0.00000000e+00 1.54120296e-02
0.00000000e+00 1.58342770e-02
0.00000000e+00 1.62565244e-02
0.00000000e+00 1.66787718e-02
0.00000000e+00 1.71010192e-02
0.00000000e+00 1.75232666e-02
0.00000000e+00 1.79455140e-02
0.00000000e+00 1.83677613e-02
0.00000000e+00 1.87900087e-02
0.00000000e+00 1.92122561e-02
0.00000000e+00 1.96345035e-02
0.00000000e+00 2.00567509e-02
0.00000000e+00 2.04789983e-02
0.00000000e+00 2.09012457e-02
0.00000000e+00 2.13234931e-02
0.00000000e+00 2.17457404e-02
0.00000000e+00 2.21679878e-02
0.00000000e+00 2.25902352e-02
0.00000000e+00 2.30124826e-02
0.00000000e+00 2.34347300e-02
0.00000000e+00 2.38569774e-02
0.00000000e+00 2.42792248e-02
0.00000000e+00 2.47014722e-02
0.00000000e+00 2.51237195e-02
0.00000000e+00 2.55459669e-02
0.00000000e+00 2.59682143e-02
0.00000000e+00 2.63904617e-02
0.00000000e+00 2.68127091e-02
0.00000000e+00 2.72349565e-02
0.00000000e+00 2.76572039e-02
0.00000000e+00 2.80794513e-02
0.00000000e+00 2.85016986e-02
0.00000000e+00 2.89239460e-02
0.00000000e+00 2.93461934e-02
0.00000000e+00 2.97684408e-02
0.00000000e+00 3.01906882e-02
0.00000000e+00 3.06129356e-02
0.00000000e+00 3.10351830e-02
0.00000000e+00 3.14574304e-02
0.00000000e+00 3.18796777e-02
0.00000000e+00 3.23019251e-02
0.00000000e+00 3.27241725e-02
0.00000000e+00 3.31464199e-02
0.00000000e+00 3.35686673e-02
0.00000000e+00 3.39909147e-02
0.00000000e+00 3.44131621e-02
0.00000000e+00 3.48354095e-02
0.00000000e+00 3.52576568e-02
0.00000000e+00 3.56799042e-02
0.00000000e+00 3.61021516e-02
0.00000000e+00 3.65243990e-02
0.00000000e+00 3.69466464e-02
0.00000000e+00 3.73688938e-02
0.00000000e+00 3.77911412e-02
0.00000000e+00 3.82133886e-02
0.00000000e+00 3.86356359e-02
0.00000000e+00 3.90578833e-02
0.00000000e+00 3.94801307e-02
0.00000000e+00 3.99023781e-02
0.00000000e+00 4.03246255e-02
0.00000000e+00 4.07468729e-02
0.00000000e+00 4.11691203e-02
0.00000000e+00 4.15913677e-02
0.00000000e+00 4.20136150e-02
0.00000000e+00 4.24358624e-02
0.00000000e+00 4.28581098e-02
0.00000000e+00 4.32803572e-02
0.00000000e+00 4.37026046e-02
0.00000000e+00 4.41248520e-02
0.00000000e+00 4.45470994e-02
0.00000000e+00 4.49693468e-02
0.00000000e+00 4.53915941e-02
0.00000000e+00 4.58138415e-02
0.00000000e+00 4.62360889e-02
0.00000000e+00 4.66583363e-02
0.00000000e+00 4.70805837e-02
0.00000000e+00 4.75028311e-02
0.00000000e+00 4.79250785e-02
0.00000000e+00 4.83473259e-02
0.00000000e+00 4.87695732e-02
0.00000000e+00 4.91918206e-02
0.00000000e+00 4.96140680e-02
0.00000000e+00 5.00363154e-02
0.00000000e+00 5.04585628e-02
0.00000000e+00 5.08808102e-02
0.00000000e+00 5.13030576e-02
0.00000000e+00 5.17253050e-02
0.00000000e+00 5.21475523e-02
0.00000000e+00 5.25697997e-02
0.00000000e+00 5.29920471e-02
0.00000000e+00 5.34142945e-02
0.00000000e+00 5.38365419e-02
0.00000000e+00 5.42587893e-02
0.00000000e+00 5.46810367e-02
0.00000000e+00 5.51032840e-02
0.00000000e+00 5.55255314e-02
0.00000000e+00 5.59477788e-02
0.00000000e+00 5.63700262e-02
0.00000000e+00 5.67922736e-02
0.00000000e+00 5.72145210e-02
0.00000000e+00 5.76367684e-02
0.00000000e+00 5.80590158e-02
0.00000000e+00 5.84812631e-02
0.00000000e+00 5.89035105e-02
0.00000000e+00 5.93257579e-02
0.00000000e+00 5.97480053e-02
0.00000000e+00 6.01702527e-02
0.00000000e+00 6.05925001e-02
0.00000000e+00 6.10147475e-02
0.00000000e+00 6.14369949e-02
0.00000000e+00 6.18592422e-02
0.00000000e+00 6.22814896e-02
0.00000000e+00 6.27037370e-02
0.00000000e+00 6.31259844e-02
0.00000000e+00 6.35482318e-02
0.00000000e+00 6.39704792e-02
0.00000000e+00 6.43927266e-02
0.00000000e+00 6.48149740e-02
0.00000000e+00 6.52372213e-02
0.00000000e+00 6.56594687e-02
0.00000000e+00 6.60817161e-02
0.00000000e+00 6.65039635e-02
0.00000000e+00 6.69262109e-02
0.00000000e+00 6.73484583e-02
0.00000000e+00 6.77707057e-02
0.00000000e+00 6.81929531e-02
0.00000000e+00 6.86152004e-02
0.00000000e+00 6.90374478e-02
0.00000000e+00 6.94596952e-02
0.00000000e+00 6.98819426e-02
0.00000000e+00 7.03041900e-02
0.00000000e+00 7.07264374e-02
0.00000000e+00 7.11486848e-02
0.00000000e+00 7.15709322e-02
0.00000000e+00 7.19931795e-02
0.00000000e+00 7.24154269e-02
0.00000000e+00 7.28376743e-02
0.00000000e+00 7.32599217e-02
0.00000000e+00 7.36821691e-02
0.00000000e+00 7.41044165e-02
0.00000000e+00 7.45266639e-02
0.00000000e+00 7.49489113e-02
0.00000000e+00 7.53711586e-02
0.00000000e+00 7.57934060e-02
0.00000000e+00 7.62156534e-02
0.00000000e+00 7.66379008e-02
0.00000000e+00 7.70601482e-02
0.00000000e+00 7.74823956e-02
0.00000000e+00 7.79046430e-02
0.00000000e+00 7.83268904e-02
0.00000000e+00 7.87491377e-02
0.00000000e+00 7.91713851e-02
0.00000000e+00 7.95936325e-02
0.00000000e+00 8.00158799e-02
0.00000000e+00 8.04381273e-02
0.00000000e+00 8.08603747e-02
0.00000000e+00 8.12826221e-02
0.00000000e+00 8.17048695e-02
0.00000000e+00 8.21271168e-02
0.00000000e+00 8.25493642e-02
0.00000000e+00 8.29716116e-02
0.00000000e+00 8.33938590e-02
0.00000000e+00 8.38161064e-02
0.00000000e+00 8.42383538e-02
0.00000000e+00 8.46606012e-02
0.00000000e+00 8.50828486e-02
0.00000000e+00 8.55050959e-02
0.00000000e+00 8.59273433e-02
0.00000000e+00 8.63495907e-02
0.00000000e+00 8.67718381e-02
0.00000000e+00 8.71940855e-02
0.00000000e+00 8.76163329e-02
0.00000000e+00 8.80385803e-02
0.00000000e+00 8.84608277e-02
0.00000000e+00 8.88830750e-02
0.00000000e+00 8.93053224e-02
0.00000000e+00 8.97275698e-02
0.00000000e+00 9.01498172e-02
0.00000000e+00 9.05720646e-02
0.00000000e+00 9.09943120e-02
0.00000000e+00 9.14165594e-02
0.00000000e+00 9.18388067e-02
0.00000000e+00 9.22610541e-02
0.00000000e+00 9.26833015e-02
0.00000000e+00 9.31055489e-02
0.00000000e+00 9.35277963e-02
0.00000000e+00 9.39500437e-02
0.00000000e+00 9.43722911e-02
0.00000000e+00 9.47945385e-02
0.00000000e+00 9.52167858e-02
0.00000000e+00 9.56390332e-02
0.00000000e+00 9.60612806e-02
0.00000000e+00 9.64835280e-02
0.00000000e+00 9.69057754e-02
0.00000000e+00 9.73280228e-02
0.00000000e+00 9.77502702e-02
0.00000000e+00 9.81725176e-02
0.00000000e+00 9.85947649e-02
0.00000000e+00 9.90170123e-02
0.00000000e+00 9.94392597e-02
0.00000000e+00 9.98615071e-02
0.00000000e+00 1.00283754e-01
0.00000000e+00 1.00706002e-01
0.00000000e+00 1.01128249e-01
0.00000000e+00 1.01550497e-01
0.00000000e+00 1.01972744e-01
0.00000000e+00 1.02394991e-01
0.00000000e+00 1.02817239e-01
0.00000000e+00 1.03239486e-01
0.00000000e+00 1.03661734e-01
0.00000000e+00 1.04083981e-01
0.00000000e+00 1.04506228e-01
0.00000000e+00 1.04928476e-01
0.00000000e+00 1.05350723e-01
0.00000000e+00 1.05772971e-01
0.00000000e+00 1.06195218e-01
0.00000000e+00 1.06617465e-01
0.00000000e+00 1.07039713e-01
0.00000000e+00 1.07461960e-01
0.00000000e+00 1.07884207e-01
0.00000000e+00 1.08306455e-01
0.00000000e+00 1.08728702e-01
0.00000000e+00 1.09150950e-01
0.00000000e+00 1.09573197e-01
0.00000000e+00 1.09995444e-01
0.00000000e+00 1.10417692e-01
0.00000000e+00 1.10839939e-01
0.00000000e+00 1.11262187e-01
0.00000000e+00 1.11684434e-01
0.00000000e+00 1.12106681e-01
0.00000000e+00 1.12528929e-01
0.00000000e+00 1.12951176e-01
0.00000000e+00 1.13373424e-01
0.00000000e+00 1.13795671e-01
0.00000000e+00 1.14217918e-01
0.00000000e+00 1.14640166e-01
0.00000000e+00 1.15062413e-01
0.00000000e+00 1.15484660e-01
0.00000000e+00 1.15906908e-01
0.00000000e+00 1.16329155e-01
0.00000000e+00 1.16751403e-01
0.00000000e+00 1.17173650e-01
0.00000000e+00 1.17595897e-01
0.00000000e+00 1.18018145e-01
0.00000000e+00 1.18440392e-01
0.00000000e+00 1.18862640e-01
0.00000000e+00 1.19284887e-01
0.00000000e+00 1.19707134e-01
0.00000000e+00 1.20129382e-01
0.00000000e+00 1.20551629e-01
0.00000000e+00 1.20973876e-01
0.00000000e+00 1.21396124e-01
0.00000000e+00 1.21818371e-01
0.00000000e+00 1.22240619e-01
0.00000000e+00 1.22662866e-01
0.00000000e+00 1.23085113e-01
0.00000000e+00 1.23507361e-01
0.00000000e+00 1.23929608e-01
0.00000000e+00 1.24351856e-01
0.00000000e+00 1.24774103e-01
0.00000000e+00 1.25196350e-01
0.00000000e+00 1.25618598e-01
0.00000000e+00 1.26040845e-01
0.00000000e+00 1.26463093e-01
0.00000000e+00 1.26885340e-01
0.00000000e+00 1.27307587e-01
0.00000000e+00 1.27729835e-01
0.00000000e+00 1.28152082e-01
0.00000000e+00 1.28574329e-01
0.00000000e+00 1.28996577e-01
0.00000000e+00 1.29418824e-01
0.00000000e+00 1.29841072e-01
0.00000000e+00 1.30263319e-01
0.00000000e+00 1.30685566e-01
0.00000000e+00 1.31107814e-01
0.00000000e+00 1.31530061e-01
0.00000000e+00 1.31952309e-01
0.00000000e+00 1.32374556e-01
0.00000000e+00 1.32796803e-01
0.00000000e+00 1.33219051e-01
0.00000000e+00 1.33641298e-01
0.00000000e+00 1.34063545e-01
0.00000000e+00 1.34485793e-01
0.00000000e+00 1.34908040e-01
0.00000000e+00 1.35330288e-01
0.00000000e+00 1.35752535e-01
0.00000000e+00 1.36174782e-01
0.00000000e+00 1.36597030e-01
0.00000000e+00 1.37019277e-01
0.00000000e+00 1.37441525e-01
0.00000000e+00 1.37863772e-01
0.00000000e+00 1.38286019e-01
0.00000000e+00 1.38708267e-01
0.00000000e+00 1.39130514e-01
0.00000000e+00 1.39552762e-01
0.00000000e+00 1.39975009e-01
0.00000000e+00 1.40397256e-01
0.00000000e+00 1.40819504e-01
0.00000000e+00 1.41241751e-01
0.00000000e+00 1.41663998e-01
0.00000000e+00 1.42086246e-01
0.00000000e+00 1.42508493e-01
0.00000000e+00 1.42930741e-01
0.00000000e+00 1.43352988e-01
0.00000000e+00 1.43775235e-01
0.00000000e+00 1.44197483e-01
0.00000000e+00 1.44619730e-01
0.00000000e+00 1.45041978e-01
0.00000000e+00 1.45464225e-01
0.00000000e+00 1.45886472e-01
0.00000000e+00 1.46308720e-01
0.00000000e+00 1.46730967e-01
0.00000000e+00 1.47153214e-01
0.00000000e+00 1.47575462e-01
0.00000000e+00 1.47997709e-01
0.00000000e+00 1.48419957e-01
0.00000000e+00 1.48842204e-01
0.00000000e+00 1.49264451e-01
0.00000000e+00 1.49686699e-01
0.00000000e+00 1.50108946e-01
0.00000000e+00 1.50531194e-01
0.00000000e+00 1.50953441e-01
0.00000000e+00 1.51375688e-01
0.00000000e+00 1.51797936e-01
0.00000000e+00 1.52220183e-01
0.00000000e+00 1.52642431e-01
0.00000000e+00 1.53064678e-01
0.00000000e+00 1.53486925e-01
0.00000000e+00 1.53909173e-01
0.00000000e+00 1.54331420e-01
0.00000000e+00 1.54753667e-01
0.00000000e+00 1.55175915e-01
0.00000000e+00 1.55598162e-01
0.00000000e+00 1.56020410e-01
0.00000000e+00 1.56442657e-01
0.00000000e+00 1.56864904e-01
0.00000000e+00 1.57287152e-01
0.00000000e+00 1.57709399e-01
0.00000000e+00 1.58131647e-01
0.00000000e+00 1.58553894e-01
0.00000000e+00 1.58976141e-01
0.00000000e+00 1.59398389e-01
0.00000000e+00 1.59820636e-01
0.00000000e+00 1.60242884e-01
0.00000000e+00 1.60665131e-01
0.00000000e+00 1.61087378e-01
0.00000000e+00 1.61509626e-01
0.00000000e+00 1.61931873e-01
0.00000000e+00 1.62354120e-01
0.00000000e+00 1.62776368e-01
0.00000000e+00 1.63198615e-01
0.00000000e+00 1.63620863e-01
0.00000000e+00 1.64043110e-01
0.00000000e+00 1.64465357e-01
0.00000000e+00 1.64887605e-01
0.00000000e+00 1.65309852e-01
0.00000000e+00 1.65732100e-01
0.00000000e+00 1.66154347e-01
0.00000000e+00 1.66576594e-01
0.00000000e+00 1.66998842e-01
0.00000000e+00 1.67421089e-01
0.00000000e+00 1.67843336e-01
0.00000000e+00 1.68265584e-01
0.00000000e+00 1.68687831e-01
0.00000000e+00 1.69110079e-01
0.00000000e+00 1.69532326e-01
0.00000000e+00 1.69954573e-01
0.00000000e+00 1.70376821e-01
0.00000000e+00 1.70799068e-01
0.00000000e+00 1.71221316e-01
0.00000000e+00 1.71643563e-01
0.00000000e+00 1.72065810e-01
0.00000000e+00 1.72488058e-01
0.00000000e+00 1.72910305e-01
0.00000000e+00 1.73332553e-01
0.00000000e+00 1.73754800e-01
0.00000000e+00 1.74177047e-01
0.00000000e+00 1.74599295e-01
0.00000000e+00 1.75021542e-01
0.00000000e+00 1.75443789e-01
0.00000000e+00 1.75866037e-01
0.00000000e+00 1.76288284e-01
0.00000000e+00 1.76710532e-01
0.00000000e+00 1.77132779e-01
0.00000000e+00 1.77555026e-01
0.00000000e+00 1.77977274e-01
0.00000000e+00 1.78399521e-01
0.00000000e+00 1.78821769e-01
0.00000000e+00 1.79244016e-01
0.00000000e+00 1.79666263e-01
0.00000000e+00 1.80088511e-01
0.00000000e+00 1.80510758e-01
0.00000000e+00 1.80933005e-01
0.00000000e+00 1.81355253e-01
0.00000000e+00 1.81777500e-01
0.00000000e+00 1.82199748e-01
0.00000000e+00 1.82621995e-01
0.00000000e+00 1.83044242e-01
0.00000000e+00 1.83466490e-01
0.00000000e+00 1.83888737e-01
0.00000000e+00 1.84310985e-01
0.00000000e+00 1.84733232e-01
0.00000000e+00 1.85155479e-01
0.00000000e+00 1.85577727e-01
0.00000000e+00 1.85999974e-01
0.00000000e+00 1.86422222e-01
0.00000000e+00 1.86844469e-01
0.00000000e+00 1.87266716e-01
0.00000000e+00 1.87688964e-01
0.00000000e+00 1.88111211e-01
0.00000000e+00 1.88533458e-01
0.00000000e+00 1.88955706e-01
0.00000000e+00 1.89377953e-01
0.00000000e+00 1.89800201e-01
0.00000000e+00 1.90222448e-01
0.00000000e+00 1.90644695e-01
0.00000000e+00 1.91066943e-01
0.00000000e+00 1.91489190e-01
0.00000000e+00 1.91911438e-01
0.00000000e+00 1.92333685e-01
0.00000000e+00 1.92755932e-01
0.00000000e+00 1.93178180e-01
0.00000000e+00 1.93600427e-01
0.00000000e+00 1.94022674e-01
0.00000000e+00 1.94444922e-01
0.00000000e+00 1.94867169e-01
0.00000000e+00 1.95289417e-01
0.00000000e+00 1.95711664e-01
0.00000000e+00 1.96133911e-01
0.00000000e+00 1.96556159e-01
0.00000000e+00 1.96978406e-01
0.00000000e+00 1.97400654e-01
0.00000000e+00 1.97822901e-01
0.00000000e+00 1.98245148e-01
0.00000000e+00 1.98667396e-01
0.00000000e+00 1.99089643e-01
0.00000000e+00 1.99511891e-01
0.00000000e+00 1.99934138e-01
0.00000000e+00 2.00356385e-01
0.00000000e+00 2.00778633e-01
0.00000000e+00 2.01200880e-01
0.00000000e+00 2.01623127e-01
0.00000000e+00 2.02045375e-01
0.00000000e+00 2.02467622e-01
0.00000000e+00 2.02889870e-01
0.00000000e+00 2.03312117e-01
0.00000000e+00 2.03734364e-01
0.00000000e+00 2.04156612e-01
0.00000000e+00 2.04578859e-01
0.00000000e+00 2.05001107e-01
0.00000000e+00 2.05423354e-01
0.00000000e+00 2.05845601e-01
0.00000000e+00 2.06267849e-01
0.00000000e+00 2.06690096e-01
0.00000000e+00 2.07112343e-01
0.00000000e+00 2.07534591e-01
0.00000000e+00 2.07956838e-01
0.00000000e+00 2.08379086e-01
0.00000000e+00 2.08801333e-01
0.00000000e+00 2.09223580e-01
0.00000000e+00 2.09645828e-01
0.00000000e+00 2.10068075e-01
0.00000000e+00 2.10490323e-01
0.00000000e+00 2.10912570e-01
0.00000000e+00 2.11334817e-01
0.00000000e+00 2.11757065e-01
0.00000000e+00 2.12179312e-01
0.00000000e+00 2.12601560e-01
0.00000000e+00 2.13023807e-01
0.00000000e+00 2.13446054e-01
0.00000000e+00 2.13868302e-01
0.00000000e+00 2.14290549e-01
0.00000000e+00 2.14712796e-01
0.00000000e+00 2.15135044e-01
0.00000000e+00 2.15557291e-01
0.00000000e+00 2.15979539e-01
0.00000000e+00 2.16401786e-01
0.00000000e+00 2.16824033e-01
0.00000000e+00 2.17246281e-01
0.00000000e+00 2.17668528e-01
0.00000000e+00 2.18090776e-01
0.00000000e+00 2.18513023e-01
0.00000000e+00 2.18935270e-01
0.00000000e+00 2.19357518e-01
0.00000000e+00 2.19779765e-01
0.00000000e+00 2.20202013e-01
0.00000000e+00 2.20624260e-01
0.00000000e+00 2.21046507e-01
0.00000000e+00 2.21468755e-01
0.00000000e+00 2.21891002e-01
0.00000000e+00 2.22313249e-01
0.00000000e+00 2.22735497e-01
0.00000000e+00 2.23157744e-01
0.00000000e+00 2.23579992e-01
0.00000000e+00 2.24002239e-01
0.00000000e+00 2.24424486e-01
0.00000000e+00 2.24846734e-01
0.00000000e+00 2.25268981e-01
0.00000000e+00 2.25691229e-01
0.00000000e+00 2.26113476e-01
0.00000000e+00 2.26535723e-01
0.00000000e+00 2.26957971e-01
0.00000000e+00 2.27380218e-01
0.00000000e+00 2.27802465e-01
0.00000000e+00 2.28224713e-01
0.00000000e+00 2.28646960e-01
0.00000000e+00 2.29069208e-01
0.00000000e+00 2.29491455e-01
0.00000000e+00 2.29913702e-01
0.00000000e+00 2.30335950e-01
0.00000000e+00 2.30758197e-01
0.00000000e+00 2.31180445e-01
0.00000000e+00 2.31602692e-01
0.00000000e+00 2.32024939e-01
0.00000000e+00 2.32447187e-01
0.00000000e+00 2.32869434e-01
0.00000000e+00 2.33291682e-01
0.00000000e+00 2.33713929e-01
0.00000000e+00 2.34136176e-01
0.00000000e+00 2.34558424e-01
0.00000000e+00 2.34980671e-01
0.00000000e+00 2.35402918e-01
0.00000000e+00 2.35825166e-01
0.00000000e+00 2.36247413e-01
0.00000000e+00 2.36669661e-01
0.00000000e+00 2.37091908e-01
0.00000000e+00 2.37514155e-01
0.00000000e+00 2.37936403e-01
0.00000000e+00 2.38358650e-01
0.00000000e+00 2.38780898e-01
0.00000000e+00 2.39203145e-01
0.00000000e+00 2.39625392e-01
0.00000000e+00 2.40047640e-01
0.00000000e+00 2.40469887e-01
0.00000000e+00 2.40892134e-01
0.00000000e+00 2.41314382e-01
0.00000000e+00 2.41736629e-01
0.00000000e+00 2.42158877e-01
0.00000000e+00 2.42581124e-01
0.00000000e+00 2.43003371e-01
0.00000000e+00 2.43425619e-01
0.00000000e+00 2.43847866e-01
0.00000000e+00 2.44270114e-01
0.00000000e+00 2.44692361e-01
0.00000000e+00 2.45114608e-01
0.00000000e+00 2.45536856e-01
0.00000000e+00 2.45959103e-01
0.00000000e+00 2.46381351e-01
0.00000000e+00 2.46803598e-01
0.00000000e+00 2.47225845e-01
0.00000000e+00 2.47648093e-01
0.00000000e+00 2.48070340e-01
0.00000000e+00 2.48492587e-01
0.00000000e+00 2.48914835e-01
0.00000000e+00 2.49337082e-01
0.00000000e+00 2.49759330e-01
0.00000000e+00 2.50181577e-01
0.00000000e+00 2.50603824e-01
0.00000000e+00 2.51026072e-01
0.00000000e+00 2.51448319e-01
0.00000000e+00 2.51870567e-01
0.00000000e+00 2.52292814e-01
0.00000000e+00 2.52715061e-01
0.00000000e+00 2.53137309e-01
0.00000000e+00 2.53559556e-01
0.00000000e+00 2.53981803e-01
0.00000000e+00 2.54404051e-01
0.00000000e+00 2.54826298e-01
0.00000000e+00 2.55248546e-01
0.00000000e+00 2.55670793e-01
0.00000000e+00 2.56093040e-01
0.00000000e+00 2.56515288e-01
0.00000000e+00 2.56937535e-01
0.00000000e+00 2.57359783e-01
0.00000000e+00 2.57782030e-01
0.00000000e+00 2.58204277e-01
0.00000000e+00 2.58626525e-01
0.00000000e+00 2.59048772e-01
0.00000000e+00 2.59471020e-01
0.00000000e+00 2.59893267e-01
0.00000000e+00 2.60315514e-01
0.00000000e+00 2.60737762e-01
0.00000000e+00 2.61160009e-01
0.00000000e+00 2.61582256e-01
0.00000000e+00 2.62004504e-01
0.00000000e+00 2.62426751e-01
0.00000000e+00 2.62848999e-01
0.00000000e+00 2.63271246e-01
0.00000000e+00 2.63693493e-01
0.00000000e+00 2.64115741e-01
0.00000000e+00 2.64537988e-01
0.00000000e+00 2.64960236e-01
0.00000000e+00 2.65382483e-01
0.00000000e+00 2.65804730e-01
0.00000000e+00 2.66226978e-01
0.00000000e+00 2.66649225e-01
0.00000000e+00 2.67071473e-01
0.00000000e+00 2.67493720e-01
0.00000000e+00 2.67915967e-01
0.00000000e+00 2.68338215e-01
0.00000000e+00 2.68760462e-01
0.00000000e+00 2.69182709e-01
0.00000000e+00 2.69604957e-01
0.00000000e+00 2.70027204e-01
0.00000000e+00 2.70449452e-01
0.00000000e+00 2.70871699e-01
0.00000000e+00 2.71293946e-01
0.00000000e+00 2.71716194e-01
0.00000000e+00 2.72138441e-01
0.00000000e+00 2.72560689e-01
0.00000000e+00 2.72982936e-01
0.00000000e+00 2.73405183e-01
0.00000000e+00 2.73827431e-01
0.00000000e+00 2.74249678e-01
0.00000000e+00 2.74671925e-01
0.00000000e+00 2.75094173e-01
0.00000000e+00 2.75516420e-01
0.00000000e+00 2.75938668e-01
0.00000000e+00 2.76360915e-01
0.00000000e+00 2.76783162e-01
0.00000000e+00 2.77205410e-01
0.00000000e+00 2.77627657e-01
0.00000000e+00 2.78049905e-01
0.00000000e+00 2.78472152e-01
0.00000000e+00 2.78894399e-01
0.00000000e+00 2.79316647e-01
0.00000000e+00 2.79738894e-01
0.00000000e+00 2.80161142e-01
0.00000000e+00 2.80583389e-01
0.00000000e+00 2.81005636e-01
0.00000000e+00 2.81427884e-01
0.00000000e+00 2.81850131e-01
0.00000000e+00 2.82272378e-01
0.00000000e+00 2.82694626e-01
0.00000000e+00 2.83116873e-01
0.00000000e+00 2.83539121e-01
0.00000000e+00 2.83961368e-01
0.00000000e+00 2.84383615e-01
0.00000000e+00 2.84805863e-01
0.00000000e+00 2.85228110e-01
0.00000000e+00 2.85650358e-01
0.00000000e+00 2.86072605e-01
0.00000000e+00 2.86494852e-01
0.00000000e+00 2.86917100e-01
0.00000000e+00 2.87339347e-01
0.00000000e+00 2.87761594e-01
0.00000000e+00 2.88183842e-01
0.00000000e+00 2.88606089e-01
0.00000000e+00 2.89028337e-01
0.00000000e+00 2.89450584e-01
0.00000000e+00 2.89872831e-01
0.00000000e+00 2.90295079e-01
0.00000000e+00 2.90717326e-01
0.00000000e+00 2.91139574e-01
0.00000000e+00 2.91561821e-01
0.00000000e+00 2.91984068e-01
0.00000000e+00 2.92406316e-01
0.00000000e+00 2.92828563e-01
0.00000000e+00 2.93250811e-01
0.00000000e+00 2.93673058e-01
0.00000000e+00 2.94095305e-01
0.00000000e+00 2.94517553e-01
0.00000000e+00 2.94939800e-01
0.00000000e+00 2.95362047e-01
0.00000000e+00 2.95784295e-01
0.00000000e+00 2.96206542e-01
0.00000000e+00 2.96628790e-01
0.00000000e+00 2.97051037e-01
0.00000000e+00 2.97473284e-01
0.00000000e+00 2.97895532e-01
0.00000000e+00 2.98317779e-01
0.00000000e+00 2.98740027e-01
0.00000000e+00 2.99162274e-01
0.00000000e+00 2.99584521e-01
0.00000000e+00 3.00006769e-01
0.00000000e+00 3.00429016e-01
0.00000000e+00 3.00851263e-01
0.00000000e+00 3.01273511e-01
0.00000000e+00 3.01695758e-01
0.00000000e+00 3.02118006e-01
0.00000000e+00 3.02540253e-01
0.00000000e+00 3.02962500e-01
0.00000000e+00 3.03384748e-01
0.00000000e+00 3.03806995e-01
0.00000000e+00 3.04229243e-01
0.00000000e+00 3.04651490e-01
0.00000000e+00 3.05073737e-01
0.00000000e+00 3.05495985e-01
0.00000000e+00 3.05918232e-01
0.00000000e+00 3.06340480e-01
0.00000000e+00 3.06762727e-01
0.00000000e+00 3.07184974e-01
0.00000000e+00 3.07607222e-01
0.00000000e+00 3.08029469e-01
0.00000000e+00 3.08451716e-01
0.00000000e+00 3.08873964e-01
0.00000000e+00 3.09296211e-01
0.00000000e+00 3.09718459e-01
0.00000000e+00 3.10140706e-01
0.00000000e+00 3.10562953e-01
0.00000000e+00 3.10985201e-01
0.00000000e+00 3.11407448e-01
0.00000000e+00 3.11829696e-01
0.00000000e+00 3.12251943e-01
0.00000000e+00 3.12674190e-01
0.00000000e+00 3.13096438e-01
0.00000000e+00 3.13518685e-01
0.00000000e+00 3.13940932e-01
0.00000000e+00 3.14363180e-01
0.00000000e+00 3.14785427e-01
0.00000000e+00 3.15207675e-01
0.00000000e+00 3.15629922e-01
0.00000000e+00 3.16052169e-01
0.00000000e+00 3.16474417e-01
0.00000000e+00 3.16896664e-01
0.00000000e+00 3.17318912e-01
0.00000000e+00 3.17741159e-01
0.00000000e+00 3.18163406e-01
0.00000000e+00 3.18585654e-01
0.00000000e+00 3.19007901e-01
0.00000000e+00 3.19430149e-01
0.00000000e+00 3.19852396e-01
0.00000000e+00 3.20274643e-01
0.00000000e+00 3.20696891e-01
0.00000000e+00 3.21119138e-01
0.00000000e+00 3.21541385e-01
0.00000000e+00 3.21963633e-01
0.00000000e+00 3.22385880e-01
0.00000000e+00 3.22808128e-01
0.00000000e+00 3.23230375e-01
0.00000000e+00 3.23652622e-01
0.00000000e+00 3.24074870e-01
0.00000000e+00 3.24497117e-01
0.00000000e+00 3.24919365e-01
0.00000000e+00 3.25341612e-01
0.00000000e+00 3.25763859e-01
0.00000000e+00 3.26186107e-01
0.00000000e+00 3.26608354e-01
0.00000000e+00 3.27030602e-01
0.00000000e+00 3.27452849e-01
0.00000000e+00 3.27875096e-01
0.00000000e+00 3.28297344e-01
0.00000000e+00 3.28719591e-01
0.00000000e+00 3.29141838e-01
0.00000000e+00 3.29564086e-01
0.00000000e+00 3.29986333e-01
0.00000000e+00 3.30408581e-01
0.00000000e+00 3.30830828e-01
0.00000000e+00 3.31253075e-01
0.00000000e+00 3.31675323e-01
0.00000000e+00 3.32097570e-01
0.00000000e+00 3.32519818e-01
0.00000000e+00 3.32942065e-01
0.00000000e+00 3.33364312e-01
0.00000000e+00 3.33786560e-01
0.00000000e+00 3.34208807e-01
0.00000000e+00 3.34631054e-01
0.00000000e+00 3.35053302e-01
0.00000000e+00 3.35475549e-01
0.00000000e+00 3.35897797e-01
0.00000000e+00 3.36320044e-01
0.00000000e+00 3.36742291e-01
0.00000000e+00 3.37164539e-01
0.00000000e+00 3.37586786e-01
0.00000000e+00 3.38009034e-01
0.00000000e+00 3.38431281e-01
0.00000000e+00 3.38853528e-01
0.00000000e+00 3.39275776e-01
0.00000000e+00 3.39698023e-01
0.00000000e+00 3.40120271e-01
0.00000000e+00 3.40542518e-01
0.00000000e+00 3.40964765e-01
0.00000000e+00 3.41387013e-01
0.00000000e+00 3.41809260e-01
0.00000000e+00 3.42231507e-01
0.00000000e+00 3.42653755e-01
0.00000000e+00 3.43076002e-01
0.00000000e+00 3.43498250e-01
0.00000000e+00 3.43920497e-01
0.00000000e+00 3.44342744e-01
0.00000000e+00 3.44764992e-01
0.00000000e+00 3.45187239e-01
0.00000000e+00 3.45609487e-01
0.00000000e+00 3.46031734e-01
0.00000000e+00 3.46453981e-01
0.00000000e+00 3.46876229e-01
0.00000000e+00 3.47298476e-01
0.00000000e+00 3.47720723e-01
0.00000000e+00 3.48142971e-01
0.00000000e+00 3.48565218e-01
0.00000000e+00 3.48987466e-01
0.00000000e+00 3.49409713e-01
0.00000000e+00 3.49831960e-01
0.00000000e+00 3.50254208e-01
0.00000000e+00 3.50676455e-01
0.00000000e+00 3.51098703e-01
0.00000000e+00 3.51520950e-01
0.00000000e+00 3.51943197e-01
0.00000000e+00 3.52365445e-01
0.00000000e+00 3.52787692e-01
0.00000000e+00 3.53209940e-01
0.00000000e+00 3.53632187e-01
0.00000000e+00 3.54054434e-01
0.00000000e+00 3.54476682e-01
0.00000000e+00 3.54898929e-01
0.00000000e+00 3.55321176e-01
0.00000000e+00 3.55743424e-01
0.00000000e+00 3.56165671e-01
0.00000000e+00 3.56587919e-01
0.00000000e+00 3.57010166e-01
0.00000000e+00 3.57432413e-01
0.00000000e+00 3.57854661e-01
0.00000000e+00 3.58276908e-01
0.00000000e+00 3.58699156e-01
0.00000000e+00 3.59121403e-01
0.00000000e+00 3.59543650e-01
0.00000000e+00 3.59965898e-01
0.00000000e+00 3.60388145e-01
0.00000000e+00 3.60810392e-01
0.00000000e+00 3.61232640e-01
0.00000000e+00 3.61654887e-01
0.00000000e+00 3.62077135e-01
0.00000000e+00 3.62499382e-01
0.00000000e+00 3.62921629e-01
0.00000000e+00 3.63343877e-01
0.00000000e+00 3.63766124e-01
0.00000000e+00 3.64188372e-01
0.00000000e+00 3.64610619e-01
0.00000000e+00 3.65032866e-01
0.00000000e+00 3.65455114e-01
0.00000000e+00 3.65877361e-01
0.00000000e+00 3.66299609e-01
0.00000000e+00 3.66721856e-01
0.00000000e+00 3.67144103e-01
0.00000000e+00 3.67566351e-01
0.00000000e+00 3.67988598e-01
0.00000000e+00 3.68410845e-01
0.00000000e+00 3.68833093e-01
0.00000000e+00 3.69255340e-01
0.00000000e+00 3.69677588e-01
0.00000000e+00 3.70099835e-01
0.00000000e+00 3.70522082e-01
0.00000000e+00 3.70944330e-01
0.00000000e+00 3.71366577e-01
0.00000000e+00 3.71788825e-01
0.00000000e+00 3.72211072e-01
0.00000000e+00 3.72633319e-01
0.00000000e+00 3.73055567e-01
0.00000000e+00 3.73477814e-01
0.00000000e+00 3.73900062e-01
0.00000000e+00 3.74322309e-01
0.00000000e+00 3.74744556e-01
0.00000000e+00 3.75166804e-01
0.00000000e+00 3.75589051e-01
0.00000000e+00 3.76011298e-01
0.00000000e+00 3.76433546e-01
0.00000000e+00 3.76855793e-01
0.00000000e+00 3.77278041e-01
0.00000000e+00 3.77700288e-01
0.00000000e+00 3.78122535e-01
0.00000000e+00 3.78544783e-01
0.00000000e+00 3.78967030e-01
0.00000000e+00 3.79389278e-01
0.00000000e+00 3.79811525e-01
0.00000000e+00 3.80233772e-01
0.00000000e+00 3.80656020e-01
0.00000000e+00 3.81078267e-01
0.00000000e+00 3.81500514e-01
0.00000000e+00 3.81922762e-01
0.00000000e+00 3.82345009e-01
0.00000000e+00 3.82767257e-01
0.00000000e+00 3.83189504e-01
0.00000000e+00 3.83611751e-01
0.00000000e+00 3.84033999e-01
0.00000000e+00 3.84456246e-01
0.00000000e+00 3.84878494e-01
0.00000000e+00 3.85300741e-01
0.00000000e+00 3.85722988e-01
0.00000000e+00 3.86145236e-01
0.00000000e+00 3.86567483e-01
0.00000000e+00 3.86989731e-01
0.00000000e+00 3.87411978e-01
0.00000000e+00 3.87834225e-01
0.00000000e+00 3.88256473e-01
0.00000000e+00 3.88678720e-01
0.00000000e+00 3.89100967e-01
0.00000000e+00 3.89523215e-01
0.00000000e+00 3.89945462e-01
0.00000000e+00 3.90367710e-01
0.00000000e+00 3.90789957e-01
0.00000000e+00 3.91212204e-01
0.00000000e+00 3.91634452e-01
0.00000000e+00 3.92056699e-01
0.00000000e+00 3.92478947e-01
0.00000000e+00 3.92901194e-01
0.00000000e+00 3.93323441e-01
0.00000000e+00 3.93745689e-01
0.00000000e+00 3.94167936e-01
0.00000000e+00 3.94590183e-01
0.00000000e+00 3.95012431e-01
0.00000000e+00 3.95434678e-01
0.00000000e+00 3.95856926e-01
0.00000000e+00 3.96279173e-01
0.00000000e+00 3.96701420e-01
0.00000000e+00 3.97123668e-01
0.00000000e+00 3.97545915e-01
0.00000000e+00 3.97968163e-01
0.00000000e+00 3.98390410e-01
0.00000000e+00 3.98812657e-01
0.00000000e+00 3.99234905e-01
0.00000000e+00 3.99657152e-01
0.00000000e+00 4.00079400e-01
0.00000000e+00 4.00501647e-01
0.00000000e+00 4.00923894e-01
0.00000000e+00 4.01346142e-01
0.00000000e+00 4.01768389e-01
0.00000000e+00 4.02190636e-01
0.00000000e+00 4.02612884e-01
0.00000000e+00 4.03035131e-01
0.00000000e+00 4.03457379e-01
0.00000000e+00 4.03879626e-01
0.00000000e+00 4.04301873e-01
0.00000000e+00 4.04724121e-01
0.00000000e+00 4.05146368e-01
0.00000000e+00 4.05568616e-01
0.00000000e+00 4.05990863e-01
0.00000000e+00 4.06413110e-01
0.00000000e+00 4.06835358e-01
0.00000000e+00 4.07257605e-01
0.00000000e+00 4.07679852e-01
0.00000000e+00 4.08102100e-01
0.00000000e+00 4.08524347e-01
0.00000000e+00 4.08946595e-01
0.00000000e+00 4.09368842e-01
0.00000000e+00 4.09791089e-01
0.00000000e+00 4.10213337e-01
0.00000000e+00 4.10635584e-01
0.00000000e+00 4.11057832e-01
0.00000000e+00 4.11480079e-01
0.00000000e+00 4.11902326e-01
0.00000000e+00 4.12324574e-01
0.00000000e+00 4.12746821e-01
0.00000000e+00 4.13169069e-01
0.00000000e+00 4.13591316e-01
0.00000000e+00 4.14013563e-01
0.00000000e+00 4.14435811e-01
0.00000000e+00 4.14858058e-01
0.00000000e+00 4.15280305e-01
0.00000000e+00 4.15702553e-01
0.00000000e+00 4.16124800e-01
0.00000000e+00 4.16547048e-01
0.00000000e+00 4.16969295e-01
0.00000000e+00 4.17391542e-01
0.00000000e+00 4.17813790e-01
0.00000000e+00 4.18236037e-01
0.00000000e+00 4.18658285e-01
0.00000000e+00 4.19080532e-01
0.00000000e+00 4.19502779e-01
0.00000000e+00 4.19925027e-01
0.00000000e+00 4.20347274e-01
0.00000000e+00 4.20769521e-01
0.00000000e+00 4.21191769e-01
0.00000000e+00 4.21614016e-01
0.00000000e+00 4.22036264e-01
0.00000000e+00 4.22458511e-01
0.00000000e+00 4.22880758e-01
0.00000000e+00 4.23303006e-01
0.00000000e+00 4.23725253e-01
0.00000000e+00 4.24147501e-01
0.00000000e+00 4.24569748e-01
0.00000000e+00 4.24991995e-01
0.00000000e+00 4.25414243e-01
0.00000000e+00 4.25836490e-01
0.00000000e+00 4.26258738e-01
0.00000000e+00 4.26680985e-01
0.00000000e+00 4.27103232e-01
0.00000000e+00 4.27525480e-01
0.00000000e+00 4.27947727e-01
0.00000000e+00 4.28369974e-01
0.00000000e+00 4.28792222e-01
0.00000000e+00 4.29214469e-01
0.00000000e+00 4.29636717e-01
0.00000000e+00 4.30058964e-01
0.00000000e+00 4.30481211e-01
0.00000000e+00 4.30903459e-01
0.00000000e+00 4.31325706e-01
0.00000000e+00 4.31747954e-01
0.00000000e+00 4.32170201e-01
0.00000000e+00 4.32592448e-01
0.00000000e+00 4.33014696e-01
0.00000000e+00 4.33436943e-01
0.00000000e+00 4.33859191e-01
0.00000000e+00 4.34281438e-01
0.00000000e+00 4.34703685e-01
0.00000000e+00 4.35125933e-01
0.00000000e+00 4.35548180e-01
0.00000000e+00 4.35970427e-01
0.00000000e+00 4.36392675e-01
0.00000000e+00 4.36814922e-01
0.00000000e+00 4.37237170e-01
0.00000000e+00 4.37659417e-01
0.00000000e+00 4.38081664e-01
0.00000000e+00 4.38503912e-01
0.00000000e+00 4.38926159e-01
0.00000000e+00 4.39348407e-01
0.00000000e+00 4.39770654e-01
0.00000000e+00 4.40192901e-01
0.00000000e+00 4.40615149e-01
0.00000000e+00 4.41037396e-01
0.00000000e+00 4.41459643e-01
0.00000000e+00 4.41881891e-01
0.00000000e+00 4.42304138e-01
0.00000000e+00 4.42726386e-01
0.00000000e+00 4.43148633e-01
0.00000000e+00 4.43570880e-01
0.00000000e+00 4.43993128e-01
0.00000000e+00 4.44415375e-01
0.00000000e+00 4.44837623e-01
0.00000000e+00 4.45259870e-01
0.00000000e+00 4.45682117e-01
0.00000000e+00 4.46104365e-01
0.00000000e+00 4.46526612e-01
0.00000000e+00 4.46948860e-01
0.00000000e+00 4.47371107e-01
0.00000000e+00 4.47793354e-01
0.00000000e+00 4.48215602e-01
0.00000000e+00 4.48637849e-01
0.00000000e+00 4.49060096e-01
0.00000000e+00 4.49482344e-01
0.00000000e+00 4.49904591e-01
0.00000000e+00 4.50326839e-01
0.00000000e+00 4.50749086e-01
0.00000000e+00 4.51171333e-01
0.00000000e+00 4.51593581e-01
0.00000000e+00 4.52015828e-01
0.00000000e+00 4.52438076e-01
0.00000000e+00 4.52860323e-01
0.00000000e+00 4.53282570e-01
0.00000000e+00 4.53704818e-01
0.00000000e+00 4.54127065e-01
0.00000000e+00 4.54549312e-01
0.00000000e+00 4.54971560e-01
0.00000000e+00 4.55393807e-01
0.00000000e+00 4.55816055e-01
0.00000000e+00 4.56238302e-01
0.00000000e+00 4.56660549e-01
0.00000000e+00 4.57082797e-01
0.00000000e+00 4.57505044e-01
0.00000000e+00 4.57927292e-01
0.00000000e+00 4.58349539e-01
0.00000000e+00 4.58771786e-01
0.00000000e+00 4.59194034e-01
0.00000000e+00 4.59616281e-01
0.00000000e+00 4.60038529e-01
0.00000000e+00 4.60460776e-01
0.00000000e+00 4.60883023e-01
0.00000000e+00 4.61305271e-01
0.00000000e+00 4.61727518e-01
0.00000000e+00 4.62149765e-01
0.00000000e+00 4.62572013e-01
0.00000000e+00 4.62994260e-01
0.00000000e+00 4.63416508e-01
0.00000000e+00 4.63838755e-01
0.00000000e+00 4.64261002e-01
0.00000000e+00 4.64683250e-01
0.00000000e+00 4.65105497e-01
0.00000000e+00 4.65527745e-01
0.00000000e+00 4.65949992e-01
0.00000000e+00 4.66372239e-01
0.00000000e+00 4.66794487e-01
0.00000000e+00 4.67216734e-01
0.00000000e+00 4.67638981e-01
0.00000000e+00 4.68061229e-01
0.00000000e+00 4.68483476e-01
0.00000000e+00 4.68905724e-01
0.00000000e+00 4.69327971e-01
0.00000000e+00 4.69750218e-01
0.00000000e+00 4.70172466e-01
0.00000000e+00 4.70594713e-01
0.00000000e+00 4.71016961e-01
0.00000000e+00 4.71439208e-01
0.00000000e+00 4.71861455e-01
0.00000000e+00 4.72283703e-01
0.00000000e+00 4.72705950e-01
0.00000000e+00 4.73128198e-01
0.00000000e+00 4.73550445e-01
0.00000000e+00 4.73972692e-01
0.00000000e+00 4.74394940e-01
0.00000000e+00 4.74817187e-01
0.00000000e+00 4.75239434e-01
0.00000000e+00 4.75661682e-01
0.00000000e+00 4.76083929e-01
0.00000000e+00 4.76506177e-01
0.00000000e+00 4.76928424e-01
0.00000000e+00 4.77350671e-01
0.00000000e+00 4.77772919e-01
0.00000000e+00 4.78195166e-01
0.00000000e+00 4.78617414e-01
0.00000000e+00 4.79039661e-01
0.00000000e+00 4.79461908e-01
0.00000000e+00 4.79884156e-01
0.00000000e+00 4.80306403e-01
0.00000000e+00 4.80728651e-01
0.00000000e+00 4.81150898e-01
0.00000000e+00 4.81573145e-01
0.00000000e+00 4.81995393e-01
0.00000000e+00 4.82417640e-01
0.00000000e+00 4.82839887e-01
0.00000000e+00 4.83262135e-01
0.00000000e+00 4.83684382e-01
0.00000000e+00 4.84106630e-01
0.00000000e+00 4.84528877e-01
0.00000000e+00 4.84951124e-01
0.00000000e+00 4.85373372e-01
0.00000000e+00 4.85795619e-01
0.00000000e+00 4.86217867e-01
0.00000000e+00 4.86640114e-01
0.00000000e+00 4.87062361e-01
0.00000000e+00 4.87484609e-01
0.00000000e+00 4.87906856e-01
0.00000000e+00 4.88329103e-01
0.00000000e+00 4.88751351e-01
0.00000000e+00 4.89173598e-01
0.00000000e+00 4.89595846e-01
0.00000000e+00 4.90018093e-01
0.00000000e+00 4.90440340e-01
0.00000000e+00 4.90862588e-01
0.00000000e+00 4.91284835e-01
0.00000000e+00 4.91707083e-01
0.00000000e+00 4.92129330e-01
0.00000000e+00 4.92551577e-01
0.00000000e+00 4.92973825e-01
0.00000000e+00 4.93396072e-01
0.00000000e+00 4.93818320e-01
0.00000000e+00 4.94240567e-01
0.00000000e+00 4.94662814e-01
0.00000000e+00 4.95085062e-01
0.00000000e+00 4.95507309e-01
0.00000000e+00 4.95929556e-01
0.00000000e+00 4.96351804e-01
0.00000000e+00 4.96774051e-01
0.00000000e+00 4.97196299e-01
0.00000000e+00 4.97618546e-01
0.00000000e+00 4.98040793e-01
0.00000000e+00 4.98463041e-01
0.00000000e+00 4.98885288e-01
0.00000000e+00 4.99307536e-01
0.00000000e+00 4.99729783e-01
0.00000000e+00 5.00152030e-01
