% L-Bracket Geometry
% N_total=1536, N_horizontal=768, N_vertical=768
% Resolution: 100 segments per wavelength
% Format: x(m) y(m)
3.25864832e-04 0.00000000e+00
9.77594495e-04 0.00000000e+00
1.62932416e-03 0.00000000e+00
2.28105382e-03 0.00000000e+00
2.93278348e-03 0.00000000e+00
3.58451315e-03 0.00000000e+00
4.23624281e-03 0.00000000e+00
4.88797247e-03 0.00000000e+00
5.53970214e-03 0.00000000e+00
6.19143180e-03 0.00000000e+00
6.84316146e-03 0.00000000e+00
7.49489113e-03 0.00000000e+00
8.14662079e-03 0.00000000e+00
8.79835045e-03 0.00000000e+00
9.45008011e-03 0.00000000e+00
1.01018098e-02 0.00000000e+00
1.07535394e-02 0.00000000e+00
1.14052691e-02 0.00000000e+00
1.20569988e-02 0.00000000e+00
1.27087284e-02 0.00000000e+00
1.33604581e-02 0.00000000e+00
1.40121878e-02 0.00000000e+00
1.46639174e-02 0.00000000e+00
1.53156471e-02 0.00000000e+00
1.59673767e-02 0.00000000e+00
1.66191064e-02 0.00000000e+00
1.72708361e-02 0.00000000e+00
1.79225657e-02 0.00000000e+00
1.85742954e-02 0.00000000e+00
1.92260251e-02 0.00000000e+00
1.98777547e-02 0.00000000e+00
2.05294844e-02 0.00000000e+00
2.11812141e-02 0.00000000e+00
2.18329437e-02 0.00000000e+00
2.24846734e-02 0.00000000e+00
2.31364030e-02 0.00000000e+00
2.37881327e-02 0.00000000e+00
2.44398624e-02 0.00000000e+00
2.50915920e-02 0.00000000e+00
2.57433217e-02 0.00000000e+00
2.63950514e-02 0.00000000e+00
2.70467810e-02 0.00000000e+00
2.76985107e-02 0.00000000e+00
2.83502403e-02 0.00000000e+00
2.90019700e-02 0.00000000e+00
2.96536997e-02 0.00000000e+00
3.03054293e-02 0.00000000e+00
3.09571590e-02 0.00000000e+00
3.16088887e-02 0.00000000e+00
3.22606183e-02 0.00000000e+00
3.29123480e-02 0.00000000e+00
3.35640776e-02 0.00000000e+00
3.42158073e-02 0.00000000e+00
3.48675370e-02 0.00000000e+00
3.55192666e-02 0.00000000e+00
3.61709963e-02 0.00000000e+00
3.68227260e-02 0.00000000e+00
3.74744556e-02 0.00000000e+00
3.81261853e-02 0.00000000e+00
3.87779150e-02 0.00000000e+00
3.94296446e-02 0.00000000e+00
4.00813743e-02 0.00000000e+00
4.07331039e-02 0.00000000e+00
4.13848336e-02 0.00000000e+00
4.20365633e-02 0.00000000e+00
4.26882929e-02 0.00000000e+00
4.33400226e-02 0.00000000e+00
4.39917523e-02 0.00000000e+00
4.46434819e-02 0.00000000e+00
4.52952116e-02 0.00000000e+00
4.59469412e-02 0.00000000e+00
4.65986709e-02 0.00000000e+00
4.72504006e-02 0.00000000e+00
4.79021302e-02 0.00000000e+00
4.85538599e-02 0.00000000e+00
4.92055896e-02 0.00000000e+00
4.98573192e-02 0.00000000e+00
5.05090489e-02 0.00000000e+00
5.11607786e-02 0.00000000e+00
5.18125082e-02 0.00000000e+00
5.24642379e-02 0.00000000e+00
5.31159675e-02 0.00000000e+00
5.37676972e-02 0.00000000e+00
5.44194269e-02 0.00000000e+00
5.50711565e-02 0.00000000e+00
5.57228862e-02 0.00000000e+00
5.63746159e-02 0.00000000e+00
5.70263455e-02 0.00000000e+00
5.76780752e-02 0.00000000e+00
5.83298048e-02 0.00000000e+00
5.89815345e-02 0.00000000e+00
5.96332642e-02 0.00000000e+00
6.02849938e-02 0.00000000e+00
6.09367235e-02 0.00000000e+00
6.15884532e-02 0.00000000e+00
6.22401828e-02 0.00000000e+00
6.28919125e-02 0.00000000e+00
6.35436422e-02 0.00000000e+00
6.41953718e-02 0.00000000e+00
6.48471015e-02 0.00000000e+00
6.54988311e-02 0.00000000e+00
6.61505608e-02 0.00000000e+00
6.68022905e-02 0.00000000e+00
6.74540201e-02 0.00000000e+00
6.81057498e-02 0.00000000e+00
6.87574795e-02 0.00000000e+00
6.94092091e-02 0.00000000e+00
7.00609388e-02 0.00000000e+00
7.07126684e-02 0.00000000e+00
7.13643981e-02 0.00000000e+00
7.20161278e-02 0.00000000e+00
7.26678574e-02 0.00000000e+00
7.33195871e-02 0.00000000e+00
7.39713168e-02 0.00000000e+00
7.46230464e-02 0.00000000e+00
7.52747761e-02 0.00000000e+00
7.59265058e-02 0.00000000e+00
7.65782354e-02 0.00000000e+00
7.72299651e-02 0.00000000e+00
7.78816947e-02 0.00000000e+00
7.85334244e-02 0.00000000e+00
7.91851541e-02 0.00000000e+00
7.98368837e-02 0.00000000e+00
8.04886134e-02 0.00000000e+00
8.11403431e-02 0.00000000e+00
8.17920727e-02 0.00000000e+00
8.24438024e-02 0.00000000e+00
8.30955320e-02 0.00000000e+00
8.37472617e-02 0.00000000e+00
8.43989914e-02 0.00000000e+00
8.50507210e-02 0.00000000e+00
8.57024507e-02 0.00000000e+00
8.63541804e-02 0.00000000e+00
8.70059100e-02 0.00000000e+00
8.76576397e-02 0.00000000e+00
8.83093693e-02 0.00000000e+00
8.89610990e-02 0.00000000e+00
8.96128287e-02 0.00000000e+00
9.02645583e-02 0.00000000e+00
9.09162880e-02 0.00000000e+00
9.15680177e-02 0.00000000e+00
9.22197473e-02 0.00000000e+00
9.28714770e-02 0.00000000e+00
9.35232067e-02 0.00000000e+00
9.41749363e-02 0.00000000e+00
9.48266660e-02 0.00000000e+00
9.54783956e-02 0.00000000e+00
9.61301253e-02 0.00000000e+00
9.67818550e-02 0.00000000e+00
9.74335846e-02 0.00000000e+00
9.80853143e-02 0.00000000e+00
9.87370440e-02 0.00000000e+00
9.93887736e-02 0.00000000e+00
1.00040503e-01 0.00000000e+00
1.00692233e-01 0.00000000e+00
1.01343963e-01 0.00000000e+00
1.01995692e-01 0.00000000e+00
1.02647422e-01 0.00000000e+00
1.03299152e-01 0.00000000e+00
1.03950881e-01 0.00000000e+00
1.04602611e-01 0.00000000e+00
1.05254341e-01 0.00000000e+00
1.05906070e-01 0.00000000e+00
1.06557800e-01 0.00000000e+00
1.07209530e-01 0.00000000e+00
1.07861259e-01 0.00000000e+00
1.08512989e-01 0.00000000e+00
1.09164719e-01 0.00000000e+00
1.09816448e-01 0.00000000e+00
1.10468178e-01 0.00000000e+00
1.11119908e-01 0.00000000e+00
1.11771637e-01 0.00000000e+00
1.12423367e-01 0.00000000e+00
1.13075097e-01 0.00000000e+00
1.13726826e-01 0.00000000e+00
1.14378556e-01 0.00000000e+00
1.15030286e-01 0.00000000e+00
1.15682015e-01 0.00000000e+00
1.16333745e-01 0.00000000e+00
1.16985475e-01 0.00000000e+00
1.17637204e-01 0.00000000e+00
1.18288934e-01 0.00000000e+00
1.18940664e-01 0.00000000e+00
1.19592393e-01 0.00000000e+00
1.20244123e-01 0.00000000e+00
1.20895853e-01 0.00000000e+00
1.21547582e-01 0.00000000e+00
1.22199312e-01 0.00000000e+00
1.22851041e-01 0.00000000e+00
1.23502771e-01 0.00000000e+00
1.24154501e-01 0.00000000e+00
1.24806230e-01 0.00000000e+00
1.25457960e-01 0.00000000e+00
1.26109690e-01 0.00000000e+00
1.26761419e-01 0.00000000e+00
1.27413149e-01 0.00000000e+00
1.28064879e-01 0.00000000e+00
1.28716608e-01 0.00000000e+00
1.29368338e-01 0.00000000e+00
1.30020068e-01 0.00000000e+00
1.30671797e-01 0.00000000e+00
1.31323527e-01 0.00000000e+00
1.31975257e-01 0.00000000e+00
1.32626986e-01 0.00000000e+00
1.33278716e-01 0.00000000e+00
1.33930446e-01 0.00000000e+00
1.34582175e-01 0.00000000e+00
1.35233905e-01 0.00000000e+00
1.35885635e-01 0.00000000e+00
1.36537364e-01 0.00000000e+00
1.37189094e-01 0.00000000e+00
1.37840824e-01 0.00000000e+00
1.38492553e-01 0.00000000e+00
1.39144283e-01 0.00000000e+00
1.39796013e-01 0.00000000e+00
1.40447742e-01 0.00000000e+00
1.41099472e-01 0.00000000e+00
1.41751202e-01 0.00000000e+00
1.42402931e-01 0.00000000e+00
1.43054661e-01 0.00000000e+00
1.43706391e-01 0.00000000e+00
1.44358120e-01 0.00000000e+00
1.45009850e-01 0.00000000e+00
1.45661580e-01 0.00000000e+00
1.46313309e-01 0.00000000e+00
1.46965039e-01 0.00000000e+00
1.47616769e-01 0.00000000e+00
1.48268498e-01 0.00000000e+00
1.48920228e-01 0.00000000e+00
1.49571958e-01 0.00000000e+00
1.50223687e-01 0.00000000e+00
1.50875417e-01 0.00000000e+00
1.51527147e-01 0.00000000e+00
1.52178876e-01 0.00000000e+00
1.52830606e-01 0.00000000e+00
1.53482336e-01 0.00000000e+00
1.54134065e-01 0.00000000e+00
1.54785795e-01 0.00000000e+00
1.55437525e-01 0.00000000e+00
1.56089254e-01 0.00000000e+00
1.56740984e-01 0.00000000e+00
1.57392714e-01 0.00000000e+00
1.58044443e-01 0.00000000e+00
1.58696173e-01 0.00000000e+00
1.59347903e-01 0.00000000e+00
1.59999632e-01 0.00000000e+00
1.60651362e-01 0.00000000e+00
1.61303092e-01 0.00000000e+00
1.61954821e-01 0.00000000e+00
1.62606551e-01 0.00000000e+00
1.63258281e-01 0.00000000e+00
1.63910010e-01 0.00000000e+00
1.64561740e-01 0.00000000e+00
1.65213470e-01 0.00000000e+00
1.65865199e-01 0.00000000e+00
1.66516929e-01 0.00000000e+00
1.67168659e-01 0.00000000e+00
1.67820388e-01 0.00000000e+00
1.68472118e-01 0.00000000e+00
1.69123848e-01 0.00000000e+00
1.69775577e-01 0.00000000e+00
1.70427307e-01 0.00000000e+00
1.71079037e-01 0.00000000e+00
1.71730766e-01 0.00000000e+00
1.72382496e-01 0.00000000e+00
1.73034226e-01 0.00000000e+00
1.73685955e-01 0.00000000e+00
1.74337685e-01 0.00000000e+00
1.74989415e-01 0.00000000e+00
1.75641144e-01 0.00000000e+00
1.76292874e-01 0.00000000e+00
1.76944604e-01 0.00000000e+00
1.77596333e-01 0.00000000e+00
1.78248063e-01 0.00000000e+00
1.78899793e-01 0.00000000e+00
1.79551522e-01 0.00000000e+00
1.80203252e-01 0.00000000e+00
1.80854982e-01 0.00000000e+00
1.81506711e-01 0.00000000e+00
1.82158441e-01 0.00000000e+00
1.82810170e-01 0.00000000e+00
1.83461900e-01 0.00000000e+00
1.84113630e-01 0.00000000e+00
1.84765359e-01 0.00000000e+00
1.85417089e-01 0.00000000e+00
1.86068819e-01 0.00000000e+00
1.86720548e-01 0.00000000e+00
1.87372278e-01 0.00000000e+00
1.88024008e-01 0.00000000e+00
1.88675737e-01 0.00000000e+00
1.89327467e-01 0.00000000e+00
1.89979197e-01 0.00000000e+00
1.90630926e-01 0.00000000e+00
1.91282656e-01 0.00000000e+00
1.91934386e-01 0.00000000e+00
1.92586115e-01 0.00000000e+00
1.93237845e-01 0.00000000e+00
1.93889575e-01 0.00000000e+00
1.94541304e-01 0.00000000e+00
1.95193034e-01 0.00000000e+00
1.95844764e-01 0.00000000e+00
1.96496493e-01 0.00000000e+00
1.97148223e-01 0.00000000e+00
1.97799953e-01 0.00000000e+00
1.98451682e-01 0.00000000e+00
1.99103412e-01 0.00000000e+00
1.99755142e-01 0.00000000e+00
2.00406871e-01 0.00000000e+00
2.01058601e-01 0.00000000e+00
2.01710331e-01 0.00000000e+00
2.02362060e-01 0.00000000e+00
2.03013790e-01 0.00000000e+00
2.03665520e-01 0.00000000e+00
2.04317249e-01 0.00000000e+00
2.04968979e-01 0.00000000e+00
2.05620709e-01 0.00000000e+00
2.06272438e-01 0.00000000e+00
2.06924168e-01 0.00000000e+00
2.07575898e-01 0.00000000e+00
2.08227627e-01 0.00000000e+00
2.08879357e-01 0.00000000e+00
2.09531087e-01 0.00000000e+00
2.10182816e-01 0.00000000e+00
2.10834546e-01 0.00000000e+00
2.11486276e-01 0.00000000e+00
2.12138005e-01 0.00000000e+00
2.12789735e-01 0.00000000e+00
2.13441465e-01 0.00000000e+00
2.14093194e-01 0.00000000e+00
2.14744924e-01 0.00000000e+00
2.15396654e-01 0.00000000e+00
2.16048383e-01 0.00000000e+00
2.16700113e-01 0.00000000e+00
2.17351843e-01 0.00000000e+00
2.18003572e-01 0.00000000e+00
2.18655302e-01 0.00000000e+00
2.19307032e-01 0.00000000e+00
2.19958761e-01 0.00000000e+00
2.20610491e-01 0.00000000e+00
2.21262221e-01 0.00000000e+00
2.21913950e-01 0.00000000e+00
2.22565680e-01 0.00000000e+00
2.23217410e-01 0.00000000e+00
2.23869139e-01 0.00000000e+00
2.24520869e-01 0.00000000e+00
2.25172599e-01 0.00000000e+00
2.25824328e-01 0.00000000e+00
2.26476058e-01 0.00000000e+00
2.27127788e-01 0.00000000e+00
2.27779517e-01 0.00000000e+00
2.28431247e-01 0.00000000e+00
2.29082977e-01 0.00000000e+00
2.29734706e-01 0.00000000e+00
2.30386436e-01 0.00000000e+00
2.31038166e-01 0.00000000e+00
2.31689895e-01 0.00000000e+00
2.32341625e-01 0.00000000e+00
2.32993355e-01 0.00000000e+00
2.33645084e-01 0.00000000e+00
2.34296814e-01 0.00000000e+00
2.34948544e-01 0.00000000e+00
2.35600273e-01 0.00000000e+00
2.36252003e-01 0.00000000e+00
2.36903733e-01 0.00000000e+00
2.37555462e-01 0.00000000e+00
2.38207192e-01 0.00000000e+00
2.38858922e-01 0.00000000e+00
2.39510651e-01 0.00000000e+00
2.40162381e-01 0.00000000e+00
2.40814111e-01 0.00000000e+00
2.41465840e-01 0.00000000e+00
2.42117570e-01 0.00000000e+00
2.42769300e-01 0.00000000e+00
2.43421029e-01 0.00000000e+00
2.44072759e-01 0.00000000e+00
2.44724488e-01 0.00000000e+00
2.45376218e-01 0.00000000e+00
2.46027948e-01 0.00000000e+00
2.46679677e-01 0.00000000e+00
2.47331407e-01 0.00000000e+00
2.47983137e-01 0.00000000e+00
2.48634866e-01 0.00000000e+00
2.49286596e-01 0.00000000e+00
2.49938326e-01 0.00000000e+00
2.50590055e-01 0.00000000e+00
2.51241785e-01 0.00000000e+00
2.51893515e-01 0.00000000e+00
2.52545244e-01 0.00000000e+00
2.53196974e-01 0.00000000e+00
2.53848704e-01 0.00000000e+00
2.54500433e-01 0.00000000e+00
2.55152163e-01 0.00000000e+00
2.55803893e-01 0.00000000e+00
2.56455622e-01 0.00000000e+00
2.57107352e-01 0.00000000e+00
2.57759082e-01 0.00000000e+00
2.58410811e-01 0.00000000e+00
2.59062541e-01 0.00000000e+00
2.59714271e-01 0.00000000e+00
2.60366000e-01 0.00000000e+00
2.61017730e-01 0.00000000e+00
2.61669460e-01 0.00000000e+00
2.62321189e-01 0.00000000e+00
2.62972919e-01 0.00000000e+00
2.63624649e-01 0.00000000e+00
2.64276378e-01 0.00000000e+00
2.64928108e-01 0.00000000e+00
2.65579838e-01 0.00000000e+00
2.66231567e-01 0.00000000e+00
2.66883297e-01 0.00000000e+00
2.67535027e-01 0.00000000e+00
2.68186756e-01 0.00000000e+00
2.68838486e-01 0.00000000e+00
2.69490216e-01 0.00000000e+00
2.70141945e-01 0.00000000e+00
2.70793675e-01 0.00000000e+00
2.71445405e-01 0.00000000e+00
2.72097134e-01 0.00000000e+00
2.72748864e-01 0.00000000e+00
2.73400594e-01 0.00000000e+00
2.74052323e-01 0.00000000e+00
2.74704053e-01 0.00000000e+00
2.75355783e-01 0.00000000e+00
2.76007512e-01 0.00000000e+00
2.76659242e-01 0.00000000e+00
2.77310972e-01 0.00000000e+00
2.77962701e-01 0.00000000e+00
2.78614431e-01 0.00000000e+00
2.79266161e-01 0.00000000e+00
2.79917890e-01 0.00000000e+00
2.80569620e-01 0.00000000e+00
2.81221350e-01 0.00000000e+00
2.81873079e-01 0.00000000e+00
2.82524809e-01 0.00000000e+00
2.83176539e-01 0.00000000e+00
2.83828268e-01 0.00000000e+00
2.84479998e-01 0.00000000e+00
2.85131728e-01 0.00000000e+00
2.85783457e-01 0.00000000e+00
2.86435187e-01 0.00000000e+00
2.87086917e-01 0.00000000e+00
2.87738646e-01 0.00000000e+00
2.88390376e-01 0.00000000e+00
2.89042106e-01 0.00000000e+00
2.89693835e-01 0.00000000e+00
2.90345565e-01 0.00000000e+00
2.90997295e-01 0.00000000e+00
2.91649024e-01 0.00000000e+00
2.92300754e-01 0.00000000e+00
2.92952484e-01 0.00000000e+00
2.93604213e-01 0.00000000e+00
2.94255943e-01 0.00000000e+00
2.94907673e-01 0.00000000e+00
2.95559402e-01 0.00000000e+00
2.96211132e-01 0.00000000e+00
2.96862862e-01 0.00000000e+00
2.97514591e-01 0.00000000e+00
2.98166321e-01 0.00000000e+00
2.98818051e-01 0.00000000e+00
2.99469780e-01 0.00000000e+00
3.00121510e-01 0.00000000e+00
3.00773240e-01 0.00000000e+00
3.01424969e-01 0.00000000e+00
3.02076699e-01 0.00000000e+00
3.02728429e-01 0.00000000e+00
3.03380158e-01 0.00000000e+00
3.04031888e-01 0.00000000e+00
3.04683617e-01 0.00000000e+00
3.05335347e-01 0.00000000e+00
3.05987077e-01 0.00000000e+00
3.06638806e-01 0.00000000e+00
3.07290536e-01 0.00000000e+00
3.07942266e-01 0.00000000e+00
3.08593995e-01 0.00000000e+00
3.09245725e-01 0.00000000e+00
3.09897455e-01 0.00000000e+00
3.10549184e-01 0.00000000e+00
3.11200914e-01 0.00000000e+00
3.11852644e-01 0.00000000e+00
3.12504373e-01 0.00000000e+00
3.13156103e-01 0.00000000e+00
3.13807833e-01 0.00000000e+00
3.14459562e-01 0.00000000e+00
3.15111292e-01 0.00000000e+00
3.15763022e-01 0.00000000e+00
3.16414751e-01 0.00000000e+00
3.17066481e-01 0.00000000e+00
3.17718211e-01 0.00000000e+00
3.18369940e-01 0.00000000e+00
3.19021670e-01 0.00000000e+00
3.19673400e-01 0.00000000e+00
3.20325129e-01 0.00000000e+00
3.20976859e-01 0.00000000e+00
3.21628589e-01 0.00000000e+00
3.22280318e-01 0.00000000e+00
3.22932048e-01 0.00000000e+00
3.23583778e-01 0.00000000e+00
3.24235507e-01 0.00000000e+00
3.24887237e-01 0.00000000e+00
3.25538967e-01 0.00000000e+00
3.26190696e-01 0.00000000e+00
3.26842426e-01 0.00000000e+00
3.27494156e-01 0.00000000e+00
3.28145885e-01 0.00000000e+00
3.28797615e-01 0.00000000e+00
3.29449345e-01 0.00000000e+00
3.30101074e-01 0.00000000e+00
3.30752804e-01 0.00000000e+00
3.31404534e-01 0.00000000e+00
3.32056263e-01 0.00000000e+00
3.32707993e-01 0.00000000e+00
3.33359723e-01 0.00000000e+00
3.34011452e-01 0.00000000e+00
3.34663182e-01 0.00000000e+00
3.35314912e-01 0.00000000e+00
3.35966641e-01 0.00000000e+00
3.36618371e-01 0.00000000e+00
3.37270101e-01 0.00000000e+00
3.37921830e-01 0.00000000e+00
3.38573560e-01 0.00000000e+00
3.39225290e-01 0.00000000e+00
3.39877019e-01 0.00000000e+00
3.40528749e-01 0.00000000e+00
3.41180479e-01 0.00000000e+00
3.41832208e-01 0.00000000e+00
3.42483938e-01 0.00000000e+00
3.43135668e-01 0.00000000e+00
3.43787397e-01 0.00000000e+00
3.44439127e-01 0.00000000e+00
3.45090857e-01 0.00000000e+00
3.45742586e-01 0.00000000e+00
3.46394316e-01 0.00000000e+00
3.47046046e-01 0.00000000e+00
3.47697775e-01 0.00000000e+00
3.48349505e-01 0.00000000e+00
3.49001235e-01 0.00000000e+00
3.49652964e-01 0.00000000e+00
3.50304694e-01 0.00000000e+00
3.50956424e-01 0.00000000e+00
3.51608153e-01 0.00000000e+00
3.52259883e-01 0.00000000e+00
3.52911613e-01 0.00000000e+00
3.53563342e-01 0.00000000e+00
3.54215072e-01 0.00000000e+00
3.54866802e-01 0.00000000e+00
3.55518531e-01 0.00000000e+00
3.56170261e-01 0.00000000e+00
3.56821991e-01 0.00000000e+00
3.57473720e-01 0.00000000e+00
3.58125450e-01 0.00000000e+00
3.58777180e-01 0.00000000e+00
3.59428909e-01 0.00000000e+00
3.60080639e-01 0.00000000e+00
3.60732369e-01 0.00000000e+00
3.61384098e-01 0.00000000e+00
3.62035828e-01 0.00000000e+00
3.62687558e-01 0.00000000e+00
3.63339287e-01 0.00000000e+00
3.63991017e-01 0.00000000e+00
3.64642746e-01 0.00000000e+00
3.65294476e-01 0.00000000e+00
3.65946206e-01 0.00000000e+00
3.66597935e-01 0.00000000e+00
3.67249665e-01 0.00000000e+00
3.67901395e-01 0.00000000e+00
3.68553124e-01 0.00000000e+00
3.69204854e-01 0.00000000e+00
3.69856584e-01 0.00000000e+00
3.70508313e-01 0.00000000e+00
3.71160043e-01 0.00000000e+00
3.71811773e-01 0.00000000e+00
3.72463502e-01 0.00000000e+00
3.73115232e-01 0.00000000e+00
3.73766962e-01 0.00000000e+00
3.74418691e-01 0.00000000e+00
3.75070421e-01 0.00000000e+00
3.75722151e-01 0.00000000e+00
3.76373880e-01 0.00000000e+00
3.77025610e-01 0.00000000e+00
3.77677340e-01 0.00000000e+00
3.78329069e-01 0.00000000e+00
3.78980799e-01 0.00000000e+00
3.79632529e-01 0.00000000e+00
3.80284258e-01 0.00000000e+00
3.80935988e-01 0.00000000e+00
3.81587718e-01 0.00000000e+00
3.82239447e-01 0.00000000e+00
3.82891177e-01 0.00000000e+00
3.83542907e-01 0.00000000e+00
3.84194636e-01 0.00000000e+00
3.84846366e-01 0.00000000e+00
3.85498096e-01 0.00000000e+00
3.86149825e-01 0.00000000e+00
3.86801555e-01 0.00000000e+00
3.87453285e-01 0.00000000e+00
3.88105014e-01 0.00000000e+00
3.88756744e-01 0.00000000e+00
3.89408474e-01 0.00000000e+00
3.90060203e-01 0.00000000e+00
3.90711933e-01 0.00000000e+00
3.91363663e-01 0.00000000e+00
3.92015392e-01 0.00000000e+00
3.92667122e-01 0.00000000e+00
3.93318852e-01 0.00000000e+00
3.93970581e-01 0.00000000e+00
3.94622311e-01 0.00000000e+00
3.95274041e-01 0.00000000e+00
3.95925770e-01 0.00000000e+00
3.96577500e-01 0.00000000e+00
3.97229230e-01 0.00000000e+00
3.97880959e-01 0.00000000e+00
3.98532689e-01 0.00000000e+00
3.99184419e-01 0.00000000e+00
3.99836148e-01 0.00000000e+00
4.00487878e-01 0.00000000e+00
4.01139608e-01 0.00000000e+00
4.01791337e-01 0.00000000e+00
4.02443067e-01 0.00000000e+00
4.03094797e-01 0.00000000e+00
4.03746526e-01 0.00000000e+00
4.04398256e-01 0.00000000e+00
4.05049986e-01 0.00000000e+00
4.05701715e-01 0.00000000e+00
4.06353445e-01 0.00000000e+00
4.07005175e-01 0.00000000e+00
4.07656904e-01 0.00000000e+00
4.08308634e-01 0.00000000e+00
4.08960364e-01 0.00000000e+00
4.09612093e-01 0.00000000e+00
4.10263823e-01 0.00000000e+00
4.10915553e-01 0.00000000e+00
4.11567282e-01 0.00000000e+00
4.12219012e-01 0.00000000e+00
4.12870742e-01 0.00000000e+00
4.13522471e-01 0.00000000e+00
4.14174201e-01 0.00000000e+00
4.14825931e-01 0.00000000e+00
4.15477660e-01 0.00000000e+00
4.16129390e-01 0.00000000e+00
4.16781120e-01 0.00000000e+00
4.17432849e-01 0.00000000e+00
4.18084579e-01 0.00000000e+00
4.18736309e-01 0.00000000e+00
4.19388038e-01 0.00000000e+00
4.20039768e-01 0.00000000e+00
4.20691498e-01 0.00000000e+00
4.21343227e-01 0.00000000e+00
4.21994957e-01 0.00000000e+00
4.22646687e-01 0.00000000e+00
4.23298416e-01 0.00000000e+00
4.23950146e-01 0.00000000e+00
4.24601876e-01 0.00000000e+00
4.25253605e-01 0.00000000e+00
4.25905335e-01 0.00000000e+00
4.26557064e-01 0.00000000e+00
4.27208794e-01 0.00000000e+00
4.27860524e-01 0.00000000e+00
4.28512253e-01 0.00000000e+00
4.29163983e-01 0.00000000e+00
4.29815713e-01 0.00000000e+00
4.30467442e-01 0.00000000e+00
4.31119172e-01 0.00000000e+00
4.31770902e-01 0.00000000e+00
4.32422631e-01 0.00000000e+00
4.33074361e-01 0.00000000e+00
4.33726091e-01 0.00000000e+00
4.34377820e-01 0.00000000e+00
4.35029550e-01 0.00000000e+00
4.35681280e-01 0.00000000e+00
4.36333009e-01 0.00000000e+00
4.36984739e-01 0.00000000e+00
4.37636469e-01 0.00000000e+00
4.38288198e-01 0.00000000e+00
4.38939928e-01 0.00000000e+00
4.39591658e-01 0.00000000e+00
4.40243387e-01 0.00000000e+00
4.40895117e-01 0.00000000e+00
4.41546847e-01 0.00000000e+00
4.42198576e-01 0.00000000e+00
4.42850306e-01 0.00000000e+00
4.43502036e-01 0.00000000e+00
4.44153765e-01 0.00000000e+00
4.44805495e-01 0.00000000e+00
4.45457225e-01 0.00000000e+00
4.46108954e-01 0.00000000e+00
4.46760684e-01 0.00000000e+00
4.47412414e-01 0.00000000e+00
4.48064143e-01 0.00000000e+00
4.48715873e-01 0.00000000e+00
4.49367603e-01 0.00000000e+00
4.50019332e-01 0.00000000e+00
4.50671062e-01 0.00000000e+00
4.51322792e-01 0.00000000e+00
4.51974521e-01 0.00000000e+00
4.52626251e-01 0.00000000e+00
4.53277981e-01 0.00000000e+00
4.53929710e-01 0.00000000e+00
4.54581440e-01 0.00000000e+00
4.55233170e-01 0.00000000e+00
4.55884899e-01 0.00000000e+00
4.56536629e-01 0.00000000e+00
4.57188359e-01 0.00000000e+00
4.57840088e-01 0.00000000e+00
4.58491818e-01 0.00000000e+00
4.59143548e-01 0.00000000e+00
4.59795277e-01 0.00000000e+00
4.60447007e-01 0.00000000e+00
4.61098737e-01 0.00000000e+00
4.61750466e-01 0.00000000e+00
4.62402196e-01 0.00000000e+00
4.63053926e-01 0.00000000e+00
4.63705655e-01 0.00000000e+00
4.64357385e-01 0.00000000e+00
4.65009115e-01 0.00000000e+00
4.65660844e-01 0.00000000e+00
4.66312574e-01 0.00000000e+00
4.66964304e-01 0.00000000e+00
4.67616033e-01 0.00000000e+00
4.68267763e-01 0.00000000e+00
4.68919493e-01 0.00000000e+00
4.69571222e-01 0.00000000e+00
4.70222952e-01 0.00000000e+00
4.70874682e-01 0.00000000e+00
4.71526411e-01 0.00000000e+00
4.72178141e-01 0.00000000e+00
4.72829871e-01 0.00000000e+00
4.73481600e-01 0.00000000e+00
4.74133330e-01 0.00000000e+00
4.74785060e-01 0.00000000e+00
4.75436789e-01 0.00000000e+00
4.76088519e-01 0.00000000e+00
4.76740249e-01 0.00000000e+00
4.77391978e-01 0.00000000e+00
4.78043708e-01 0.00000000e+00
4.78695438e-01 0.00000000e+00
4.79347167e-01 0.00000000e+00
4.79998897e-01 0.00000000e+00
4.80650627e-01 0.00000000e+00
4.81302356e-01 0.00000000e+00
4.81954086e-01 0.00000000e+00
4.82605816e-01 0.00000000e+00
4.83257545e-01 0.00000000e+00
4.83909275e-01 0.00000000e+00
4.84561005e-01 0.00000000e+00
4.85212734e-01 0.00000000e+00
4.85864464e-01 0.00000000e+00
4.86516193e-01 0.00000000e+00
4.87167923e-01 0.00000000e+00
4.87819653e-01 0.00000000e+00
4.88471382e-01 0.00000000e+00
4.89123112e-01 0.00000000e+00
4.89774842e-01 0.00000000e+00
4.90426571e-01 0.00000000e+00
4.91078301e-01 0.00000000e+00
4.91730031e-01 0.00000000e+00
4.92381760e-01 0.00000000e+00
4.93033490e-01 0.00000000e+00
4.93685220e-01 0.00000000e+00
4.94336949e-01 0.00000000e+00
4.94988679e-01 0.00000000e+00
4.95640409e-01 0.00000000e+00
4.96292138e-01 0.00000000e+00
4.96943868e-01 0.00000000e+00
4.97595598e-01 0.00000000e+00
4.98247327e-01 0.00000000e+00
4.98899057e-01 0.00000000e+00
4.99550787e-01 0.00000000e+00
5.00202516e-01 0.00000000e+00
0.00000000e+00 3.25864832e-04
0.00000000e+00 9.77594495e-04
0.00000000e+00 1.62932416e-03
0.00000000e+00 2.28105382e-03
0.00000000e+00 2.93278348e-03
0.00000000e+00 3.58451315e-03
0.00000000e+00 4.23624281e-03
0.00000000e+00 4.88797247e-03
0.00000000e+00 5.53970214e-03
0.00000000e+00 6.19143180e-03
0.00000000e+00 6.84316146e-03
0.00000000e+00 7.49489113e-03
0.00000000e+00 8.14662079e-03
0.00000000e+00 8.79835045e-03
0.00000000e+00 9.45008011e-03
0.00000000e+00 1.01018098e-02
0.00000000e+00 1.07535394e-02
0.00000000e+00 1.14052691e-02
0.00000000e+00 1.20569988e-02
0.00000000e+00 1.27087284e-02
0.00000000e+00 1.33604581e-02
0.00000000e+00 1.40121878e-02
0.00000000e+00 1.46639174e-02
0.00000000e+00 1.53156471e-02
0.00000000e+00 1.59673767e-02
0.00000000e+00 1.66191064e-02
0.00000000e+00 1.72708361e-02
0.00000000e+00 1.79225657e-02
0.00000000e+00 1.85742954e-02
0.00000000e+00 1.92260251e-02
0.00000000e+00 1.98777547e-02
0.00000000e+00 2.05294844e-02
0.00000000e+00 2.11812141e-02
0.00000000e+00 2.18329437e-02
0.00000000e+00 2.24846734e-02
0.00000000e+00 2.31364030e-02
0.00000000e+00 2.37881327e-02
0.00000000e+00 2.44398624e-02
0.00000000e+00 2.50915920e-02
0.00000000e+00 2.57433217e-02
0.00000000e+00 2.63950514e-02
0.00000000e+00 2.70467810e-02
0.00000000e+00 2.76985107e-02
0.00000000e+00 2.83502403e-02
0.00000000e+00 2.90019700e-02
0.00000000e+00 2.96536997e-02
0.00000000e+00 3.03054293e-02
0.00000000e+00 3.09571590e-02
0.00000000e+00 3.16088887e-02
0.00000000e+00 3.22606183e-02
0.00000000e+00 3.29123480e-02
0.00000000e+00 3.35640776e-02
0.00000000e+00 3.42158073e-02
0.00000000e+00 3.48675370e-02
0.00000000e+00 3.55192666e-02
0.00000000e+00 3.61709963e-02
0.00000000e+00 3.68227260e-02
0.00000000e+00 3.74744556e-02
0.00000000e+00 3.81261853e-02
0.00000000e+00 3.87779150e-02
0.00000000e+00 3.94296446e-02
0.00000000e+00 4.00813743e-02
0.00000000e+00 4.07331039e-02
0.00000000e+00 4.13848336e-02
0.00000000e+00 4.20365633e-02
0.00000000e+00 4.26882929e-02
0.00000000e+00 4.33400226e-02
0.00000000e+00 4.39917523e-02
0.00000000e+00 4.46434819e-02
0.00000000e+00 4.52952116e-02
0.00000000e+00 4.59469412e-02
0.00000000e+00 4.65986709e-02
0.00000000e+00 4.72504006e-02
0.00000000e+00 4.79021302e-02
0.00000000e+00 4.85538599e-02
0.00000000e+00 4.92055896e-02
0.00000000e+00 4.98573192e-02
0.00000000e+00 5.05090489e-02
0.00000000e+00 5.11607786e-02
0.00000000e+00 5.18125082e-02
0.00000000e+00 5.24642379e-02
0.00000000e+00 5.31159675e-02
0.00000000e+00 5.37676972e-02
0.00000000e+00 5.44194269e-02
0.00000000e+00 5.50711565e-02
0.00000000e+00 5.57228862e-02
0.00000000e+00 5.63746159e-02
0.00000000e+00 5.70263455e-02
0.00000000e+00 5.76780752e-02
0.00000000e+00 5.83298048e-02
0.00000000e+00 5.89815345e-02
0.00000000e+00 5.96332642e-02
0.00000000e+00 6.02849938e-02
0.00000000e+00 6.09367235e-02
0.00000000e+00 6.15884532e-02
0.00000000e+00 6.22401828e-02
0.00000000e+00 6.28919125e-02
0.00000000e+00 6.35436422e-02
0.00000000e+00 6.41953718e-02
0.00000000e+00 6.48471015e-02
0.00000000e+00 6.54988311e-02
0.00000000e+00 6.61505608e-02
0.00000000e+00 6.68022905e-02
0.00000000e+00 6.74540201e-02
0.00000000e+00 6.81057498e-02
0.00000000e+00 6.87574795e-02
0.00000000e+00 6.94092091e-02
0.00000000e+00 7.00609388e-02
0.00000000e+00 7.07126684e-02
0.00000000e+00 7.13643981e-02
0.00000000e+00 7.20161278e-02
0.00000000e+00 7.26678574e-02
0.00000000e+00 7.33195871e-02
0.00000000e+00 7.39713168e-02
0.00000000e+00 7.46230464e-02
0.00000000e+00 7.52747761e-02
0.00000000e+00 7.59265058e-02
0.00000000e+00 7.65782354e-02
0.00000000e+00 7.72299651e-02
0.00000000e+00 7.78816947e-02
0.00000000e+00 7.85334244e-02
0.00000000e+00 7.91851541e-02
0.00000000e+00 7.98368837e-02
0.00000000e+00 8.04886134e-02
0.00000000e+00 8.11403431e-02
0.00000000e+00 8.17920727e-02
0.00000000e+00 8.24438024e-02
0.00000000e+00 8.30955320e-02
0.00000000e+00 8.37472617e-02
0.00000000e+00 8.43989914e-02
0.00000000e+00 8.50507210e-02
0.00000000e+00 8.57024507e-02
0.00000000e+00 8.63541804e-02
0.00000000e+00 8.70059100e-02
0.00000000e+00 8.76576397e-02
0.00000000e+00 8.83093693e-02
0.00000000e+00 8.89610990e-02
0.00000000e+00 8.96128287e-02
0.00000000e+00 9.02645583e-02
0.00000000e+00 9.09162880e-02
0.00000000e+00 9.15680177e-02
0.00000000e+00 9.22197473e-02
0.00000000e+00 9.28714770e-02
0.00000000e+00 9.35232067e-02
0.00000000e+00 9.41749363e-02
0.00000000e+00 9.48266660e-02
0.00000000e+00 9.54783956e-02
0.00000000e+00 9.61301253e-02
0.00000000e+00 9.67818550e-02
0.00000000e+00 9.74335846e-02
0.00000000e+00 9.80853143e-02
0.00000000e+00 9.87370440e-02
0.00000000e+00 9.93887736e-02
0.00000000e+00 1.00040503e-01
0.00000000e+00 1.00692233e-01
0.00000000e+00 1.01343963e-01
0.00000000e+00 1.01995692e-01
0.00000000e+00 1.02647422e-01
0.00000000e+00 1.03299152e-01
0.00000000e+00 1.03950881e-01
0.00000000e+00 1.04602611e-01
0.00000000e+00 1.05254341e-01
0.00000000e+00 1.05906070e-01
0.00000000e+00 1.06557800e-01
0.00000000e+00 1.07209530e-01
0.00000000e+00 1.07861259e-01
0.00000000e+00 1.08512989e-01
0.00000000e+00 1.09164719e-01
0.00000000e+00 1.09816448e-01
0.00000000e+00 1.10468178e-01
0.00000000e+00 1.11119908e-01
0.00000000e+00 1.11771637e-01
0.00000000e+00 1.12423367e-01
0.00000000e+00 1.13075097e-01
0.00000000e+00 1.13726826e-01
0.00000000e+00 1.14378556e-01
0.00000000e+00 1.15030286e-01
0.00000000e+00 1.15682015e-01
0.00000000e+00 1.16333745e-01
0.00000000e+00 1.16985475e-01
0.00000000e+00 1.17637204e-01
0.00000000e+00 1.18288934e-01
0.00000000e+00 1.18940664e-01
0.00000000e+00 1.19592393e-01
0.00000000e+00 1.20244123e-01
0.00000000e+00 1.20895853e-01
0.00000000e+00 1.21547582e-01
0.00000000e+00 1.22199312e-01
0.00000000e+00 1.22851041e-01
0.00000000e+00 1.23502771e-01
0.00000000e+00 1.24154501e-01
0.00000000e+00 1.24806230e-01
0.00000000e+00 1.25457960e-01
0.00000000e+00 1.26109690e-01
0.00000000e+00 1.26761419e-01
0.00000000e+00 1.27413149e-01
0.00000000e+00 1.28064879e-01
0.00000000e+00 1.28716608e-01
0.00000000e+00 1.29368338e-01
0.00000000e+00 1.30020068e-01
0.00000000e+00 1.30671797e-01
0.00000000e+00 1.31323527e-01
0.00000000e+00 1.31975257e-01
0.00000000e+00 1.32626986e-01
0.00000000e+00 1.33278716e-01
0.00000000e+00 1.33930446e-01
0.00000000e+00 1.34582175e-01
0.00000000e+00 1.35233905e-01
0.00000000e+00 1.35885635e-01
0.00000000e+00 1.36537364e-01
0.00000000e+00 1.37189094e-01
0.00000000e+00 1.37840824e-01
0.00000000e+00 1.38492553e-01
0.00000000e+00 1.39144283e-01
0.00000000e+00 1.39796013e-01
0.00000000e+00 1.40447742e-01
0.00000000e+00 1.41099472e-01
0.00000000e+00 1.41751202e-01
0.00000000e+00 1.42402931e-01
0.00000000e+00 1.43054661e-01
0.00000000e+00 1.43706391e-01
0.00000000e+00 1.44358120e-01
0.00000000e+00 1.45009850e-01
0.00000000e+00 1.45661580e-01
0.00000000e+00 1.46313309e-01
0.00000000e+00 1.46965039e-01
0.00000000e+00 1.47616769e-01
0.00000000e+00 1.48268498e-01
0.00000000e+00 1.48920228e-01
0.00000000e+00 1.49571958e-01
0.00000000e+00 1.50223687e-01
0.00000000e+00 1.50875417e-01
0.00000000e+00 1.51527147e-01
0.00000000e+00 1.52178876e-01
0.00000000e+00 1.52830606e-01
0.00000000e+00 1.53482336e-01
0.00000000e+00 1.54134065e-01
0.00000000e+00 1.54785795e-01
0.00000000e+00 1.55437525e-01
0.00000000e+00 1.56089254e-01
0.00000000e+00 1.56740984e-01
0.00000000e+00 1.57392714e-01
0.00000000e+00 1.58044443e-01
0.00000000e+00 1.58696173e-01
0.00000000e+00 1.59347903e-01
0.00000000e+00 1.59999632e-01
0.00000000e+00 1.60651362e-01
0.00000000e+00 1.61303092e-01
0.00000000e+00 1.61954821e-01
0.00000000e+00 1.62606551e-01
0.00000000e+00 1.63258281e-01
0.00000000e+00 1.63910010e-01
0.00000000e+00 1.64561740e-01
0.00000000e+00 1.65213470e-01
0.00000000e+00 1.65865199e-01
0.00000000e+00 1.66516929e-01
0.00000000e+00 1.67168659e-01
0.00000000e+00 1.67820388e-01
0.00000000e+00 1.68472118e-01
0.00000000e+00 1.69123848e-01
0.00000000e+00 1.69775577e-01
0.00000000e+00 1.70427307e-01
0.00000000e+00 1.71079037e-01
0.00000000e+00 1.71730766e-01
0.00000000e+00 1.72382496e-01
0.00000000e+00 1.73034226e-01
0.00000000e+00 1.73685955e-01
0.00000000e+00 1.74337685e-01
0.00000000e+00 1.74989415e-01
0.00000000e+00 1.75641144e-01
0.00000000e+00 1.76292874e-01
0.00000000e+00 1.76944604e-01
0.00000000e+00 1.77596333e-01
0.00000000e+00 1.78248063e-01
0.00000000e+00 1.78899793e-01
0.00000000e+00 1.79551522e-01
0.00000000e+00 1.80203252e-01
0.00000000e+00 1.80854982e-01
0.00000000e+00 1.81506711e-01
0.00000000e+00 1.82158441e-01
0.00000000e+00 1.82810170e-01
0.00000000e+00 1.83461900e-01
0.00000000e+00 1.84113630e-01
0.00000000e+00 1.84765359e-01
0.00000000e+00 1.85417089e-01
0.00000000e+00 1.86068819e-01
0.00000000e+00 1.86720548e-01
0.00000000e+00 1.87372278e-01
0.00000000e+00 1.88024008e-01
0.00000000e+00 1.88675737e-01
0.00000000e+00 1.89327467e-01
0.00000000e+00 1.89979197e-01
0.00000000e+00 1.90630926e-01
0.00000000e+00 1.91282656e-01
0.00000000e+00 1.91934386e-01
0.00000000e+00 1.92586115e-01
0.00000000e+00 1.93237845e-01
0.00000000e+00 1.93889575e-01
0.00000000e+00 1.94541304e-01
0.00000000e+00 1.95193034e-01
0.00000000e+00 1.95844764e-01
0.00000000e+00 1.96496493e-01
0.00000000e+00 1.97148223e-01
0.00000000e+00 1.97799953e-01
0.00000000e+00 1.98451682e-01
0.00000000e+00 1.99103412e-01
0.00000000e+00 1.99755142e-01
0.00000000e+00 2.00406871e-01
0.00000000e+00 2.01058601e-01
0.00000000e+00 2.01710331e-01
0.00000000e+00 2.02362060e-01
0.00000000e+00 2.03013790e-01
0.00000000e+00 2.03665520e-01
0.00000000e+00 2.04317249e-01
0.00000000e+00 2.04968979e-01
0.00000000e+00 2.05620709e-01
0.00000000e+00 2.06272438e-01
0.00000000e+00 2.06924168e-01
0.00000000e+00 2.07575898e-01
0.00000000e+00 2.08227627e-01
0.00000000e+00 2.08879357e-01
0.00000000e+00 2.09531087e-01
0.00000000e+00 2.10182816e-01
0.00000000e+00 2.10834546e-01
0.00000000e+00 2.11486276e-01
0.00000000e+00 2.12138005e-01
0.00000000e+00 2.12789735e-01
0.00000000e+00 2.13441465e-01
0.00000000e+00 2.14093194e-01
0.00000000e+00 2.14744924e-01
0.00000000e+00 2.15396654e-01
0.00000000e+00 2.16048383e-01
0.00000000e+00 2.16700113e-01
0.00000000e+00 2.17351843e-01
0.00000000e+00 2.18003572e-01
0.00000000e+00 2.18655302e-01
0.00000000e+00 2.19307032e-01
0.00000000e+00 2.19958761e-01
0.00000000e+00 2.20610491e-01
0.00000000e+00 2.21262221e-01
0.00000000e+00 2.21913950e-01
0.00000000e+00 2.22565680e-01
0.00000000e+00 2.23217410e-01
0.00000000e+00 2.23869139e-01
0.00000000e+00 2.24520869e-01
0.00000000e+00 2.25172599e-01
0.00000000e+00 2.25824328e-01
0.00000000e+00 2.26476058e-01
0.00000000e+00 2.27127788e-01
0.00000000e+00 2.27779517e-01
0.00000000e+00 2.28431247e-01
0.00000000e+00 2.29082977e-01
0.00000000e+00 2.29734706e-01
0.00000000e+00 2.30386436e-01
0.00000000e+00 2.31038166e-01
0.00000000e+00 2.31689895e-01
0.00000000e+00 2.32341625e-01
0.00000000e+00 2.32993355e-01
0.00000000e+00 2.33645084e-01
0.00000000e+00 2.34296814e-01
0.00000000e+00 2.34948544e-01
0.00000000e+00 2.35600273e-01
0.00000000e+00 2.36252003e-01
0.00000000e+00 2.36903733e-01
0.00000000e+00 2.37555462e-01
0.00000000e+00 2.38207192e-01
0.00000000e+00 2.38858922e-01
0.00000000e+00 2.39510651e-01
0.00000000e+00 2.40162381e-01
0.00000000e+00 2.40814111e-01
0.00000000e+00 2.41465840e-01
0.00000000e+00 2.42117570e-01
0.00000000e+00 2.42769300e-01
0.00000000e+00 2.43421029e-01
0.00000000e+00 2.44072759e-01
0.00000000e+00 2.44724488e-01
0.00000000e+00 2.45376218e-01
0.00000000e+00 2.46027948e-01
0.00000000e+00 2.46679677e-01
0.00000000e+00 2.47331407e-01
0.00000000e+00 2.47983137e-01
0.00000000e+00 2.48634866e-01
0.00000000e+00 2.49286596e-01
0.00000000e+00 2.49938326e-01
0.00000000e+00 2.50590055e-01
0.00000000e+00 2.51241785e-01
0.00000000e+00 2.51893515e-01
0.00000000e+00 2.52545244e-01
0.00000000e+00 2.53196974e-01
0.00000000e+00 2.53848704e-01
0.00000000e+00 2.54500433e-01
0.00000000e+00 2.55152163e-01
0.00000000e+00 2.55803893e-01
0.00000000e+00 2.56455622e-01
0.00000000e+00 2.57107352e-01
0.00000000e+00 2.57759082e-01
0.00000000e+00 2.58410811e-01
0.00000000e+00 2.59062541e-01
0.00000000e+00 2.59714271e-01
0.00000000e+00 2.60366000e-01
0.00000000e+00 2.61017730e-01
0.00000000e+00 2.61669460e-01
0.00000000e+00 2.62321189e-01
0.00000000e+00 2.62972919e-01
0.00000000e+00 2.63624649e-01
0.00000000e+00 2.64276378e-01
0.00000000e+00 2.64928108e-01
0.00000000e+00 2.65579838e-01
0.00000000e+00 2.66231567e-01
0.00000000e+00 2.66883297e-01
0.00000000e+00 2.67535027e-01
0.00000000e+00 2.68186756e-01
0.00000000e+00 2.68838486e-01
0.00000000e+00 2.69490216e-01
0.00000000e+00 2.70141945e-01
0.00000000e+00 2.70793675e-01
0.00000000e+00 2.71445405e-01
0.00000000e+00 2.72097134e-01
0.00000000e+00 2.72748864e-01
0.00000000e+00 2.73400594e-01
0.00000000e+00 2.74052323e-01
0.00000000e+00 2.74704053e-01
0.00000000e+00 2.75355783e-01
0.00000000e+00 2.76007512e-01
0.00000000e+00 2.76659242e-01
0.00000000e+00 2.77310972e-01
0.00000000e+00 2.77962701e-01
0.00000000e+00 2.78614431e-01
0.00000000e+00 2.79266161e-01
0.00000000e+00 2.79917890e-01
0.00000000e+00 2.80569620e-01
0.00000000e+00 2.81221350e-01
0.00000000e+00 2.81873079e-01
0.00000000e+00 2.82524809e-01
0.00000000e+00 2.83176539e-01
0.00000000e+00 2.83828268e-01
0.00000000e+00 2.84479998e-01
0.00000000e+00 2.85131728e-01
0.00000000e+00 2.85783457e-01
0.00000000e+00 2.86435187e-01
0.00000000e+00 2.87086917e-01
0.00000000e+00 2.87738646e-01
0.00000000e+00 2.88390376e-01
0.00000000e+00 2.89042106e-01
0.00000000e+00 2.89693835e-01
0.00000000e+00 2.90345565e-01
0.00000000e+00 2.90997295e-01
0.00000000e+00 2.91649024e-01
0.00000000e+00 2.92300754e-01
0.00000000e+00 2.92952484e-01
0.00000000e+00 2.93604213e-01
0.00000000e+00 2.94255943e-01
0.00000000e+00 2.94907673e-01
0.00000000e+00 2.95559402e-01
0.00000000e+00 2.96211132e-01
0.00000000e+00 2.96862862e-01
0.00000000e+00 2.97514591e-01
0.00000000e+00 2.98166321e-01
0.00000000e+00 2.98818051e-01
0.00000000e+00 2.99469780e-01
0.00000000e+00 3.00121510e-01
0.00000000e+00 3.00773240e-01
0.00000000e+00 3.01424969e-01
0.00000000e+00 3.02076699e-01
0.00000000e+00 3.02728429e-01
0.00000000e+00 3.03380158e-01
0.00000000e+00 3.04031888e-01
0.00000000e+00 3.04683617e-01
0.00000000e+00 3.05335347e-01
0.00000000e+00 3.05987077e-01
0.00000000e+00 3.06638806e-01
0.00000000e+00 3.07290536e-01
0.00000000e+00 3.07942266e-01
0.00000000e+00 3.08593995e-01
0.00000000e+00 3.09245725e-01
0.00000000e+00 3.09897455e-01
0.00000000e+00 3.10549184e-01
0.00000000e+00 3.11200914e-01
0.00000000e+00 3.11852644e-01
0.00000000e+00 3.12504373e-01
0.00000000e+00 3.13156103e-01
0.00000000e+00 3.13807833e-01
0.00000000e+00 3.14459562e-01
0.00000000e+00 3.15111292e-01
0.00000000e+00 3.15763022e-01
0.00000000e+00 3.16414751e-01
0.00000000e+00 3.17066481e-01
0.00000000e+00 3.17718211e-01
0.00000000e+00 3.18369940e-01
0.00000000e+00 3.19021670e-01
0.00000000e+00 3.19673400e-01
0.00000000e+00 3.20325129e-01
0.00000000e+00 3.20976859e-01
0.00000000e+00 3.21628589e-01
0.00000000e+00 3.22280318e-01
0.00000000e+00 3.22932048e-01
0.00000000e+00 3.23583778e-01
0.00000000e+00 3.24235507e-01
0.00000000e+00 3.24887237e-01
0.00000000e+00 3.25538967e-01
0.00000000e+00 3.26190696e-01
0.00000000e+00 3.26842426e-01
0.00000000e+00 3.27494156e-01
0.00000000e+00 3.28145885e-01
0.00000000e+00 3.28797615e-01
0.00000000e+00 3.29449345e-01
0.00000000e+00 3.30101074e-01
0.00000000e+00 3.30752804e-01
0.00000000e+00 3.31404534e-01
0.00000000e+00 3.32056263e-01
0.00000000e+00 3.32707993e-01
0.00000000e+00 3.33359723e-01
0.00000000e+00 3.34011452e-01
0.00000000e+00 3.34663182e-01
0.00000000e+00 3.35314912e-01
0.00000000e+00 3.35966641e-01
0.00000000e+00 3.36618371e-01
0.00000000e+00 3.37270101e-01
0.00000000e+00 3.37921830e-01
0.00000000e+00 3.38573560e-01
0.00000000e+00 3.39225290e-01
0.00000000e+00 3.39877019e-01
0.00000000e+00 3.40528749e-01
0.00000000e+00 3.41180479e-01
0.00000000e+00 3.41832208e-01
0.00000000e+00 3.42483938e-01
0.00000000e+00 3.43135668e-01
0.00000000e+00 3.43787397e-01
0.00000000e+00 3.44439127e-01
0.00000000e+00 3.45090857e-01
0.00000000e+00 3.45742586e-01
0.00000000e+00 3.46394316e-01
0.00000000e+00 3.47046046e-01
0.00000000e+00 3.47697775e-01
0.00000000e+00 3.48349505e-01
0.00000000e+00 3.49001235e-01
0.00000000e+00 3.49652964e-01
0.00000000e+00 3.50304694e-01
0.00000000e+00 3.50956424e-01
0.00000000e+00 3.51608153e-01
0.00000000e+00 3.52259883e-01
0.00000000e+00 3.52911613e-01
0.00000000e+00 3.53563342e-01
0.00000000e+00 3.54215072e-01
0.00000000e+00 3.54866802e-01
0.00000000e+00 3.55518531e-01
0.00000000e+00 3.56170261e-01
0.00000000e+00 3.56821991e-01
0.00000000e+00 3.57473720e-01
0.00000000e+00 3.58125450e-01
0.00000000e+00 3.58777180e-01
0.00000000e+00 3.59428909e-01
0.00000000e+00 3.60080639e-01
0.00000000e+00 3.60732369e-01
0.00000000e+00 3.61384098e-01
0.00000000e+00 3.62035828e-01
0.00000000e+00 3.62687558e-01
0.00000000e+00 3.63339287e-01
0.00000000e+00 3.63991017e-01
0.00000000e+00 3.64642746e-01
0.00000000e+00 3.65294476e-01
0.00000000e+00 3.65946206e-01
0.00000000e+00 3.66597935e-01
0.00000000e+00 3.67249665e-01
0.00000000e+00 3.67901395e-01
0.00000000e+00 3.68553124e-01
0.00000000e+00 3.69204854e-01
0.00000000e+00 3.69856584e-01
0.00000000e+00 3.70508313e-01
0.00000000e+00 3.71160043e-01
0.00000000e+00 3.71811773e-01
0.00000000e+00 3.72463502e-01
0.00000000e+00 3.73115232e-01
0.00000000e+00 3.73766962e-01
0.00000000e+00 3.74418691e-01
0.00000000e+00 3.75070421e-01
0.00000000e+00 3.75722151e-01
0.00000000e+00 3.76373880e-01
0.00000000e+00 3.77025610e-01
0.00000000e+00 3.77677340e-01
0.00000000e+00 3.78329069e-01
0.00000000e+00 3.78980799e-01
0.00000000e+00 3.79632529e-01
0.00000000e+00 3.80284258e-01
0.00000000e+00 3.80935988e-01
0.00000000e+00 3.81587718e-01
0.00000000e+00 3.82239447e-01
0.00000000e+00 3.82891177e-01
0.00000000e+00 3.83542907e-01
0.00000000e+00 3.84194636e-01
0.00000000e+00 3.84846366e-01
0.00000000e+00 3.85498096e-01
0.00000000e+00 3.86149825e-01
0.00000000e+00 3.86801555e-01
0.00000000e+00 3.87453285e-01
0.00000000e+00 3.88105014e-01
0.00000000e+00 3.88756744e-01
0.00000000e+00 3.89408474e-01
0.00000000e+00 3.90060203e-01
0.00000000e+00 3.90711933e-01
0.00000000e+00 3.91363663e-01
0.00000000e+00 3.92015392e-01
0.00000000e+00 3.92667122e-01
0.00000000e+00 3.93318852e-01
0.00000000e+00 3.93970581e-01
0.00000000e+00 3.94622311e-01
0.00000000e+00 3.95274041e-01
0.00000000e+00 3.95925770e-01
0.00000000e+00 3.96577500e-01
0.00000000e+00 3.97229230e-01
0.00000000e+00 3.97880959e-01
0.00000000e+00 3.98532689e-01
0.00000000e+00 3.99184419e-01
0.00000000e+00 3.99836148e-01
0.00000000e+00 4.00487878e-01
0.00000000e+00 4.01139608e-01
0.00000000e+00 4.01791337e-01
0.00000000e+00 4.02443067e-01
0.00000000e+00 4.03094797e-01
0.00000000e+00 4.03746526e-01
0.00000000e+00 4.04398256e-01
0.00000000e+00 4.05049986e-01
0.00000000e+00 4.05701715e-01
0.00000000e+00 4.06353445e-01
0.00000000e+00 4.07005175e-01
0.00000000e+00 4.07656904e-01
0.00000000e+00 4.08308634e-01
0.00000000e+00 4.08960364e-01
0.00000000e+00 4.09612093e-01
0.00000000e+00 4.10263823e-01
0.00000000e+00 4.10915553e-01
0.00000000e+00 4.11567282e-01
0.00000000e+00 4.12219012e-01
0.00000000e+00 4.12870742e-01
0.00000000e+00 4.13522471e-01
0.00000000e+00 4.14174201e-01
0.00000000e+00 4.14825931e-01
0.00000000e+00 4.15477660e-01
0.00000000e+00 4.16129390e-01
0.00000000e+00 4.16781120e-01
0.00000000e+00 4.17432849e-01
0.00000000e+00 4.18084579e-01
0.00000000e+00 4.18736309e-01
0.00000000e+00 4.19388038e-01
0.00000000e+00 4.20039768e-01
0.00000000e+00 4.20691498e-01
0.00000000e+00 4.21343227e-01
0.00000000e+00 4.21994957e-01
0.00000000e+00 4.22646687e-01
0.00000000e+00 4.23298416e-01
0.00000000e+00 4.23950146e-01
0.00000000e+00 4.24601876e-01
0.00000000e+00 4.25253605e-01
0.00000000e+00 4.25905335e-01
0.00000000e+00 4.26557064e-01
0.00000000e+00 4.27208794e-01
0.00000000e+00 4.27860524e-01
0.00000000e+00 4.28512253e-01
0.00000000e+00 4.29163983e-01
0.00000000e+00 4.29815713e-01
0.00000000e+00 4.30467442e-01
0.00000000e+00 4.31119172e-01
0.00000000e+00 4.31770902e-01
0.00000000e+00 4.32422631e-01
0.00000000e+00 4.33074361e-01
0.00000000e+00 4.33726091e-01
0.00000000e+00 4.34377820e-01
0.00000000e+00 4.35029550e-01
0.00000000e+00 4.35681280e-01
0.00000000e+00 4.36333009e-01
0.00000000e+00 4.36984739e-01
0.00000000e+00 4.37636469e-01
0.00000000e+00 4.38288198e-01
0.00000000e+00 4.38939928e-01
0.00000000e+00 4.39591658e-01
0.00000000e+00 4.40243387e-01
0.00000000e+00 4.40895117e-01
0.00000000e+00 4.41546847e-01
0.00000000e+00 4.42198576e-01
0.00000000e+00 4.42850306e-01
0.00000000e+00 4.43502036e-01
0.00000000e+00 4.44153765e-01
0.00000000e+00 4.44805495e-01
0.00000000e+00 4.45457225e-01
0.00000000e+00 4.46108954e-01
0.00000000e+00 4.46760684e-01
0.00000000e+00 4.47412414e-01
0.00000000e+00 4.48064143e-01
0.00000000e+00 4.48715873e-01
0.00000000e+00 4.49367603e-01
0.00000000e+00 4.50019332e-01
0.00000000e+00 4.50671062e-01
0.00000000e+00 4.51322792e-01
0.00000000e+00 4.51974521e-01
0.00000000e+00 4.52626251e-01
0.00000000e+00 4.53277981e-01
0.00000000e+00 4.53929710e-01
0.00000000e+00 4.54581440e-01
0.00000000e+00 4.55233170e-01
0.00000000e+00 4.55884899e-01
0.00000000e+00 4.56536629e-01
0.00000000e+00 4.57188359e-01
0.00000000e+00 4.57840088e-01
0.00000000e+00 4.58491818e-01
0.00000000e+00 4.59143548e-01
0.00000000e+00 4.59795277e-01
0.00000000e+00 4.60447007e-01
0.00000000e+00 4.61098737e-01
0.00000000e+00 4.61750466e-01
0.00000000e+00 4.62402196e-01
0.00000000e+00 4.63053926e-01
0.00000000e+00 4.63705655e-01
0.00000000e+00 4.64357385e-01
0.00000000e+00 4.65009115e-01
0.00000000e+00 4.65660844e-01
0.00000000e+00 4.66312574e-01
0.00000000e+00 4.66964304e-01
0.00000000e+00 4.67616033e-01
0.00000000e+00 4.68267763e-01
0.00000000e+00 4.68919493e-01
0.00000000e+00 4.69571222e-01
0.00000000e+00 4.70222952e-01
0.00000000e+00 4.70874682e-01
0.00000000e+00 4.71526411e-01
0.00000000e+00 4.72178141e-01
0.00000000e+00 4.72829871e-01
0.00000000e+00 4.73481600e-01
0.00000000e+00 4.74133330e-01
0.00000000e+00 4.74785060e-01
0.00000000e+00 4.75436789e-01
0.00000000e+00 4.76088519e-01
0.00000000e+00 4.76740249e-01
0.00000000e+00 4.77391978e-01
0.00000000e+00 4.78043708e-01
0.00000000e+00 4.78695438e-01
0.00000000e+00 4.79347167e-01
0.00000000e+00 4.79998897e-01
0.00000000e+00 4.80650627e-01
0.00000000e+00 4.81302356e-01
0.00000000e+00 4.81954086e-01
0.00000000e+00 4.82605816e-01
0.00000000e+00 4.83257545e-01
0.00000000e+00 4.83909275e-01
0.00000000e+00 4.84561005e-01
0.00000000e+00 4.85212734e-01
0.00000000e+00 4.85864464e-01
0.00000000e+00 4.86516193e-01
0.00000000e+00 4.87167923e-01
0.00000000e+00 4.87819653e-01
0.00000000e+00 4.88471382e-01
0.00000000e+00 4.89123112e-01
0.00000000e+00 4.89774842e-01
0.00000000e+00 4.90426571e-01
0.00000000e+00 4.91078301e-01
0.00000000e+00 4.91730031e-01
0.00000000e+00 4.92381760e-01
0.00000000e+00 4.93033490e-01
0.00000000e+00 4.93685220e-01
0.00000000e+00 4.94336949e-01
0.00000000e+00 4.94988679e-01
0.00000000e+00 4.95640409e-01
0.00000000e+00 4.96292138e-01
0.00000000e+00 4.96943868e-01
0.00000000e+00 4.97595598e-01
0.00000000e+00 4.98247327e-01
0.00000000e+00 4.98899057e-01
0.00000000e+00 4.99550787e-01
0.00000000e+00 5.00202516e-01
