% L-Bracket Geometry
% N_total=3070, N_horizontal=1535, N_vertical=1535
% Resolution: 100 segments per wavelength
% Format: x(m) y(m)
1.62932416e-04 0.00000000e+00
4.88797247e-04 0.00000000e+00
8.14662079e-04 0.00000000e+00
1.14052691e-03 0.00000000e+00
1.46639174e-03 0.00000000e+00
1.79225657e-03 0.00000000e+00
2.11812141e-03 0.00000000e+00
2.44398624e-03 0.00000000e+00
2.76985107e-03 0.00000000e+00
3.09571590e-03 0.00000000e+00
3.42158073e-03 0.00000000e+00
3.74744556e-03 0.00000000e+00
4.07331039e-03 0.00000000e+00
4.39917523e-03 0.00000000e+00
4.72504006e-03 0.00000000e+00
5.05090489e-03 0.00000000e+00
5.37676972e-03 0.00000000e+00
5.70263455e-03 0.00000000e+00
6.02849938e-03 0.00000000e+00
6.35436422e-03 0.00000000e+00
6.68022905e-03 0.00000000e+00
7.00609388e-03 0.00000000e+00
7.33195871e-03 0.00000000e+00
7.65782354e-03 0.00000000e+00
7.98368837e-03 0.00000000e+00
8.30955320e-03 0.00000000e+00
8.63541804e-03 0.00000000e+00
8.96128287e-03 0.00000000e+00
9.28714770e-03 0.00000000e+00
9.61301253e-03 0.00000000e+00
9.93887736e-03 0.00000000e+00
1.02647422e-02 0.00000000e+00
1.05906070e-02 0.00000000e+00
1.09164719e-02 0.00000000e+00
1.12423367e-02 0.00000000e+00
1.15682015e-02 0.00000000e+00
1.18940664e-02 0.00000000e+00
1.22199312e-02 0.00000000e+00
1.25457960e-02 0.00000000e+00
1.28716608e-02 0.00000000e+00
1.31975257e-02 0.00000000e+00
1.35233905e-02 0.00000000e+00
1.38492553e-02 0.00000000e+00
1.41751202e-02 0.00000000e+00
1.45009850e-02 0.00000000e+00
1.48268498e-02 0.00000000e+00
1.51527147e-02 0.00000000e+00
1.54785795e-02 0.00000000e+00
1.58044443e-02 0.00000000e+00
1.61303092e-02 0.00000000e+00
1.64561740e-02 0.00000000e+00
1.67820388e-02 0.00000000e+00
1.71079037e-02 0.00000000e+00
1.74337685e-02 0.00000000e+00
1.77596333e-02 0.00000000e+00
1.80854982e-02 0.00000000e+00
1.84113630e-02 0.00000000e+00
1.87372278e-02 0.00000000e+00
1.90630926e-02 0.00000000e+00
1.93889575e-02 0.00000000e+00
1.97148223e-02 0.00000000e+00
2.00406871e-02 0.00000000e+00
2.03665520e-02 0.00000000e+00
2.06924168e-02 0.00000000e+00
2.10182816e-02 0.00000000e+00
2.13441465e-02 0.00000000e+00
2.16700113e-02 0.00000000e+00
2.19958761e-02 0.00000000e+00
2.23217410e-02 0.00000000e+00
2.26476058e-02 0.00000000e+00
2.29734706e-02 0.00000000e+00
2.32993355e-02 0.00000000e+00
2.36252003e-02 0.00000000e+00
2.39510651e-02 0.00000000e+00
2.42769300e-02 0.00000000e+00
2.46027948e-02 0.00000000e+00
2.49286596e-02 0.00000000e+00
2.52545244e-02 0.00000000e+00
2.55803893e-02 0.00000000e+00
2.59062541e-02 0.00000000e+00
2.62321189e-02 0.00000000e+00
2.65579838e-02 0.00000000e+00
2.68838486e-02 0.00000000e+00
2.72097134e-02 0.00000000e+00
2.75355783e-02 0.00000000e+00
2.78614431e-02 0.00000000e+00
2.81873079e-02 0.00000000e+00
2.85131728e-02 0.00000000e+00
2.88390376e-02 0.00000000e+00
2.91649024e-02 0.00000000e+00
2.94907673e-02 0.00000000e+00
2.98166321e-02 0.00000000e+00
3.01424969e-02 0.00000000e+00
3.04683617e-02 0.00000000e+00
3.07942266e-02 0.00000000e+00
3.11200914e-02 0.00000000e+00
3.14459562e-02 0.00000000e+00
3.17718211e-02 0.00000000e+00
3.20976859e-02 0.00000000e+00
3.24235507e-02 0.00000000e+00
3.27494156e-02 0.00000000e+00
3.30752804e-02 0.00000000e+00
3.34011452e-02 0.00000000e+00
3.37270101e-02 0.00000000e+00
3.40528749e-02 0.00000000e+00
3.43787397e-02 0.00000000e+00
3.47046046e-02 0.00000000e+00
3.50304694e-02 0.00000000e+00
3.53563342e-02 0.00000000e+00
3.56821991e-02 0.00000000e+00
3.60080639e-02 0.00000000e+00
3.63339287e-02 0.00000000e+00
3.66597935e-02 0.00000000e+00
3.69856584e-02 0.00000000e+00
3.73115232e-02 0.00000000e+00
3.76373880e-02 0.00000000e+00
3.79632529e-02 0.00000000e+00
3.82891177e-02 0.00000000e+00
3.86149825e-02 0.00000000e+00
3.89408474e-02 0.00000000e+00
3.92667122e-02 0.00000000e+00
3.95925770e-02 0.00000000e+00
3.99184419e-02 0.00000000e+00
4.02443067e-02 0.00000000e+00
4.05701715e-02 0.00000000e+00
4.08960364e-02 0.00000000e+00
4.12219012e-02 0.00000000e+00
4.15477660e-02 0.00000000e+00
4.18736309e-02 0.00000000e+00
4.21994957e-02 0.00000000e+00
4.25253605e-02 0.00000000e+00
4.28512253e-02 0.00000000e+00
4.31770902e-02 0.00000000e+00
4.35029550e-02 0.00000000e+00
4.38288198e-02 0.00000000e+00
4.41546847e-02 0.00000000e+00
4.44805495e-02 0.00000000e+00
4.48064143e-02 0.00000000e+00
4.51322792e-02 0.00000000e+00
4.54581440e-02 0.00000000e+00
4.57840088e-02 0.00000000e+00
4.61098737e-02 0.00000000e+00
4.64357385e-02 0.00000000e+00
4.67616033e-02 0.00000000e+00
4.70874682e-02 0.00000000e+00
4.74133330e-02 0.00000000e+00
4.77391978e-02 0.00000000e+00
4.80650627e-02 0.00000000e+00
4.83909275e-02 0.00000000e+00
4.87167923e-02 0.00000000e+00
4.90426571e-02 0.00000000e+00
4.93685220e-02 0.00000000e+00
4.96943868e-02 0.00000000e+00
5.00202516e-02 0.00000000e+00
5.03461165e-02 0.00000000e+00
5.06719813e-02 0.00000000e+00
5.09978461e-02 0.00000000e+00
5.13237110e-02 0.00000000e+00
5.16495758e-02 0.00000000e+00
5.19754406e-02 0.00000000e+00
5.23013055e-02 0.00000000e+00
5.26271703e-02 0.00000000e+00
5.29530351e-02 0.00000000e+00
5.32789000e-02 0.00000000e+00
5.36047648e-02 0.00000000e+00
5.39306296e-02 0.00000000e+00
5.42564945e-02 0.00000000e+00
5.45823593e-02 0.00000000e+00
5.49082241e-02 0.00000000e+00
5.52340889e-02 0.00000000e+00
5.55599538e-02 0.00000000e+00
5.58858186e-02 0.00000000e+00
5.62116834e-02 0.00000000e+00
5.65375483e-02 0.00000000e+00
5.68634131e-02 0.00000000e+00
5.71892779e-02 0.00000000e+00
5.75151428e-02 0.00000000e+00
5.78410076e-02 0.00000000e+00
5.81668724e-02 0.00000000e+00
5.84927373e-02 0.00000000e+00
5.88186021e-02 0.00000000e+00
5.91444669e-02 0.00000000e+00
5.94703318e-02 0.00000000e+00
5.97961966e-02 0.00000000e+00
6.01220614e-02 0.00000000e+00
6.04479263e-02 0.00000000e+00
6.07737911e-02 0.00000000e+00
6.10996559e-02 0.00000000e+00
6.14255207e-02 0.00000000e+00
6.17513856e-02 0.00000000e+00
6.20772504e-02 0.00000000e+00
6.24031152e-02 0.00000000e+00
6.27289801e-02 0.00000000e+00
6.30548449e-02 0.00000000e+00
6.33807097e-02 0.00000000e+00
6.37065746e-02 0.00000000e+00
6.40324394e-02 0.00000000e+00
6.43583042e-02 0.00000000e+00
6.46841691e-02 0.00000000e+00
6.50100339e-02 0.00000000e+00
6.53358987e-02 0.00000000e+00
6.56617636e-02 0.00000000e+00
6.59876284e-02 0.00000000e+00
6.63134932e-02 0.00000000e+00
6.66393581e-02 0.00000000e+00
6.69652229e-02 0.00000000e+00
6.72910877e-02 0.00000000e+00
6.76169525e-02 0.00000000e+00
6.79428174e-02 0.00000000e+00
6.82686822e-02 0.00000000e+00
6.85945470e-02 0.00000000e+00
6.89204119e-02 0.00000000e+00
6.92462767e-02 0.00000000e+00
6.95721415e-02 0.00000000e+00
6.98980064e-02 0.00000000e+00
7.02238712e-02 0.00000000e+00
7.05497360e-02 0.00000000e+00
7.08756009e-02 0.00000000e+00
7.12014657e-02 0.00000000e+00
7.15273305e-02 0.00000000e+00
7.18531954e-02 0.00000000e+00
7.21790602e-02 0.00000000e+00
7.25049250e-02 0.00000000e+00
7.28307899e-02 0.00000000e+00
7.31566547e-02 0.00000000e+00
7.34825195e-02 0.00000000e+00
7.38083843e-02 0.00000000e+00
7.41342492e-02 0.00000000e+00
7.44601140e-02 0.00000000e+00
7.47859788e-02 0.00000000e+00
7.51118437e-02 0.00000000e+00
7.54377085e-02 0.00000000e+00
7.57635733e-02 0.00000000e+00
7.60894382e-02 0.00000000e+00
7.64153030e-02 0.00000000e+00
7.67411678e-02 0.00000000e+00
7.70670327e-02 0.00000000e+00
7.73928975e-02 0.00000000e+00
7.77187623e-02 0.00000000e+00
7.80446272e-02 0.00000000e+00
7.83704920e-02 0.00000000e+00
7.86963568e-02 0.00000000e+00
7.90222216e-02 0.00000000e+00
7.93480865e-02 0.00000000e+00
7.96739513e-02 0.00000000e+00
7.99998161e-02 0.00000000e+00
8.03256810e-02 0.00000000e+00
8.06515458e-02 0.00000000e+00
8.09774106e-02 0.00000000e+00
8.13032755e-02 0.00000000e+00
8.16291403e-02 0.00000000e+00
8.19550051e-02 0.00000000e+00
8.22808700e-02 0.00000000e+00
8.26067348e-02 0.00000000e+00
8.29325996e-02 0.00000000e+00
8.32584645e-02 0.00000000e+00
8.35843293e-02 0.00000000e+00
8.39101941e-02 0.00000000e+00
8.42360590e-02 0.00000000e+00
8.45619238e-02 0.00000000e+00
8.48877886e-02 0.00000000e+00
8.52136534e-02 0.00000000e+00
8.55395183e-02 0.00000000e+00
8.58653831e-02 0.00000000e+00
8.61912479e-02 0.00000000e+00
8.65171128e-02 0.00000000e+00
8.68429776e-02 0.00000000e+00
8.71688424e-02 0.00000000e+00
8.74947073e-02 0.00000000e+00
8.78205721e-02 0.00000000e+00
8.81464369e-02 0.00000000e+00
8.84723018e-02 0.00000000e+00
8.87981666e-02 0.00000000e+00
8.91240314e-02 0.00000000e+00
8.94498963e-02 0.00000000e+00
8.97757611e-02 0.00000000e+00
9.01016259e-02 0.00000000e+00
9.04274908e-02 0.00000000e+00
9.07533556e-02 0.00000000e+00
9.10792204e-02 0.00000000e+00
9.14050852e-02 0.00000000e+00
9.17309501e-02 0.00000000e+00
9.20568149e-02 0.00000000e+00
9.23826797e-02 0.00000000e+00
9.27085446e-02 0.00000000e+00
9.30344094e-02 0.00000000e+00
9.33602742e-02 0.00000000e+00
9.36861391e-02 0.00000000e+00
9.40120039e-02 0.00000000e+00
9.43378687e-02 0.00000000e+00
9.46637336e-02 0.00000000e+00
9.49895984e-02 0.00000000e+00
9.53154632e-02 0.00000000e+00
9.56413281e-02 0.00000000e+00
9.59671929e-02 0.00000000e+00
9.62930577e-02 0.00000000e+00
9.66189226e-02 0.00000000e+00
9.69447874e-02 0.00000000e+00
9.72706522e-02 0.00000000e+00
9.75965170e-02 0.00000000e+00
9.79223819e-02 0.00000000e+00
9.82482467e-02 0.00000000e+00
9.85741115e-02 0.00000000e+00
9.88999764e-02 0.00000000e+00
9.92258412e-02 0.00000000e+00
9.95517060e-02 0.00000000e+00
9.98775709e-02 0.00000000e+00
1.00203436e-01 0.00000000e+00
1.00529301e-01 0.00000000e+00
1.00855165e-01 0.00000000e+00
1.01181030e-01 0.00000000e+00
1.01506895e-01 0.00000000e+00
1.01832760e-01 0.00000000e+00
1.02158625e-01 0.00000000e+00
1.02484490e-01 0.00000000e+00
1.02810354e-01 0.00000000e+00
1.03136219e-01 0.00000000e+00
1.03462084e-01 0.00000000e+00
1.03787949e-01 0.00000000e+00
1.04113814e-01 0.00000000e+00
1.04439679e-01 0.00000000e+00
1.04765543e-01 0.00000000e+00
1.05091408e-01 0.00000000e+00
1.05417273e-01 0.00000000e+00
1.05743138e-01 0.00000000e+00
1.06069003e-01 0.00000000e+00
1.06394867e-01 0.00000000e+00
1.06720732e-01 0.00000000e+00
1.07046597e-01 0.00000000e+00
1.07372462e-01 0.00000000e+00
1.07698327e-01 0.00000000e+00
1.08024192e-01 0.00000000e+00
1.08350056e-01 0.00000000e+00
1.08675921e-01 0.00000000e+00
1.09001786e-01 0.00000000e+00
1.09327651e-01 0.00000000e+00
1.09653516e-01 0.00000000e+00
1.09979381e-01 0.00000000e+00
1.10305245e-01 0.00000000e+00
1.10631110e-01 0.00000000e+00
1.10956975e-01 0.00000000e+00
1.11282840e-01 0.00000000e+00
1.11608705e-01 0.00000000e+00
1.11934570e-01 0.00000000e+00
1.12260434e-01 0.00000000e+00
1.12586299e-01 0.00000000e+00
1.12912164e-01 0.00000000e+00
1.13238029e-01 0.00000000e+00
1.13563894e-01 0.00000000e+00
1.13889759e-01 0.00000000e+00
1.14215623e-01 0.00000000e+00
1.14541488e-01 0.00000000e+00
1.14867353e-01 0.00000000e+00
1.15193218e-01 0.00000000e+00
1.15519083e-01 0.00000000e+00
1.15844948e-01 0.00000000e+00
1.16170812e-01 0.00000000e+00
1.16496677e-01 0.00000000e+00
1.16822542e-01 0.00000000e+00
1.17148407e-01 0.00000000e+00
1.17474272e-01 0.00000000e+00
1.17800137e-01 0.00000000e+00
1.18126001e-01 0.00000000e+00
1.18451866e-01 0.00000000e+00
1.18777731e-01 0.00000000e+00
1.19103596e-01 0.00000000e+00
1.19429461e-01 0.00000000e+00
1.19755326e-01 0.00000000e+00
1.20081190e-01 0.00000000e+00
1.20407055e-01 0.00000000e+00
1.20732920e-01 0.00000000e+00
1.21058785e-01 0.00000000e+00
1.21384650e-01 0.00000000e+00
1.21710515e-01 0.00000000e+00
1.22036379e-01 0.00000000e+00
1.22362244e-01 0.00000000e+00
1.22688109e-01 0.00000000e+00
1.23013974e-01 0.00000000e+00
1.23339839e-01 0.00000000e+00
1.23665704e-01 0.00000000e+00
1.23991568e-01 0.00000000e+00
1.24317433e-01 0.00000000e+00
1.24643298e-01 0.00000000e+00
1.24969163e-01 0.00000000e+00
1.25295028e-01 0.00000000e+00
1.25620893e-01 0.00000000e+00
1.25946757e-01 0.00000000e+00
1.26272622e-01 0.00000000e+00
1.26598487e-01 0.00000000e+00
1.26924352e-01 0.00000000e+00
1.27250217e-01 0.00000000e+00
1.27576082e-01 0.00000000e+00
1.27901946e-01 0.00000000e+00
1.28227811e-01 0.00000000e+00
1.28553676e-01 0.00000000e+00
1.28879541e-01 0.00000000e+00
1.29205406e-01 0.00000000e+00
1.29531271e-01 0.00000000e+00
1.29857135e-01 0.00000000e+00
1.30183000e-01 0.00000000e+00
1.30508865e-01 0.00000000e+00
1.30834730e-01 0.00000000e+00
1.31160595e-01 0.00000000e+00
1.31486460e-01 0.00000000e+00
1.31812324e-01 0.00000000e+00
1.32138189e-01 0.00000000e+00
1.32464054e-01 0.00000000e+00
1.32789919e-01 0.00000000e+00
1.33115784e-01 0.00000000e+00
1.33441649e-01 0.00000000e+00
1.33767513e-01 0.00000000e+00
1.34093378e-01 0.00000000e+00
1.34419243e-01 0.00000000e+00
1.34745108e-01 0.00000000e+00
1.35070973e-01 0.00000000e+00
1.35396838e-01 0.00000000e+00
1.35722702e-01 0.00000000e+00
1.36048567e-01 0.00000000e+00
1.36374432e-01 0.00000000e+00
1.36700297e-01 0.00000000e+00
1.37026162e-01 0.00000000e+00
1.37352026e-01 0.00000000e+00
1.37677891e-01 0.00000000e+00
1.38003756e-01 0.00000000e+00
1.38329621e-01 0.00000000e+00
1.38655486e-01 0.00000000e+00
1.38981351e-01 0.00000000e+00
1.39307215e-01 0.00000000e+00
1.39633080e-01 0.00000000e+00
1.39958945e-01 0.00000000e+00
1.40284810e-01 0.00000000e+00
1.40610675e-01 0.00000000e+00
1.40936540e-01 0.00000000e+00
1.41262404e-01 0.00000000e+00
1.41588269e-01 0.00000000e+00
1.41914134e-01 0.00000000e+00
1.42239999e-01 0.00000000e+00
1.42565864e-01 0.00000000e+00
1.42891729e-01 0.00000000e+00
1.43217593e-01 0.00000000e+00
1.43543458e-01 0.00000000e+00
1.43869323e-01 0.00000000e+00
1.44195188e-01 0.00000000e+00
1.44521053e-01 0.00000000e+00
1.44846918e-01 0.00000000e+00
1.45172782e-01 0.00000000e+00
1.45498647e-01 0.00000000e+00
1.45824512e-01 0.00000000e+00
1.46150377e-01 0.00000000e+00
1.46476242e-01 0.00000000e+00
1.46802107e-01 0.00000000e+00
1.47127971e-01 0.00000000e+00
1.47453836e-01 0.00000000e+00
1.47779701e-01 0.00000000e+00
1.48105566e-01 0.00000000e+00
1.48431431e-01 0.00000000e+00
1.48757296e-01 0.00000000e+00
1.49083160e-01 0.00000000e+00
1.49409025e-01 0.00000000e+00
1.49734890e-01 0.00000000e+00
1.50060755e-01 0.00000000e+00
1.50386620e-01 0.00000000e+00
1.50712485e-01 0.00000000e+00
1.51038349e-01 0.00000000e+00
1.51364214e-01 0.00000000e+00
1.51690079e-01 0.00000000e+00
1.52015944e-01 0.00000000e+00
1.52341809e-01 0.00000000e+00
1.52667674e-01 0.00000000e+00
1.52993538e-01 0.00000000e+00
1.53319403e-01 0.00000000e+00
1.53645268e-01 0.00000000e+00
1.53971133e-01 0.00000000e+00
1.54296998e-01 0.00000000e+00
1.54622863e-01 0.00000000e+00
1.54948727e-01 0.00000000e+00
1.55274592e-01 0.00000000e+00
1.55600457e-01 0.00000000e+00
1.55926322e-01 0.00000000e+00
1.56252187e-01 0.00000000e+00
1.56578052e-01 0.00000000e+00
1.56903916e-01 0.00000000e+00
1.57229781e-01 0.00000000e+00
1.57555646e-01 0.00000000e+00
1.57881511e-01 0.00000000e+00
1.58207376e-01 0.00000000e+00
1.58533241e-01 0.00000000e+00
1.58859105e-01 0.00000000e+00
1.59184970e-01 0.00000000e+00
1.59510835e-01 0.00000000e+00
1.59836700e-01 0.00000000e+00
1.60162565e-01 0.00000000e+00
1.60488430e-01 0.00000000e+00
1.60814294e-01 0.00000000e+00
1.61140159e-01 0.00000000e+00
1.61466024e-01 0.00000000e+00
1.61791889e-01 0.00000000e+00
1.62117754e-01 0.00000000e+00
1.62443619e-01 0.00000000e+00
1.62769483e-01 0.00000000e+00
1.63095348e-01 0.00000000e+00
1.63421213e-01 0.00000000e+00
1.63747078e-01 0.00000000e+00
1.64072943e-01 0.00000000e+00
1.64398808e-01 0.00000000e+00
1.64724672e-01 0.00000000e+00
1.65050537e-01 0.00000000e+00
1.65376402e-01 0.00000000e+00
1.65702267e-01 0.00000000e+00
1.66028132e-01 0.00000000e+00
1.66353997e-01 0.00000000e+00
1.66679861e-01 0.00000000e+00
1.67005726e-01 0.00000000e+00
1.67331591e-01 0.00000000e+00
1.67657456e-01 0.00000000e+00
1.67983321e-01 0.00000000e+00
1.68309185e-01 0.00000000e+00
1.68635050e-01 0.00000000e+00
1.68960915e-01 0.00000000e+00
1.69286780e-01 0.00000000e+00
1.69612645e-01 0.00000000e+00
1.69938510e-01 0.00000000e+00
1.70264374e-01 0.00000000e+00
1.70590239e-01 0.00000000e+00
1.70916104e-01 0.00000000e+00
1.71241969e-01 0.00000000e+00
1.71567834e-01 0.00000000e+00
1.71893699e-01 0.00000000e+00
1.72219563e-01 0.00000000e+00
1.72545428e-01 0.00000000e+00
1.72871293e-01 0.00000000e+00
1.73197158e-01 0.00000000e+00
1.73523023e-01 0.00000000e+00
1.73848888e-01 0.00000000e+00
1.74174752e-01 0.00000000e+00
1.74500617e-01 0.00000000e+00
1.74826482e-01 0.00000000e+00
1.75152347e-01 0.00000000e+00
1.75478212e-01 0.00000000e+00
1.75804077e-01 0.00000000e+00
1.76129941e-01 0.00000000e+00
1.76455806e-01 0.00000000e+00
1.76781671e-01 0.00000000e+00
1.77107536e-01 0.00000000e+00
1.77433401e-01 0.00000000e+00
1.77759266e-01 0.00000000e+00
1.78085130e-01 0.00000000e+00
1.78410995e-01 0.00000000e+00
1.78736860e-01 0.00000000e+00
1.79062725e-01 0.00000000e+00
1.79388590e-01 0.00000000e+00
1.79714455e-01 0.00000000e+00
1.80040319e-01 0.00000000e+00
1.80366184e-01 0.00000000e+00
1.80692049e-01 0.00000000e+00
1.81017914e-01 0.00000000e+00
1.81343779e-01 0.00000000e+00
1.81669644e-01 0.00000000e+00
1.81995508e-01 0.00000000e+00
1.82321373e-01 0.00000000e+00
1.82647238e-01 0.00000000e+00
1.82973103e-01 0.00000000e+00
1.83298968e-01 0.00000000e+00
1.83624833e-01 0.00000000e+00
1.83950697e-01 0.00000000e+00
1.84276562e-01 0.00000000e+00
1.84602427e-01 0.00000000e+00
1.84928292e-01 0.00000000e+00
1.85254157e-01 0.00000000e+00
1.85580022e-01 0.00000000e+00
1.85905886e-01 0.00000000e+00
1.86231751e-01 0.00000000e+00
1.86557616e-01 0.00000000e+00
1.86883481e-01 0.00000000e+00
1.87209346e-01 0.00000000e+00
1.87535211e-01 0.00000000e+00
1.87861075e-01 0.00000000e+00
1.88186940e-01 0.00000000e+00
1.88512805e-01 0.00000000e+00
1.88838670e-01 0.00000000e+00
1.89164535e-01 0.00000000e+00
1.89490400e-01 0.00000000e+00
1.89816264e-01 0.00000000e+00
1.90142129e-01 0.00000000e+00
1.90467994e-01 0.00000000e+00
1.90793859e-01 0.00000000e+00
1.91119724e-01 0.00000000e+00
1.91445589e-01 0.00000000e+00
1.91771453e-01 0.00000000e+00
1.92097318e-01 0.00000000e+00
1.92423183e-01 0.00000000e+00
1.92749048e-01 0.00000000e+00
1.93074913e-01 0.00000000e+00
1.93400778e-01 0.00000000e+00
1.93726642e-01 0.00000000e+00
1.94052507e-01 0.00000000e+00
1.94378372e-01 0.00000000e+00
1.94704237e-01 0.00000000e+00
1.95030102e-01 0.00000000e+00
1.95355967e-01 0.00000000e+00
1.95681831e-01 0.00000000e+00
1.96007696e-01 0.00000000e+00
1.96333561e-01 0.00000000e+00
1.96659426e-01 0.00000000e+00
1.96985291e-01 0.00000000e+00
1.97311156e-01 0.00000000e+00
1.97637020e-01 0.00000000e+00
1.97962885e-01 0.00000000e+00
1.98288750e-01 0.00000000e+00
1.98614615e-01 0.00000000e+00
1.98940480e-01 0.00000000e+00
1.99266344e-01 0.00000000e+00
1.99592209e-01 0.00000000e+00
1.99918074e-01 0.00000000e+00
2.00243939e-01 0.00000000e+00
2.00569804e-01 0.00000000e+00
2.00895669e-01 0.00000000e+00
2.01221533e-01 0.00000000e+00
2.01547398e-01 0.00000000e+00
2.01873263e-01 0.00000000e+00
2.02199128e-01 0.00000000e+00
2.02524993e-01 0.00000000e+00
2.02850858e-01 0.00000000e+00
2.03176722e-01 0.00000000e+00
2.03502587e-01 0.00000000e+00
2.03828452e-01 0.00000000e+00
2.04154317e-01 0.00000000e+00
2.04480182e-01 0.00000000e+00
2.04806047e-01 0.00000000e+00
2.05131911e-01 0.00000000e+00
2.05457776e-01 0.00000000e+00
2.05783641e-01 0.00000000e+00
2.06109506e-01 0.00000000e+00
2.06435371e-01 0.00000000e+00
2.06761236e-01 0.00000000e+00
2.07087100e-01 0.00000000e+00
2.07412965e-01 0.00000000e+00
2.07738830e-01 0.00000000e+00
2.08064695e-01 0.00000000e+00
2.08390560e-01 0.00000000e+00
2.08716425e-01 0.00000000e+00
2.09042289e-01 0.00000000e+00
2.09368154e-01 0.00000000e+00
2.09694019e-01 0.00000000e+00
2.10019884e-01 0.00000000e+00
2.10345749e-01 0.00000000e+00
2.10671614e-01 0.00000000e+00
2.10997478e-01 0.00000000e+00
2.11323343e-01 0.00000000e+00
2.11649208e-01 0.00000000e+00
2.11975073e-01 0.00000000e+00
2.12300938e-01 0.00000000e+00
2.12626803e-01 0.00000000e+00
2.12952667e-01 0.00000000e+00
2.13278532e-01 0.00000000e+00
2.13604397e-01 0.00000000e+00
2.13930262e-01 0.00000000e+00
2.14256127e-01 0.00000000e+00
2.14581992e-01 0.00000000e+00
2.14907856e-01 0.00000000e+00
2.15233721e-01 0.00000000e+00
2.15559586e-01 0.00000000e+00
2.15885451e-01 0.00000000e+00
2.16211316e-01 0.00000000e+00
2.16537181e-01 0.00000000e+00
2.16863045e-01 0.00000000e+00
2.17188910e-01 0.00000000e+00
2.17514775e-01 0.00000000e+00
2.17840640e-01 0.00000000e+00
2.18166505e-01 0.00000000e+00
2.18492370e-01 0.00000000e+00
2.18818234e-01 0.00000000e+00
2.19144099e-01 0.00000000e+00
2.19469964e-01 0.00000000e+00
2.19795829e-01 0.00000000e+00
2.20121694e-01 0.00000000e+00
2.20447559e-01 0.00000000e+00
2.20773423e-01 0.00000000e+00
2.21099288e-01 0.00000000e+00
2.21425153e-01 0.00000000e+00
2.21751018e-01 0.00000000e+00
2.22076883e-01 0.00000000e+00
2.22402748e-01 0.00000000e+00
2.22728612e-01 0.00000000e+00
2.23054477e-01 0.00000000e+00
2.23380342e-01 0.00000000e+00
2.23706207e-01 0.00000000e+00
2.24032072e-01 0.00000000e+00
2.24357937e-01 0.00000000e+00
2.24683801e-01 0.00000000e+00
2.25009666e-01 0.00000000e+00
2.25335531e-01 0.00000000e+00
2.25661396e-01 0.00000000e+00
2.25987261e-01 0.00000000e+00
2.26313126e-01 0.00000000e+00
2.26638990e-01 0.00000000e+00
2.26964855e-01 0.00000000e+00
2.27290720e-01 0.00000000e+00
2.27616585e-01 0.00000000e+00
2.27942450e-01 0.00000000e+00
2.28268314e-01 0.00000000e+00
2.28594179e-01 0.00000000e+00
2.28920044e-01 0.00000000e+00
2.29245909e-01 0.00000000e+00
2.29571774e-01 0.00000000e+00
2.29897639e-01 0.00000000e+00
2.30223503e-01 0.00000000e+00
2.30549368e-01 0.00000000e+00
2.30875233e-01 0.00000000e+00
2.31201098e-01 0.00000000e+00
2.31526963e-01 0.00000000e+00
2.31852828e-01 0.00000000e+00
2.32178692e-01 0.00000000e+00
2.32504557e-01 0.00000000e+00
2.32830422e-01 0.00000000e+00
2.33156287e-01 0.00000000e+00
2.33482152e-01 0.00000000e+00
2.33808017e-01 0.00000000e+00
2.34133881e-01 0.00000000e+00
2.34459746e-01 0.00000000e+00
2.34785611e-01 0.00000000e+00
2.35111476e-01 0.00000000e+00
2.35437341e-01 0.00000000e+00
2.35763206e-01 0.00000000e+00
2.36089070e-01 0.00000000e+00
2.36414935e-01 0.00000000e+00
2.36740800e-01 0.00000000e+00
2.37066665e-01 0.00000000e+00
2.37392530e-01 0.00000000e+00
2.37718395e-01 0.00000000e+00
2.38044259e-01 0.00000000e+00
2.38370124e-01 0.00000000e+00
2.38695989e-01 0.00000000e+00
2.39021854e-01 0.00000000e+00
2.39347719e-01 0.00000000e+00
2.39673584e-01 0.00000000e+00
2.39999448e-01 0.00000000e+00
2.40325313e-01 0.00000000e+00
2.40651178e-01 0.00000000e+00
2.40977043e-01 0.00000000e+00
2.41302908e-01 0.00000000e+00
2.41628773e-01 0.00000000e+00
2.41954637e-01 0.00000000e+00
2.42280502e-01 0.00000000e+00
2.42606367e-01 0.00000000e+00
2.42932232e-01 0.00000000e+00
2.43258097e-01 0.00000000e+00
2.43583962e-01 0.00000000e+00
2.43909826e-01 0.00000000e+00
2.44235691e-01 0.00000000e+00
2.44561556e-01 0.00000000e+00
2.44887421e-01 0.00000000e+00
2.45213286e-01 0.00000000e+00
2.45539151e-01 0.00000000e+00
2.45865015e-01 0.00000000e+00
2.46190880e-01 0.00000000e+00
2.46516745e-01 0.00000000e+00
2.46842610e-01 0.00000000e+00
2.47168475e-01 0.00000000e+00
2.47494340e-01 0.00000000e+00
2.47820204e-01 0.00000000e+00
2.48146069e-01 0.00000000e+00
2.48471934e-01 0.00000000e+00
2.48797799e-01 0.00000000e+00
2.49123664e-01 0.00000000e+00
2.49449529e-01 0.00000000e+00
2.49775393e-01 0.00000000e+00
2.50101258e-01 0.00000000e+00
2.50427123e-01 0.00000000e+00
2.50752988e-01 0.00000000e+00
2.51078853e-01 0.00000000e+00
2.51404718e-01 0.00000000e+00
2.51730582e-01 0.00000000e+00
2.52056447e-01 0.00000000e+00
2.52382312e-01 0.00000000e+00
2.52708177e-01 0.00000000e+00
2.53034042e-01 0.00000000e+00
2.53359907e-01 0.00000000e+00
2.53685771e-01 0.00000000e+00
2.54011636e-01 0.00000000e+00
2.54337501e-01 0.00000000e+00
2.54663366e-01 0.00000000e+00
2.54989231e-01 0.00000000e+00
2.55315096e-01 0.00000000e+00
2.55640960e-01 0.00000000e+00
2.55966825e-01 0.00000000e+00
2.56292690e-01 0.00000000e+00
2.56618555e-01 0.00000000e+00
2.56944420e-01 0.00000000e+00
2.57270285e-01 0.00000000e+00
2.57596149e-01 0.00000000e+00
2.57922014e-01 0.00000000e+00
2.58247879e-01 0.00000000e+00
2.58573744e-01 0.00000000e+00
2.58899609e-01 0.00000000e+00
2.59225473e-01 0.00000000e+00
2.59551338e-01 0.00000000e+00
2.59877203e-01 0.00000000e+00
2.60203068e-01 0.00000000e+00
2.60528933e-01 0.00000000e+00
2.60854798e-01 0.00000000e+00
2.61180662e-01 0.00000000e+00
2.61506527e-01 0.00000000e+00
2.61832392e-01 0.00000000e+00
2.62158257e-01 0.00000000e+00
2.62484122e-01 0.00000000e+00
2.62809987e-01 0.00000000e+00
2.63135851e-01 0.00000000e+00
2.63461716e-01 0.00000000e+00
2.63787581e-01 0.00000000e+00
2.64113446e-01 0.00000000e+00
2.64439311e-01 0.00000000e+00
2.64765176e-01 0.00000000e+00
2.65091040e-01 0.00000000e+00
2.65416905e-01 0.00000000e+00
2.65742770e-01 0.00000000e+00
2.66068635e-01 0.00000000e+00
2.66394500e-01 0.00000000e+00
2.66720365e-01 0.00000000e+00
2.67046229e-01 0.00000000e+00
2.67372094e-01 0.00000000e+00
2.67697959e-01 0.00000000e+00
2.68023824e-01 0.00000000e+00
2.68349689e-01 0.00000000e+00
2.68675554e-01 0.00000000e+00
2.69001418e-01 0.00000000e+00
2.69327283e-01 0.00000000e+00
2.69653148e-01 0.00000000e+00
2.69979013e-01 0.00000000e+00
2.70304878e-01 0.00000000e+00
2.70630743e-01 0.00000000e+00
2.70956607e-01 0.00000000e+00
2.71282472e-01 0.00000000e+00
2.71608337e-01 0.00000000e+00
2.71934202e-01 0.00000000e+00
2.72260067e-01 0.00000000e+00
2.72585932e-01 0.00000000e+00
2.72911796e-01 0.00000000e+00
2.73237661e-01 0.00000000e+00
2.73563526e-01 0.00000000e+00
2.73889391e-01 0.00000000e+00
2.74215256e-01 0.00000000e+00
2.74541121e-01 0.00000000e+00
2.74866985e-01 0.00000000e+00
2.75192850e-01 0.00000000e+00
2.75518715e-01 0.00000000e+00
2.75844580e-01 0.00000000e+00
2.76170445e-01 0.00000000e+00
2.76496310e-01 0.00000000e+00
2.76822174e-01 0.00000000e+00
2.77148039e-01 0.00000000e+00
2.77473904e-01 0.00000000e+00
2.77799769e-01 0.00000000e+00
2.78125634e-01 0.00000000e+00
2.78451499e-01 0.00000000e+00
2.78777363e-01 0.00000000e+00
2.79103228e-01 0.00000000e+00
2.79429093e-01 0.00000000e+00
2.79754958e-01 0.00000000e+00
2.80080823e-01 0.00000000e+00
2.80406688e-01 0.00000000e+00
2.80732552e-01 0.00000000e+00
2.81058417e-01 0.00000000e+00
2.81384282e-01 0.00000000e+00
2.81710147e-01 0.00000000e+00
2.82036012e-01 0.00000000e+00
2.82361877e-01 0.00000000e+00
2.82687741e-01 0.00000000e+00
2.83013606e-01 0.00000000e+00
2.83339471e-01 0.00000000e+00
2.83665336e-01 0.00000000e+00
2.83991201e-01 0.00000000e+00
2.84317066e-01 0.00000000e+00
2.84642930e-01 0.00000000e+00
2.84968795e-01 0.00000000e+00
2.85294660e-01 0.00000000e+00
2.85620525e-01 0.00000000e+00
2.85946390e-01 0.00000000e+00
2.86272255e-01 0.00000000e+00
2.86598119e-01 0.00000000e+00
2.86923984e-01 0.00000000e+00
2.87249849e-01 0.00000000e+00
2.87575714e-01 0.00000000e+00
2.87901579e-01 0.00000000e+00
2.88227444e-01 0.00000000e+00
2.88553308e-01 0.00000000e+00
2.88879173e-01 0.00000000e+00
2.89205038e-01 0.00000000e+00
2.89530903e-01 0.00000000e+00
2.89856768e-01 0.00000000e+00
2.90182632e-01 0.00000000e+00
2.90508497e-01 0.00000000e+00
2.90834362e-01 0.00000000e+00
2.91160227e-01 0.00000000e+00
2.91486092e-01 0.00000000e+00
2.91811957e-01 0.00000000e+00
2.92137821e-01 0.00000000e+00
2.92463686e-01 0.00000000e+00
2.92789551e-01 0.00000000e+00
2.93115416e-01 0.00000000e+00
2.93441281e-01 0.00000000e+00
2.93767146e-01 0.00000000e+00
2.94093010e-01 0.00000000e+00
2.94418875e-01 0.00000000e+00
2.94744740e-01 0.00000000e+00
2.95070605e-01 0.00000000e+00
2.95396470e-01 0.00000000e+00
2.95722335e-01 0.00000000e+00
2.96048199e-01 0.00000000e+00
2.96374064e-01 0.00000000e+00
2.96699929e-01 0.00000000e+00
2.97025794e-01 0.00000000e+00
2.97351659e-01 0.00000000e+00
2.97677524e-01 0.00000000e+00
2.98003388e-01 0.00000000e+00
2.98329253e-01 0.00000000e+00
2.98655118e-01 0.00000000e+00
2.98980983e-01 0.00000000e+00
2.99306848e-01 0.00000000e+00
2.99632713e-01 0.00000000e+00
2.99958577e-01 0.00000000e+00
3.00284442e-01 0.00000000e+00
3.00610307e-01 0.00000000e+00
3.00936172e-01 0.00000000e+00
3.01262037e-01 0.00000000e+00
3.01587902e-01 0.00000000e+00
3.01913766e-01 0.00000000e+00
3.02239631e-01 0.00000000e+00
3.02565496e-01 0.00000000e+00
3.02891361e-01 0.00000000e+00
3.03217226e-01 0.00000000e+00
3.03543091e-01 0.00000000e+00
3.03868955e-01 0.00000000e+00
3.04194820e-01 0.00000000e+00
3.04520685e-01 0.00000000e+00
3.04846550e-01 0.00000000e+00
3.05172415e-01 0.00000000e+00
3.05498280e-01 0.00000000e+00
3.05824144e-01 0.00000000e+00
3.06150009e-01 0.00000000e+00
3.06475874e-01 0.00000000e+00
3.06801739e-01 0.00000000e+00
3.07127604e-01 0.00000000e+00
3.07453469e-01 0.00000000e+00
3.07779333e-01 0.00000000e+00
3.08105198e-01 0.00000000e+00
3.08431063e-01 0.00000000e+00
3.08756928e-01 0.00000000e+00
3.09082793e-01 0.00000000e+00
3.09408658e-01 0.00000000e+00
3.09734522e-01 0.00000000e+00
3.10060387e-01 0.00000000e+00
3.10386252e-01 0.00000000e+00
3.10712117e-01 0.00000000e+00
3.11037982e-01 0.00000000e+00
3.11363847e-01 0.00000000e+00
3.11689711e-01 0.00000000e+00
3.12015576e-01 0.00000000e+00
3.12341441e-01 0.00000000e+00
3.12667306e-01 0.00000000e+00
3.12993171e-01 0.00000000e+00
3.13319036e-01 0.00000000e+00
3.13644900e-01 0.00000000e+00
3.13970765e-01 0.00000000e+00
3.14296630e-01 0.00000000e+00
3.14622495e-01 0.00000000e+00
3.14948360e-01 0.00000000e+00
3.15274225e-01 0.00000000e+00
3.15600089e-01 0.00000000e+00
3.15925954e-01 0.00000000e+00
3.16251819e-01 0.00000000e+00
3.16577684e-01 0.00000000e+00
3.16903549e-01 0.00000000e+00
3.17229414e-01 0.00000000e+00
3.17555278e-01 0.00000000e+00
3.17881143e-01 0.00000000e+00
3.18207008e-01 0.00000000e+00
3.18532873e-01 0.00000000e+00
3.18858738e-01 0.00000000e+00
3.19184602e-01 0.00000000e+00
3.19510467e-01 0.00000000e+00
3.19836332e-01 0.00000000e+00
3.20162197e-01 0.00000000e+00
3.20488062e-01 0.00000000e+00
3.20813927e-01 0.00000000e+00
3.21139791e-01 0.00000000e+00
3.21465656e-01 0.00000000e+00
3.21791521e-01 0.00000000e+00
3.22117386e-01 0.00000000e+00
3.22443251e-01 0.00000000e+00
3.22769116e-01 0.00000000e+00
3.23094980e-01 0.00000000e+00
3.23420845e-01 0.00000000e+00
3.23746710e-01 0.00000000e+00
3.24072575e-01 0.00000000e+00
3.24398440e-01 0.00000000e+00
3.24724305e-01 0.00000000e+00
3.25050169e-01 0.00000000e+00
3.25376034e-01 0.00000000e+00
3.25701899e-01 0.00000000e+00
3.26027764e-01 0.00000000e+00
3.26353629e-01 0.00000000e+00
3.26679494e-01 0.00000000e+00
3.27005358e-01 0.00000000e+00
3.27331223e-01 0.00000000e+00
3.27657088e-01 0.00000000e+00
3.27982953e-01 0.00000000e+00
3.28308818e-01 0.00000000e+00
3.28634683e-01 0.00000000e+00
3.28960547e-01 0.00000000e+00
3.29286412e-01 0.00000000e+00
3.29612277e-01 0.00000000e+00
3.29938142e-01 0.00000000e+00
3.30264007e-01 0.00000000e+00
3.30589872e-01 0.00000000e+00
3.30915736e-01 0.00000000e+00
3.31241601e-01 0.00000000e+00
3.31567466e-01 0.00000000e+00
3.31893331e-01 0.00000000e+00
3.32219196e-01 0.00000000e+00
3.32545061e-01 0.00000000e+00
3.32870925e-01 0.00000000e+00
3.33196790e-01 0.00000000e+00
3.33522655e-01 0.00000000e+00
3.33848520e-01 0.00000000e+00
3.34174385e-01 0.00000000e+00
3.34500250e-01 0.00000000e+00
3.34826114e-01 0.00000000e+00
3.35151979e-01 0.00000000e+00
3.35477844e-01 0.00000000e+00
3.35803709e-01 0.00000000e+00
3.36129574e-01 0.00000000e+00
3.36455439e-01 0.00000000e+00
3.36781303e-01 0.00000000e+00
3.37107168e-01 0.00000000e+00
3.37433033e-01 0.00000000e+00
3.37758898e-01 0.00000000e+00
3.38084763e-01 0.00000000e+00
3.38410628e-01 0.00000000e+00
3.38736492e-01 0.00000000e+00
3.39062357e-01 0.00000000e+00
3.39388222e-01 0.00000000e+00
3.39714087e-01 0.00000000e+00
3.40039952e-01 0.00000000e+00
3.40365817e-01 0.00000000e+00
3.40691681e-01 0.00000000e+00
3.41017546e-01 0.00000000e+00
3.41343411e-01 0.00000000e+00
3.41669276e-01 0.00000000e+00
3.41995141e-01 0.00000000e+00
3.42321006e-01 0.00000000e+00
3.42646870e-01 0.00000000e+00
3.42972735e-01 0.00000000e+00
3.43298600e-01 0.00000000e+00
3.43624465e-01 0.00000000e+00
3.43950330e-01 0.00000000e+00
3.44276195e-01 0.00000000e+00
3.44602059e-01 0.00000000e+00
3.44927924e-01 0.00000000e+00
3.45253789e-01 0.00000000e+00
3.45579654e-01 0.00000000e+00
3.45905519e-01 0.00000000e+00
3.46231384e-01 0.00000000e+00
3.46557248e-01 0.00000000e+00
3.46883113e-01 0.00000000e+00
3.47208978e-01 0.00000000e+00
3.47534843e-01 0.00000000e+00
3.47860708e-01 0.00000000e+00
3.48186573e-01 0.00000000e+00
3.48512437e-01 0.00000000e+00
3.48838302e-01 0.00000000e+00
3.49164167e-01 0.00000000e+00
3.49490032e-01 0.00000000e+00
3.49815897e-01 0.00000000e+00
3.50141761e-01 0.00000000e+00
3.50467626e-01 0.00000000e+00
3.50793491e-01 0.00000000e+00
3.51119356e-01 0.00000000e+00
3.51445221e-01 0.00000000e+00
3.51771086e-01 0.00000000e+00
3.52096950e-01 0.00000000e+00
3.52422815e-01 0.00000000e+00
3.52748680e-01 0.00000000e+00
3.53074545e-01 0.00000000e+00
3.53400410e-01 0.00000000e+00
3.53726275e-01 0.00000000e+00
3.54052139e-01 0.00000000e+00
3.54378004e-01 0.00000000e+00
3.54703869e-01 0.00000000e+00
3.55029734e-01 0.00000000e+00
3.55355599e-01 0.00000000e+00
3.55681464e-01 0.00000000e+00
3.56007328e-01 0.00000000e+00
3.56333193e-01 0.00000000e+00
3.56659058e-01 0.00000000e+00
3.56984923e-01 0.00000000e+00
3.57310788e-01 0.00000000e+00
3.57636653e-01 0.00000000e+00
3.57962517e-01 0.00000000e+00
3.58288382e-01 0.00000000e+00
3.58614247e-01 0.00000000e+00
3.58940112e-01 0.00000000e+00
3.59265977e-01 0.00000000e+00
3.59591842e-01 0.00000000e+00
3.59917706e-01 0.00000000e+00
3.60243571e-01 0.00000000e+00
3.60569436e-01 0.00000000e+00
3.60895301e-01 0.00000000e+00
3.61221166e-01 0.00000000e+00
3.61547031e-01 0.00000000e+00
3.61872895e-01 0.00000000e+00
3.62198760e-01 0.00000000e+00
3.62524625e-01 0.00000000e+00
3.62850490e-01 0.00000000e+00
3.63176355e-01 0.00000000e+00
3.63502220e-01 0.00000000e+00
3.63828084e-01 0.00000000e+00
3.64153949e-01 0.00000000e+00
3.64479814e-01 0.00000000e+00
3.64805679e-01 0.00000000e+00
3.65131544e-01 0.00000000e+00
3.65457409e-01 0.00000000e+00
3.65783273e-01 0.00000000e+00
3.66109138e-01 0.00000000e+00
3.66435003e-01 0.00000000e+00
3.66760868e-01 0.00000000e+00
3.67086733e-01 0.00000000e+00
3.67412598e-01 0.00000000e+00
3.67738462e-01 0.00000000e+00
3.68064327e-01 0.00000000e+00
3.68390192e-01 0.00000000e+00
3.68716057e-01 0.00000000e+00
3.69041922e-01 0.00000000e+00
3.69367787e-01 0.00000000e+00
3.69693651e-01 0.00000000e+00
3.70019516e-01 0.00000000e+00
3.70345381e-01 0.00000000e+00
3.70671246e-01 0.00000000e+00
3.70997111e-01 0.00000000e+00
3.71322976e-01 0.00000000e+00
3.71648840e-01 0.00000000e+00
3.71974705e-01 0.00000000e+00
3.72300570e-01 0.00000000e+00
3.72626435e-01 0.00000000e+00
3.72952300e-01 0.00000000e+00
3.73278165e-01 0.00000000e+00
3.73604029e-01 0.00000000e+00
3.73929894e-01 0.00000000e+00
3.74255759e-01 0.00000000e+00
3.74581624e-01 0.00000000e+00
3.74907489e-01 0.00000000e+00
3.75233354e-01 0.00000000e+00
3.75559218e-01 0.00000000e+00
3.75885083e-01 0.00000000e+00
3.76210948e-01 0.00000000e+00
3.76536813e-01 0.00000000e+00
3.76862678e-01 0.00000000e+00
3.77188543e-01 0.00000000e+00
3.77514407e-01 0.00000000e+00
3.77840272e-01 0.00000000e+00
3.78166137e-01 0.00000000e+00
3.78492002e-01 0.00000000e+00
3.78817867e-01 0.00000000e+00
3.79143732e-01 0.00000000e+00
3.79469596e-01 0.00000000e+00
3.79795461e-01 0.00000000e+00
3.80121326e-01 0.00000000e+00
3.80447191e-01 0.00000000e+00
3.80773056e-01 0.00000000e+00
3.81098920e-01 0.00000000e+00
3.81424785e-01 0.00000000e+00
3.81750650e-01 0.00000000e+00
3.82076515e-01 0.00000000e+00
3.82402380e-01 0.00000000e+00
3.82728245e-01 0.00000000e+00
3.83054109e-01 0.00000000e+00
3.83379974e-01 0.00000000e+00
3.83705839e-01 0.00000000e+00
3.84031704e-01 0.00000000e+00
3.84357569e-01 0.00000000e+00
3.84683434e-01 0.00000000e+00
3.85009298e-01 0.00000000e+00
3.85335163e-01 0.00000000e+00
3.85661028e-01 0.00000000e+00
3.85986893e-01 0.00000000e+00
3.86312758e-01 0.00000000e+00
3.86638623e-01 0.00000000e+00
3.86964487e-01 0.00000000e+00
3.87290352e-01 0.00000000e+00
3.87616217e-01 0.00000000e+00
3.87942082e-01 0.00000000e+00
3.88267947e-01 0.00000000e+00
3.88593812e-01 0.00000000e+00
3.88919676e-01 0.00000000e+00
3.89245541e-01 0.00000000e+00
3.89571406e-01 0.00000000e+00
3.89897271e-01 0.00000000e+00
3.90223136e-01 0.00000000e+00
3.90549001e-01 0.00000000e+00
3.90874865e-01 0.00000000e+00
3.91200730e-01 0.00000000e+00
3.91526595e-01 0.00000000e+00
3.91852460e-01 0.00000000e+00
3.92178325e-01 0.00000000e+00
3.92504190e-01 0.00000000e+00
3.92830054e-01 0.00000000e+00
3.93155919e-01 0.00000000e+00
3.93481784e-01 0.00000000e+00
3.93807649e-01 0.00000000e+00
3.94133514e-01 0.00000000e+00
3.94459379e-01 0.00000000e+00
3.94785243e-01 0.00000000e+00
3.95111108e-01 0.00000000e+00
3.95436973e-01 0.00000000e+00
3.95762838e-01 0.00000000e+00
3.96088703e-01 0.00000000e+00
3.96414568e-01 0.00000000e+00
3.96740432e-01 0.00000000e+00
3.97066297e-01 0.00000000e+00
3.97392162e-01 0.00000000e+00
3.97718027e-01 0.00000000e+00
3.98043892e-01 0.00000000e+00
3.98369757e-01 0.00000000e+00
3.98695621e-01 0.00000000e+00
3.99021486e-01 0.00000000e+00
3.99347351e-01 0.00000000e+00
3.99673216e-01 0.00000000e+00
3.99999081e-01 0.00000000e+00
4.00324946e-01 0.00000000e+00
4.00650810e-01 0.00000000e+00
4.00976675e-01 0.00000000e+00
4.01302540e-01 0.00000000e+00
4.01628405e-01 0.00000000e+00
4.01954270e-01 0.00000000e+00
4.02280135e-01 0.00000000e+00
4.02605999e-01 0.00000000e+00
4.02931864e-01 0.00000000e+00
4.03257729e-01 0.00000000e+00
4.03583594e-01 0.00000000e+00
4.03909459e-01 0.00000000e+00
4.04235324e-01 0.00000000e+00
4.04561188e-01 0.00000000e+00
4.04887053e-01 0.00000000e+00
4.05212918e-01 0.00000000e+00
4.05538783e-01 0.00000000e+00
4.05864648e-01 0.00000000e+00
4.06190513e-01 0.00000000e+00
4.06516377e-01 0.00000000e+00
4.06842242e-01 0.00000000e+00
4.07168107e-01 0.00000000e+00
4.07493972e-01 0.00000000e+00
4.07819837e-01 0.00000000e+00
4.08145702e-01 0.00000000e+00
4.08471566e-01 0.00000000e+00
4.08797431e-01 0.00000000e+00
4.09123296e-01 0.00000000e+00
4.09449161e-01 0.00000000e+00
4.09775026e-01 0.00000000e+00
4.10100890e-01 0.00000000e+00
4.10426755e-01 0.00000000e+00
4.10752620e-01 0.00000000e+00
4.11078485e-01 0.00000000e+00
4.11404350e-01 0.00000000e+00
4.11730215e-01 0.00000000e+00
4.12056079e-01 0.00000000e+00
4.12381944e-01 0.00000000e+00
4.12707809e-01 0.00000000e+00
4.13033674e-01 0.00000000e+00
4.13359539e-01 0.00000000e+00
4.13685404e-01 0.00000000e+00
4.14011268e-01 0.00000000e+00
4.14337133e-01 0.00000000e+00
4.14662998e-01 0.00000000e+00
4.14988863e-01 0.00000000e+00
4.15314728e-01 0.00000000e+00
4.15640593e-01 0.00000000e+00
4.15966457e-01 0.00000000e+00
4.16292322e-01 0.00000000e+00
4.16618187e-01 0.00000000e+00
4.16944052e-01 0.00000000e+00
4.17269917e-01 0.00000000e+00
4.17595782e-01 0.00000000e+00
4.17921646e-01 0.00000000e+00
4.18247511e-01 0.00000000e+00
4.18573376e-01 0.00000000e+00
4.18899241e-01 0.00000000e+00
4.19225106e-01 0.00000000e+00
4.19550971e-01 0.00000000e+00
4.19876835e-01 0.00000000e+00
4.20202700e-01 0.00000000e+00
4.20528565e-01 0.00000000e+00
4.20854430e-01 0.00000000e+00
4.21180295e-01 0.00000000e+00
4.21506160e-01 0.00000000e+00
4.21832024e-01 0.00000000e+00
4.22157889e-01 0.00000000e+00
4.22483754e-01 0.00000000e+00
4.22809619e-01 0.00000000e+00
4.23135484e-01 0.00000000e+00
4.23461349e-01 0.00000000e+00
4.23787213e-01 0.00000000e+00
4.24113078e-01 0.00000000e+00
4.24438943e-01 0.00000000e+00
4.24764808e-01 0.00000000e+00
4.25090673e-01 0.00000000e+00
4.25416538e-01 0.00000000e+00
4.25742402e-01 0.00000000e+00
4.26068267e-01 0.00000000e+00
4.26394132e-01 0.00000000e+00
4.26719997e-01 0.00000000e+00
4.27045862e-01 0.00000000e+00
4.27371727e-01 0.00000000e+00
4.27697591e-01 0.00000000e+00
4.28023456e-01 0.00000000e+00
4.28349321e-01 0.00000000e+00
4.28675186e-01 0.00000000e+00
4.29001051e-01 0.00000000e+00
4.29326916e-01 0.00000000e+00
4.29652780e-01 0.00000000e+00
4.29978645e-01 0.00000000e+00
4.30304510e-01 0.00000000e+00
4.30630375e-01 0.00000000e+00
4.30956240e-01 0.00000000e+00
4.31282105e-01 0.00000000e+00
4.31607969e-01 0.00000000e+00
4.31933834e-01 0.00000000e+00
4.32259699e-01 0.00000000e+00
4.32585564e-01 0.00000000e+00
4.32911429e-01 0.00000000e+00
4.33237294e-01 0.00000000e+00
4.33563158e-01 0.00000000e+00
4.33889023e-01 0.00000000e+00
4.34214888e-01 0.00000000e+00
4.34540753e-01 0.00000000e+00
4.34866618e-01 0.00000000e+00
4.35192483e-01 0.00000000e+00
4.35518347e-01 0.00000000e+00
4.35844212e-01 0.00000000e+00
4.36170077e-01 0.00000000e+00
4.36495942e-01 0.00000000e+00
4.36821807e-01 0.00000000e+00
4.37147672e-01 0.00000000e+00
4.37473536e-01 0.00000000e+00
4.37799401e-01 0.00000000e+00
4.38125266e-01 0.00000000e+00
4.38451131e-01 0.00000000e+00
4.38776996e-01 0.00000000e+00
4.39102861e-01 0.00000000e+00
4.39428725e-01 0.00000000e+00
4.39754590e-01 0.00000000e+00
4.40080455e-01 0.00000000e+00
4.40406320e-01 0.00000000e+00
4.40732185e-01 0.00000000e+00
4.41058049e-01 0.00000000e+00
4.41383914e-01 0.00000000e+00
4.41709779e-01 0.00000000e+00
4.42035644e-01 0.00000000e+00
4.42361509e-01 0.00000000e+00
4.42687374e-01 0.00000000e+00
4.43013238e-01 0.00000000e+00
4.43339103e-01 0.00000000e+00
4.43664968e-01 0.00000000e+00
4.43990833e-01 0.00000000e+00
4.44316698e-01 0.00000000e+00
4.44642563e-01 0.00000000e+00
4.44968427e-01 0.00000000e+00
4.45294292e-01 0.00000000e+00
4.45620157e-01 0.00000000e+00
4.45946022e-01 0.00000000e+00
4.46271887e-01 0.00000000e+00
4.46597752e-01 0.00000000e+00
4.46923616e-01 0.00000000e+00
4.47249481e-01 0.00000000e+00
4.47575346e-01 0.00000000e+00
4.47901211e-01 0.00000000e+00
4.48227076e-01 0.00000000e+00
4.48552941e-01 0.00000000e+00
4.48878805e-01 0.00000000e+00
4.49204670e-01 0.00000000e+00
4.49530535e-01 0.00000000e+00
4.49856400e-01 0.00000000e+00
4.50182265e-01 0.00000000e+00
4.50508130e-01 0.00000000e+00
4.50833994e-01 0.00000000e+00
4.51159859e-01 0.00000000e+00
4.51485724e-01 0.00000000e+00
4.51811589e-01 0.00000000e+00
4.52137454e-01 0.00000000e+00
4.52463319e-01 0.00000000e+00
4.52789183e-01 0.00000000e+00
4.53115048e-01 0.00000000e+00
4.53440913e-01 0.00000000e+00
4.53766778e-01 0.00000000e+00
4.54092643e-01 0.00000000e+00
4.54418508e-01 0.00000000e+00
4.54744372e-01 0.00000000e+00
4.55070237e-01 0.00000000e+00
4.55396102e-01 0.00000000e+00
4.55721967e-01 0.00000000e+00
4.56047832e-01 0.00000000e+00
4.56373697e-01 0.00000000e+00
4.56699561e-01 0.00000000e+00
4.57025426e-01 0.00000000e+00
4.57351291e-01 0.00000000e+00
4.57677156e-01 0.00000000e+00
4.58003021e-01 0.00000000e+00
4.58328886e-01 0.00000000e+00
4.58654750e-01 0.00000000e+00
4.58980615e-01 0.00000000e+00
4.59306480e-01 0.00000000e+00
4.59632345e-01 0.00000000e+00
4.59958210e-01 0.00000000e+00
4.60284075e-01 0.00000000e+00
4.60609939e-01 0.00000000e+00
4.60935804e-01 0.00000000e+00
4.61261669e-01 0.00000000e+00
4.61587534e-01 0.00000000e+00
4.61913399e-01 0.00000000e+00
4.62239264e-01 0.00000000e+00
4.62565128e-01 0.00000000e+00
4.62890993e-01 0.00000000e+00
4.63216858e-01 0.00000000e+00
4.63542723e-01 0.00000000e+00
4.63868588e-01 0.00000000e+00
4.64194453e-01 0.00000000e+00
4.64520317e-01 0.00000000e+00
4.64846182e-01 0.00000000e+00
4.65172047e-01 0.00000000e+00
4.65497912e-01 0.00000000e+00
4.65823777e-01 0.00000000e+00
4.66149642e-01 0.00000000e+00
4.66475506e-01 0.00000000e+00
4.66801371e-01 0.00000000e+00
4.67127236e-01 0.00000000e+00
4.67453101e-01 0.00000000e+00
4.67778966e-01 0.00000000e+00
4.68104831e-01 0.00000000e+00
4.68430695e-01 0.00000000e+00
4.68756560e-01 0.00000000e+00
4.69082425e-01 0.00000000e+00
4.69408290e-01 0.00000000e+00
4.69734155e-01 0.00000000e+00
4.70060020e-01 0.00000000e+00
4.70385884e-01 0.00000000e+00
4.70711749e-01 0.00000000e+00
4.71037614e-01 0.00000000e+00
4.71363479e-01 0.00000000e+00
4.71689344e-01 0.00000000e+00
4.72015208e-01 0.00000000e+00
4.72341073e-01 0.00000000e+00
4.72666938e-01 0.00000000e+00
4.72992803e-01 0.00000000e+00
4.73318668e-01 0.00000000e+00
4.73644533e-01 0.00000000e+00
4.73970397e-01 0.00000000e+00
4.74296262e-01 0.00000000e+00
4.74622127e-01 0.00000000e+00
4.74947992e-01 0.00000000e+00
4.75273857e-01 0.00000000e+00
4.75599722e-01 0.00000000e+00
4.75925586e-01 0.00000000e+00
4.76251451e-01 0.00000000e+00
4.76577316e-01 0.00000000e+00
4.76903181e-01 0.00000000e+00
4.77229046e-01 0.00000000e+00
4.77554911e-01 0.00000000e+00
4.77880775e-01 0.00000000e+00
4.78206640e-01 0.00000000e+00
4.78532505e-01 0.00000000e+00
4.78858370e-01 0.00000000e+00
4.79184235e-01 0.00000000e+00
4.79510100e-01 0.00000000e+00
4.79835964e-01 0.00000000e+00
4.80161829e-01 0.00000000e+00
4.80487694e-01 0.00000000e+00
4.80813559e-01 0.00000000e+00
4.81139424e-01 0.00000000e+00
4.81465289e-01 0.00000000e+00
4.81791153e-01 0.00000000e+00
4.82117018e-01 0.00000000e+00
4.82442883e-01 0.00000000e+00
4.82768748e-01 0.00000000e+00
4.83094613e-01 0.00000000e+00
4.83420478e-01 0.00000000e+00
4.83746342e-01 0.00000000e+00
4.84072207e-01 0.00000000e+00
4.84398072e-01 0.00000000e+00
4.84723937e-01 0.00000000e+00
4.85049802e-01 0.00000000e+00
4.85375667e-01 0.00000000e+00
4.85701531e-01 0.00000000e+00
4.86027396e-01 0.00000000e+00
4.86353261e-01 0.00000000e+00
4.86679126e-01 0.00000000e+00
4.87004991e-01 0.00000000e+00
4.87330856e-01 0.00000000e+00
4.87656720e-01 0.00000000e+00
4.87982585e-01 0.00000000e+00
4.88308450e-01 0.00000000e+00
4.88634315e-01 0.00000000e+00
4.88960180e-01 0.00000000e+00
4.89286045e-01 0.00000000e+00
4.89611909e-01 0.00000000e+00
4.89937774e-01 0.00000000e+00
4.90263639e-01 0.00000000e+00
4.90589504e-01 0.00000000e+00
4.90915369e-01 0.00000000e+00
4.91241234e-01 0.00000000e+00
4.91567098e-01 0.00000000e+00
4.91892963e-01 0.00000000e+00
4.92218828e-01 0.00000000e+00
4.92544693e-01 0.00000000e+00
4.92870558e-01 0.00000000e+00
4.93196423e-01 0.00000000e+00
4.93522287e-01 0.00000000e+00
4.93848152e-01 0.00000000e+00
4.94174017e-01 0.00000000e+00
4.94499882e-01 0.00000000e+00
4.94825747e-01 0.00000000e+00
4.95151612e-01 0.00000000e+00
4.95477476e-01 0.00000000e+00
4.95803341e-01 0.00000000e+00
4.96129206e-01 0.00000000e+00
4.96455071e-01 0.00000000e+00
4.96780936e-01 0.00000000e+00
4.97106801e-01 0.00000000e+00
4.97432665e-01 0.00000000e+00
4.97758530e-01 0.00000000e+00
4.98084395e-01 0.00000000e+00
4.98410260e-01 0.00000000e+00
4.98736125e-01 0.00000000e+00
4.99061990e-01 0.00000000e+00
4.99387854e-01 0.00000000e+00
4.99713719e-01 0.00000000e+00
5.00039584e-01 0.00000000e+00
0.00000000e+00 1.62932416e-04
0.00000000e+00 4.88797247e-04
0.00000000e+00 8.14662079e-04
0.00000000e+00 1.14052691e-03
0.00000000e+00 1.46639174e-03
0.00000000e+00 1.79225657e-03
0.00000000e+00 2.11812141e-03
0.00000000e+00 2.44398624e-03
0.00000000e+00 2.76985107e-03
0.00000000e+00 3.09571590e-03
0.00000000e+00 3.42158073e-03
0.00000000e+00 3.74744556e-03
0.00000000e+00 4.07331039e-03
0.00000000e+00 4.39917523e-03
0.00000000e+00 4.72504006e-03
0.00000000e+00 5.05090489e-03
0.00000000e+00 5.37676972e-03
0.00000000e+00 5.70263455e-03
0.00000000e+00 6.02849938e-03
0.00000000e+00 6.35436422e-03
0.00000000e+00 6.68022905e-03
0.00000000e+00 7.00609388e-03
0.00000000e+00 7.33195871e-03
0.00000000e+00 7.65782354e-03
0.00000000e+00 7.98368837e-03
0.00000000e+00 8.30955320e-03
0.00000000e+00 8.63541804e-03
0.00000000e+00 8.96128287e-03
0.00000000e+00 9.28714770e-03
0.00000000e+00 9.61301253e-03
0.00000000e+00 9.93887736e-03
0.00000000e+00 1.02647422e-02
0.00000000e+00 1.05906070e-02
0.00000000e+00 1.09164719e-02
0.00000000e+00 1.12423367e-02
0.00000000e+00 1.15682015e-02
0.00000000e+00 1.18940664e-02
0.00000000e+00 1.22199312e-02
0.00000000e+00 1.25457960e-02
0.00000000e+00 1.28716608e-02
0.00000000e+00 1.31975257e-02
0.00000000e+00 1.35233905e-02
0.00000000e+00 1.38492553e-02
0.00000000e+00 1.41751202e-02
0.00000000e+00 1.45009850e-02
0.00000000e+00 1.48268498e-02
0.00000000e+00 1.51527147e-02
0.00000000e+00 1.54785795e-02
0.00000000e+00 1.58044443e-02
0.00000000e+00 1.61303092e-02
0.00000000e+00 1.64561740e-02
0.00000000e+00 1.67820388e-02
0.00000000e+00 1.71079037e-02
0.00000000e+00 1.74337685e-02
0.00000000e+00 1.77596333e-02
0.00000000e+00 1.80854982e-02
0.00000000e+00 1.84113630e-02
0.00000000e+00 1.87372278e-02
0.00000000e+00 1.90630926e-02
0.00000000e+00 1.93889575e-02
0.00000000e+00 1.97148223e-02
0.00000000e+00 2.00406871e-02
0.00000000e+00 2.03665520e-02
0.00000000e+00 2.06924168e-02
0.00000000e+00 2.10182816e-02
0.00000000e+00 2.13441465e-02
0.00000000e+00 2.16700113e-02
0.00000000e+00 2.19958761e-02
0.00000000e+00 2.23217410e-02
0.00000000e+00 2.26476058e-02
0.00000000e+00 2.29734706e-02
0.00000000e+00 2.32993355e-02
0.00000000e+00 2.36252003e-02
0.00000000e+00 2.39510651e-02
0.00000000e+00 2.42769300e-02
0.00000000e+00 2.46027948e-02
0.00000000e+00 2.49286596e-02
0.00000000e+00 2.52545244e-02
0.00000000e+00 2.55803893e-02
0.00000000e+00 2.59062541e-02
0.00000000e+00 2.62321189e-02
0.00000000e+00 2.65579838e-02
0.00000000e+00 2.68838486e-02
0.00000000e+00 2.72097134e-02
0.00000000e+00 2.75355783e-02
0.00000000e+00 2.78614431e-02
0.00000000e+00 2.81873079e-02
0.00000000e+00 2.85131728e-02
0.00000000e+00 2.88390376e-02
0.00000000e+00 2.91649024e-02
0.00000000e+00 2.94907673e-02
0.00000000e+00 2.98166321e-02
0.00000000e+00 3.01424969e-02
0.00000000e+00 3.04683617e-02
0.00000000e+00 3.07942266e-02
0.00000000e+00 3.11200914e-02
0.00000000e+00 3.14459562e-02
0.00000000e+00 3.17718211e-02
0.00000000e+00 3.20976859e-02
0.00000000e+00 3.24235507e-02
0.00000000e+00 3.27494156e-02
0.00000000e+00 3.30752804e-02
0.00000000e+00 3.34011452e-02
0.00000000e+00 3.37270101e-02
0.00000000e+00 3.40528749e-02
0.00000000e+00 3.43787397e-02
0.00000000e+00 3.47046046e-02
0.00000000e+00 3.50304694e-02
0.00000000e+00 3.53563342e-02
0.00000000e+00 3.56821991e-02
0.00000000e+00 3.60080639e-02
0.00000000e+00 3.63339287e-02
0.00000000e+00 3.66597935e-02
0.00000000e+00 3.69856584e-02
0.00000000e+00 3.73115232e-02
0.00000000e+00 3.76373880e-02
0.00000000e+00 3.79632529e-02
0.00000000e+00 3.82891177e-02
0.00000000e+00 3.86149825e-02
0.00000000e+00 3.89408474e-02
0.00000000e+00 3.92667122e-02
0.00000000e+00 3.95925770e-02
0.00000000e+00 3.99184419e-02
0.00000000e+00 4.02443067e-02
0.00000000e+00 4.05701715e-02
0.00000000e+00 4.08960364e-02
0.00000000e+00 4.12219012e-02
0.00000000e+00 4.15477660e-02
0.00000000e+00 4.18736309e-02
0.00000000e+00 4.21994957e-02
0.00000000e+00 4.25253605e-02
0.00000000e+00 4.28512253e-02
0.00000000e+00 4.31770902e-02
0.00000000e+00 4.35029550e-02
0.00000000e+00 4.38288198e-02
0.00000000e+00 4.41546847e-02
0.00000000e+00 4.44805495e-02
0.00000000e+00 4.48064143e-02
0.00000000e+00 4.51322792e-02
0.00000000e+00 4.54581440e-02
0.00000000e+00 4.57840088e-02
0.00000000e+00 4.61098737e-02
0.00000000e+00 4.64357385e-02
0.00000000e+00 4.67616033e-02
0.00000000e+00 4.70874682e-02
0.00000000e+00 4.74133330e-02
0.00000000e+00 4.77391978e-02
0.00000000e+00 4.80650627e-02
0.00000000e+00 4.83909275e-02
0.00000000e+00 4.87167923e-02
0.00000000e+00 4.90426571e-02
0.00000000e+00 4.93685220e-02
0.00000000e+00 4.96943868e-02
0.00000000e+00 5.00202516e-02
0.00000000e+00 5.03461165e-02
0.00000000e+00 5.06719813e-02
0.00000000e+00 5.09978461e-02
0.00000000e+00 5.13237110e-02
0.00000000e+00 5.16495758e-02
0.00000000e+00 5.19754406e-02
0.00000000e+00 5.23013055e-02
0.00000000e+00 5.26271703e-02
0.00000000e+00 5.29530351e-02
0.00000000e+00 5.32789000e-02
0.00000000e+00 5.36047648e-02
0.00000000e+00 5.39306296e-02
0.00000000e+00 5.42564945e-02
0.00000000e+00 5.45823593e-02
0.00000000e+00 5.49082241e-02
0.00000000e+00 5.52340889e-02
0.00000000e+00 5.55599538e-02
0.00000000e+00 5.58858186e-02
0.00000000e+00 5.62116834e-02
0.00000000e+00 5.65375483e-02
0.00000000e+00 5.68634131e-02
0.00000000e+00 5.71892779e-02
0.00000000e+00 5.75151428e-02
0.00000000e+00 5.78410076e-02
0.00000000e+00 5.81668724e-02
0.00000000e+00 5.84927373e-02
0.00000000e+00 5.88186021e-02
0.00000000e+00 5.91444669e-02
0.00000000e+00 5.94703318e-02
0.00000000e+00 5.97961966e-02
0.00000000e+00 6.01220614e-02
0.00000000e+00 6.04479263e-02
0.00000000e+00 6.07737911e-02
0.00000000e+00 6.10996559e-02
0.00000000e+00 6.14255207e-02
0.00000000e+00 6.17513856e-02
0.00000000e+00 6.20772504e-02
0.00000000e+00 6.24031152e-02
0.00000000e+00 6.27289801e-02
0.00000000e+00 6.30548449e-02
0.00000000e+00 6.33807097e-02
0.00000000e+00 6.37065746e-02
0.00000000e+00 6.40324394e-02
0.00000000e+00 6.43583042e-02
0.00000000e+00 6.46841691e-02
0.00000000e+00 6.50100339e-02
0.00000000e+00 6.53358987e-02
0.00000000e+00 6.56617636e-02
0.00000000e+00 6.59876284e-02
0.00000000e+00 6.63134932e-02
0.00000000e+00 6.66393581e-02
0.00000000e+00 6.69652229e-02
0.00000000e+00 6.72910877e-02
0.00000000e+00 6.76169525e-02
0.00000000e+00 6.79428174e-02
0.00000000e+00 6.82686822e-02
0.00000000e+00 6.85945470e-02
0.00000000e+00 6.89204119e-02
0.00000000e+00 6.92462767e-02
0.00000000e+00 6.95721415e-02
0.00000000e+00 6.98980064e-02
0.00000000e+00 7.02238712e-02
0.00000000e+00 7.05497360e-02
0.00000000e+00 7.08756009e-02
0.00000000e+00 7.12014657e-02
0.00000000e+00 7.15273305e-02
0.00000000e+00 7.18531954e-02
0.00000000e+00 7.21790602e-02
0.00000000e+00 7.25049250e-02
0.00000000e+00 7.28307899e-02
0.00000000e+00 7.31566547e-02
0.00000000e+00 7.34825195e-02
0.00000000e+00 7.38083843e-02
0.00000000e+00 7.41342492e-02
0.00000000e+00 7.44601140e-02
0.00000000e+00 7.47859788e-02
0.00000000e+00 7.51118437e-02
0.00000000e+00 7.54377085e-02
0.00000000e+00 7.57635733e-02
0.00000000e+00 7.60894382e-02
0.00000000e+00 7.64153030e-02
0.00000000e+00 7.67411678e-02
0.00000000e+00 7.70670327e-02
0.00000000e+00 7.73928975e-02
0.00000000e+00 7.77187623e-02
0.00000000e+00 7.80446272e-02
0.00000000e+00 7.83704920e-02
0.00000000e+00 7.86963568e-02
0.00000000e+00 7.90222216e-02
0.00000000e+00 7.93480865e-02
0.00000000e+00 7.96739513e-02
0.00000000e+00 7.99998161e-02
0.00000000e+00 8.03256810e-02
0.00000000e+00 8.06515458e-02
0.00000000e+00 8.09774106e-02
0.00000000e+00 8.13032755e-02
0.00000000e+00 8.16291403e-02
0.00000000e+00 8.19550051e-02
0.00000000e+00 8.22808700e-02
0.00000000e+00 8.26067348e-02
0.00000000e+00 8.29325996e-02
0.00000000e+00 8.32584645e-02
0.00000000e+00 8.35843293e-02
0.00000000e+00 8.39101941e-02
0.00000000e+00 8.42360590e-02
0.00000000e+00 8.45619238e-02
0.00000000e+00 8.48877886e-02
0.00000000e+00 8.52136534e-02
0.00000000e+00 8.55395183e-02
0.00000000e+00 8.58653831e-02
0.00000000e+00 8.61912479e-02
0.00000000e+00 8.65171128e-02
0.00000000e+00 8.68429776e-02
0.00000000e+00 8.71688424e-02
0.00000000e+00 8.74947073e-02
0.00000000e+00 8.78205721e-02
0.00000000e+00 8.81464369e-02
0.00000000e+00 8.84723018e-02
0.00000000e+00 8.87981666e-02
0.00000000e+00 8.91240314e-02
0.00000000e+00 8.94498963e-02
0.00000000e+00 8.97757611e-02
0.00000000e+00 9.01016259e-02
0.00000000e+00 9.04274908e-02
0.00000000e+00 9.07533556e-02
0.00000000e+00 9.10792204e-02
0.00000000e+00 9.14050852e-02
0.00000000e+00 9.17309501e-02
0.00000000e+00 9.20568149e-02
0.00000000e+00 9.23826797e-02
0.00000000e+00 9.27085446e-02
0.00000000e+00 9.30344094e-02
0.00000000e+00 9.33602742e-02
0.00000000e+00 9.36861391e-02
0.00000000e+00 9.40120039e-02
0.00000000e+00 9.43378687e-02
0.00000000e+00 9.46637336e-02
0.00000000e+00 9.49895984e-02
0.00000000e+00 9.53154632e-02
0.00000000e+00 9.56413281e-02
0.00000000e+00 9.59671929e-02
0.00000000e+00 9.62930577e-02
0.00000000e+00 9.66189226e-02
0.00000000e+00 9.69447874e-02
0.00000000e+00 9.72706522e-02
0.00000000e+00 9.75965170e-02
0.00000000e+00 9.79223819e-02
0.00000000e+00 9.82482467e-02
0.00000000e+00 9.85741115e-02
0.00000000e+00 9.88999764e-02
0.00000000e+00 9.92258412e-02
0.00000000e+00 9.95517060e-02
0.00000000e+00 9.98775709e-02
0.00000000e+00 1.00203436e-01
0.00000000e+00 1.00529301e-01
0.00000000e+00 1.00855165e-01
0.00000000e+00 1.01181030e-01
0.00000000e+00 1.01506895e-01
0.00000000e+00 1.01832760e-01
0.00000000e+00 1.02158625e-01
0.00000000e+00 1.02484490e-01
0.00000000e+00 1.02810354e-01
0.00000000e+00 1.03136219e-01
0.00000000e+00 1.03462084e-01
0.00000000e+00 1.03787949e-01
0.00000000e+00 1.04113814e-01
0.00000000e+00 1.04439679e-01
0.00000000e+00 1.04765543e-01
0.00000000e+00 1.05091408e-01
0.00000000e+00 1.05417273e-01
0.00000000e+00 1.05743138e-01
0.00000000e+00 1.06069003e-01
0.00000000e+00 1.06394867e-01
0.00000000e+00 1.06720732e-01
0.00000000e+00 1.07046597e-01
0.00000000e+00 1.07372462e-01
0.00000000e+00 1.07698327e-01
0.00000000e+00 1.08024192e-01
0.00000000e+00 1.08350056e-01
0.00000000e+00 1.08675921e-01
0.00000000e+00 1.09001786e-01
0.00000000e+00 1.09327651e-01
0.00000000e+00 1.09653516e-01
0.00000000e+00 1.09979381e-01
0.00000000e+00 1.10305245e-01
0.00000000e+00 1.10631110e-01
0.00000000e+00 1.10956975e-01
0.00000000e+00 1.11282840e-01
0.00000000e+00 1.11608705e-01
0.00000000e+00 1.11934570e-01
0.00000000e+00 1.12260434e-01
0.00000000e+00 1.12586299e-01
0.00000000e+00 1.12912164e-01
0.00000000e+00 1.13238029e-01
0.00000000e+00 1.13563894e-01
0.00000000e+00 1.13889759e-01
0.00000000e+00 1.14215623e-01
0.00000000e+00 1.14541488e-01
0.00000000e+00 1.14867353e-01
0.00000000e+00 1.15193218e-01
0.00000000e+00 1.15519083e-01
0.00000000e+00 1.15844948e-01
0.00000000e+00 1.16170812e-01
0.00000000e+00 1.16496677e-01
0.00000000e+00 1.16822542e-01
0.00000000e+00 1.17148407e-01
0.00000000e+00 1.17474272e-01
0.00000000e+00 1.17800137e-01
0.00000000e+00 1.18126001e-01
0.00000000e+00 1.18451866e-01
0.00000000e+00 1.18777731e-01
0.00000000e+00 1.19103596e-01
0.00000000e+00 1.19429461e-01
0.00000000e+00 1.19755326e-01
0.00000000e+00 1.20081190e-01
0.00000000e+00 1.20407055e-01
0.00000000e+00 1.20732920e-01
0.00000000e+00 1.21058785e-01
0.00000000e+00 1.21384650e-01
0.00000000e+00 1.21710515e-01
0.00000000e+00 1.22036379e-01
0.00000000e+00 1.22362244e-01
0.00000000e+00 1.22688109e-01
0.00000000e+00 1.23013974e-01
0.00000000e+00 1.23339839e-01
0.00000000e+00 1.23665704e-01
0.00000000e+00 1.23991568e-01
0.00000000e+00 1.24317433e-01
0.00000000e+00 1.24643298e-01
0.00000000e+00 1.24969163e-01
0.00000000e+00 1.25295028e-01
0.00000000e+00 1.25620893e-01
0.00000000e+00 1.25946757e-01
0.00000000e+00 1.26272622e-01
0.00000000e+00 1.26598487e-01
0.00000000e+00 1.26924352e-01
0.00000000e+00 1.27250217e-01
0.00000000e+00 1.27576082e-01
0.00000000e+00 1.27901946e-01
0.00000000e+00 1.28227811e-01
0.00000000e+00 1.28553676e-01
0.00000000e+00 1.28879541e-01
0.00000000e+00 1.29205406e-01
0.00000000e+00 1.29531271e-01
0.00000000e+00 1.29857135e-01
0.00000000e+00 1.30183000e-01
0.00000000e+00 1.30508865e-01
0.00000000e+00 1.30834730e-01
0.00000000e+00 1.31160595e-01
0.00000000e+00 1.31486460e-01
0.00000000e+00 1.31812324e-01
0.00000000e+00 1.32138189e-01
0.00000000e+00 1.32464054e-01
0.00000000e+00 1.32789919e-01
0.00000000e+00 1.33115784e-01
0.00000000e+00 1.33441649e-01
0.00000000e+00 1.33767513e-01
0.00000000e+00 1.34093378e-01
0.00000000e+00 1.34419243e-01
0.00000000e+00 1.34745108e-01
0.00000000e+00 1.35070973e-01
0.00000000e+00 1.35396838e-01
0.00000000e+00 1.35722702e-01
0.00000000e+00 1.36048567e-01
0.00000000e+00 1.36374432e-01
0.00000000e+00 1.36700297e-01
0.00000000e+00 1.37026162e-01
0.00000000e+00 1.37352026e-01
0.00000000e+00 1.37677891e-01
0.00000000e+00 1.38003756e-01
0.00000000e+00 1.38329621e-01
0.00000000e+00 1.38655486e-01
0.00000000e+00 1.38981351e-01
0.00000000e+00 1.39307215e-01
0.00000000e+00 1.39633080e-01
0.00000000e+00 1.39958945e-01
0.00000000e+00 1.40284810e-01
0.00000000e+00 1.40610675e-01
0.00000000e+00 1.40936540e-01
0.00000000e+00 1.41262404e-01
0.00000000e+00 1.41588269e-01
0.00000000e+00 1.41914134e-01
0.00000000e+00 1.42239999e-01
0.00000000e+00 1.42565864e-01
0.00000000e+00 1.42891729e-01
0.00000000e+00 1.43217593e-01
0.00000000e+00 1.43543458e-01
0.00000000e+00 1.43869323e-01
0.00000000e+00 1.44195188e-01
0.00000000e+00 1.44521053e-01
0.00000000e+00 1.44846918e-01
0.00000000e+00 1.45172782e-01
0.00000000e+00 1.45498647e-01
0.00000000e+00 1.45824512e-01
0.00000000e+00 1.46150377e-01
0.00000000e+00 1.46476242e-01
0.00000000e+00 1.46802107e-01
0.00000000e+00 1.47127971e-01
0.00000000e+00 1.47453836e-01
0.00000000e+00 1.47779701e-01
0.00000000e+00 1.48105566e-01
0.00000000e+00 1.48431431e-01
0.00000000e+00 1.48757296e-01
0.00000000e+00 1.49083160e-01
0.00000000e+00 1.49409025e-01
0.00000000e+00 1.49734890e-01
0.00000000e+00 1.50060755e-01
0.00000000e+00 1.50386620e-01
0.00000000e+00 1.50712485e-01
0.00000000e+00 1.51038349e-01
0.00000000e+00 1.51364214e-01
0.00000000e+00 1.51690079e-01
0.00000000e+00 1.52015944e-01
0.00000000e+00 1.52341809e-01
0.00000000e+00 1.52667674e-01
0.00000000e+00 1.52993538e-01
0.00000000e+00 1.53319403e-01
0.00000000e+00 1.53645268e-01
0.00000000e+00 1.53971133e-01
0.00000000e+00 1.54296998e-01
0.00000000e+00 1.54622863e-01
0.00000000e+00 1.54948727e-01
0.00000000e+00 1.55274592e-01
0.00000000e+00 1.55600457e-01
0.00000000e+00 1.55926322e-01
0.00000000e+00 1.56252187e-01
0.00000000e+00 1.56578052e-01
0.00000000e+00 1.56903916e-01
0.00000000e+00 1.57229781e-01
0.00000000e+00 1.57555646e-01
0.00000000e+00 1.57881511e-01
0.00000000e+00 1.58207376e-01
0.00000000e+00 1.58533241e-01
0.00000000e+00 1.58859105e-01
0.00000000e+00 1.59184970e-01
0.00000000e+00 1.59510835e-01
0.00000000e+00 1.59836700e-01
0.00000000e+00 1.60162565e-01
0.00000000e+00 1.60488430e-01
0.00000000e+00 1.60814294e-01
0.00000000e+00 1.61140159e-01
0.00000000e+00 1.61466024e-01
0.00000000e+00 1.61791889e-01
0.00000000e+00 1.62117754e-01
0.00000000e+00 1.62443619e-01
0.00000000e+00 1.62769483e-01
0.00000000e+00 1.63095348e-01
0.00000000e+00 1.63421213e-01
0.00000000e+00 1.63747078e-01
0.00000000e+00 1.64072943e-01
0.00000000e+00 1.64398808e-01
0.00000000e+00 1.64724672e-01
0.00000000e+00 1.65050537e-01
0.00000000e+00 1.65376402e-01
0.00000000e+00 1.65702267e-01
0.00000000e+00 1.66028132e-01
0.00000000e+00 1.66353997e-01
0.00000000e+00 1.66679861e-01
0.00000000e+00 1.67005726e-01
0.00000000e+00 1.67331591e-01
0.00000000e+00 1.67657456e-01
0.00000000e+00 1.67983321e-01
0.00000000e+00 1.68309185e-01
0.00000000e+00 1.68635050e-01
0.00000000e+00 1.68960915e-01
0.00000000e+00 1.69286780e-01
0.00000000e+00 1.69612645e-01
0.00000000e+00 1.69938510e-01
0.00000000e+00 1.70264374e-01
0.00000000e+00 1.70590239e-01
0.00000000e+00 1.70916104e-01
0.00000000e+00 1.71241969e-01
0.00000000e+00 1.71567834e-01
0.00000000e+00 1.71893699e-01
0.00000000e+00 1.72219563e-01
0.00000000e+00 1.72545428e-01
0.00000000e+00 1.72871293e-01
0.00000000e+00 1.73197158e-01
0.00000000e+00 1.73523023e-01
0.00000000e+00 1.73848888e-01
0.00000000e+00 1.74174752e-01
0.00000000e+00 1.74500617e-01
0.00000000e+00 1.74826482e-01
0.00000000e+00 1.75152347e-01
0.00000000e+00 1.75478212e-01
0.00000000e+00 1.75804077e-01
0.00000000e+00 1.76129941e-01
0.00000000e+00 1.76455806e-01
0.00000000e+00 1.76781671e-01
0.00000000e+00 1.77107536e-01
0.00000000e+00 1.77433401e-01
0.00000000e+00 1.77759266e-01
0.00000000e+00 1.78085130e-01
0.00000000e+00 1.78410995e-01
0.00000000e+00 1.78736860e-01
0.00000000e+00 1.79062725e-01
0.00000000e+00 1.79388590e-01
0.00000000e+00 1.79714455e-01
0.00000000e+00 1.80040319e-01
0.00000000e+00 1.80366184e-01
0.00000000e+00 1.80692049e-01
0.00000000e+00 1.81017914e-01
0.00000000e+00 1.81343779e-01
0.00000000e+00 1.81669644e-01
0.00000000e+00 1.81995508e-01
0.00000000e+00 1.82321373e-01
0.00000000e+00 1.82647238e-01
0.00000000e+00 1.82973103e-01
0.00000000e+00 1.83298968e-01
0.00000000e+00 1.83624833e-01
0.00000000e+00 1.83950697e-01
0.00000000e+00 1.84276562e-01
0.00000000e+00 1.84602427e-01
0.00000000e+00 1.84928292e-01
0.00000000e+00 1.85254157e-01
0.00000000e+00 1.85580022e-01
0.00000000e+00 1.85905886e-01
0.00000000e+00 1.86231751e-01
0.00000000e+00 1.86557616e-01
0.00000000e+00 1.86883481e-01
0.00000000e+00 1.87209346e-01
0.00000000e+00 1.87535211e-01
0.00000000e+00 1.87861075e-01
0.00000000e+00 1.88186940e-01
0.00000000e+00 1.88512805e-01
0.00000000e+00 1.88838670e-01
0.00000000e+00 1.89164535e-01
0.00000000e+00 1.89490400e-01
0.00000000e+00 1.89816264e-01
0.00000000e+00 1.90142129e-01
0.00000000e+00 1.90467994e-01
0.00000000e+00 1.90793859e-01
0.00000000e+00 1.91119724e-01
0.00000000e+00 1.91445589e-01
0.00000000e+00 1.91771453e-01
0.00000000e+00 1.92097318e-01
0.00000000e+00 1.92423183e-01
0.00000000e+00 1.92749048e-01
0.00000000e+00 1.93074913e-01
0.00000000e+00 1.93400778e-01
0.00000000e+00 1.93726642e-01
0.00000000e+00 1.94052507e-01
0.00000000e+00 1.94378372e-01
0.00000000e+00 1.94704237e-01
0.00000000e+00 1.95030102e-01
0.00000000e+00 1.95355967e-01
0.00000000e+00 1.95681831e-01
0.00000000e+00 1.96007696e-01
0.00000000e+00 1.96333561e-01
0.00000000e+00 1.96659426e-01
0.00000000e+00 1.96985291e-01
0.00000000e+00 1.97311156e-01
0.00000000e+00 1.97637020e-01
0.00000000e+00 1.97962885e-01
0.00000000e+00 1.98288750e-01
0.00000000e+00 1.98614615e-01
0.00000000e+00 1.98940480e-01
0.00000000e+00 1.99266344e-01
0.00000000e+00 1.99592209e-01
0.00000000e+00 1.99918074e-01
0.00000000e+00 2.00243939e-01
0.00000000e+00 2.00569804e-01
0.00000000e+00 2.00895669e-01
0.00000000e+00 2.01221533e-01
0.00000000e+00 2.01547398e-01
0.00000000e+00 2.01873263e-01
0.00000000e+00 2.02199128e-01
0.00000000e+00 2.02524993e-01
0.00000000e+00 2.02850858e-01
0.00000000e+00 2.03176722e-01
0.00000000e+00 2.03502587e-01
0.00000000e+00 2.03828452e-01
0.00000000e+00 2.04154317e-01
0.00000000e+00 2.04480182e-01
0.00000000e+00 2.04806047e-01
0.00000000e+00 2.05131911e-01
0.00000000e+00 2.05457776e-01
0.00000000e+00 2.05783641e-01
0.00000000e+00 2.06109506e-01
0.00000000e+00 2.06435371e-01
0.00000000e+00 2.06761236e-01
0.00000000e+00 2.07087100e-01
0.00000000e+00 2.07412965e-01
0.00000000e+00 2.07738830e-01
0.00000000e+00 2.08064695e-01
0.00000000e+00 2.08390560e-01
0.00000000e+00 2.08716425e-01
0.00000000e+00 2.09042289e-01
0.00000000e+00 2.09368154e-01
0.00000000e+00 2.09694019e-01
0.00000000e+00 2.10019884e-01
0.00000000e+00 2.10345749e-01
0.00000000e+00 2.10671614e-01
0.00000000e+00 2.10997478e-01
0.00000000e+00 2.11323343e-01
0.00000000e+00 2.11649208e-01
0.00000000e+00 2.11975073e-01
0.00000000e+00 2.12300938e-01
0.00000000e+00 2.12626803e-01
0.00000000e+00 2.12952667e-01
0.00000000e+00 2.13278532e-01
0.00000000e+00 2.13604397e-01
0.00000000e+00 2.13930262e-01
0.00000000e+00 2.14256127e-01
0.00000000e+00 2.14581992e-01
0.00000000e+00 2.14907856e-01
0.00000000e+00 2.15233721e-01
0.00000000e+00 2.15559586e-01
0.00000000e+00 2.15885451e-01
0.00000000e+00 2.16211316e-01
0.00000000e+00 2.16537181e-01
0.00000000e+00 2.16863045e-01
0.00000000e+00 2.17188910e-01
0.00000000e+00 2.17514775e-01
0.00000000e+00 2.17840640e-01
0.00000000e+00 2.18166505e-01
0.00000000e+00 2.18492370e-01
0.00000000e+00 2.18818234e-01
0.00000000e+00 2.19144099e-01
0.00000000e+00 2.19469964e-01
0.00000000e+00 2.19795829e-01
0.00000000e+00 2.20121694e-01
0.00000000e+00 2.20447559e-01
0.00000000e+00 2.20773423e-01
0.00000000e+00 2.21099288e-01
0.00000000e+00 2.21425153e-01
0.00000000e+00 2.21751018e-01
0.00000000e+00 2.22076883e-01
0.00000000e+00 2.22402748e-01
0.00000000e+00 2.22728612e-01
0.00000000e+00 2.23054477e-01
0.00000000e+00 2.23380342e-01
0.00000000e+00 2.23706207e-01
0.00000000e+00 2.24032072e-01
0.00000000e+00 2.24357937e-01
0.00000000e+00 2.24683801e-01
0.00000000e+00 2.25009666e-01
0.00000000e+00 2.25335531e-01
0.00000000e+00 2.25661396e-01
0.00000000e+00 2.25987261e-01
0.00000000e+00 2.26313126e-01
0.00000000e+00 2.26638990e-01
0.00000000e+00 2.26964855e-01
0.00000000e+00 2.27290720e-01
0.00000000e+00 2.27616585e-01
0.00000000e+00 2.27942450e-01
0.00000000e+00 2.28268314e-01
0.00000000e+00 2.28594179e-01
0.00000000e+00 2.28920044e-01
0.00000000e+00 2.29245909e-01
0.00000000e+00 2.29571774e-01
0.00000000e+00 2.29897639e-01
0.00000000e+00 2.30223503e-01
0.00000000e+00 2.30549368e-01
0.00000000e+00 2.30875233e-01
0.00000000e+00 2.31201098e-01
0.00000000e+00 2.31526963e-01
0.00000000e+00 2.31852828e-01
0.00000000e+00 2.32178692e-01
0.00000000e+00 2.32504557e-01
0.00000000e+00 2.32830422e-01
0.00000000e+00 2.33156287e-01
0.00000000e+00 2.33482152e-01
0.00000000e+00 2.33808017e-01
0.00000000e+00 2.34133881e-01
0.00000000e+00 2.34459746e-01
0.00000000e+00 2.34785611e-01
0.00000000e+00 2.35111476e-01
0.00000000e+00 2.35437341e-01
0.00000000e+00 2.35763206e-01
0.00000000e+00 2.36089070e-01
0.00000000e+00 2.36414935e-01
0.00000000e+00 2.36740800e-01
0.00000000e+00 2.37066665e-01
0.00000000e+00 2.37392530e-01
0.00000000e+00 2.37718395e-01
0.00000000e+00 2.38044259e-01
0.00000000e+00 2.38370124e-01
0.00000000e+00 2.38695989e-01
0.00000000e+00 2.39021854e-01
0.00000000e+00 2.39347719e-01
0.00000000e+00 2.39673584e-01
0.00000000e+00 2.39999448e-01
0.00000000e+00 2.40325313e-01
0.00000000e+00 2.40651178e-01
0.00000000e+00 2.40977043e-01
0.00000000e+00 2.41302908e-01
0.00000000e+00 2.41628773e-01
0.00000000e+00 2.41954637e-01
0.00000000e+00 2.42280502e-01
0.00000000e+00 2.42606367e-01
0.00000000e+00 2.42932232e-01
0.00000000e+00 2.43258097e-01
0.00000000e+00 2.43583962e-01
0.00000000e+00 2.43909826e-01
0.00000000e+00 2.44235691e-01
0.00000000e+00 2.44561556e-01
0.00000000e+00 2.44887421e-01
0.00000000e+00 2.45213286e-01
0.00000000e+00 2.45539151e-01
0.00000000e+00 2.45865015e-01
0.00000000e+00 2.46190880e-01
0.00000000e+00 2.46516745e-01
0.00000000e+00 2.46842610e-01
0.00000000e+00 2.47168475e-01
0.00000000e+00 2.47494340e-01
0.00000000e+00 2.47820204e-01
0.00000000e+00 2.48146069e-01
0.00000000e+00 2.48471934e-01
0.00000000e+00 2.48797799e-01
0.00000000e+00 2.49123664e-01
0.00000000e+00 2.49449529e-01
0.00000000e+00 2.49775393e-01
0.00000000e+00 2.50101258e-01
0.00000000e+00 2.50427123e-01
0.00000000e+00 2.50752988e-01
0.00000000e+00 2.51078853e-01
0.00000000e+00 2.51404718e-01
0.00000000e+00 2.51730582e-01
0.00000000e+00 2.52056447e-01
0.00000000e+00 2.52382312e-01
0.00000000e+00 2.52708177e-01
0.00000000e+00 2.53034042e-01
0.00000000e+00 2.53359907e-01
0.00000000e+00 2.53685771e-01
0.00000000e+00 2.54011636e-01
0.00000000e+00 2.54337501e-01
0.00000000e+00 2.54663366e-01
0.00000000e+00 2.54989231e-01
0.00000000e+00 2.55315096e-01
0.00000000e+00 2.55640960e-01
0.00000000e+00 2.55966825e-01
0.00000000e+00 2.56292690e-01
0.00000000e+00 2.56618555e-01
0.00000000e+00 2.56944420e-01
0.00000000e+00 2.57270285e-01
0.00000000e+00 2.57596149e-01
0.00000000e+00 2.57922014e-01
0.00000000e+00 2.58247879e-01
0.00000000e+00 2.58573744e-01
0.00000000e+00 2.58899609e-01
0.00000000e+00 2.59225473e-01
0.00000000e+00 2.59551338e-01
0.00000000e+00 2.59877203e-01
0.00000000e+00 2.60203068e-01
0.00000000e+00 2.60528933e-01
0.00000000e+00 2.60854798e-01
0.00000000e+00 2.61180662e-01
0.00000000e+00 2.61506527e-01
0.00000000e+00 2.61832392e-01
0.00000000e+00 2.62158257e-01
0.00000000e+00 2.62484122e-01
0.00000000e+00 2.62809987e-01
0.00000000e+00 2.63135851e-01
0.00000000e+00 2.63461716e-01
0.00000000e+00 2.63787581e-01
0.00000000e+00 2.64113446e-01
0.00000000e+00 2.64439311e-01
0.00000000e+00 2.64765176e-01
0.00000000e+00 2.65091040e-01
0.00000000e+00 2.65416905e-01
0.00000000e+00 2.65742770e-01
0.00000000e+00 2.66068635e-01
0.00000000e+00 2.66394500e-01
0.00000000e+00 2.66720365e-01
0.00000000e+00 2.67046229e-01
0.00000000e+00 2.67372094e-01
0.00000000e+00 2.67697959e-01
0.00000000e+00 2.68023824e-01
0.00000000e+00 2.68349689e-01
0.00000000e+00 2.68675554e-01
0.00000000e+00 2.69001418e-01
0.00000000e+00 2.69327283e-01
0.00000000e+00 2.69653148e-01
0.00000000e+00 2.69979013e-01
0.00000000e+00 2.70304878e-01
0.00000000e+00 2.70630743e-01
0.00000000e+00 2.70956607e-01
0.00000000e+00 2.71282472e-01
0.00000000e+00 2.71608337e-01
0.00000000e+00 2.71934202e-01
0.00000000e+00 2.72260067e-01
0.00000000e+00 2.72585932e-01
0.00000000e+00 2.72911796e-01
0.00000000e+00 2.73237661e-01
0.00000000e+00 2.73563526e-01
0.00000000e+00 2.73889391e-01
0.00000000e+00 2.74215256e-01
0.00000000e+00 2.74541121e-01
0.00000000e+00 2.74866985e-01
0.00000000e+00 2.75192850e-01
0.00000000e+00 2.75518715e-01
0.00000000e+00 2.75844580e-01
0.00000000e+00 2.76170445e-01
0.00000000e+00 2.76496310e-01
0.00000000e+00 2.76822174e-01
0.00000000e+00 2.77148039e-01
0.00000000e+00 2.77473904e-01
0.00000000e+00 2.77799769e-01
0.00000000e+00 2.78125634e-01
0.00000000e+00 2.78451499e-01
0.00000000e+00 2.78777363e-01
0.00000000e+00 2.79103228e-01
0.00000000e+00 2.79429093e-01
0.00000000e+00 2.79754958e-01
0.00000000e+00 2.80080823e-01
0.00000000e+00 2.80406688e-01
0.00000000e+00 2.80732552e-01
0.00000000e+00 2.81058417e-01
0.00000000e+00 2.81384282e-01
0.00000000e+00 2.81710147e-01
0.00000000e+00 2.82036012e-01
0.00000000e+00 2.82361877e-01
0.00000000e+00 2.82687741e-01
0.00000000e+00 2.83013606e-01
0.00000000e+00 2.83339471e-01
0.00000000e+00 2.83665336e-01
0.00000000e+00 2.83991201e-01
0.00000000e+00 2.84317066e-01
0.00000000e+00 2.84642930e-01
0.00000000e+00 2.84968795e-01
0.00000000e+00 2.85294660e-01
0.00000000e+00 2.85620525e-01
0.00000000e+00 2.85946390e-01
0.00000000e+00 2.86272255e-01
0.00000000e+00 2.86598119e-01
0.00000000e+00 2.86923984e-01
0.00000000e+00 2.87249849e-01
0.00000000e+00 2.87575714e-01
0.00000000e+00 2.87901579e-01
0.00000000e+00 2.88227444e-01
0.00000000e+00 2.88553308e-01
0.00000000e+00 2.88879173e-01
0.00000000e+00 2.89205038e-01
0.00000000e+00 2.89530903e-01
0.00000000e+00 2.89856768e-01
0.00000000e+00 2.90182632e-01
0.00000000e+00 2.90508497e-01
0.00000000e+00 2.90834362e-01
0.00000000e+00 2.91160227e-01
0.00000000e+00 2.91486092e-01
0.00000000e+00 2.91811957e-01
0.00000000e+00 2.92137821e-01
0.00000000e+00 2.92463686e-01
0.00000000e+00 2.92789551e-01
0.00000000e+00 2.93115416e-01
0.00000000e+00 2.93441281e-01
0.00000000e+00 2.93767146e-01
0.00000000e+00 2.94093010e-01
0.00000000e+00 2.94418875e-01
0.00000000e+00 2.94744740e-01
0.00000000e+00 2.95070605e-01
0.00000000e+00 2.95396470e-01
0.00000000e+00 2.95722335e-01
0.00000000e+00 2.96048199e-01
0.00000000e+00 2.96374064e-01
0.00000000e+00 2.96699929e-01
0.00000000e+00 2.97025794e-01
0.00000000e+00 2.97351659e-01
0.00000000e+00 2.97677524e-01
0.00000000e+00 2.98003388e-01
0.00000000e+00 2.98329253e-01
0.00000000e+00 2.98655118e-01
0.00000000e+00 2.98980983e-01
0.00000000e+00 2.99306848e-01
0.00000000e+00 2.99632713e-01
0.00000000e+00 2.99958577e-01
0.00000000e+00 3.00284442e-01
0.00000000e+00 3.00610307e-01
0.00000000e+00 3.00936172e-01
0.00000000e+00 3.01262037e-01
0.00000000e+00 3.01587902e-01
0.00000000e+00 3.01913766e-01
0.00000000e+00 3.02239631e-01
0.00000000e+00 3.02565496e-01
0.00000000e+00 3.02891361e-01
0.00000000e+00 3.03217226e-01
0.00000000e+00 3.03543091e-01
0.00000000e+00 3.03868955e-01
0.00000000e+00 3.04194820e-01
0.00000000e+00 3.04520685e-01
0.00000000e+00 3.04846550e-01
0.00000000e+00 3.05172415e-01
0.00000000e+00 3.05498280e-01
0.00000000e+00 3.05824144e-01
0.00000000e+00 3.06150009e-01
0.00000000e+00 3.06475874e-01
0.00000000e+00 3.06801739e-01
0.00000000e+00 3.07127604e-01
0.00000000e+00 3.07453469e-01
0.00000000e+00 3.07779333e-01
0.00000000e+00 3.08105198e-01
0.00000000e+00 3.08431063e-01
0.00000000e+00 3.08756928e-01
0.00000000e+00 3.09082793e-01
0.00000000e+00 3.09408658e-01
0.00000000e+00 3.09734522e-01
0.00000000e+00 3.10060387e-01
0.00000000e+00 3.10386252e-01
0.00000000e+00 3.10712117e-01
0.00000000e+00 3.11037982e-01
0.00000000e+00 3.11363847e-01
0.00000000e+00 3.11689711e-01
0.00000000e+00 3.12015576e-01
0.00000000e+00 3.12341441e-01
0.00000000e+00 3.12667306e-01
0.00000000e+00 3.12993171e-01
0.00000000e+00 3.13319036e-01
0.00000000e+00 3.13644900e-01
0.00000000e+00 3.13970765e-01
0.00000000e+00 3.14296630e-01
0.00000000e+00 3.14622495e-01
0.00000000e+00 3.14948360e-01
0.00000000e+00 3.15274225e-01
0.00000000e+00 3.15600089e-01
0.00000000e+00 3.15925954e-01
0.00000000e+00 3.16251819e-01
0.00000000e+00 3.16577684e-01
0.00000000e+00 3.16903549e-01
0.00000000e+00 3.17229414e-01
0.00000000e+00 3.17555278e-01
0.00000000e+00 3.17881143e-01
0.00000000e+00 3.18207008e-01
0.00000000e+00 3.18532873e-01
0.00000000e+00 3.18858738e-01
0.00000000e+00 3.19184602e-01
0.00000000e+00 3.19510467e-01
0.00000000e+00 3.19836332e-01
0.00000000e+00 3.20162197e-01
0.00000000e+00 3.20488062e-01
0.00000000e+00 3.20813927e-01
0.00000000e+00 3.21139791e-01
0.00000000e+00 3.21465656e-01
0.00000000e+00 3.21791521e-01
0.00000000e+00 3.22117386e-01
0.00000000e+00 3.22443251e-01
0.00000000e+00 3.22769116e-01
0.00000000e+00 3.23094980e-01
0.00000000e+00 3.23420845e-01
0.00000000e+00 3.23746710e-01
0.00000000e+00 3.24072575e-01
0.00000000e+00 3.24398440e-01
0.00000000e+00 3.24724305e-01
0.00000000e+00 3.25050169e-01
0.00000000e+00 3.25376034e-01
0.00000000e+00 3.25701899e-01
0.00000000e+00 3.26027764e-01
0.00000000e+00 3.26353629e-01
0.00000000e+00 3.26679494e-01
0.00000000e+00 3.27005358e-01
0.00000000e+00 3.27331223e-01
0.00000000e+00 3.27657088e-01
0.00000000e+00 3.27982953e-01
0.00000000e+00 3.28308818e-01
0.00000000e+00 3.28634683e-01
0.00000000e+00 3.28960547e-01
0.00000000e+00 3.29286412e-01
0.00000000e+00 3.29612277e-01
0.00000000e+00 3.29938142e-01
0.00000000e+00 3.30264007e-01
0.00000000e+00 3.30589872e-01
0.00000000e+00 3.30915736e-01
0.00000000e+00 3.31241601e-01
0.00000000e+00 3.31567466e-01
0.00000000e+00 3.31893331e-01
0.00000000e+00 3.32219196e-01
0.00000000e+00 3.32545061e-01
0.00000000e+00 3.32870925e-01
0.00000000e+00 3.33196790e-01
0.00000000e+00 3.33522655e-01
0.00000000e+00 3.33848520e-01
0.00000000e+00 3.34174385e-01
0.00000000e+00 3.34500250e-01
0.00000000e+00 3.34826114e-01
0.00000000e+00 3.35151979e-01
0.00000000e+00 3.35477844e-01
0.00000000e+00 3.35803709e-01
0.00000000e+00 3.36129574e-01
0.00000000e+00 3.36455439e-01
0.00000000e+00 3.36781303e-01
0.00000000e+00 3.37107168e-01
0.00000000e+00 3.37433033e-01
0.00000000e+00 3.37758898e-01
0.00000000e+00 3.38084763e-01
0.00000000e+00 3.38410628e-01
0.00000000e+00 3.38736492e-01
0.00000000e+00 3.39062357e-01
0.00000000e+00 3.39388222e-01
0.00000000e+00 3.39714087e-01
0.00000000e+00 3.40039952e-01
0.00000000e+00 3.40365817e-01
0.00000000e+00 3.40691681e-01
0.00000000e+00 3.41017546e-01
0.00000000e+00 3.41343411e-01
0.00000000e+00 3.41669276e-01
0.00000000e+00 3.41995141e-01
0.00000000e+00 3.42321006e-01
0.00000000e+00 3.42646870e-01
0.00000000e+00 3.42972735e-01
0.00000000e+00 3.43298600e-01
0.00000000e+00 3.43624465e-01
0.00000000e+00 3.43950330e-01
0.00000000e+00 3.44276195e-01
0.00000000e+00 3.44602059e-01
0.00000000e+00 3.44927924e-01
0.00000000e+00 3.45253789e-01
0.00000000e+00 3.45579654e-01
0.00000000e+00 3.45905519e-01
0.00000000e+00 3.46231384e-01
0.00000000e+00 3.46557248e-01
0.00000000e+00 3.46883113e-01
0.00000000e+00 3.47208978e-01
0.00000000e+00 3.47534843e-01
0.00000000e+00 3.47860708e-01
0.00000000e+00 3.48186573e-01
0.00000000e+00 3.48512437e-01
0.00000000e+00 3.48838302e-01
0.00000000e+00 3.49164167e-01
0.00000000e+00 3.49490032e-01
0.00000000e+00 3.49815897e-01
0.00000000e+00 3.50141761e-01
0.00000000e+00 3.50467626e-01
0.00000000e+00 3.50793491e-01
0.00000000e+00 3.51119356e-01
0.00000000e+00 3.51445221e-01
0.00000000e+00 3.51771086e-01
0.00000000e+00 3.52096950e-01
0.00000000e+00 3.52422815e-01
0.00000000e+00 3.52748680e-01
0.00000000e+00 3.53074545e-01
0.00000000e+00 3.53400410e-01
0.00000000e+00 3.53726275e-01
0.00000000e+00 3.54052139e-01
0.00000000e+00 3.54378004e-01
0.00000000e+00 3.54703869e-01
0.00000000e+00 3.55029734e-01
0.00000000e+00 3.55355599e-01
0.00000000e+00 3.55681464e-01
0.00000000e+00 3.56007328e-01
0.00000000e+00 3.56333193e-01
0.00000000e+00 3.56659058e-01
0.00000000e+00 3.56984923e-01
0.00000000e+00 3.57310788e-01
0.00000000e+00 3.57636653e-01
0.00000000e+00 3.57962517e-01
0.00000000e+00 3.58288382e-01
0.00000000e+00 3.58614247e-01
0.00000000e+00 3.58940112e-01
0.00000000e+00 3.59265977e-01
0.00000000e+00 3.59591842e-01
0.00000000e+00 3.59917706e-01
0.00000000e+00 3.60243571e-01
0.00000000e+00 3.60569436e-01
0.00000000e+00 3.60895301e-01
0.00000000e+00 3.61221166e-01
0.00000000e+00 3.61547031e-01
0.00000000e+00 3.61872895e-01
0.00000000e+00 3.62198760e-01
0.00000000e+00 3.62524625e-01
0.00000000e+00 3.62850490e-01
0.00000000e+00 3.63176355e-01
0.00000000e+00 3.63502220e-01
0.00000000e+00 3.63828084e-01
0.00000000e+00 3.64153949e-01
0.00000000e+00 3.64479814e-01
0.00000000e+00 3.64805679e-01
0.00000000e+00 3.65131544e-01
0.00000000e+00 3.65457409e-01
0.00000000e+00 3.65783273e-01
0.00000000e+00 3.66109138e-01
0.00000000e+00 3.66435003e-01
0.00000000e+00 3.66760868e-01
0.00000000e+00 3.67086733e-01
0.00000000e+00 3.67412598e-01
0.00000000e+00 3.67738462e-01
0.00000000e+00 3.68064327e-01
0.00000000e+00 3.68390192e-01
0.00000000e+00 3.68716057e-01
0.00000000e+00 3.69041922e-01
0.00000000e+00 3.69367787e-01
0.00000000e+00 3.69693651e-01
0.00000000e+00 3.70019516e-01
0.00000000e+00 3.70345381e-01
0.00000000e+00 3.70671246e-01
0.00000000e+00 3.70997111e-01
0.00000000e+00 3.71322976e-01
0.00000000e+00 3.71648840e-01
0.00000000e+00 3.71974705e-01
0.00000000e+00 3.72300570e-01
0.00000000e+00 3.72626435e-01
0.00000000e+00 3.72952300e-01
0.00000000e+00 3.73278165e-01
0.00000000e+00 3.73604029e-01
0.00000000e+00 3.73929894e-01
0.00000000e+00 3.74255759e-01
0.00000000e+00 3.74581624e-01
0.00000000e+00 3.74907489e-01
0.00000000e+00 3.75233354e-01
0.00000000e+00 3.75559218e-01
0.00000000e+00 3.75885083e-01
0.00000000e+00 3.76210948e-01
0.00000000e+00 3.76536813e-01
0.00000000e+00 3.76862678e-01
0.00000000e+00 3.77188543e-01
0.00000000e+00 3.77514407e-01
0.00000000e+00 3.77840272e-01
0.00000000e+00 3.78166137e-01
0.00000000e+00 3.78492002e-01
0.00000000e+00 3.78817867e-01
0.00000000e+00 3.79143732e-01
0.00000000e+00 3.79469596e-01
0.00000000e+00 3.79795461e-01
0.00000000e+00 3.80121326e-01
0.00000000e+00 3.80447191e-01
0.00000000e+00 3.80773056e-01
0.00000000e+00 3.81098920e-01
0.00000000e+00 3.81424785e-01
0.00000000e+00 3.81750650e-01
0.00000000e+00 3.82076515e-01
0.00000000e+00 3.82402380e-01
0.00000000e+00 3.82728245e-01
0.00000000e+00 3.83054109e-01
0.00000000e+00 3.83379974e-01
0.00000000e+00 3.83705839e-01
0.00000000e+00 3.84031704e-01
0.00000000e+00 3.84357569e-01
0.00000000e+00 3.84683434e-01
0.00000000e+00 3.85009298e-01
0.00000000e+00 3.85335163e-01
0.00000000e+00 3.85661028e-01
0.00000000e+00 3.85986893e-01
0.00000000e+00 3.86312758e-01
0.00000000e+00 3.86638623e-01
0.00000000e+00 3.86964487e-01
0.00000000e+00 3.87290352e-01
0.00000000e+00 3.87616217e-01
0.00000000e+00 3.87942082e-01
0.00000000e+00 3.88267947e-01
0.00000000e+00 3.88593812e-01
0.00000000e+00 3.88919676e-01
0.00000000e+00 3.89245541e-01
0.00000000e+00 3.89571406e-01
0.00000000e+00 3.89897271e-01
0.00000000e+00 3.90223136e-01
0.00000000e+00 3.90549001e-01
0.00000000e+00 3.90874865e-01
0.00000000e+00 3.91200730e-01
0.00000000e+00 3.91526595e-01
0.00000000e+00 3.91852460e-01
0.00000000e+00 3.92178325e-01
0.00000000e+00 3.92504190e-01
0.00000000e+00 3.92830054e-01
0.00000000e+00 3.93155919e-01
0.00000000e+00 3.93481784e-01
0.00000000e+00 3.93807649e-01
0.00000000e+00 3.94133514e-01
0.00000000e+00 3.94459379e-01
0.00000000e+00 3.94785243e-01
0.00000000e+00 3.95111108e-01
0.00000000e+00 3.95436973e-01
0.00000000e+00 3.95762838e-01
0.00000000e+00 3.96088703e-01
0.00000000e+00 3.96414568e-01
0.00000000e+00 3.96740432e-01
0.00000000e+00 3.97066297e-01
0.00000000e+00 3.97392162e-01
0.00000000e+00 3.97718027e-01
0.00000000e+00 3.98043892e-01
0.00000000e+00 3.98369757e-01
0.00000000e+00 3.98695621e-01
0.00000000e+00 3.99021486e-01
0.00000000e+00 3.99347351e-01
0.00000000e+00 3.99673216e-01
0.00000000e+00 3.99999081e-01
0.00000000e+00 4.00324946e-01
0.00000000e+00 4.00650810e-01
0.00000000e+00 4.00976675e-01
0.00000000e+00 4.01302540e-01
0.00000000e+00 4.01628405e-01
0.00000000e+00 4.01954270e-01
0.00000000e+00 4.02280135e-01
0.00000000e+00 4.02605999e-01
0.00000000e+00 4.02931864e-01
0.00000000e+00 4.03257729e-01
0.00000000e+00 4.03583594e-01
0.00000000e+00 4.03909459e-01
0.00000000e+00 4.04235324e-01
0.00000000e+00 4.04561188e-01
0.00000000e+00 4.04887053e-01
0.00000000e+00 4.05212918e-01
0.00000000e+00 4.05538783e-01
0.00000000e+00 4.05864648e-01
0.00000000e+00 4.06190513e-01
0.00000000e+00 4.06516377e-01
0.00000000e+00 4.06842242e-01
0.00000000e+00 4.07168107e-01
0.00000000e+00 4.07493972e-01
0.00000000e+00 4.07819837e-01
0.00000000e+00 4.08145702e-01
0.00000000e+00 4.08471566e-01
0.00000000e+00 4.08797431e-01
0.00000000e+00 4.09123296e-01
0.00000000e+00 4.09449161e-01
0.00000000e+00 4.09775026e-01
0.00000000e+00 4.10100890e-01
0.00000000e+00 4.10426755e-01
0.00000000e+00 4.10752620e-01
0.00000000e+00 4.11078485e-01
0.00000000e+00 4.11404350e-01
0.00000000e+00 4.11730215e-01
0.00000000e+00 4.12056079e-01
0.00000000e+00 4.12381944e-01
0.00000000e+00 4.12707809e-01
0.00000000e+00 4.13033674e-01
0.00000000e+00 4.13359539e-01
0.00000000e+00 4.13685404e-01
0.00000000e+00 4.14011268e-01
0.00000000e+00 4.14337133e-01
0.00000000e+00 4.14662998e-01
0.00000000e+00 4.14988863e-01
0.00000000e+00 4.15314728e-01
0.00000000e+00 4.15640593e-01
0.00000000e+00 4.15966457e-01
0.00000000e+00 4.16292322e-01
0.00000000e+00 4.16618187e-01
0.00000000e+00 4.16944052e-01
0.00000000e+00 4.17269917e-01
0.00000000e+00 4.17595782e-01
0.00000000e+00 4.17921646e-01
0.00000000e+00 4.18247511e-01
0.00000000e+00 4.18573376e-01
0.00000000e+00 4.18899241e-01
0.00000000e+00 4.19225106e-01
0.00000000e+00 4.19550971e-01
0.00000000e+00 4.19876835e-01
0.00000000e+00 4.20202700e-01
0.00000000e+00 4.20528565e-01
0.00000000e+00 4.20854430e-01
0.00000000e+00 4.21180295e-01
0.00000000e+00 4.21506160e-01
0.00000000e+00 4.21832024e-01
0.00000000e+00 4.22157889e-01
0.00000000e+00 4.22483754e-01
0.00000000e+00 4.22809619e-01
0.00000000e+00 4.23135484e-01
0.00000000e+00 4.23461349e-01
0.00000000e+00 4.23787213e-01
0.00000000e+00 4.24113078e-01
0.00000000e+00 4.24438943e-01
0.00000000e+00 4.24764808e-01
0.00000000e+00 4.25090673e-01
0.00000000e+00 4.25416538e-01
0.00000000e+00 4.25742402e-01
0.00000000e+00 4.26068267e-01
0.00000000e+00 4.26394132e-01
0.00000000e+00 4.26719997e-01
0.00000000e+00 4.27045862e-01
0.00000000e+00 4.27371727e-01
0.00000000e+00 4.27697591e-01
0.00000000e+00 4.28023456e-01
0.00000000e+00 4.28349321e-01
0.00000000e+00 4.28675186e-01
0.00000000e+00 4.29001051e-01
0.00000000e+00 4.29326916e-01
0.00000000e+00 4.29652780e-01
0.00000000e+00 4.29978645e-01
0.00000000e+00 4.30304510e-01
0.00000000e+00 4.30630375e-01
0.00000000e+00 4.30956240e-01
0.00000000e+00 4.31282105e-01
0.00000000e+00 4.31607969e-01
0.00000000e+00 4.31933834e-01
0.00000000e+00 4.32259699e-01
0.00000000e+00 4.32585564e-01
0.00000000e+00 4.32911429e-01
0.00000000e+00 4.33237294e-01
0.00000000e+00 4.33563158e-01
0.00000000e+00 4.33889023e-01
0.00000000e+00 4.34214888e-01
0.00000000e+00 4.34540753e-01
0.00000000e+00 4.34866618e-01
0.00000000e+00 4.35192483e-01
0.00000000e+00 4.35518347e-01
0.00000000e+00 4.35844212e-01
0.00000000e+00 4.36170077e-01
0.00000000e+00 4.36495942e-01
0.00000000e+00 4.36821807e-01
0.00000000e+00 4.37147672e-01
0.00000000e+00 4.37473536e-01
0.00000000e+00 4.37799401e-01
0.00000000e+00 4.38125266e-01
0.00000000e+00 4.38451131e-01
0.00000000e+00 4.38776996e-01
0.00000000e+00 4.39102861e-01
0.00000000e+00 4.39428725e-01
0.00000000e+00 4.39754590e-01
0.00000000e+00 4.40080455e-01
0.00000000e+00 4.40406320e-01
0.00000000e+00 4.40732185e-01
0.00000000e+00 4.41058049e-01
0.00000000e+00 4.41383914e-01
0.00000000e+00 4.41709779e-01
0.00000000e+00 4.42035644e-01
0.00000000e+00 4.42361509e-01
0.00000000e+00 4.42687374e-01
0.00000000e+00 4.43013238e-01
0.00000000e+00 4.43339103e-01
0.00000000e+00 4.43664968e-01
0.00000000e+00 4.43990833e-01
0.00000000e+00 4.44316698e-01
0.00000000e+00 4.44642563e-01
0.00000000e+00 4.44968427e-01
0.00000000e+00 4.45294292e-01
0.00000000e+00 4.45620157e-01
0.00000000e+00 4.45946022e-01
0.00000000e+00 4.46271887e-01
0.00000000e+00 4.46597752e-01
0.00000000e+00 4.46923616e-01
0.00000000e+00 4.47249481e-01
0.00000000e+00 4.47575346e-01
0.00000000e+00 4.47901211e-01
0.00000000e+00 4.48227076e-01
0.00000000e+00 4.48552941e-01
0.00000000e+00 4.48878805e-01
0.00000000e+00 4.49204670e-01
0.00000000e+00 4.49530535e-01
0.00000000e+00 4.49856400e-01
0.00000000e+00 4.50182265e-01
0.00000000e+00 4.50508130e-01
0.00000000e+00 4.50833994e-01
0.00000000e+00 4.51159859e-01
0.00000000e+00 4.51485724e-01
0.00000000e+00 4.51811589e-01
0.00000000e+00 4.52137454e-01
0.00000000e+00 4.52463319e-01
0.00000000e+00 4.52789183e-01
0.00000000e+00 4.53115048e-01
0.00000000e+00 4.53440913e-01
0.00000000e+00 4.53766778e-01
0.00000000e+00 4.54092643e-01
0.00000000e+00 4.54418508e-01
0.00000000e+00 4.54744372e-01
0.00000000e+00 4.55070237e-01
0.00000000e+00 4.55396102e-01
0.00000000e+00 4.55721967e-01
0.00000000e+00 4.56047832e-01
0.00000000e+00 4.56373697e-01
0.00000000e+00 4.56699561e-01
0.00000000e+00 4.57025426e-01
0.00000000e+00 4.57351291e-01
0.00000000e+00 4.57677156e-01
0.00000000e+00 4.58003021e-01
0.00000000e+00 4.58328886e-01
0.00000000e+00 4.58654750e-01
0.00000000e+00 4.58980615e-01
0.00000000e+00 4.59306480e-01
0.00000000e+00 4.59632345e-01
0.00000000e+00 4.59958210e-01
0.00000000e+00 4.60284075e-01
0.00000000e+00 4.60609939e-01
0.00000000e+00 4.60935804e-01
0.00000000e+00 4.61261669e-01
0.00000000e+00 4.61587534e-01
0.00000000e+00 4.61913399e-01
0.00000000e+00 4.62239264e-01
0.00000000e+00 4.62565128e-01
0.00000000e+00 4.62890993e-01
0.00000000e+00 4.63216858e-01
0.00000000e+00 4.63542723e-01
0.00000000e+00 4.63868588e-01
0.00000000e+00 4.64194453e-01
0.00000000e+00 4.64520317e-01
0.00000000e+00 4.64846182e-01
0.00000000e+00 4.65172047e-01
0.00000000e+00 4.65497912e-01
0.00000000e+00 4.65823777e-01
0.00000000e+00 4.66149642e-01
0.00000000e+00 4.66475506e-01
0.00000000e+00 4.66801371e-01
0.00000000e+00 4.67127236e-01
0.00000000e+00 4.67453101e-01
0.00000000e+00 4.67778966e-01
0.00000000e+00 4.68104831e-01
0.00000000e+00 4.68430695e-01
0.00000000e+00 4.68756560e-01
0.00000000e+00 4.69082425e-01
0.00000000e+00 4.69408290e-01
0.00000000e+00 4.69734155e-01
0.00000000e+00 4.70060020e-01
0.00000000e+00 4.70385884e-01
0.00000000e+00 4.70711749e-01
0.00000000e+00 4.71037614e-01
0.00000000e+00 4.71363479e-01
0.00000000e+00 4.71689344e-01
0.00000000e+00 4.72015208e-01
0.00000000e+00 4.72341073e-01
0.00000000e+00 4.72666938e-01
0.00000000e+00 4.72992803e-01
0.00000000e+00 4.73318668e-01
0.00000000e+00 4.73644533e-01
0.00000000e+00 4.73970397e-01
0.00000000e+00 4.74296262e-01
0.00000000e+00 4.74622127e-01
0.00000000e+00 4.74947992e-01
0.00000000e+00 4.75273857e-01
0.00000000e+00 4.75599722e-01
0.00000000e+00 4.75925586e-01
0.00000000e+00 4.76251451e-01
0.00000000e+00 4.76577316e-01
0.00000000e+00 4.76903181e-01
0.00000000e+00 4.77229046e-01
0.00000000e+00 4.77554911e-01
0.00000000e+00 4.77880775e-01
0.00000000e+00 4.78206640e-01
0.00000000e+00 4.78532505e-01
0.00000000e+00 4.78858370e-01
0.00000000e+00 4.79184235e-01
0.00000000e+00 4.79510100e-01
0.00000000e+00 4.79835964e-01
0.00000000e+00 4.80161829e-01
0.00000000e+00 4.80487694e-01
0.00000000e+00 4.80813559e-01
0.00000000e+00 4.81139424e-01
0.00000000e+00 4.81465289e-01
0.00000000e+00 4.81791153e-01
0.00000000e+00 4.82117018e-01
0.00000000e+00 4.82442883e-01
0.00000000e+00 4.82768748e-01
0.00000000e+00 4.83094613e-01
0.00000000e+00 4.83420478e-01
0.00000000e+00 4.83746342e-01
0.00000000e+00 4.84072207e-01
0.00000000e+00 4.84398072e-01
0.00000000e+00 4.84723937e-01
0.00000000e+00 4.85049802e-01
0.00000000e+00 4.85375667e-01
0.00000000e+00 4.85701531e-01
0.00000000e+00 4.86027396e-01
0.00000000e+00 4.86353261e-01
0.00000000e+00 4.86679126e-01
0.00000000e+00 4.87004991e-01
0.00000000e+00 4.87330856e-01
0.00000000e+00 4.87656720e-01
0.00000000e+00 4.87982585e-01
0.00000000e+00 4.88308450e-01
0.00000000e+00 4.88634315e-01
0.00000000e+00 4.88960180e-01
0.00000000e+00 4.89286045e-01
0.00000000e+00 4.89611909e-01
0.00000000e+00 4.89937774e-01
0.00000000e+00 4.90263639e-01
0.00000000e+00 4.90589504e-01
0.00000000e+00 4.90915369e-01
0.00000000e+00 4.91241234e-01
0.00000000e+00 4.91567098e-01
0.00000000e+00 4.91892963e-01
0.00000000e+00 4.92218828e-01
0.00000000e+00 4.92544693e-01
0.00000000e+00 4.92870558e-01
0.00000000e+00 4.93196423e-01
0.00000000e+00 4.93522287e-01
0.00000000e+00 4.93848152e-01
0.00000000e+00 4.94174017e-01
0.00000000e+00 4.94499882e-01
0.00000000e+00 4.94825747e-01
0.00000000e+00 4.95151612e-01
0.00000000e+00 4.95477476e-01
0.00000000e+00 4.95803341e-01
0.00000000e+00 4.96129206e-01
0.00000000e+00 4.96455071e-01
0.00000000e+00 4.96780936e-01
0.00000000e+00 4.97106801e-01
0.00000000e+00 4.97432665e-01
0.00000000e+00 4.97758530e-01
0.00000000e+00 4.98084395e-01
0.00000000e+00 4.98410260e-01
0.00000000e+00 4.98736125e-01
0.00000000e+00 4.99061990e-01
0.00000000e+00 4.99387854e-01
0.00000000e+00 4.99713719e-01
0.00000000e+00 5.00039584e-01
