% L-Bracket Geometry
% N_total=34, N_horizontal=17, N_vertical=17
% Resolution: 100 segments per wavelength
% Format: x(m) y(m)
1.49897823e-02 0.00000000e+00
4.49693468e-02 0.00000000e+00
7.49489113e-02 0.00000000e+00
1.04928476e-01 0.00000000e+00
1.34908040e-01 0.00000000e+00
1.64887605e-01 0.00000000e+00
1.94867169e-01 0.00000000e+00
2.24846734e-01 0.00000000e+00
2.54826298e-01 0.00000000e+00
2.84805863e-01 0.00000000e+00
3.14785427e-01 0.00000000e+00
3.44764992e-01 0.00000000e+00
3.74744556e-01 0.00000000e+00
4.04724121e-01 0.00000000e+00
4.34703685e-01 0.00000000e+00
4.64683250e-01 0.00000000e+00
4.94662814e-01 0.00000000e+00
0.00000000e+00 1.49897823e-02
0.00000000e+00 4.49693468e-02
0.00000000e+00 7.49489113e-02
0.00000000e+00 1.04928476e-01
0.00000000e+00 1.34908040e-01
0.00000000e+00 1.64887605e-01
0.00000000e+00 1.94867169e-01
0.00000000e+00 2.24846734e-01
0.00000000e+00 2.54826298e-01
0.00000000e+00 2.84805863e-01
0.00000000e+00 3.14785427e-01
0.00000000e+00 3.44764992e-01
0.00000000e+00 3.74744556e-01
0.00000000e+00 4.04724121e-01
0.00000000e+00 4.34703685e-01
0.00000000e+00 4.64683250e-01
0.00000000e+00 4.94662814e-01
