% L-Bracket Geometry
% N_total=2202, N_horizontal=1101, N_vertical=1101
% Resolution: 100 segments per wavelength
% Format: x(m) y(m)
2.27117913e-04 0.00000000e+00
6.81353739e-04 0.00000000e+00
1.13558956e-03 0.00000000e+00
1.58982539e-03 0.00000000e+00
2.04406122e-03 0.00000000e+00
2.49829704e-03 0.00000000e+00
2.95253287e-03 0.00000000e+00
3.40676869e-03 0.00000000e+00
3.86100452e-03 0.00000000e+00
4.31524035e-03 0.00000000e+00
4.76947617e-03 0.00000000e+00
5.22371200e-03 0.00000000e+00
5.67794782e-03 0.00000000e+00
6.13218365e-03 0.00000000e+00
6.58641947e-03 0.00000000e+00
7.04065530e-03 0.00000000e+00
7.49489113e-03 0.00000000e+00
7.94912695e-03 0.00000000e+00
8.40336278e-03 0.00000000e+00
8.85759860e-03 0.00000000e+00
9.31183443e-03 0.00000000e+00
9.76607025e-03 0.00000000e+00
1.02203061e-02 0.00000000e+00
1.06745419e-02 0.00000000e+00
1.11287777e-02 0.00000000e+00
1.15830136e-02 0.00000000e+00
1.20372494e-02 0.00000000e+00
1.24914852e-02 0.00000000e+00
1.29457210e-02 0.00000000e+00
1.33999569e-02 0.00000000e+00
1.38541927e-02 0.00000000e+00
1.43084285e-02 0.00000000e+00
1.47626643e-02 0.00000000e+00
1.52169002e-02 0.00000000e+00
1.56711360e-02 0.00000000e+00
1.61253718e-02 0.00000000e+00
1.65796076e-02 0.00000000e+00
1.70338435e-02 0.00000000e+00
1.74880793e-02 0.00000000e+00
1.79423151e-02 0.00000000e+00
1.83965509e-02 0.00000000e+00
1.88507868e-02 0.00000000e+00
1.93050226e-02 0.00000000e+00
1.97592584e-02 0.00000000e+00
2.02134942e-02 0.00000000e+00
2.06677301e-02 0.00000000e+00
2.11219659e-02 0.00000000e+00
2.15762017e-02 0.00000000e+00
2.20304376e-02 0.00000000e+00
2.24846734e-02 0.00000000e+00
2.29389092e-02 0.00000000e+00
2.33931450e-02 0.00000000e+00
2.38473809e-02 0.00000000e+00
2.43016167e-02 0.00000000e+00
2.47558525e-02 0.00000000e+00
2.52100883e-02 0.00000000e+00
2.56643242e-02 0.00000000e+00
2.61185600e-02 0.00000000e+00
2.65727958e-02 0.00000000e+00
2.70270316e-02 0.00000000e+00
2.74812675e-02 0.00000000e+00
2.79355033e-02 0.00000000e+00
2.83897391e-02 0.00000000e+00
2.88439749e-02 0.00000000e+00
2.92982108e-02 0.00000000e+00
2.97524466e-02 0.00000000e+00
3.02066824e-02 0.00000000e+00
3.06609182e-02 0.00000000e+00
3.11151541e-02 0.00000000e+00
3.15693899e-02 0.00000000e+00
3.20236257e-02 0.00000000e+00
3.24778615e-02 0.00000000e+00
3.29320974e-02 0.00000000e+00
3.33863332e-02 0.00000000e+00
3.38405690e-02 0.00000000e+00
3.42948048e-02 0.00000000e+00
3.47490407e-02 0.00000000e+00
3.52032765e-02 0.00000000e+00
3.56575123e-02 0.00000000e+00
3.61117482e-02 0.00000000e+00
3.65659840e-02 0.00000000e+00
3.70202198e-02 0.00000000e+00
3.74744556e-02 0.00000000e+00
3.79286915e-02 0.00000000e+00
3.83829273e-02 0.00000000e+00
3.88371631e-02 0.00000000e+00
3.92913989e-02 0.00000000e+00
3.97456348e-02 0.00000000e+00
4.01998706e-02 0.00000000e+00
4.06541064e-02 0.00000000e+00
4.11083422e-02 0.00000000e+00
4.15625781e-02 0.00000000e+00
4.20168139e-02 0.00000000e+00
4.24710497e-02 0.00000000e+00
4.29252855e-02 0.00000000e+00
4.33795214e-02 0.00000000e+00
4.38337572e-02 0.00000000e+00
4.42879930e-02 0.00000000e+00
4.47422288e-02 0.00000000e+00
4.51964647e-02 0.00000000e+00
4.56507005e-02 0.00000000e+00
4.61049363e-02 0.00000000e+00
4.65591721e-02 0.00000000e+00
4.70134080e-02 0.00000000e+00
4.74676438e-02 0.00000000e+00
4.79218796e-02 0.00000000e+00
4.83761154e-02 0.00000000e+00
4.88303513e-02 0.00000000e+00
4.92845871e-02 0.00000000e+00
4.97388229e-02 0.00000000e+00
5.01930587e-02 0.00000000e+00
5.06472946e-02 0.00000000e+00
5.11015304e-02 0.00000000e+00
5.15557662e-02 0.00000000e+00
5.20100021e-02 0.00000000e+00
5.24642379e-02 0.00000000e+00
5.29184737e-02 0.00000000e+00
5.33727095e-02 0.00000000e+00
5.38269454e-02 0.00000000e+00
5.42811812e-02 0.00000000e+00
5.47354170e-02 0.00000000e+00
5.51896528e-02 0.00000000e+00
5.56438887e-02 0.00000000e+00
5.60981245e-02 0.00000000e+00
5.65523603e-02 0.00000000e+00
5.70065961e-02 0.00000000e+00
5.74608320e-02 0.00000000e+00
5.79150678e-02 0.00000000e+00
5.83693036e-02 0.00000000e+00
5.88235394e-02 0.00000000e+00
5.92777753e-02 0.00000000e+00
5.97320111e-02 0.00000000e+00
6.01862469e-02 0.00000000e+00
6.06404827e-02 0.00000000e+00
6.10947186e-02 0.00000000e+00
6.15489544e-02 0.00000000e+00
6.20031902e-02 0.00000000e+00
6.24574260e-02 0.00000000e+00
6.29116619e-02 0.00000000e+00
6.33658977e-02 0.00000000e+00
6.38201335e-02 0.00000000e+00
6.42743693e-02 0.00000000e+00
6.47286052e-02 0.00000000e+00
6.51828410e-02 0.00000000e+00
6.56370768e-02 0.00000000e+00
6.60913127e-02 0.00000000e+00
6.65455485e-02 0.00000000e+00
6.69997843e-02 0.00000000e+00
6.74540201e-02 0.00000000e+00
6.79082560e-02 0.00000000e+00
6.83624918e-02 0.00000000e+00
6.88167276e-02 0.00000000e+00
6.92709634e-02 0.00000000e+00
6.97251993e-02 0.00000000e+00
7.01794351e-02 0.00000000e+00
7.06336709e-02 0.00000000e+00
7.10879067e-02 0.00000000e+00
7.15421426e-02 0.00000000e+00
7.19963784e-02 0.00000000e+00
7.24506142e-02 0.00000000e+00
7.29048500e-02 0.00000000e+00
7.33590859e-02 0.00000000e+00
7.38133217e-02 0.00000000e+00
7.42675575e-02 0.00000000e+00
7.47217933e-02 0.00000000e+00
7.51760292e-02 0.00000000e+00
7.56302650e-02 0.00000000e+00
7.60845008e-02 0.00000000e+00
7.65387366e-02 0.00000000e+00
7.69929725e-02 0.00000000e+00
7.74472083e-02 0.00000000e+00
7.79014441e-02 0.00000000e+00
7.83556799e-02 0.00000000e+00
7.88099158e-02 0.00000000e+00
7.92641516e-02 0.00000000e+00
7.97183874e-02 0.00000000e+00
8.01726233e-02 0.00000000e+00
8.06268591e-02 0.00000000e+00
8.10810949e-02 0.00000000e+00
8.15353307e-02 0.00000000e+00
8.19895666e-02 0.00000000e+00
8.24438024e-02 0.00000000e+00
8.28980382e-02 0.00000000e+00
8.33522740e-02 0.00000000e+00
8.38065099e-02 0.00000000e+00
8.42607457e-02 0.00000000e+00
8.47149815e-02 0.00000000e+00
8.51692173e-02 0.00000000e+00
8.56234532e-02 0.00000000e+00
8.60776890e-02 0.00000000e+00
8.65319248e-02 0.00000000e+00
8.69861606e-02 0.00000000e+00
8.74403965e-02 0.00000000e+00
8.78946323e-02 0.00000000e+00
8.83488681e-02 0.00000000e+00
8.88031039e-02 0.00000000e+00
8.92573398e-02 0.00000000e+00
8.97115756e-02 0.00000000e+00
9.01658114e-02 0.00000000e+00
9.06200472e-02 0.00000000e+00
9.10742831e-02 0.00000000e+00
9.15285189e-02 0.00000000e+00
9.19827547e-02 0.00000000e+00
9.24369905e-02 0.00000000e+00
9.28912264e-02 0.00000000e+00
9.33454622e-02 0.00000000e+00
9.37996980e-02 0.00000000e+00
9.42539339e-02 0.00000000e+00
9.47081697e-02 0.00000000e+00
9.51624055e-02 0.00000000e+00
9.56166413e-02 0.00000000e+00
9.60708772e-02 0.00000000e+00
9.65251130e-02 0.00000000e+00
9.69793488e-02 0.00000000e+00
9.74335846e-02 0.00000000e+00
9.78878205e-02 0.00000000e+00
9.83420563e-02 0.00000000e+00
9.87962921e-02 0.00000000e+00
9.92505279e-02 0.00000000e+00
9.97047638e-02 0.00000000e+00
1.00159000e-01 0.00000000e+00
1.00613235e-01 0.00000000e+00
1.01067471e-01 0.00000000e+00
1.01521707e-01 0.00000000e+00
1.01975943e-01 0.00000000e+00
1.02430179e-01 0.00000000e+00
1.02884415e-01 0.00000000e+00
1.03338650e-01 0.00000000e+00
1.03792886e-01 0.00000000e+00
1.04247122e-01 0.00000000e+00
1.04701358e-01 0.00000000e+00
1.05155594e-01 0.00000000e+00
1.05609829e-01 0.00000000e+00
1.06064065e-01 0.00000000e+00
1.06518301e-01 0.00000000e+00
1.06972537e-01 0.00000000e+00
1.07426773e-01 0.00000000e+00
1.07881009e-01 0.00000000e+00
1.08335244e-01 0.00000000e+00
1.08789480e-01 0.00000000e+00
1.09243716e-01 0.00000000e+00
1.09697952e-01 0.00000000e+00
1.10152188e-01 0.00000000e+00
1.10606424e-01 0.00000000e+00
1.11060659e-01 0.00000000e+00
1.11514895e-01 0.00000000e+00
1.11969131e-01 0.00000000e+00
1.12423367e-01 0.00000000e+00
1.12877603e-01 0.00000000e+00
1.13331839e-01 0.00000000e+00
1.13786074e-01 0.00000000e+00
1.14240310e-01 0.00000000e+00
1.14694546e-01 0.00000000e+00
1.15148782e-01 0.00000000e+00
1.15603018e-01 0.00000000e+00
1.16057253e-01 0.00000000e+00
1.16511489e-01 0.00000000e+00
1.16965725e-01 0.00000000e+00
1.17419961e-01 0.00000000e+00
1.17874197e-01 0.00000000e+00
1.18328433e-01 0.00000000e+00
1.18782668e-01 0.00000000e+00
1.19236904e-01 0.00000000e+00
1.19691140e-01 0.00000000e+00
1.20145376e-01 0.00000000e+00
1.20599612e-01 0.00000000e+00
1.21053848e-01 0.00000000e+00
1.21508083e-01 0.00000000e+00
1.21962319e-01 0.00000000e+00
1.22416555e-01 0.00000000e+00
1.22870791e-01 0.00000000e+00
1.23325027e-01 0.00000000e+00
1.23779263e-01 0.00000000e+00
1.24233498e-01 0.00000000e+00
1.24687734e-01 0.00000000e+00
1.25141970e-01 0.00000000e+00
1.25596206e-01 0.00000000e+00
1.26050442e-01 0.00000000e+00
1.26504677e-01 0.00000000e+00
1.26958913e-01 0.00000000e+00
1.27413149e-01 0.00000000e+00
1.27867385e-01 0.00000000e+00
1.28321621e-01 0.00000000e+00
1.28775857e-01 0.00000000e+00
1.29230092e-01 0.00000000e+00
1.29684328e-01 0.00000000e+00
1.30138564e-01 0.00000000e+00
1.30592800e-01 0.00000000e+00
1.31047036e-01 0.00000000e+00
1.31501272e-01 0.00000000e+00
1.31955507e-01 0.00000000e+00
1.32409743e-01 0.00000000e+00
1.32863979e-01 0.00000000e+00
1.33318215e-01 0.00000000e+00
1.33772451e-01 0.00000000e+00
1.34226687e-01 0.00000000e+00
1.34680922e-01 0.00000000e+00
1.35135158e-01 0.00000000e+00
1.35589394e-01 0.00000000e+00
1.36043630e-01 0.00000000e+00
1.36497866e-01 0.00000000e+00
1.36952101e-01 0.00000000e+00
1.37406337e-01 0.00000000e+00
1.37860573e-01 0.00000000e+00
1.38314809e-01 0.00000000e+00
1.38769045e-01 0.00000000e+00
1.39223281e-01 0.00000000e+00
1.39677516e-01 0.00000000e+00
1.40131752e-01 0.00000000e+00
1.40585988e-01 0.00000000e+00
1.41040224e-01 0.00000000e+00
1.41494460e-01 0.00000000e+00
1.41948696e-01 0.00000000e+00
1.42402931e-01 0.00000000e+00
1.42857167e-01 0.00000000e+00
1.43311403e-01 0.00000000e+00
1.43765639e-01 0.00000000e+00
1.44219875e-01 0.00000000e+00
1.44674111e-01 0.00000000e+00
1.45128346e-01 0.00000000e+00
1.45582582e-01 0.00000000e+00
1.46036818e-01 0.00000000e+00
1.46491054e-01 0.00000000e+00
1.46945290e-01 0.00000000e+00
1.47399525e-01 0.00000000e+00
1.47853761e-01 0.00000000e+00
1.48307997e-01 0.00000000e+00
1.48762233e-01 0.00000000e+00
1.49216469e-01 0.00000000e+00
1.49670705e-01 0.00000000e+00
1.50124940e-01 0.00000000e+00
1.50579176e-01 0.00000000e+00
1.51033412e-01 0.00000000e+00
1.51487648e-01 0.00000000e+00
1.51941884e-01 0.00000000e+00
1.52396120e-01 0.00000000e+00
1.52850355e-01 0.00000000e+00
1.53304591e-01 0.00000000e+00
1.53758827e-01 0.00000000e+00
1.54213063e-01 0.00000000e+00
1.54667299e-01 0.00000000e+00
1.55121535e-01 0.00000000e+00
1.55575770e-01 0.00000000e+00
1.56030006e-01 0.00000000e+00
1.56484242e-01 0.00000000e+00
1.56938478e-01 0.00000000e+00
1.57392714e-01 0.00000000e+00
1.57846949e-01 0.00000000e+00
1.58301185e-01 0.00000000e+00
1.58755421e-01 0.00000000e+00
1.59209657e-01 0.00000000e+00
1.59663893e-01 0.00000000e+00
1.60118129e-01 0.00000000e+00
1.60572364e-01 0.00000000e+00
1.61026600e-01 0.00000000e+00
1.61480836e-01 0.00000000e+00
1.61935072e-01 0.00000000e+00
1.62389308e-01 0.00000000e+00
1.62843544e-01 0.00000000e+00
1.63297779e-01 0.00000000e+00
1.63752015e-01 0.00000000e+00
1.64206251e-01 0.00000000e+00
1.64660487e-01 0.00000000e+00
1.65114723e-01 0.00000000e+00
1.65568959e-01 0.00000000e+00
1.66023194e-01 0.00000000e+00
1.66477430e-01 0.00000000e+00
1.66931666e-01 0.00000000e+00
1.67385902e-01 0.00000000e+00
1.67840138e-01 0.00000000e+00
1.68294373e-01 0.00000000e+00
1.68748609e-01 0.00000000e+00
1.69202845e-01 0.00000000e+00
1.69657081e-01 0.00000000e+00
1.70111317e-01 0.00000000e+00
1.70565553e-01 0.00000000e+00
1.71019788e-01 0.00000000e+00
1.71474024e-01 0.00000000e+00
1.71928260e-01 0.00000000e+00
1.72382496e-01 0.00000000e+00
1.72836732e-01 0.00000000e+00
1.73290968e-01 0.00000000e+00
1.73745203e-01 0.00000000e+00
1.74199439e-01 0.00000000e+00
1.74653675e-01 0.00000000e+00
1.75107911e-01 0.00000000e+00
1.75562147e-01 0.00000000e+00
1.76016382e-01 0.00000000e+00
1.76470618e-01 0.00000000e+00
1.76924854e-01 0.00000000e+00
1.77379090e-01 0.00000000e+00
1.77833326e-01 0.00000000e+00
1.78287562e-01 0.00000000e+00
1.78741797e-01 0.00000000e+00
1.79196033e-01 0.00000000e+00
1.79650269e-01 0.00000000e+00
1.80104505e-01 0.00000000e+00
1.80558741e-01 0.00000000e+00
1.81012977e-01 0.00000000e+00
1.81467212e-01 0.00000000e+00
1.81921448e-01 0.00000000e+00
1.82375684e-01 0.00000000e+00
1.82829920e-01 0.00000000e+00
1.83284156e-01 0.00000000e+00
1.83738392e-01 0.00000000e+00
1.84192627e-01 0.00000000e+00
1.84646863e-01 0.00000000e+00
1.85101099e-01 0.00000000e+00
1.85555335e-01 0.00000000e+00
1.86009571e-01 0.00000000e+00
1.86463806e-01 0.00000000e+00
1.86918042e-01 0.00000000e+00
1.87372278e-01 0.00000000e+00
1.87826514e-01 0.00000000e+00
1.88280750e-01 0.00000000e+00
1.88734986e-01 0.00000000e+00
1.89189221e-01 0.00000000e+00
1.89643457e-01 0.00000000e+00
1.90097693e-01 0.00000000e+00
1.90551929e-01 0.00000000e+00
1.91006165e-01 0.00000000e+00
1.91460401e-01 0.00000000e+00
1.91914636e-01 0.00000000e+00
1.92368872e-01 0.00000000e+00
1.92823108e-01 0.00000000e+00
1.93277344e-01 0.00000000e+00
1.93731580e-01 0.00000000e+00
1.94185816e-01 0.00000000e+00
1.94640051e-01 0.00000000e+00
1.95094287e-01 0.00000000e+00
1.95548523e-01 0.00000000e+00
1.96002759e-01 0.00000000e+00
1.96456995e-01 0.00000000e+00
1.96911230e-01 0.00000000e+00
1.97365466e-01 0.00000000e+00
1.97819702e-01 0.00000000e+00
1.98273938e-01 0.00000000e+00
1.98728174e-01 0.00000000e+00
1.99182410e-01 0.00000000e+00
1.99636645e-01 0.00000000e+00
2.00090881e-01 0.00000000e+00
2.00545117e-01 0.00000000e+00
2.00999353e-01 0.00000000e+00
2.01453589e-01 0.00000000e+00
2.01907825e-01 0.00000000e+00
2.02362060e-01 0.00000000e+00
2.02816296e-01 0.00000000e+00
2.03270532e-01 0.00000000e+00
2.03724768e-01 0.00000000e+00
2.04179004e-01 0.00000000e+00
2.04633240e-01 0.00000000e+00
2.05087475e-01 0.00000000e+00
2.05541711e-01 0.00000000e+00
2.05995947e-01 0.00000000e+00
2.06450183e-01 0.00000000e+00
2.06904419e-01 0.00000000e+00
2.07358654e-01 0.00000000e+00
2.07812890e-01 0.00000000e+00
2.08267126e-01 0.00000000e+00
2.08721362e-01 0.00000000e+00
2.09175598e-01 0.00000000e+00
2.09629834e-01 0.00000000e+00
2.10084069e-01 0.00000000e+00
2.10538305e-01 0.00000000e+00
2.10992541e-01 0.00000000e+00
2.11446777e-01 0.00000000e+00
2.11901013e-01 0.00000000e+00
2.12355249e-01 0.00000000e+00
2.12809484e-01 0.00000000e+00
2.13263720e-01 0.00000000e+00
2.13717956e-01 0.00000000e+00
2.14172192e-01 0.00000000e+00
2.14626428e-01 0.00000000e+00
2.15080664e-01 0.00000000e+00
2.15534899e-01 0.00000000e+00
2.15989135e-01 0.00000000e+00
2.16443371e-01 0.00000000e+00
2.16897607e-01 0.00000000e+00
2.17351843e-01 0.00000000e+00
2.17806078e-01 0.00000000e+00
2.18260314e-01 0.00000000e+00
2.18714550e-01 0.00000000e+00
2.19168786e-01 0.00000000e+00
2.19623022e-01 0.00000000e+00
2.20077258e-01 0.00000000e+00
2.20531493e-01 0.00000000e+00
2.20985729e-01 0.00000000e+00
2.21439965e-01 0.00000000e+00
2.21894201e-01 0.00000000e+00
2.22348437e-01 0.00000000e+00
2.22802673e-01 0.00000000e+00
2.23256908e-01 0.00000000e+00
2.23711144e-01 0.00000000e+00
2.24165380e-01 0.00000000e+00
2.24619616e-01 0.00000000e+00
2.25073852e-01 0.00000000e+00
2.25528088e-01 0.00000000e+00
2.25982323e-01 0.00000000e+00
2.26436559e-01 0.00000000e+00
2.26890795e-01 0.00000000e+00
2.27345031e-01 0.00000000e+00
2.27799267e-01 0.00000000e+00
2.28253502e-01 0.00000000e+00
2.28707738e-01 0.00000000e+00
2.29161974e-01 0.00000000e+00
2.29616210e-01 0.00000000e+00
2.30070446e-01 0.00000000e+00
2.30524682e-01 0.00000000e+00
2.30978917e-01 0.00000000e+00
2.31433153e-01 0.00000000e+00
2.31887389e-01 0.00000000e+00
2.32341625e-01 0.00000000e+00
2.32795861e-01 0.00000000e+00
2.33250097e-01 0.00000000e+00
2.33704332e-01 0.00000000e+00
2.34158568e-01 0.00000000e+00
2.34612804e-01 0.00000000e+00
2.35067040e-01 0.00000000e+00
2.35521276e-01 0.00000000e+00
2.35975511e-01 0.00000000e+00
2.36429747e-01 0.00000000e+00
2.36883983e-01 0.00000000e+00
2.37338219e-01 0.00000000e+00
2.37792455e-01 0.00000000e+00
2.38246691e-01 0.00000000e+00
2.38700926e-01 0.00000000e+00
2.39155162e-01 0.00000000e+00
2.39609398e-01 0.00000000e+00
2.40063634e-01 0.00000000e+00
2.40517870e-01 0.00000000e+00
2.40972106e-01 0.00000000e+00
2.41426341e-01 0.00000000e+00
2.41880577e-01 0.00000000e+00
2.42334813e-01 0.00000000e+00
2.42789049e-01 0.00000000e+00
2.43243285e-01 0.00000000e+00
2.43697521e-01 0.00000000e+00
2.44151756e-01 0.00000000e+00
2.44605992e-01 0.00000000e+00
2.45060228e-01 0.00000000e+00
2.45514464e-01 0.00000000e+00
2.45968700e-01 0.00000000e+00
2.46422935e-01 0.00000000e+00
2.46877171e-01 0.00000000e+00
2.47331407e-01 0.00000000e+00
2.47785643e-01 0.00000000e+00
2.48239879e-01 0.00000000e+00
2.48694115e-01 0.00000000e+00
2.49148350e-01 0.00000000e+00
2.49602586e-01 0.00000000e+00
2.50056822e-01 0.00000000e+00
2.50511058e-01 0.00000000e+00
2.50965294e-01 0.00000000e+00
2.51419530e-01 0.00000000e+00
2.51873765e-01 0.00000000e+00
2.52328001e-01 0.00000000e+00
2.52782237e-01 0.00000000e+00
2.53236473e-01 0.00000000e+00
2.53690709e-01 0.00000000e+00
2.54144945e-01 0.00000000e+00
2.54599180e-01 0.00000000e+00
2.55053416e-01 0.00000000e+00
2.55507652e-01 0.00000000e+00
2.55961888e-01 0.00000000e+00
2.56416124e-01 0.00000000e+00
2.56870359e-01 0.00000000e+00
2.57324595e-01 0.00000000e+00
2.57778831e-01 0.00000000e+00
2.58233067e-01 0.00000000e+00
2.58687303e-01 0.00000000e+00
2.59141539e-01 0.00000000e+00
2.59595774e-01 0.00000000e+00
2.60050010e-01 0.00000000e+00
2.60504246e-01 0.00000000e+00
2.60958482e-01 0.00000000e+00
2.61412718e-01 0.00000000e+00
2.61866954e-01 0.00000000e+00
2.62321189e-01 0.00000000e+00
2.62775425e-01 0.00000000e+00
2.63229661e-01 0.00000000e+00
2.63683897e-01 0.00000000e+00
2.64138133e-01 0.00000000e+00
2.64592369e-01 0.00000000e+00
2.65046604e-01 0.00000000e+00
2.65500840e-01 0.00000000e+00
2.65955076e-01 0.00000000e+00
2.66409312e-01 0.00000000e+00
2.66863548e-01 0.00000000e+00
2.67317783e-01 0.00000000e+00
2.67772019e-01 0.00000000e+00
2.68226255e-01 0.00000000e+00
2.68680491e-01 0.00000000e+00
2.69134727e-01 0.00000000e+00
2.69588963e-01 0.00000000e+00
2.70043198e-01 0.00000000e+00
2.70497434e-01 0.00000000e+00
2.70951670e-01 0.00000000e+00
2.71405906e-01 0.00000000e+00
2.71860142e-01 0.00000000e+00
2.72314378e-01 0.00000000e+00
2.72768613e-01 0.00000000e+00
2.73222849e-01 0.00000000e+00
2.73677085e-01 0.00000000e+00
2.74131321e-01 0.00000000e+00
2.74585557e-01 0.00000000e+00
2.75039793e-01 0.00000000e+00
2.75494028e-01 0.00000000e+00
2.75948264e-01 0.00000000e+00
2.76402500e-01 0.00000000e+00
2.76856736e-01 0.00000000e+00
2.77310972e-01 0.00000000e+00
2.77765207e-01 0.00000000e+00
2.78219443e-01 0.00000000e+00
2.78673679e-01 0.00000000e+00
2.79127915e-01 0.00000000e+00
2.79582151e-01 0.00000000e+00
2.80036387e-01 0.00000000e+00
2.80490622e-01 0.00000000e+00
2.80944858e-01 0.00000000e+00
2.81399094e-01 0.00000000e+00
2.81853330e-01 0.00000000e+00
2.82307566e-01 0.00000000e+00
2.82761802e-01 0.00000000e+00
2.83216037e-01 0.00000000e+00
2.83670273e-01 0.00000000e+00
2.84124509e-01 0.00000000e+00
2.84578745e-01 0.00000000e+00
2.85032981e-01 0.00000000e+00
2.85487217e-01 0.00000000e+00
2.85941452e-01 0.00000000e+00
2.86395688e-01 0.00000000e+00
2.86849924e-01 0.00000000e+00
2.87304160e-01 0.00000000e+00
2.87758396e-01 0.00000000e+00
2.88212631e-01 0.00000000e+00
2.88666867e-01 0.00000000e+00
2.89121103e-01 0.00000000e+00
2.89575339e-01 0.00000000e+00
2.90029575e-01 0.00000000e+00
2.90483811e-01 0.00000000e+00
2.90938046e-01 0.00000000e+00
2.91392282e-01 0.00000000e+00
2.91846518e-01 0.00000000e+00
2.92300754e-01 0.00000000e+00
2.92754990e-01 0.00000000e+00
2.93209226e-01 0.00000000e+00
2.93663461e-01 0.00000000e+00
2.94117697e-01 0.00000000e+00
2.94571933e-01 0.00000000e+00
2.95026169e-01 0.00000000e+00
2.95480405e-01 0.00000000e+00
2.95934641e-01 0.00000000e+00
2.96388876e-01 0.00000000e+00
2.96843112e-01 0.00000000e+00
2.97297348e-01 0.00000000e+00
2.97751584e-01 0.00000000e+00
2.98205820e-01 0.00000000e+00
2.98660055e-01 0.00000000e+00
2.99114291e-01 0.00000000e+00
2.99568527e-01 0.00000000e+00
3.00022763e-01 0.00000000e+00
3.00476999e-01 0.00000000e+00
3.00931235e-01 0.00000000e+00
3.01385470e-01 0.00000000e+00
3.01839706e-01 0.00000000e+00
3.02293942e-01 0.00000000e+00
3.02748178e-01 0.00000000e+00
3.03202414e-01 0.00000000e+00
3.03656650e-01 0.00000000e+00
3.04110885e-01 0.00000000e+00
3.04565121e-01 0.00000000e+00
3.05019357e-01 0.00000000e+00
3.05473593e-01 0.00000000e+00
3.05927829e-01 0.00000000e+00
3.06382064e-01 0.00000000e+00
3.06836300e-01 0.00000000e+00
3.07290536e-01 0.00000000e+00
3.07744772e-01 0.00000000e+00
3.08199008e-01 0.00000000e+00
3.08653244e-01 0.00000000e+00
3.09107479e-01 0.00000000e+00
3.09561715e-01 0.00000000e+00
3.10015951e-01 0.00000000e+00
3.10470187e-01 0.00000000e+00
3.10924423e-01 0.00000000e+00
3.11378659e-01 0.00000000e+00
3.11832894e-01 0.00000000e+00
3.12287130e-01 0.00000000e+00
3.12741366e-01 0.00000000e+00
3.13195602e-01 0.00000000e+00
3.13649838e-01 0.00000000e+00
3.14104074e-01 0.00000000e+00
3.14558309e-01 0.00000000e+00
3.15012545e-01 0.00000000e+00
3.15466781e-01 0.00000000e+00
3.15921017e-01 0.00000000e+00
3.16375253e-01 0.00000000e+00
3.16829488e-01 0.00000000e+00
3.17283724e-01 0.00000000e+00
3.17737960e-01 0.00000000e+00
3.18192196e-01 0.00000000e+00
3.18646432e-01 0.00000000e+00
3.19100668e-01 0.00000000e+00
3.19554903e-01 0.00000000e+00
3.20009139e-01 0.00000000e+00
3.20463375e-01 0.00000000e+00
3.20917611e-01 0.00000000e+00
3.21371847e-01 0.00000000e+00
3.21826083e-01 0.00000000e+00
3.22280318e-01 0.00000000e+00
3.22734554e-01 0.00000000e+00
3.23188790e-01 0.00000000e+00
3.23643026e-01 0.00000000e+00
3.24097262e-01 0.00000000e+00
3.24551498e-01 0.00000000e+00
3.25005733e-01 0.00000000e+00
3.25459969e-01 0.00000000e+00
3.25914205e-01 0.00000000e+00
3.26368441e-01 0.00000000e+00
3.26822677e-01 0.00000000e+00
3.27276912e-01 0.00000000e+00
3.27731148e-01 0.00000000e+00
3.28185384e-01 0.00000000e+00
3.28639620e-01 0.00000000e+00
3.29093856e-01 0.00000000e+00
3.29548092e-01 0.00000000e+00
3.30002327e-01 0.00000000e+00
3.30456563e-01 0.00000000e+00
3.30910799e-01 0.00000000e+00
3.31365035e-01 0.00000000e+00
3.31819271e-01 0.00000000e+00
3.32273507e-01 0.00000000e+00
3.32727742e-01 0.00000000e+00
3.33181978e-01 0.00000000e+00
3.33636214e-01 0.00000000e+00
3.34090450e-01 0.00000000e+00
3.34544686e-01 0.00000000e+00
3.34998922e-01 0.00000000e+00
3.35453157e-01 0.00000000e+00
3.35907393e-01 0.00000000e+00
3.36361629e-01 0.00000000e+00
3.36815865e-01 0.00000000e+00
3.37270101e-01 0.00000000e+00
3.37724336e-01 0.00000000e+00
3.38178572e-01 0.00000000e+00
3.38632808e-01 0.00000000e+00
3.39087044e-01 0.00000000e+00
3.39541280e-01 0.00000000e+00
3.39995516e-01 0.00000000e+00
3.40449751e-01 0.00000000e+00
3.40903987e-01 0.00000000e+00
3.41358223e-01 0.00000000e+00
3.41812459e-01 0.00000000e+00
3.42266695e-01 0.00000000e+00
3.42720931e-01 0.00000000e+00
3.43175166e-01 0.00000000e+00
3.43629402e-01 0.00000000e+00
3.44083638e-01 0.00000000e+00
3.44537874e-01 0.00000000e+00
3.44992110e-01 0.00000000e+00
3.45446346e-01 0.00000000e+00
3.45900581e-01 0.00000000e+00
3.46354817e-01 0.00000000e+00
3.46809053e-01 0.00000000e+00
3.47263289e-01 0.00000000e+00
3.47717525e-01 0.00000000e+00
3.48171760e-01 0.00000000e+00
3.48625996e-01 0.00000000e+00
3.49080232e-01 0.00000000e+00
3.49534468e-01 0.00000000e+00
3.49988704e-01 0.00000000e+00
3.50442940e-01 0.00000000e+00
3.50897175e-01 0.00000000e+00
3.51351411e-01 0.00000000e+00
3.51805647e-01 0.00000000e+00
3.52259883e-01 0.00000000e+00
3.52714119e-01 0.00000000e+00
3.53168355e-01 0.00000000e+00
3.53622590e-01 0.00000000e+00
3.54076826e-01 0.00000000e+00
3.54531062e-01 0.00000000e+00
3.54985298e-01 0.00000000e+00
3.55439534e-01 0.00000000e+00
3.55893770e-01 0.00000000e+00
3.56348005e-01 0.00000000e+00
3.56802241e-01 0.00000000e+00
3.57256477e-01 0.00000000e+00
3.57710713e-01 0.00000000e+00
3.58164949e-01 0.00000000e+00
3.58619184e-01 0.00000000e+00
3.59073420e-01 0.00000000e+00
3.59527656e-01 0.00000000e+00
3.59981892e-01 0.00000000e+00
3.60436128e-01 0.00000000e+00
3.60890364e-01 0.00000000e+00
3.61344599e-01 0.00000000e+00
3.61798835e-01 0.00000000e+00
3.62253071e-01 0.00000000e+00
3.62707307e-01 0.00000000e+00
3.63161543e-01 0.00000000e+00
3.63615779e-01 0.00000000e+00
3.64070014e-01 0.00000000e+00
3.64524250e-01 0.00000000e+00
3.64978486e-01 0.00000000e+00
3.65432722e-01 0.00000000e+00
3.65886958e-01 0.00000000e+00
3.66341193e-01 0.00000000e+00
3.66795429e-01 0.00000000e+00
3.67249665e-01 0.00000000e+00
3.67703901e-01 0.00000000e+00
3.68158137e-01 0.00000000e+00
3.68612373e-01 0.00000000e+00
3.69066608e-01 0.00000000e+00
3.69520844e-01 0.00000000e+00
3.69975080e-01 0.00000000e+00
3.70429316e-01 0.00000000e+00
3.70883552e-01 0.00000000e+00
3.71337788e-01 0.00000000e+00
3.71792023e-01 0.00000000e+00
3.72246259e-01 0.00000000e+00
3.72700495e-01 0.00000000e+00
3.73154731e-01 0.00000000e+00
3.73608967e-01 0.00000000e+00
3.74063203e-01 0.00000000e+00
3.74517438e-01 0.00000000e+00
3.74971674e-01 0.00000000e+00
3.75425910e-01 0.00000000e+00
3.75880146e-01 0.00000000e+00
3.76334382e-01 0.00000000e+00
3.76788617e-01 0.00000000e+00
3.77242853e-01 0.00000000e+00
3.77697089e-01 0.00000000e+00
3.78151325e-01 0.00000000e+00
3.78605561e-01 0.00000000e+00
3.79059797e-01 0.00000000e+00
3.79514032e-01 0.00000000e+00
3.79968268e-01 0.00000000e+00
3.80422504e-01 0.00000000e+00
3.80876740e-01 0.00000000e+00
3.81330976e-01 0.00000000e+00
3.81785212e-01 0.00000000e+00
3.82239447e-01 0.00000000e+00
3.82693683e-01 0.00000000e+00
3.83147919e-01 0.00000000e+00
3.83602155e-01 0.00000000e+00
3.84056391e-01 0.00000000e+00
3.84510627e-01 0.00000000e+00
3.84964862e-01 0.00000000e+00
3.85419098e-01 0.00000000e+00
3.85873334e-01 0.00000000e+00
3.86327570e-01 0.00000000e+00
3.86781806e-01 0.00000000e+00
3.87236041e-01 0.00000000e+00
3.87690277e-01 0.00000000e+00
3.88144513e-01 0.00000000e+00
3.88598749e-01 0.00000000e+00
3.89052985e-01 0.00000000e+00
3.89507221e-01 0.00000000e+00
3.89961456e-01 0.00000000e+00
3.90415692e-01 0.00000000e+00
3.90869928e-01 0.00000000e+00
3.91324164e-01 0.00000000e+00
3.91778400e-01 0.00000000e+00
3.92232636e-01 0.00000000e+00
3.92686871e-01 0.00000000e+00
3.93141107e-01 0.00000000e+00
3.93595343e-01 0.00000000e+00
3.94049579e-01 0.00000000e+00
3.94503815e-01 0.00000000e+00
3.94958051e-01 0.00000000e+00
3.95412286e-01 0.00000000e+00
3.95866522e-01 0.00000000e+00
3.96320758e-01 0.00000000e+00
3.96774994e-01 0.00000000e+00
3.97229230e-01 0.00000000e+00
3.97683465e-01 0.00000000e+00
3.98137701e-01 0.00000000e+00
3.98591937e-01 0.00000000e+00
3.99046173e-01 0.00000000e+00
3.99500409e-01 0.00000000e+00
3.99954645e-01 0.00000000e+00
4.00408880e-01 0.00000000e+00
4.00863116e-01 0.00000000e+00
4.01317352e-01 0.00000000e+00
4.01771588e-01 0.00000000e+00
4.02225824e-01 0.00000000e+00
4.02680060e-01 0.00000000e+00
4.03134295e-01 0.00000000e+00
4.03588531e-01 0.00000000e+00
4.04042767e-01 0.00000000e+00
4.04497003e-01 0.00000000e+00
4.04951239e-01 0.00000000e+00
4.05405475e-01 0.00000000e+00
4.05859710e-01 0.00000000e+00
4.06313946e-01 0.00000000e+00
4.06768182e-01 0.00000000e+00
4.07222418e-01 0.00000000e+00
4.07676654e-01 0.00000000e+00
4.08130889e-01 0.00000000e+00
4.08585125e-01 0.00000000e+00
4.09039361e-01 0.00000000e+00
4.09493597e-01 0.00000000e+00
4.09947833e-01 0.00000000e+00
4.10402069e-01 0.00000000e+00
4.10856304e-01 0.00000000e+00
4.11310540e-01 0.00000000e+00
4.11764776e-01 0.00000000e+00
4.12219012e-01 0.00000000e+00
4.12673248e-01 0.00000000e+00
4.13127484e-01 0.00000000e+00
4.13581719e-01 0.00000000e+00
4.14035955e-01 0.00000000e+00
4.14490191e-01 0.00000000e+00
4.14944427e-01 0.00000000e+00
4.15398663e-01 0.00000000e+00
4.15852899e-01 0.00000000e+00
4.16307134e-01 0.00000000e+00
4.16761370e-01 0.00000000e+00
4.17215606e-01 0.00000000e+00
4.17669842e-01 0.00000000e+00
4.18124078e-01 0.00000000e+00
4.18578313e-01 0.00000000e+00
4.19032549e-01 0.00000000e+00
4.19486785e-01 0.00000000e+00
4.19941021e-01 0.00000000e+00
4.20395257e-01 0.00000000e+00
4.20849493e-01 0.00000000e+00
4.21303728e-01 0.00000000e+00
4.21757964e-01 0.00000000e+00
4.22212200e-01 0.00000000e+00
4.22666436e-01 0.00000000e+00
4.23120672e-01 0.00000000e+00
4.23574908e-01 0.00000000e+00
4.24029143e-01 0.00000000e+00
4.24483379e-01 0.00000000e+00
4.24937615e-01 0.00000000e+00
4.25391851e-01 0.00000000e+00
4.25846087e-01 0.00000000e+00
4.26300323e-01 0.00000000e+00
4.26754558e-01 0.00000000e+00
4.27208794e-01 0.00000000e+00
4.27663030e-01 0.00000000e+00
4.28117266e-01 0.00000000e+00
4.28571502e-01 0.00000000e+00
4.29025737e-01 0.00000000e+00
4.29479973e-01 0.00000000e+00
4.29934209e-01 0.00000000e+00
4.30388445e-01 0.00000000e+00
4.30842681e-01 0.00000000e+00
4.31296917e-01 0.00000000e+00
4.31751152e-01 0.00000000e+00
4.32205388e-01 0.00000000e+00
4.32659624e-01 0.00000000e+00
4.33113860e-01 0.00000000e+00
4.33568096e-01 0.00000000e+00
4.34022332e-01 0.00000000e+00
4.34476567e-01 0.00000000e+00
4.34930803e-01 0.00000000e+00
4.35385039e-01 0.00000000e+00
4.35839275e-01 0.00000000e+00
4.36293511e-01 0.00000000e+00
4.36747746e-01 0.00000000e+00
4.37201982e-01 0.00000000e+00
4.37656218e-01 0.00000000e+00
4.38110454e-01 0.00000000e+00
4.38564690e-01 0.00000000e+00
4.39018926e-01 0.00000000e+00
4.39473161e-01 0.00000000e+00
4.39927397e-01 0.00000000e+00
4.40381633e-01 0.00000000e+00
4.40835869e-01 0.00000000e+00
4.41290105e-01 0.00000000e+00
4.41744341e-01 0.00000000e+00
4.42198576e-01 0.00000000e+00
4.42652812e-01 0.00000000e+00
4.43107048e-01 0.00000000e+00
4.43561284e-01 0.00000000e+00
4.44015520e-01 0.00000000e+00
4.44469756e-01 0.00000000e+00
4.44923991e-01 0.00000000e+00
4.45378227e-01 0.00000000e+00
4.45832463e-01 0.00000000e+00
4.46286699e-01 0.00000000e+00
4.46740935e-01 0.00000000e+00
4.47195170e-01 0.00000000e+00
4.47649406e-01 0.00000000e+00
4.48103642e-01 0.00000000e+00
4.48557878e-01 0.00000000e+00
4.49012114e-01 0.00000000e+00
4.49466350e-01 0.00000000e+00
4.49920585e-01 0.00000000e+00
4.50374821e-01 0.00000000e+00
4.50829057e-01 0.00000000e+00
4.51283293e-01 0.00000000e+00
4.51737529e-01 0.00000000e+00
4.52191765e-01 0.00000000e+00
4.52646000e-01 0.00000000e+00
4.53100236e-01 0.00000000e+00
4.53554472e-01 0.00000000e+00
4.54008708e-01 0.00000000e+00
4.54462944e-01 0.00000000e+00
4.54917180e-01 0.00000000e+00
4.55371415e-01 0.00000000e+00
4.55825651e-01 0.00000000e+00
4.56279887e-01 0.00000000e+00
4.56734123e-01 0.00000000e+00
4.57188359e-01 0.00000000e+00
4.57642594e-01 0.00000000e+00
4.58096830e-01 0.00000000e+00
4.58551066e-01 0.00000000e+00
4.59005302e-01 0.00000000e+00
4.59459538e-01 0.00000000e+00
4.59913774e-01 0.00000000e+00
4.60368009e-01 0.00000000e+00
4.60822245e-01 0.00000000e+00
4.61276481e-01 0.00000000e+00
4.61730717e-01 0.00000000e+00
4.62184953e-01 0.00000000e+00
4.62639189e-01 0.00000000e+00
4.63093424e-01 0.00000000e+00
4.63547660e-01 0.00000000e+00
4.64001896e-01 0.00000000e+00
4.64456132e-01 0.00000000e+00
4.64910368e-01 0.00000000e+00
4.65364604e-01 0.00000000e+00
4.65818839e-01 0.00000000e+00
4.66273075e-01 0.00000000e+00
4.66727311e-01 0.00000000e+00
4.67181547e-01 0.00000000e+00
4.67635783e-01 0.00000000e+00
4.68090018e-01 0.00000000e+00
4.68544254e-01 0.00000000e+00
4.68998490e-01 0.00000000e+00
4.69452726e-01 0.00000000e+00
4.69906962e-01 0.00000000e+00
4.70361198e-01 0.00000000e+00
4.70815433e-01 0.00000000e+00
4.71269669e-01 0.00000000e+00
4.71723905e-01 0.00000000e+00
4.72178141e-01 0.00000000e+00
4.72632377e-01 0.00000000e+00
4.73086613e-01 0.00000000e+00
4.73540848e-01 0.00000000e+00
4.73995084e-01 0.00000000e+00
4.74449320e-01 0.00000000e+00
4.74903556e-01 0.00000000e+00
4.75357792e-01 0.00000000e+00
4.75812028e-01 0.00000000e+00
4.76266263e-01 0.00000000e+00
4.76720499e-01 0.00000000e+00
4.77174735e-01 0.00000000e+00
4.77628971e-01 0.00000000e+00
4.78083207e-01 0.00000000e+00
4.78537442e-01 0.00000000e+00
4.78991678e-01 0.00000000e+00
4.79445914e-01 0.00000000e+00
4.79900150e-01 0.00000000e+00
4.80354386e-01 0.00000000e+00
4.80808622e-01 0.00000000e+00
4.81262857e-01 0.00000000e+00
4.81717093e-01 0.00000000e+00
4.82171329e-01 0.00000000e+00
4.82625565e-01 0.00000000e+00
4.83079801e-01 0.00000000e+00
4.83534037e-01 0.00000000e+00
4.83988272e-01 0.00000000e+00
4.84442508e-01 0.00000000e+00
4.84896744e-01 0.00000000e+00
4.85350980e-01 0.00000000e+00
4.85805216e-01 0.00000000e+00
4.86259452e-01 0.00000000e+00
4.86713687e-01 0.00000000e+00
4.87167923e-01 0.00000000e+00
4.87622159e-01 0.00000000e+00
4.88076395e-01 0.00000000e+00
4.88530631e-01 0.00000000e+00
4.88984866e-01 0.00000000e+00
4.89439102e-01 0.00000000e+00
4.89893338e-01 0.00000000e+00
4.90347574e-01 0.00000000e+00
4.90801810e-01 0.00000000e+00
4.91256046e-01 0.00000000e+00
4.91710281e-01 0.00000000e+00
4.92164517e-01 0.00000000e+00
4.92618753e-01 0.00000000e+00
4.93072989e-01 0.00000000e+00
4.93527225e-01 0.00000000e+00
4.93981461e-01 0.00000000e+00
4.94435696e-01 0.00000000e+00
4.94889932e-01 0.00000000e+00
4.95344168e-01 0.00000000e+00
4.95798404e-01 0.00000000e+00
4.96252640e-01 0.00000000e+00
4.96706876e-01 0.00000000e+00
4.97161111e-01 0.00000000e+00
4.97615347e-01 0.00000000e+00
4.98069583e-01 0.00000000e+00
4.98523819e-01 0.00000000e+00
4.98978055e-01 0.00000000e+00
4.99432290e-01 0.00000000e+00
4.99886526e-01 0.00000000e+00
0.00000000e+00 2.27117913e-04
0.00000000e+00 6.81353739e-04
0.00000000e+00 1.13558956e-03
0.00000000e+00 1.58982539e-03
0.00000000e+00 2.04406122e-03
0.00000000e+00 2.49829704e-03
0.00000000e+00 2.95253287e-03
0.00000000e+00 3.40676869e-03
0.00000000e+00 3.86100452e-03
0.00000000e+00 4.31524035e-03
0.00000000e+00 4.76947617e-03
0.00000000e+00 5.22371200e-03
0.00000000e+00 5.67794782e-03
0.00000000e+00 6.13218365e-03
0.00000000e+00 6.58641947e-03
0.00000000e+00 7.04065530e-03
0.00000000e+00 7.49489113e-03
0.00000000e+00 7.94912695e-03
0.00000000e+00 8.40336278e-03
0.00000000e+00 8.85759860e-03
0.00000000e+00 9.31183443e-03
0.00000000e+00 9.76607025e-03
0.00000000e+00 1.02203061e-02
0.00000000e+00 1.06745419e-02
0.00000000e+00 1.11287777e-02
0.00000000e+00 1.15830136e-02
0.00000000e+00 1.20372494e-02
0.00000000e+00 1.24914852e-02
0.00000000e+00 1.29457210e-02
0.00000000e+00 1.33999569e-02
0.00000000e+00 1.38541927e-02
0.00000000e+00 1.43084285e-02
0.00000000e+00 1.47626643e-02
0.00000000e+00 1.52169002e-02
0.00000000e+00 1.56711360e-02
0.00000000e+00 1.61253718e-02
0.00000000e+00 1.65796076e-02
0.00000000e+00 1.70338435e-02
0.00000000e+00 1.74880793e-02
0.00000000e+00 1.79423151e-02
0.00000000e+00 1.83965509e-02
0.00000000e+00 1.88507868e-02
0.00000000e+00 1.93050226e-02
0.00000000e+00 1.97592584e-02
0.00000000e+00 2.02134942e-02
0.00000000e+00 2.06677301e-02
0.00000000e+00 2.11219659e-02
0.00000000e+00 2.15762017e-02
0.00000000e+00 2.20304376e-02
0.00000000e+00 2.24846734e-02
0.00000000e+00 2.29389092e-02
0.00000000e+00 2.33931450e-02
0.00000000e+00 2.38473809e-02
0.00000000e+00 2.43016167e-02
0.00000000e+00 2.47558525e-02
0.00000000e+00 2.52100883e-02
0.00000000e+00 2.56643242e-02
0.00000000e+00 2.61185600e-02
0.00000000e+00 2.65727958e-02
0.00000000e+00 2.70270316e-02
0.00000000e+00 2.74812675e-02
0.00000000e+00 2.79355033e-02
0.00000000e+00 2.83897391e-02
0.00000000e+00 2.88439749e-02
0.00000000e+00 2.92982108e-02
0.00000000e+00 2.97524466e-02
0.00000000e+00 3.02066824e-02
0.00000000e+00 3.06609182e-02
0.00000000e+00 3.11151541e-02
0.00000000e+00 3.15693899e-02
0.00000000e+00 3.20236257e-02
0.00000000e+00 3.24778615e-02
0.00000000e+00 3.29320974e-02
0.00000000e+00 3.33863332e-02
0.00000000e+00 3.38405690e-02
0.00000000e+00 3.42948048e-02
0.00000000e+00 3.47490407e-02
0.00000000e+00 3.52032765e-02
0.00000000e+00 3.56575123e-02
0.00000000e+00 3.61117482e-02
0.00000000e+00 3.65659840e-02
0.00000000e+00 3.70202198e-02
0.00000000e+00 3.74744556e-02
0.00000000e+00 3.79286915e-02
0.00000000e+00 3.83829273e-02
0.00000000e+00 3.88371631e-02
0.00000000e+00 3.92913989e-02
0.00000000e+00 3.97456348e-02
0.00000000e+00 4.01998706e-02
0.00000000e+00 4.06541064e-02
0.00000000e+00 4.11083422e-02
0.00000000e+00 4.15625781e-02
0.00000000e+00 4.20168139e-02
0.00000000e+00 4.24710497e-02
0.00000000e+00 4.29252855e-02
0.00000000e+00 4.33795214e-02
0.00000000e+00 4.38337572e-02
0.00000000e+00 4.42879930e-02
0.00000000e+00 4.47422288e-02
0.00000000e+00 4.51964647e-02
0.00000000e+00 4.56507005e-02
0.00000000e+00 4.61049363e-02
0.00000000e+00 4.65591721e-02
0.00000000e+00 4.70134080e-02
0.00000000e+00 4.74676438e-02
0.00000000e+00 4.79218796e-02
0.00000000e+00 4.83761154e-02
0.00000000e+00 4.88303513e-02
0.00000000e+00 4.92845871e-02
0.00000000e+00 4.97388229e-02
0.00000000e+00 5.01930587e-02
0.00000000e+00 5.06472946e-02
0.00000000e+00 5.11015304e-02
0.00000000e+00 5.15557662e-02
0.00000000e+00 5.20100021e-02
0.00000000e+00 5.24642379e-02
0.00000000e+00 5.29184737e-02
0.00000000e+00 5.33727095e-02
0.00000000e+00 5.38269454e-02
0.00000000e+00 5.42811812e-02
0.00000000e+00 5.47354170e-02
0.00000000e+00 5.51896528e-02
0.00000000e+00 5.56438887e-02
0.00000000e+00 5.60981245e-02
0.00000000e+00 5.65523603e-02
0.00000000e+00 5.70065961e-02
0.00000000e+00 5.74608320e-02
0.00000000e+00 5.79150678e-02
0.00000000e+00 5.83693036e-02
0.00000000e+00 5.88235394e-02
0.00000000e+00 5.92777753e-02
0.00000000e+00 5.97320111e-02
0.00000000e+00 6.01862469e-02
0.00000000e+00 6.06404827e-02
0.00000000e+00 6.10947186e-02
0.00000000e+00 6.15489544e-02
0.00000000e+00 6.20031902e-02
0.00000000e+00 6.24574260e-02
0.00000000e+00 6.29116619e-02
0.00000000e+00 6.33658977e-02
0.00000000e+00 6.38201335e-02
0.00000000e+00 6.42743693e-02
0.00000000e+00 6.47286052e-02
0.00000000e+00 6.51828410e-02
0.00000000e+00 6.56370768e-02
0.00000000e+00 6.60913127e-02
0.00000000e+00 6.65455485e-02
0.00000000e+00 6.69997843e-02
0.00000000e+00 6.74540201e-02
0.00000000e+00 6.79082560e-02
0.00000000e+00 6.83624918e-02
0.00000000e+00 6.88167276e-02
0.00000000e+00 6.92709634e-02
0.00000000e+00 6.97251993e-02
0.00000000e+00 7.01794351e-02
0.00000000e+00 7.06336709e-02
0.00000000e+00 7.10879067e-02
0.00000000e+00 7.15421426e-02
0.00000000e+00 7.19963784e-02
0.00000000e+00 7.24506142e-02
0.00000000e+00 7.29048500e-02
0.00000000e+00 7.33590859e-02
0.00000000e+00 7.38133217e-02
0.00000000e+00 7.42675575e-02
0.00000000e+00 7.47217933e-02
0.00000000e+00 7.51760292e-02
0.00000000e+00 7.56302650e-02
0.00000000e+00 7.60845008e-02
0.00000000e+00 7.65387366e-02
0.00000000e+00 7.69929725e-02
0.00000000e+00 7.74472083e-02
0.00000000e+00 7.79014441e-02
0.00000000e+00 7.83556799e-02
0.00000000e+00 7.88099158e-02
0.00000000e+00 7.92641516e-02
0.00000000e+00 7.97183874e-02
0.00000000e+00 8.01726233e-02
0.00000000e+00 8.06268591e-02
0.00000000e+00 8.10810949e-02
0.00000000e+00 8.15353307e-02
0.00000000e+00 8.19895666e-02
0.00000000e+00 8.24438024e-02
0.00000000e+00 8.28980382e-02
0.00000000e+00 8.33522740e-02
0.00000000e+00 8.38065099e-02
0.00000000e+00 8.42607457e-02
0.00000000e+00 8.47149815e-02
0.00000000e+00 8.51692173e-02
0.00000000e+00 8.56234532e-02
0.00000000e+00 8.60776890e-02
0.00000000e+00 8.65319248e-02
0.00000000e+00 8.69861606e-02
0.00000000e+00 8.74403965e-02
0.00000000e+00 8.78946323e-02
0.00000000e+00 8.83488681e-02
0.00000000e+00 8.88031039e-02
0.00000000e+00 8.92573398e-02
0.00000000e+00 8.97115756e-02
0.00000000e+00 9.01658114e-02
0.00000000e+00 9.06200472e-02
0.00000000e+00 9.10742831e-02
0.00000000e+00 9.15285189e-02
0.00000000e+00 9.19827547e-02
0.00000000e+00 9.24369905e-02
0.00000000e+00 9.28912264e-02
0.00000000e+00 9.33454622e-02
0.00000000e+00 9.37996980e-02
0.00000000e+00 9.42539339e-02
0.00000000e+00 9.47081697e-02
0.00000000e+00 9.51624055e-02
0.00000000e+00 9.56166413e-02
0.00000000e+00 9.60708772e-02
0.00000000e+00 9.65251130e-02
0.00000000e+00 9.69793488e-02
0.00000000e+00 9.74335846e-02
0.00000000e+00 9.78878205e-02
0.00000000e+00 9.83420563e-02
0.00000000e+00 9.87962921e-02
0.00000000e+00 9.92505279e-02
0.00000000e+00 9.97047638e-02
0.00000000e+00 1.00159000e-01
0.00000000e+00 1.00613235e-01
0.00000000e+00 1.01067471e-01
0.00000000e+00 1.01521707e-01
0.00000000e+00 1.01975943e-01
0.00000000e+00 1.02430179e-01
0.00000000e+00 1.02884415e-01
0.00000000e+00 1.03338650e-01
0.00000000e+00 1.03792886e-01
0.00000000e+00 1.04247122e-01
0.00000000e+00 1.04701358e-01
0.00000000e+00 1.05155594e-01
0.00000000e+00 1.05609829e-01
0.00000000e+00 1.06064065e-01
0.00000000e+00 1.06518301e-01
0.00000000e+00 1.06972537e-01
0.00000000e+00 1.07426773e-01
0.00000000e+00 1.07881009e-01
0.00000000e+00 1.08335244e-01
0.00000000e+00 1.08789480e-01
0.00000000e+00 1.09243716e-01
0.00000000e+00 1.09697952e-01
0.00000000e+00 1.10152188e-01
0.00000000e+00 1.10606424e-01
0.00000000e+00 1.11060659e-01
0.00000000e+00 1.11514895e-01
0.00000000e+00 1.11969131e-01
0.00000000e+00 1.12423367e-01
0.00000000e+00 1.12877603e-01
0.00000000e+00 1.13331839e-01
0.00000000e+00 1.13786074e-01
0.00000000e+00 1.14240310e-01
0.00000000e+00 1.14694546e-01
0.00000000e+00 1.15148782e-01
0.00000000e+00 1.15603018e-01
0.00000000e+00 1.16057253e-01
0.00000000e+00 1.16511489e-01
0.00000000e+00 1.16965725e-01
0.00000000e+00 1.17419961e-01
0.00000000e+00 1.17874197e-01
0.00000000e+00 1.18328433e-01
0.00000000e+00 1.18782668e-01
0.00000000e+00 1.19236904e-01
0.00000000e+00 1.19691140e-01
0.00000000e+00 1.20145376e-01
0.00000000e+00 1.20599612e-01
0.00000000e+00 1.21053848e-01
0.00000000e+00 1.21508083e-01
0.00000000e+00 1.21962319e-01
0.00000000e+00 1.22416555e-01
0.00000000e+00 1.22870791e-01
0.00000000e+00 1.23325027e-01
0.00000000e+00 1.23779263e-01
0.00000000e+00 1.24233498e-01
0.00000000e+00 1.24687734e-01
0.00000000e+00 1.25141970e-01
0.00000000e+00 1.25596206e-01
0.00000000e+00 1.26050442e-01
0.00000000e+00 1.26504677e-01
0.00000000e+00 1.26958913e-01
0.00000000e+00 1.27413149e-01
0.00000000e+00 1.27867385e-01
0.00000000e+00 1.28321621e-01
0.00000000e+00 1.28775857e-01
0.00000000e+00 1.29230092e-01
0.00000000e+00 1.29684328e-01
0.00000000e+00 1.30138564e-01
0.00000000e+00 1.30592800e-01
0.00000000e+00 1.31047036e-01
0.00000000e+00 1.31501272e-01
0.00000000e+00 1.31955507e-01
0.00000000e+00 1.32409743e-01
0.00000000e+00 1.32863979e-01
0.00000000e+00 1.33318215e-01
0.00000000e+00 1.33772451e-01
0.00000000e+00 1.34226687e-01
0.00000000e+00 1.34680922e-01
0.00000000e+00 1.35135158e-01
0.00000000e+00 1.35589394e-01
0.00000000e+00 1.36043630e-01
0.00000000e+00 1.36497866e-01
0.00000000e+00 1.36952101e-01
0.00000000e+00 1.37406337e-01
0.00000000e+00 1.37860573e-01
0.00000000e+00 1.38314809e-01
0.00000000e+00 1.38769045e-01
0.00000000e+00 1.39223281e-01
0.00000000e+00 1.39677516e-01
0.00000000e+00 1.40131752e-01
0.00000000e+00 1.40585988e-01
0.00000000e+00 1.41040224e-01
0.00000000e+00 1.41494460e-01
0.00000000e+00 1.41948696e-01
0.00000000e+00 1.42402931e-01
0.00000000e+00 1.42857167e-01
0.00000000e+00 1.43311403e-01
0.00000000e+00 1.43765639e-01
0.00000000e+00 1.44219875e-01
0.00000000e+00 1.44674111e-01
0.00000000e+00 1.45128346e-01
0.00000000e+00 1.45582582e-01
0.00000000e+00 1.46036818e-01
0.00000000e+00 1.46491054e-01
0.00000000e+00 1.46945290e-01
0.00000000e+00 1.47399525e-01
0.00000000e+00 1.47853761e-01
0.00000000e+00 1.48307997e-01
0.00000000e+00 1.48762233e-01
0.00000000e+00 1.49216469e-01
0.00000000e+00 1.49670705e-01
0.00000000e+00 1.50124940e-01
0.00000000e+00 1.50579176e-01
0.00000000e+00 1.51033412e-01
0.00000000e+00 1.51487648e-01
0.00000000e+00 1.51941884e-01
0.00000000e+00 1.52396120e-01
0.00000000e+00 1.52850355e-01
0.00000000e+00 1.53304591e-01
0.00000000e+00 1.53758827e-01
0.00000000e+00 1.54213063e-01
0.00000000e+00 1.54667299e-01
0.00000000e+00 1.55121535e-01
0.00000000e+00 1.55575770e-01
0.00000000e+00 1.56030006e-01
0.00000000e+00 1.56484242e-01
0.00000000e+00 1.56938478e-01
0.00000000e+00 1.57392714e-01
0.00000000e+00 1.57846949e-01
0.00000000e+00 1.58301185e-01
0.00000000e+00 1.58755421e-01
0.00000000e+00 1.59209657e-01
0.00000000e+00 1.59663893e-01
0.00000000e+00 1.60118129e-01
0.00000000e+00 1.60572364e-01
0.00000000e+00 1.61026600e-01
0.00000000e+00 1.61480836e-01
0.00000000e+00 1.61935072e-01
0.00000000e+00 1.62389308e-01
0.00000000e+00 1.62843544e-01
0.00000000e+00 1.63297779e-01
0.00000000e+00 1.63752015e-01
0.00000000e+00 1.64206251e-01
0.00000000e+00 1.64660487e-01
0.00000000e+00 1.65114723e-01
0.00000000e+00 1.65568959e-01
0.00000000e+00 1.66023194e-01
0.00000000e+00 1.66477430e-01
0.00000000e+00 1.66931666e-01
0.00000000e+00 1.67385902e-01
0.00000000e+00 1.67840138e-01
0.00000000e+00 1.68294373e-01
0.00000000e+00 1.68748609e-01
0.00000000e+00 1.69202845e-01
0.00000000e+00 1.69657081e-01
0.00000000e+00 1.70111317e-01
0.00000000e+00 1.70565553e-01
0.00000000e+00 1.71019788e-01
0.00000000e+00 1.71474024e-01
0.00000000e+00 1.71928260e-01
0.00000000e+00 1.72382496e-01
0.00000000e+00 1.72836732e-01
0.00000000e+00 1.73290968e-01
0.00000000e+00 1.73745203e-01
0.00000000e+00 1.74199439e-01
0.00000000e+00 1.74653675e-01
0.00000000e+00 1.75107911e-01
0.00000000e+00 1.75562147e-01
0.00000000e+00 1.76016382e-01
0.00000000e+00 1.76470618e-01
0.00000000e+00 1.76924854e-01
0.00000000e+00 1.77379090e-01
0.00000000e+00 1.77833326e-01
0.00000000e+00 1.78287562e-01
0.00000000e+00 1.78741797e-01
0.00000000e+00 1.79196033e-01
0.00000000e+00 1.79650269e-01
0.00000000e+00 1.80104505e-01
0.00000000e+00 1.80558741e-01
0.00000000e+00 1.81012977e-01
0.00000000e+00 1.81467212e-01
0.00000000e+00 1.81921448e-01
0.00000000e+00 1.82375684e-01
0.00000000e+00 1.82829920e-01
0.00000000e+00 1.83284156e-01
0.00000000e+00 1.83738392e-01
0.00000000e+00 1.84192627e-01
0.00000000e+00 1.84646863e-01
0.00000000e+00 1.85101099e-01
0.00000000e+00 1.85555335e-01
0.00000000e+00 1.86009571e-01
0.00000000e+00 1.86463806e-01
0.00000000e+00 1.86918042e-01
0.00000000e+00 1.87372278e-01
0.00000000e+00 1.87826514e-01
0.00000000e+00 1.88280750e-01
0.00000000e+00 1.88734986e-01
0.00000000e+00 1.89189221e-01
0.00000000e+00 1.89643457e-01
0.00000000e+00 1.90097693e-01
0.00000000e+00 1.90551929e-01
0.00000000e+00 1.91006165e-01
0.00000000e+00 1.91460401e-01
0.00000000e+00 1.91914636e-01
0.00000000e+00 1.92368872e-01
0.00000000e+00 1.92823108e-01
0.00000000e+00 1.93277344e-01
0.00000000e+00 1.93731580e-01
0.00000000e+00 1.94185816e-01
0.00000000e+00 1.94640051e-01
0.00000000e+00 1.95094287e-01
0.00000000e+00 1.95548523e-01
0.00000000e+00 1.96002759e-01
0.00000000e+00 1.96456995e-01
0.00000000e+00 1.96911230e-01
0.00000000e+00 1.97365466e-01
0.00000000e+00 1.97819702e-01
0.00000000e+00 1.98273938e-01
0.00000000e+00 1.98728174e-01
0.00000000e+00 1.99182410e-01
0.00000000e+00 1.99636645e-01
0.00000000e+00 2.00090881e-01
0.00000000e+00 2.00545117e-01
0.00000000e+00 2.00999353e-01
0.00000000e+00 2.01453589e-01
0.00000000e+00 2.01907825e-01
0.00000000e+00 2.02362060e-01
0.00000000e+00 2.02816296e-01
0.00000000e+00 2.03270532e-01
0.00000000e+00 2.03724768e-01
0.00000000e+00 2.04179004e-01
0.00000000e+00 2.04633240e-01
0.00000000e+00 2.05087475e-01
0.00000000e+00 2.05541711e-01
0.00000000e+00 2.05995947e-01
0.00000000e+00 2.06450183e-01
0.00000000e+00 2.06904419e-01
0.00000000e+00 2.07358654e-01
0.00000000e+00 2.07812890e-01
0.00000000e+00 2.08267126e-01
0.00000000e+00 2.08721362e-01
0.00000000e+00 2.09175598e-01
0.00000000e+00 2.09629834e-01
0.00000000e+00 2.10084069e-01
0.00000000e+00 2.10538305e-01
0.00000000e+00 2.10992541e-01
0.00000000e+00 2.11446777e-01
0.00000000e+00 2.11901013e-01
0.00000000e+00 2.12355249e-01
0.00000000e+00 2.12809484e-01
0.00000000e+00 2.13263720e-01
0.00000000e+00 2.13717956e-01
0.00000000e+00 2.14172192e-01
0.00000000e+00 2.14626428e-01
0.00000000e+00 2.15080664e-01
0.00000000e+00 2.15534899e-01
0.00000000e+00 2.15989135e-01
0.00000000e+00 2.16443371e-01
0.00000000e+00 2.16897607e-01
0.00000000e+00 2.17351843e-01
0.00000000e+00 2.17806078e-01
0.00000000e+00 2.18260314e-01
0.00000000e+00 2.18714550e-01
0.00000000e+00 2.19168786e-01
0.00000000e+00 2.19623022e-01
0.00000000e+00 2.20077258e-01
0.00000000e+00 2.20531493e-01
0.00000000e+00 2.20985729e-01
0.00000000e+00 2.21439965e-01
0.00000000e+00 2.21894201e-01
0.00000000e+00 2.22348437e-01
0.00000000e+00 2.22802673e-01
0.00000000e+00 2.23256908e-01
0.00000000e+00 2.23711144e-01
0.00000000e+00 2.24165380e-01
0.00000000e+00 2.24619616e-01
0.00000000e+00 2.25073852e-01
0.00000000e+00 2.25528088e-01
0.00000000e+00 2.25982323e-01
0.00000000e+00 2.26436559e-01
0.00000000e+00 2.26890795e-01
0.00000000e+00 2.27345031e-01
0.00000000e+00 2.27799267e-01
0.00000000e+00 2.28253502e-01
0.00000000e+00 2.28707738e-01
0.00000000e+00 2.29161974e-01
0.00000000e+00 2.29616210e-01
0.00000000e+00 2.30070446e-01
0.00000000e+00 2.30524682e-01
0.00000000e+00 2.30978917e-01
0.00000000e+00 2.31433153e-01
0.00000000e+00 2.31887389e-01
0.00000000e+00 2.32341625e-01
0.00000000e+00 2.32795861e-01
0.00000000e+00 2.33250097e-01
0.00000000e+00 2.33704332e-01
0.00000000e+00 2.34158568e-01
0.00000000e+00 2.34612804e-01
0.00000000e+00 2.35067040e-01
0.00000000e+00 2.35521276e-01
0.00000000e+00 2.35975511e-01
0.00000000e+00 2.36429747e-01
0.00000000e+00 2.36883983e-01
0.00000000e+00 2.37338219e-01
0.00000000e+00 2.37792455e-01
0.00000000e+00 2.38246691e-01
0.00000000e+00 2.38700926e-01
0.00000000e+00 2.39155162e-01
0.00000000e+00 2.39609398e-01
0.00000000e+00 2.40063634e-01
0.00000000e+00 2.40517870e-01
0.00000000e+00 2.40972106e-01
0.00000000e+00 2.41426341e-01
0.00000000e+00 2.41880577e-01
0.00000000e+00 2.42334813e-01
0.00000000e+00 2.42789049e-01
0.00000000e+00 2.43243285e-01
0.00000000e+00 2.43697521e-01
0.00000000e+00 2.44151756e-01
0.00000000e+00 2.44605992e-01
0.00000000e+00 2.45060228e-01
0.00000000e+00 2.45514464e-01
0.00000000e+00 2.45968700e-01
0.00000000e+00 2.46422935e-01
0.00000000e+00 2.46877171e-01
0.00000000e+00 2.47331407e-01
0.00000000e+00 2.47785643e-01
0.00000000e+00 2.48239879e-01
0.00000000e+00 2.48694115e-01
0.00000000e+00 2.49148350e-01
0.00000000e+00 2.49602586e-01
0.00000000e+00 2.50056822e-01
0.00000000e+00 2.50511058e-01
0.00000000e+00 2.50965294e-01
0.00000000e+00 2.51419530e-01
0.00000000e+00 2.51873765e-01
0.00000000e+00 2.52328001e-01
0.00000000e+00 2.52782237e-01
0.00000000e+00 2.53236473e-01
0.00000000e+00 2.53690709e-01
0.00000000e+00 2.54144945e-01
0.00000000e+00 2.54599180e-01
0.00000000e+00 2.55053416e-01
0.00000000e+00 2.55507652e-01
0.00000000e+00 2.55961888e-01
0.00000000e+00 2.56416124e-01
0.00000000e+00 2.56870359e-01
0.00000000e+00 2.57324595e-01
0.00000000e+00 2.57778831e-01
0.00000000e+00 2.58233067e-01
0.00000000e+00 2.58687303e-01
0.00000000e+00 2.59141539e-01
0.00000000e+00 2.59595774e-01
0.00000000e+00 2.60050010e-01
0.00000000e+00 2.60504246e-01
0.00000000e+00 2.60958482e-01
0.00000000e+00 2.61412718e-01
0.00000000e+00 2.61866954e-01
0.00000000e+00 2.62321189e-01
0.00000000e+00 2.62775425e-01
0.00000000e+00 2.63229661e-01
0.00000000e+00 2.63683897e-01
0.00000000e+00 2.64138133e-01
0.00000000e+00 2.64592369e-01
0.00000000e+00 2.65046604e-01
0.00000000e+00 2.65500840e-01
0.00000000e+00 2.65955076e-01
0.00000000e+00 2.66409312e-01
0.00000000e+00 2.66863548e-01
0.00000000e+00 2.67317783e-01
0.00000000e+00 2.67772019e-01
0.00000000e+00 2.68226255e-01
0.00000000e+00 2.68680491e-01
0.00000000e+00 2.69134727e-01
0.00000000e+00 2.69588963e-01
0.00000000e+00 2.70043198e-01
0.00000000e+00 2.70497434e-01
0.00000000e+00 2.70951670e-01
0.00000000e+00 2.71405906e-01
0.00000000e+00 2.71860142e-01
0.00000000e+00 2.72314378e-01
0.00000000e+00 2.72768613e-01
0.00000000e+00 2.73222849e-01
0.00000000e+00 2.73677085e-01
0.00000000e+00 2.74131321e-01
0.00000000e+00 2.74585557e-01
0.00000000e+00 2.75039793e-01
0.00000000e+00 2.75494028e-01
0.00000000e+00 2.75948264e-01
0.00000000e+00 2.76402500e-01
0.00000000e+00 2.76856736e-01
0.00000000e+00 2.77310972e-01
0.00000000e+00 2.77765207e-01
0.00000000e+00 2.78219443e-01
0.00000000e+00 2.78673679e-01
0.00000000e+00 2.79127915e-01
0.00000000e+00 2.79582151e-01
0.00000000e+00 2.80036387e-01
0.00000000e+00 2.80490622e-01
0.00000000e+00 2.80944858e-01
0.00000000e+00 2.81399094e-01
0.00000000e+00 2.81853330e-01
0.00000000e+00 2.82307566e-01
0.00000000e+00 2.82761802e-01
0.00000000e+00 2.83216037e-01
0.00000000e+00 2.83670273e-01
0.00000000e+00 2.84124509e-01
0.00000000e+00 2.84578745e-01
0.00000000e+00 2.85032981e-01
0.00000000e+00 2.85487217e-01
0.00000000e+00 2.85941452e-01
0.00000000e+00 2.86395688e-01
0.00000000e+00 2.86849924e-01
0.00000000e+00 2.87304160e-01
0.00000000e+00 2.87758396e-01
0.00000000e+00 2.88212631e-01
0.00000000e+00 2.88666867e-01
0.00000000e+00 2.89121103e-01
0.00000000e+00 2.89575339e-01
0.00000000e+00 2.90029575e-01
0.00000000e+00 2.90483811e-01
0.00000000e+00 2.90938046e-01
0.00000000e+00 2.91392282e-01
0.00000000e+00 2.91846518e-01
0.00000000e+00 2.92300754e-01
0.00000000e+00 2.92754990e-01
0.00000000e+00 2.93209226e-01
0.00000000e+00 2.93663461e-01
0.00000000e+00 2.94117697e-01
0.00000000e+00 2.94571933e-01
0.00000000e+00 2.95026169e-01
0.00000000e+00 2.95480405e-01
0.00000000e+00 2.95934641e-01
0.00000000e+00 2.96388876e-01
0.00000000e+00 2.96843112e-01
0.00000000e+00 2.97297348e-01
0.00000000e+00 2.97751584e-01
0.00000000e+00 2.98205820e-01
0.00000000e+00 2.98660055e-01
0.00000000e+00 2.99114291e-01
0.00000000e+00 2.99568527e-01
0.00000000e+00 3.00022763e-01
0.00000000e+00 3.00476999e-01
0.00000000e+00 3.00931235e-01
0.00000000e+00 3.01385470e-01
0.00000000e+00 3.01839706e-01
0.00000000e+00 3.02293942e-01
0.00000000e+00 3.02748178e-01
0.00000000e+00 3.03202414e-01
0.00000000e+00 3.03656650e-01
0.00000000e+00 3.04110885e-01
0.00000000e+00 3.04565121e-01
0.00000000e+00 3.05019357e-01
0.00000000e+00 3.05473593e-01
0.00000000e+00 3.05927829e-01
0.00000000e+00 3.06382064e-01
0.00000000e+00 3.06836300e-01
0.00000000e+00 3.07290536e-01
0.00000000e+00 3.07744772e-01
0.00000000e+00 3.08199008e-01
0.00000000e+00 3.08653244e-01
0.00000000e+00 3.09107479e-01
0.00000000e+00 3.09561715e-01
0.00000000e+00 3.10015951e-01
0.00000000e+00 3.10470187e-01
0.00000000e+00 3.10924423e-01
0.00000000e+00 3.11378659e-01
0.00000000e+00 3.11832894e-01
0.00000000e+00 3.12287130e-01
0.00000000e+00 3.12741366e-01
0.00000000e+00 3.13195602e-01
0.00000000e+00 3.13649838e-01
0.00000000e+00 3.14104074e-01
0.00000000e+00 3.14558309e-01
0.00000000e+00 3.15012545e-01
0.00000000e+00 3.15466781e-01
0.00000000e+00 3.15921017e-01
0.00000000e+00 3.16375253e-01
0.00000000e+00 3.16829488e-01
0.00000000e+00 3.17283724e-01
0.00000000e+00 3.17737960e-01
0.00000000e+00 3.18192196e-01
0.00000000e+00 3.18646432e-01
0.00000000e+00 3.19100668e-01
0.00000000e+00 3.19554903e-01
0.00000000e+00 3.20009139e-01
0.00000000e+00 3.20463375e-01
0.00000000e+00 3.20917611e-01
0.00000000e+00 3.21371847e-01
0.00000000e+00 3.21826083e-01
0.00000000e+00 3.22280318e-01
0.00000000e+00 3.22734554e-01
0.00000000e+00 3.23188790e-01
0.00000000e+00 3.23643026e-01
0.00000000e+00 3.24097262e-01
0.00000000e+00 3.24551498e-01
0.00000000e+00 3.25005733e-01
0.00000000e+00 3.25459969e-01
0.00000000e+00 3.25914205e-01
0.00000000e+00 3.26368441e-01
0.00000000e+00 3.26822677e-01
0.00000000e+00 3.27276912e-01
0.00000000e+00 3.27731148e-01
0.00000000e+00 3.28185384e-01
0.00000000e+00 3.28639620e-01
0.00000000e+00 3.29093856e-01
0.00000000e+00 3.29548092e-01
0.00000000e+00 3.30002327e-01
0.00000000e+00 3.30456563e-01
0.00000000e+00 3.30910799e-01
0.00000000e+00 3.31365035e-01
0.00000000e+00 3.31819271e-01
0.00000000e+00 3.32273507e-01
0.00000000e+00 3.32727742e-01
0.00000000e+00 3.33181978e-01
0.00000000e+00 3.33636214e-01
0.00000000e+00 3.34090450e-01
0.00000000e+00 3.34544686e-01
0.00000000e+00 3.34998922e-01
0.00000000e+00 3.35453157e-01
0.00000000e+00 3.35907393e-01
0.00000000e+00 3.36361629e-01
0.00000000e+00 3.36815865e-01
0.00000000e+00 3.37270101e-01
0.00000000e+00 3.37724336e-01
0.00000000e+00 3.38178572e-01
0.00000000e+00 3.38632808e-01
0.00000000e+00 3.39087044e-01
0.00000000e+00 3.39541280e-01
0.00000000e+00 3.39995516e-01
0.00000000e+00 3.40449751e-01
0.00000000e+00 3.40903987e-01
0.00000000e+00 3.41358223e-01
0.00000000e+00 3.41812459e-01
0.00000000e+00 3.42266695e-01
0.00000000e+00 3.42720931e-01
0.00000000e+00 3.43175166e-01
0.00000000e+00 3.43629402e-01
0.00000000e+00 3.44083638e-01
0.00000000e+00 3.44537874e-01
0.00000000e+00 3.44992110e-01
0.00000000e+00 3.45446346e-01
0.00000000e+00 3.45900581e-01
0.00000000e+00 3.46354817e-01
0.00000000e+00 3.46809053e-01
0.00000000e+00 3.47263289e-01
0.00000000e+00 3.47717525e-01
0.00000000e+00 3.48171760e-01
0.00000000e+00 3.48625996e-01
0.00000000e+00 3.49080232e-01
0.00000000e+00 3.49534468e-01
0.00000000e+00 3.49988704e-01
0.00000000e+00 3.50442940e-01
0.00000000e+00 3.50897175e-01
0.00000000e+00 3.51351411e-01
0.00000000e+00 3.51805647e-01
0.00000000e+00 3.52259883e-01
0.00000000e+00 3.52714119e-01
0.00000000e+00 3.53168355e-01
0.00000000e+00 3.53622590e-01
0.00000000e+00 3.54076826e-01
0.00000000e+00 3.54531062e-01
0.00000000e+00 3.54985298e-01
0.00000000e+00 3.55439534e-01
0.00000000e+00 3.55893770e-01
0.00000000e+00 3.56348005e-01
0.00000000e+00 3.56802241e-01
0.00000000e+00 3.57256477e-01
0.00000000e+00 3.57710713e-01
0.00000000e+00 3.58164949e-01
0.00000000e+00 3.58619184e-01
0.00000000e+00 3.59073420e-01
0.00000000e+00 3.59527656e-01
0.00000000e+00 3.59981892e-01
0.00000000e+00 3.60436128e-01
0.00000000e+00 3.60890364e-01
0.00000000e+00 3.61344599e-01
0.00000000e+00 3.61798835e-01
0.00000000e+00 3.62253071e-01
0.00000000e+00 3.62707307e-01
0.00000000e+00 3.63161543e-01
0.00000000e+00 3.63615779e-01
0.00000000e+00 3.64070014e-01
0.00000000e+00 3.64524250e-01
0.00000000e+00 3.64978486e-01
0.00000000e+00 3.65432722e-01
0.00000000e+00 3.65886958e-01
0.00000000e+00 3.66341193e-01
0.00000000e+00 3.66795429e-01
0.00000000e+00 3.67249665e-01
0.00000000e+00 3.67703901e-01
0.00000000e+00 3.68158137e-01
0.00000000e+00 3.68612373e-01
0.00000000e+00 3.69066608e-01
0.00000000e+00 3.69520844e-01
0.00000000e+00 3.69975080e-01
0.00000000e+00 3.70429316e-01
0.00000000e+00 3.70883552e-01
0.00000000e+00 3.71337788e-01
0.00000000e+00 3.71792023e-01
0.00000000e+00 3.72246259e-01
0.00000000e+00 3.72700495e-01
0.00000000e+00 3.73154731e-01
0.00000000e+00 3.73608967e-01
0.00000000e+00 3.74063203e-01
0.00000000e+00 3.74517438e-01
0.00000000e+00 3.74971674e-01
0.00000000e+00 3.75425910e-01
0.00000000e+00 3.75880146e-01
0.00000000e+00 3.76334382e-01
0.00000000e+00 3.76788617e-01
0.00000000e+00 3.77242853e-01
0.00000000e+00 3.77697089e-01
0.00000000e+00 3.78151325e-01
0.00000000e+00 3.78605561e-01
0.00000000e+00 3.79059797e-01
0.00000000e+00 3.79514032e-01
0.00000000e+00 3.79968268e-01
0.00000000e+00 3.80422504e-01
0.00000000e+00 3.80876740e-01
0.00000000e+00 3.81330976e-01
0.00000000e+00 3.81785212e-01
0.00000000e+00 3.82239447e-01
0.00000000e+00 3.82693683e-01
0.00000000e+00 3.83147919e-01
0.00000000e+00 3.83602155e-01
0.00000000e+00 3.84056391e-01
0.00000000e+00 3.84510627e-01
0.00000000e+00 3.84964862e-01
0.00000000e+00 3.85419098e-01
0.00000000e+00 3.85873334e-01
0.00000000e+00 3.86327570e-01
0.00000000e+00 3.86781806e-01
0.00000000e+00 3.87236041e-01
0.00000000e+00 3.87690277e-01
0.00000000e+00 3.88144513e-01
0.00000000e+00 3.88598749e-01
0.00000000e+00 3.89052985e-01
0.00000000e+00 3.89507221e-01
0.00000000e+00 3.89961456e-01
0.00000000e+00 3.90415692e-01
0.00000000e+00 3.90869928e-01
0.00000000e+00 3.91324164e-01
0.00000000e+00 3.91778400e-01
0.00000000e+00 3.92232636e-01
0.00000000e+00 3.92686871e-01
0.00000000e+00 3.93141107e-01
0.00000000e+00 3.93595343e-01
0.00000000e+00 3.94049579e-01
0.00000000e+00 3.94503815e-01
0.00000000e+00 3.94958051e-01
0.00000000e+00 3.95412286e-01
0.00000000e+00 3.95866522e-01
0.00000000e+00 3.96320758e-01
0.00000000e+00 3.96774994e-01
0.00000000e+00 3.97229230e-01
0.00000000e+00 3.97683465e-01
0.00000000e+00 3.98137701e-01
0.00000000e+00 3.98591937e-01
0.00000000e+00 3.99046173e-01
0.00000000e+00 3.99500409e-01
0.00000000e+00 3.99954645e-01
0.00000000e+00 4.00408880e-01
0.00000000e+00 4.00863116e-01
0.00000000e+00 4.01317352e-01
0.00000000e+00 4.01771588e-01
0.00000000e+00 4.02225824e-01
0.00000000e+00 4.02680060e-01
0.00000000e+00 4.03134295e-01
0.00000000e+00 4.03588531e-01
0.00000000e+00 4.04042767e-01
0.00000000e+00 4.04497003e-01
0.00000000e+00 4.04951239e-01
0.00000000e+00 4.05405475e-01
0.00000000e+00 4.05859710e-01
0.00000000e+00 4.06313946e-01
0.00000000e+00 4.06768182e-01
0.00000000e+00 4.07222418e-01
0.00000000e+00 4.07676654e-01
0.00000000e+00 4.08130889e-01
0.00000000e+00 4.08585125e-01
0.00000000e+00 4.09039361e-01
0.00000000e+00 4.09493597e-01
0.00000000e+00 4.09947833e-01
0.00000000e+00 4.10402069e-01
0.00000000e+00 4.10856304e-01
0.00000000e+00 4.11310540e-01
0.00000000e+00 4.11764776e-01
0.00000000e+00 4.12219012e-01
0.00000000e+00 4.12673248e-01
0.00000000e+00 4.13127484e-01
0.00000000e+00 4.13581719e-01
0.00000000e+00 4.14035955e-01
0.00000000e+00 4.14490191e-01
0.00000000e+00 4.14944427e-01
0.00000000e+00 4.15398663e-01
0.00000000e+00 4.15852899e-01
0.00000000e+00 4.16307134e-01
0.00000000e+00 4.16761370e-01
0.00000000e+00 4.17215606e-01
0.00000000e+00 4.17669842e-01
0.00000000e+00 4.18124078e-01
0.00000000e+00 4.18578313e-01
0.00000000e+00 4.19032549e-01
0.00000000e+00 4.19486785e-01
0.00000000e+00 4.19941021e-01
0.00000000e+00 4.20395257e-01
0.00000000e+00 4.20849493e-01
0.00000000e+00 4.21303728e-01
0.00000000e+00 4.21757964e-01
0.00000000e+00 4.22212200e-01
0.00000000e+00 4.22666436e-01
0.00000000e+00 4.23120672e-01
0.00000000e+00 4.23574908e-01
0.00000000e+00 4.24029143e-01
0.00000000e+00 4.24483379e-01
0.00000000e+00 4.24937615e-01
0.00000000e+00 4.25391851e-01
0.00000000e+00 4.25846087e-01
0.00000000e+00 4.26300323e-01
0.00000000e+00 4.26754558e-01
0.00000000e+00 4.27208794e-01
0.00000000e+00 4.27663030e-01
0.00000000e+00 4.28117266e-01
0.00000000e+00 4.28571502e-01
0.00000000e+00 4.29025737e-01
0.00000000e+00 4.29479973e-01
0.00000000e+00 4.29934209e-01
0.00000000e+00 4.30388445e-01
0.00000000e+00 4.30842681e-01
0.00000000e+00 4.31296917e-01
0.00000000e+00 4.31751152e-01
0.00000000e+00 4.32205388e-01
0.00000000e+00 4.32659624e-01
0.00000000e+00 4.33113860e-01
0.00000000e+00 4.33568096e-01
0.00000000e+00 4.34022332e-01
0.00000000e+00 4.34476567e-01
0.00000000e+00 4.34930803e-01
0.00000000e+00 4.35385039e-01
0.00000000e+00 4.35839275e-01
0.00000000e+00 4.36293511e-01
0.00000000e+00 4.36747746e-01
0.00000000e+00 4.37201982e-01
0.00000000e+00 4.37656218e-01
0.00000000e+00 4.38110454e-01
0.00000000e+00 4.38564690e-01
0.00000000e+00 4.39018926e-01
0.00000000e+00 4.39473161e-01
0.00000000e+00 4.39927397e-01
0.00000000e+00 4.40381633e-01
0.00000000e+00 4.40835869e-01
0.00000000e+00 4.41290105e-01
0.00000000e+00 4.41744341e-01
0.00000000e+00 4.42198576e-01
0.00000000e+00 4.42652812e-01
0.00000000e+00 4.43107048e-01
0.00000000e+00 4.43561284e-01
0.00000000e+00 4.44015520e-01
0.00000000e+00 4.44469756e-01
0.00000000e+00 4.44923991e-01
0.00000000e+00 4.45378227e-01
0.00000000e+00 4.45832463e-01
0.00000000e+00 4.46286699e-01
0.00000000e+00 4.46740935e-01
0.00000000e+00 4.47195170e-01
0.00000000e+00 4.47649406e-01
0.00000000e+00 4.48103642e-01
0.00000000e+00 4.48557878e-01
0.00000000e+00 4.49012114e-01
0.00000000e+00 4.49466350e-01
0.00000000e+00 4.49920585e-01
0.00000000e+00 4.50374821e-01
0.00000000e+00 4.50829057e-01
0.00000000e+00 4.51283293e-01
0.00000000e+00 4.51737529e-01
0.00000000e+00 4.52191765e-01
0.00000000e+00 4.52646000e-01
0.00000000e+00 4.53100236e-01
0.00000000e+00 4.53554472e-01
0.00000000e+00 4.54008708e-01
0.00000000e+00 4.54462944e-01
0.00000000e+00 4.54917180e-01
0.00000000e+00 4.55371415e-01
0.00000000e+00 4.55825651e-01
0.00000000e+00 4.56279887e-01
0.00000000e+00 4.56734123e-01
0.00000000e+00 4.57188359e-01
0.00000000e+00 4.57642594e-01
0.00000000e+00 4.58096830e-01
0.00000000e+00 4.58551066e-01
0.00000000e+00 4.59005302e-01
0.00000000e+00 4.59459538e-01
0.00000000e+00 4.59913774e-01
0.00000000e+00 4.60368009e-01
0.00000000e+00 4.60822245e-01
0.00000000e+00 4.61276481e-01
0.00000000e+00 4.61730717e-01
0.00000000e+00 4.62184953e-01
0.00000000e+00 4.62639189e-01
0.00000000e+00 4.63093424e-01
0.00000000e+00 4.63547660e-01
0.00000000e+00 4.64001896e-01
0.00000000e+00 4.64456132e-01
0.00000000e+00 4.64910368e-01
0.00000000e+00 4.65364604e-01
0.00000000e+00 4.65818839e-01
0.00000000e+00 4.66273075e-01
0.00000000e+00 4.66727311e-01
0.00000000e+00 4.67181547e-01
0.00000000e+00 4.67635783e-01
0.00000000e+00 4.68090018e-01
0.00000000e+00 4.68544254e-01
0.00000000e+00 4.68998490e-01
0.00000000e+00 4.69452726e-01
0.00000000e+00 4.69906962e-01
0.00000000e+00 4.70361198e-01
0.00000000e+00 4.70815433e-01
0.00000000e+00 4.71269669e-01
0.00000000e+00 4.71723905e-01
0.00000000e+00 4.72178141e-01
0.00000000e+00 4.72632377e-01
0.00000000e+00 4.73086613e-01
0.00000000e+00 4.73540848e-01
0.00000000e+00 4.73995084e-01
0.00000000e+00 4.74449320e-01
0.00000000e+00 4.74903556e-01
0.00000000e+00 4.75357792e-01
0.00000000e+00 4.75812028e-01
0.00000000e+00 4.76266263e-01
0.00000000e+00 4.76720499e-01
0.00000000e+00 4.77174735e-01
0.00000000e+00 4.77628971e-01
0.00000000e+00 4.78083207e-01
0.00000000e+00 4.78537442e-01
0.00000000e+00 4.78991678e-01
0.00000000e+00 4.79445914e-01
0.00000000e+00 4.79900150e-01
0.00000000e+00 4.80354386e-01
0.00000000e+00 4.80808622e-01
0.00000000e+00 4.81262857e-01
0.00000000e+00 4.81717093e-01
0.00000000e+00 4.82171329e-01
0.00000000e+00 4.82625565e-01
0.00000000e+00 4.83079801e-01
0.00000000e+00 4.83534037e-01
0.00000000e+00 4.83988272e-01
0.00000000e+00 4.84442508e-01
0.00000000e+00 4.84896744e-01
0.00000000e+00 4.85350980e-01
0.00000000e+00 4.85805216e-01
0.00000000e+00 4.86259452e-01
0.00000000e+00 4.86713687e-01
0.00000000e+00 4.87167923e-01
0.00000000e+00 4.87622159e-01
0.00000000e+00 4.88076395e-01
0.00000000e+00 4.88530631e-01
0.00000000e+00 4.88984866e-01
0.00000000e+00 4.89439102e-01
0.00000000e+00 4.89893338e-01
0.00000000e+00 4.90347574e-01
0.00000000e+00 4.90801810e-01
0.00000000e+00 4.91256046e-01
0.00000000e+00 4.91710281e-01
0.00000000e+00 4.92164517e-01
0.00000000e+00 4.92618753e-01
0.00000000e+00 4.93072989e-01
0.00000000e+00 4.93527225e-01
0.00000000e+00 4.93981461e-01
0.00000000e+00 4.94435696e-01
0.00000000e+00 4.94889932e-01
0.00000000e+00 4.95344168e-01
0.00000000e+00 4.95798404e-01
0.00000000e+00 4.96252640e-01
0.00000000e+00 4.96706876e-01
0.00000000e+00 4.97161111e-01
0.00000000e+00 4.97615347e-01
0.00000000e+00 4.98069583e-01
0.00000000e+00 4.98523819e-01
0.00000000e+00 4.98978055e-01
0.00000000e+00 4.99432290e-01
0.00000000e+00 4.99886526e-01
