% L-Bracket Geometry
% N_total=202, N_horizontal=101, N_vertical=101
% Resolution: 100 segments per wavelength
% Format: x(m) y(m)
2.49829704e-03 0.00000000e+00
7.49489113e-03 0.00000000e+00
1.24914852e-02 0.00000000e+00
1.74880793e-02 0.00000000e+00
2.24846734e-02 0.00000000e+00
2.74812675e-02 0.00000000e+00
3.24778615e-02 0.00000000e+00
3.74744556e-02 0.00000000e+00
4.24710497e-02 0.00000000e+00
4.74676438e-02 0.00000000e+00
5.24642379e-02 0.00000000e+00
5.74608320e-02 0.00000000e+00
6.24574260e-02 0.00000000e+00
6.74540201e-02 0.00000000e+00
7.24506142e-02 0.00000000e+00
7.74472083e-02 0.00000000e+00
8.24438024e-02 0.00000000e+00
8.74403965e-02 0.00000000e+00
9.24369905e-02 0.00000000e+00
9.74335846e-02 0.00000000e+00
1.02430179e-01 0.00000000e+00
1.07426773e-01 0.00000000e+00
1.12423367e-01 0.00000000e+00
1.17419961e-01 0.00000000e+00
1.22416555e-01 0.00000000e+00
1.27413149e-01 0.00000000e+00
1.32409743e-01 0.00000000e+00
1.37406337e-01 0.00000000e+00
1.42402931e-01 0.00000000e+00
1.47399525e-01 0.00000000e+00
1.52396120e-01 0.00000000e+00
1.57392714e-01 0.00000000e+00
1.62389308e-01 0.00000000e+00
1.67385902e-01 0.00000000e+00
1.72382496e-01 0.00000000e+00
1.77379090e-01 0.00000000e+00
1.82375684e-01 0.00000000e+00
1.87372278e-01 0.00000000e+00
1.92368872e-01 0.00000000e+00
1.97365466e-01 0.00000000e+00
2.02362060e-01 0.00000000e+00
2.07358654e-01 0.00000000e+00
2.12355249e-01 0.00000000e+00
2.17351843e-01 0.00000000e+00
2.22348437e-01 0.00000000e+00
2.27345031e-01 0.00000000e+00
2.32341625e-01 0.00000000e+00
2.37338219e-01 0.00000000e+00
2.42334813e-01 0.00000000e+00
2.47331407e-01 0.00000000e+00
2.52328001e-01 0.00000000e+00
2.57324595e-01 0.00000000e+00
2.62321189e-01 0.00000000e+00
2.67317783e-01 0.00000000e+00
2.72314378e-01 0.00000000e+00
2.77310972e-01 0.00000000e+00
2.82307566e-01 0.00000000e+00
2.87304160e-01 0.00000000e+00
2.92300754e-01 0.00000000e+00
2.97297348e-01 0.00000000e+00
3.02293942e-01 0.00000000e+00
3.07290536e-01 0.00000000e+00
3.12287130e-01 0.00000000e+00
3.17283724e-01 0.00000000e+00
3.22280318e-01 0.00000000e+00
3.27276912e-01 0.00000000e+00
3.32273507e-01 0.00000000e+00
3.37270101e-01 0.00000000e+00
3.42266695e-01 0.00000000e+00
3.47263289e-01 0.00000000e+00
3.52259883e-01 0.00000000e+00
3.57256477e-01 0.00000000e+00
3.62253071e-01 0.00000000e+00
3.67249665e-01 0.00000000e+00
3.72246259e-01 0.00000000e+00
3.77242853e-01 0.00000000e+00
3.82239447e-01 0.00000000e+00
3.87236041e-01 0.00000000e+00
3.92232636e-01 0.00000000e+00
3.97229230e-01 0.00000000e+00
4.02225824e-01 0.00000000e+00
4.07222418e-01 0.00000000e+00
4.12219012e-01 0.00000000e+00
4.17215606e-01 0.00000000e+00
4.22212200e-01 0.00000000e+00
4.27208794e-01 0.00000000e+00
4.32205388e-01 0.00000000e+00
4.37201982e-01 0.00000000e+00
4.42198576e-01 0.00000000e+00
4.47195170e-01 0.00000000e+00
4.52191765e-01 0.00000000e+00
4.57188359e-01 0.00000000e+00
4.62184953e-01 0.00000000e+00
4.67181547e-01 0.00000000e+00
4.72178141e-01 0.00000000e+00
4.77174735e-01 0.00000000e+00
4.82171329e-01 0.00000000e+00
4.87167923e-01 0.00000000e+00
4.92164517e-01 0.00000000e+00
4.97161111e-01 0.00000000e+00
5.02157705e-01 0.00000000e+00
0.00000000e+00 2.49829704e-03
0.00000000e+00 7.49489113e-03
0.00000000e+00 1.24914852e-02
0.00000000e+00 1.74880793e-02
0.00000000e+00 2.24846734e-02
0.00000000e+00 2.74812675e-02
0.00000000e+00 3.24778615e-02
0.00000000e+00 3.74744556e-02
0.00000000e+00 4.24710497e-02
0.00000000e+00 4.74676438e-02
0.00000000e+00 5.24642379e-02
0.00000000e+00 5.74608320e-02
0.00000000e+00 6.24574260e-02
0.00000000e+00 6.74540201e-02
0.00000000e+00 7.24506142e-02
0.00000000e+00 7.74472083e-02
0.00000000e+00 8.24438024e-02
0.00000000e+00 8.74403965e-02
0.00000000e+00 9.24369905e-02
0.00000000e+00 9.74335846e-02
0.00000000e+00 1.02430179e-01
0.00000000e+00 1.07426773e-01
0.00000000e+00 1.12423367e-01
0.00000000e+00 1.17419961e-01
0.00000000e+00 1.22416555e-01
0.00000000e+00 1.27413149e-01
0.00000000e+00 1.32409743e-01
0.00000000e+00 1.37406337e-01
0.00000000e+00 1.42402931e-01
0.00000000e+00 1.47399525e-01
0.00000000e+00 1.52396120e-01
0.00000000e+00 1.57392714e-01
0.00000000e+00 1.62389308e-01
0.00000000e+00 1.67385902e-01
0.00000000e+00 1.72382496e-01
0.00000000e+00 1.77379090e-01
0.00000000e+00 1.82375684e-01
0.00000000e+00 1.87372278e-01
0.00000000e+00 1.92368872e-01
0.00000000e+00 1.97365466e-01
0.00000000e+00 2.02362060e-01
0.00000000e+00 2.07358654e-01
0.00000000e+00 2.12355249e-01
0.00000000e+00 2.17351843e-01
0.00000000e+00 2.22348437e-01
0.00000000e+00 2.27345031e-01
0.00000000e+00 2.32341625e-01
0.00000000e+00 2.37338219e-01
0.00000000e+00 2.42334813e-01
0.00000000e+00 2.47331407e-01
0.00000000e+00 2.52328001e-01
0.00000000e+00 2.57324595e-01
0.00000000e+00 2.62321189e-01
0.00000000e+00 2.67317783e-01
0.00000000e+00 2.72314378e-01
0.00000000e+00 2.77310972e-01
0.00000000e+00 2.82307566e-01
0.00000000e+00 2.87304160e-01
0.00000000e+00 2.92300754e-01
0.00000000e+00 2.97297348e-01
0.00000000e+00 3.02293942e-01
0.00000000e+00 3.07290536e-01
0.00000000e+00 3.12287130e-01
0.00000000e+00 3.17283724e-01
0.00000000e+00 3.22280318e-01
0.00000000e+00 3.27276912e-01
0.00000000e+00 3.32273507e-01
0.00000000e+00 3.37270101e-01
0.00000000e+00 3.42266695e-01
0.00000000e+00 3.47263289e-01
0.00000000e+00 3.52259883e-01
0.00000000e+00 3.57256477e-01
0.00000000e+00 3.62253071e-01
0.00000000e+00 3.67249665e-01
0.00000000e+00 3.72246259e-01
0.00000000e+00 3.77242853e-01
0.00000000e+00 3.82239447e-01
0.00000000e+00 3.87236041e-01
0.00000000e+00 3.92232636e-01
0.00000000e+00 3.97229230e-01
0.00000000e+00 4.02225824e-01
0.00000000e+00 4.07222418e-01
0.00000000e+00 4.12219012e-01
0.00000000e+00 4.17215606e-01
0.00000000e+00 4.22212200e-01
0.00000000e+00 4.27208794e-01
0.00000000e+00 4.32205388e-01
0.00000000e+00 4.37201982e-01
0.00000000e+00 4.42198576e-01
0.00000000e+00 4.47195170e-01
0.00000000e+00 4.52191765e-01
0.00000000e+00 4.57188359e-01
0.00000000e+00 4.62184953e-01
0.00000000e+00 4.67181547e-01
0.00000000e+00 4.72178141e-01
0.00000000e+00 4.77174735e-01
0.00000000e+00 4.82171329e-01
0.00000000e+00 4.87167923e-01
0.00000000e+00 4.92164517e-01
0.00000000e+00 4.97161111e-01
0.00000000e+00 5.02157705e-01
