% L-Bracket Geometry
% N_total=468, N_horizontal=234, N_vertical=234
% Resolution: 100 segments per wavelength
% Format: x(m) y(m)
1.07069873e-03 0.00000000e+00
3.21209620e-03 0.00000000e+00
5.35349366e-03 0.00000000e+00
7.49489113e-03 0.00000000e+00
9.63628859e-03 0.00000000e+00
1.17776861e-02 0.00000000e+00
1.39190835e-02 0.00000000e+00
1.60604810e-02 0.00000000e+00
1.82018784e-02 0.00000000e+00
2.03432759e-02 0.00000000e+00
2.24846734e-02 0.00000000e+00
2.46260708e-02 0.00000000e+00
2.67674683e-02 0.00000000e+00
2.89088658e-02 0.00000000e+00
3.10502632e-02 0.00000000e+00
3.31916607e-02 0.00000000e+00
3.53330582e-02 0.00000000e+00
3.74744556e-02 0.00000000e+00
3.96158531e-02 0.00000000e+00
4.17572506e-02 0.00000000e+00
4.38986480e-02 0.00000000e+00
4.60400455e-02 0.00000000e+00
4.81814429e-02 0.00000000e+00
5.03228404e-02 0.00000000e+00
5.24642379e-02 0.00000000e+00
5.46056353e-02 0.00000000e+00
5.67470328e-02 0.00000000e+00
5.88884303e-02 0.00000000e+00
6.10298277e-02 0.00000000e+00
6.31712252e-02 0.00000000e+00
6.53126227e-02 0.00000000e+00
6.74540201e-02 0.00000000e+00
6.95954176e-02 0.00000000e+00
7.17368151e-02 0.00000000e+00
7.38782125e-02 0.00000000e+00
7.60196100e-02 0.00000000e+00
7.81610075e-02 0.00000000e+00
8.03024049e-02 0.00000000e+00
8.24438024e-02 0.00000000e+00
8.45851998e-02 0.00000000e+00
8.67265973e-02 0.00000000e+00
8.88679948e-02 0.00000000e+00
9.10093922e-02 0.00000000e+00
9.31507897e-02 0.00000000e+00
9.52921872e-02 0.00000000e+00
9.74335846e-02 0.00000000e+00
9.95749821e-02 0.00000000e+00
1.01716380e-01 0.00000000e+00
1.03857777e-01 0.00000000e+00
1.05999174e-01 0.00000000e+00
1.08140572e-01 0.00000000e+00
1.10281969e-01 0.00000000e+00
1.12423367e-01 0.00000000e+00
1.14564764e-01 0.00000000e+00
1.16706162e-01 0.00000000e+00
1.18847559e-01 0.00000000e+00
1.20988957e-01 0.00000000e+00
1.23130354e-01 0.00000000e+00
1.25271752e-01 0.00000000e+00
1.27413149e-01 0.00000000e+00
1.29554547e-01 0.00000000e+00
1.31695944e-01 0.00000000e+00
1.33837342e-01 0.00000000e+00
1.35978739e-01 0.00000000e+00
1.38120136e-01 0.00000000e+00
1.40261534e-01 0.00000000e+00
1.42402931e-01 0.00000000e+00
1.44544329e-01 0.00000000e+00
1.46685726e-01 0.00000000e+00
1.48827124e-01 0.00000000e+00
1.50968521e-01 0.00000000e+00
1.53109919e-01 0.00000000e+00
1.55251316e-01 0.00000000e+00
1.57392714e-01 0.00000000e+00
1.59534111e-01 0.00000000e+00
1.61675509e-01 0.00000000e+00
1.63816906e-01 0.00000000e+00
1.65958303e-01 0.00000000e+00
1.68099701e-01 0.00000000e+00
1.70241098e-01 0.00000000e+00
1.72382496e-01 0.00000000e+00
1.74523893e-01 0.00000000e+00
1.76665291e-01 0.00000000e+00
1.78806688e-01 0.00000000e+00
1.80948086e-01 0.00000000e+00
1.83089483e-01 0.00000000e+00
1.85230881e-01 0.00000000e+00
1.87372278e-01 0.00000000e+00
1.89513676e-01 0.00000000e+00
1.91655073e-01 0.00000000e+00
1.93796471e-01 0.00000000e+00
1.95937868e-01 0.00000000e+00
1.98079265e-01 0.00000000e+00
2.00220663e-01 0.00000000e+00
2.02362060e-01 0.00000000e+00
2.04503458e-01 0.00000000e+00
2.06644855e-01 0.00000000e+00
2.08786253e-01 0.00000000e+00
2.10927650e-01 0.00000000e+00
2.13069048e-01 0.00000000e+00
2.15210445e-01 0.00000000e+00
2.17351843e-01 0.00000000e+00
2.19493240e-01 0.00000000e+00
2.21634638e-01 0.00000000e+00
2.23776035e-01 0.00000000e+00
2.25917432e-01 0.00000000e+00
2.28058830e-01 0.00000000e+00
2.30200227e-01 0.00000000e+00
2.32341625e-01 0.00000000e+00
2.34483022e-01 0.00000000e+00
2.36624420e-01 0.00000000e+00
2.38765817e-01 0.00000000e+00
2.40907215e-01 0.00000000e+00
2.43048612e-01 0.00000000e+00
2.45190010e-01 0.00000000e+00
2.47331407e-01 0.00000000e+00
2.49472805e-01 0.00000000e+00
2.51614202e-01 0.00000000e+00
2.53755600e-01 0.00000000e+00
2.55896997e-01 0.00000000e+00
2.58038394e-01 0.00000000e+00
2.60179792e-01 0.00000000e+00
2.62321189e-01 0.00000000e+00
2.64462587e-01 0.00000000e+00
2.66603984e-01 0.00000000e+00
2.68745382e-01 0.00000000e+00
2.70886779e-01 0.00000000e+00
2.73028177e-01 0.00000000e+00
2.75169574e-01 0.00000000e+00
2.77310972e-01 0.00000000e+00
2.79452369e-01 0.00000000e+00
2.81593767e-01 0.00000000e+00
2.83735164e-01 0.00000000e+00
2.85876562e-01 0.00000000e+00
2.88017959e-01 0.00000000e+00
2.90159356e-01 0.00000000e+00
2.92300754e-01 0.00000000e+00
2.94442151e-01 0.00000000e+00
2.96583549e-01 0.00000000e+00
2.98724946e-01 0.00000000e+00
3.00866344e-01 0.00000000e+00
3.03007741e-01 0.00000000e+00
3.05149139e-01 0.00000000e+00
3.07290536e-01 0.00000000e+00
3.09431934e-01 0.00000000e+00
3.11573331e-01 0.00000000e+00
3.13714729e-01 0.00000000e+00
3.15856126e-01 0.00000000e+00
3.17997523e-01 0.00000000e+00
3.20138921e-01 0.00000000e+00
3.22280318e-01 0.00000000e+00
3.24421716e-01 0.00000000e+00
3.26563113e-01 0.00000000e+00
3.28704511e-01 0.00000000e+00
3.30845908e-01 0.00000000e+00
3.32987306e-01 0.00000000e+00
3.35128703e-01 0.00000000e+00
3.37270101e-01 0.00000000e+00
3.39411498e-01 0.00000000e+00
3.41552896e-01 0.00000000e+00
3.43694293e-01 0.00000000e+00
3.45835691e-01 0.00000000e+00
3.47977088e-01 0.00000000e+00
3.50118485e-01 0.00000000e+00
3.52259883e-01 0.00000000e+00
3.54401280e-01 0.00000000e+00
3.56542678e-01 0.00000000e+00
3.58684075e-01 0.00000000e+00
3.60825473e-01 0.00000000e+00
3.62966870e-01 0.00000000e+00
3.65108268e-01 0.00000000e+00
3.67249665e-01 0.00000000e+00
3.69391063e-01 0.00000000e+00
3.71532460e-01 0.00000000e+00
3.73673858e-01 0.00000000e+00
3.75815255e-01 0.00000000e+00
3.77956652e-01 0.00000000e+00
3.80098050e-01 0.00000000e+00
3.82239447e-01 0.00000000e+00
3.84380845e-01 0.00000000e+00
3.86522242e-01 0.00000000e+00
3.88663640e-01 0.00000000e+00
3.90805037e-01 0.00000000e+00
3.92946435e-01 0.00000000e+00
3.95087832e-01 0.00000000e+00
3.97229230e-01 0.00000000e+00
3.99370627e-01 0.00000000e+00
4.01512025e-01 0.00000000e+00
4.03653422e-01 0.00000000e+00
4.05794820e-01 0.00000000e+00
4.07936217e-01 0.00000000e+00
4.10077614e-01 0.00000000e+00
4.12219012e-01 0.00000000e+00
4.14360409e-01 0.00000000e+00
4.16501807e-01 0.00000000e+00
4.18643204e-01 0.00000000e+00
4.20784602e-01 0.00000000e+00
4.22925999e-01 0.00000000e+00
4.25067397e-01 0.00000000e+00
4.27208794e-01 0.00000000e+00
4.29350192e-01 0.00000000e+00
4.31491589e-01 0.00000000e+00
4.33632987e-01 0.00000000e+00
4.35774384e-01 0.00000000e+00
4.37915781e-01 0.00000000e+00
4.40057179e-01 0.00000000e+00
4.42198576e-01 0.00000000e+00
4.44339974e-01 0.00000000e+00
4.46481371e-01 0.00000000e+00
4.48622769e-01 0.00000000e+00
4.50764166e-01 0.00000000e+00
4.52905564e-01 0.00000000e+00
4.55046961e-01 0.00000000e+00
4.57188359e-01 0.00000000e+00
4.59329756e-01 0.00000000e+00
4.61471154e-01 0.00000000e+00
4.63612551e-01 0.00000000e+00
4.65753949e-01 0.00000000e+00
4.67895346e-01 0.00000000e+00
4.70036743e-01 0.00000000e+00
4.72178141e-01 0.00000000e+00
4.74319538e-01 0.00000000e+00
4.76460936e-01 0.00000000e+00
4.78602333e-01 0.00000000e+00
4.80743731e-01 0.00000000e+00
4.82885128e-01 0.00000000e+00
4.85026526e-01 0.00000000e+00
4.87167923e-01 0.00000000e+00
4.89309321e-01 0.00000000e+00
4.91450718e-01 0.00000000e+00
4.93592116e-01 0.00000000e+00
4.95733513e-01 0.00000000e+00
4.97874910e-01 0.00000000e+00
5.00016308e-01 0.00000000e+00
0.00000000e+00 1.07069873e-03
0.00000000e+00 3.21209620e-03
0.00000000e+00 5.35349366e-03
0.00000000e+00 7.49489113e-03
0.00000000e+00 9.63628859e-03
0.00000000e+00 1.17776861e-02
0.00000000e+00 1.39190835e-02
0.00000000e+00 1.60604810e-02
0.00000000e+00 1.82018784e-02
0.00000000e+00 2.03432759e-02
0.00000000e+00 2.24846734e-02
0.00000000e+00 2.46260708e-02
0.00000000e+00 2.67674683e-02
0.00000000e+00 2.89088658e-02
0.00000000e+00 3.10502632e-02
0.00000000e+00 3.31916607e-02
0.00000000e+00 3.53330582e-02
0.00000000e+00 3.74744556e-02
0.00000000e+00 3.96158531e-02
0.00000000e+00 4.17572506e-02
0.00000000e+00 4.38986480e-02
0.00000000e+00 4.60400455e-02
0.00000000e+00 4.81814429e-02
0.00000000e+00 5.03228404e-02
0.00000000e+00 5.24642379e-02
0.00000000e+00 5.46056353e-02
0.00000000e+00 5.67470328e-02
0.00000000e+00 5.88884303e-02
0.00000000e+00 6.10298277e-02
0.00000000e+00 6.31712252e-02
0.00000000e+00 6.53126227e-02
0.00000000e+00 6.74540201e-02
0.00000000e+00 6.95954176e-02
0.00000000e+00 7.17368151e-02
0.00000000e+00 7.38782125e-02
0.00000000e+00 7.60196100e-02
0.00000000e+00 7.81610075e-02
0.00000000e+00 8.03024049e-02
0.00000000e+00 8.24438024e-02
0.00000000e+00 8.45851998e-02
0.00000000e+00 8.67265973e-02
0.00000000e+00 8.88679948e-02
0.00000000e+00 9.10093922e-02
0.00000000e+00 9.31507897e-02
0.00000000e+00 9.52921872e-02
0.00000000e+00 9.74335846e-02
0.00000000e+00 9.95749821e-02
0.00000000e+00 1.01716380e-01
0.00000000e+00 1.03857777e-01
0.00000000e+00 1.05999174e-01
0.00000000e+00 1.08140572e-01
0.00000000e+00 1.10281969e-01
0.00000000e+00 1.12423367e-01
0.00000000e+00 1.14564764e-01
0.00000000e+00 1.16706162e-01
0.00000000e+00 1.18847559e-01
0.00000000e+00 1.20988957e-01
0.00000000e+00 1.23130354e-01
0.00000000e+00 1.25271752e-01
0.00000000e+00 1.27413149e-01
0.00000000e+00 1.29554547e-01
0.00000000e+00 1.31695944e-01
0.00000000e+00 1.33837342e-01
0.00000000e+00 1.35978739e-01
0.00000000e+00 1.38120136e-01
0.00000000e+00 1.40261534e-01
0.00000000e+00 1.42402931e-01
0.00000000e+00 1.44544329e-01
0.00000000e+00 1.46685726e-01
0.00000000e+00 1.48827124e-01
0.00000000e+00 1.50968521e-01
0.00000000e+00 1.53109919e-01
0.00000000e+00 1.55251316e-01
0.00000000e+00 1.57392714e-01
0.00000000e+00 1.59534111e-01
0.00000000e+00 1.61675509e-01
0.00000000e+00 1.63816906e-01
0.00000000e+00 1.65958303e-01
0.00000000e+00 1.68099701e-01
0.00000000e+00 1.70241098e-01
0.00000000e+00 1.72382496e-01
0.00000000e+00 1.74523893e-01
0.00000000e+00 1.76665291e-01
0.00000000e+00 1.78806688e-01
0.00000000e+00 1.80948086e-01
0.00000000e+00 1.83089483e-01
0.00000000e+00 1.85230881e-01
0.00000000e+00 1.87372278e-01
0.00000000e+00 1.89513676e-01
0.00000000e+00 1.91655073e-01
0.00000000e+00 1.93796471e-01
0.00000000e+00 1.95937868e-01
0.00000000e+00 1.98079265e-01
0.00000000e+00 2.00220663e-01
0.00000000e+00 2.02362060e-01
0.00000000e+00 2.04503458e-01
0.00000000e+00 2.06644855e-01
0.00000000e+00 2.08786253e-01
0.00000000e+00 2.10927650e-01
0.00000000e+00 2.13069048e-01
0.00000000e+00 2.15210445e-01
0.00000000e+00 2.17351843e-01
0.00000000e+00 2.19493240e-01
0.00000000e+00 2.21634638e-01
0.00000000e+00 2.23776035e-01
0.00000000e+00 2.25917432e-01
0.00000000e+00 2.28058830e-01
0.00000000e+00 2.30200227e-01
0.00000000e+00 2.32341625e-01
0.00000000e+00 2.34483022e-01
0.00000000e+00 2.36624420e-01
0.00000000e+00 2.38765817e-01
0.00000000e+00 2.40907215e-01
0.00000000e+00 2.43048612e-01
0.00000000e+00 2.45190010e-01
0.00000000e+00 2.47331407e-01
0.00000000e+00 2.49472805e-01
0.00000000e+00 2.51614202e-01
0.00000000e+00 2.53755600e-01
0.00000000e+00 2.55896997e-01
0.00000000e+00 2.58038394e-01
0.00000000e+00 2.60179792e-01
0.00000000e+00 2.62321189e-01
0.00000000e+00 2.64462587e-01
0.00000000e+00 2.66603984e-01
0.00000000e+00 2.68745382e-01
0.00000000e+00 2.70886779e-01
0.00000000e+00 2.73028177e-01
0.00000000e+00 2.75169574e-01
0.00000000e+00 2.77310972e-01
0.00000000e+00 2.79452369e-01
0.00000000e+00 2.81593767e-01
0.00000000e+00 2.83735164e-01
0.00000000e+00 2.85876562e-01
0.00000000e+00 2.88017959e-01
0.00000000e+00 2.90159356e-01
0.00000000e+00 2.92300754e-01
0.00000000e+00 2.94442151e-01
0.00000000e+00 2.96583549e-01
0.00000000e+00 2.98724946e-01
0.00000000e+00 3.00866344e-01
0.00000000e+00 3.03007741e-01
0.00000000e+00 3.05149139e-01
0.00000000e+00 3.07290536e-01
0.00000000e+00 3.09431934e-01
0.00000000e+00 3.11573331e-01
0.00000000e+00 3.13714729e-01
0.00000000e+00 3.15856126e-01
0.00000000e+00 3.17997523e-01
0.00000000e+00 3.20138921e-01
0.00000000e+00 3.22280318e-01
0.00000000e+00 3.24421716e-01
0.00000000e+00 3.26563113e-01
0.00000000e+00 3.28704511e-01
0.00000000e+00 3.30845908e-01
0.00000000e+00 3.32987306e-01
0.00000000e+00 3.35128703e-01
0.00000000e+00 3.37270101e-01
0.00000000e+00 3.39411498e-01
0.00000000e+00 3.41552896e-01
0.00000000e+00 3.43694293e-01
0.00000000e+00 3.45835691e-01
0.00000000e+00 3.47977088e-01
0.00000000e+00 3.50118485e-01
0.00000000e+00 3.52259883e-01
0.00000000e+00 3.54401280e-01
0.00000000e+00 3.56542678e-01
0.00000000e+00 3.58684075e-01
0.00000000e+00 3.60825473e-01
0.00000000e+00 3.62966870e-01
0.00000000e+00 3.65108268e-01
0.00000000e+00 3.67249665e-01
0.00000000e+00 3.69391063e-01
0.00000000e+00 3.71532460e-01
0.00000000e+00 3.73673858e-01
0.00000000e+00 3.75815255e-01
0.00000000e+00 3.77956652e-01
0.00000000e+00 3.80098050e-01
0.00000000e+00 3.82239447e-01
0.00000000e+00 3.84380845e-01
0.00000000e+00 3.86522242e-01
0.00000000e+00 3.88663640e-01
0.00000000e+00 3.90805037e-01
0.00000000e+00 3.92946435e-01
0.00000000e+00 3.95087832e-01
0.00000000e+00 3.97229230e-01
0.00000000e+00 3.99370627e-01
0.00000000e+00 4.01512025e-01
0.00000000e+00 4.03653422e-01
0.00000000e+00 4.05794820e-01
0.00000000e+00 4.07936217e-01
0.00000000e+00 4.10077614e-01
0.00000000e+00 4.12219012e-01
0.00000000e+00 4.14360409e-01
0.00000000e+00 4.16501807e-01
0.00000000e+00 4.18643204e-01
0.00000000e+00 4.20784602e-01
0.00000000e+00 4.22925999e-01
0.00000000e+00 4.25067397e-01
0.00000000e+00 4.27208794e-01
0.00000000e+00 4.29350192e-01
0.00000000e+00 4.31491589e-01
0.00000000e+00 4.33632987e-01
0.00000000e+00 4.35774384e-01
0.00000000e+00 4.37915781e-01
0.00000000e+00 4.40057179e-01
0.00000000e+00 4.42198576e-01
0.00000000e+00 4.44339974e-01
0.00000000e+00 4.46481371e-01
0.00000000e+00 4.48622769e-01
0.00000000e+00 4.50764166e-01
0.00000000e+00 4.52905564e-01
0.00000000e+00 4.55046961e-01
0.00000000e+00 4.57188359e-01
0.00000000e+00 4.59329756e-01
0.00000000e+00 4.61471154e-01
0.00000000e+00 4.63612551e-01
0.00000000e+00 4.65753949e-01
0.00000000e+00 4.67895346e-01
0.00000000e+00 4.70036743e-01
0.00000000e+00 4.72178141e-01
0.00000000e+00 4.74319538e-01
0.00000000e+00 4.76460936e-01
0.00000000e+00 4.78602333e-01
0.00000000e+00 4.80743731e-01
0.00000000e+00 4.82885128e-01
0.00000000e+00 4.85026526e-01
0.00000000e+00 4.87167923e-01
0.00000000e+00 4.89309321e-01
0.00000000e+00 4.91450718e-01
0.00000000e+00 4.93592116e-01
0.00000000e+00 4.95733513e-01
0.00000000e+00 4.97874910e-01
0.00000000e+00 5.00016308e-01
