% L-Bracket Geometry
% N_total=1970, N_horizontal=985, N_vertical=985
% Resolution: 100 segments per wavelength
% Format: x(m) y(m)
2.54064106e-04 0.00000000e+00
7.62192318e-04 0.00000000e+00
1.27032053e-03 0.00000000e+00
1.77844874e-03 0.00000000e+00
2.28657695e-03 0.00000000e+00
2.79470517e-03 0.00000000e+00
3.30283338e-03 0.00000000e+00
3.81096159e-03 0.00000000e+00
4.31908980e-03 0.00000000e+00
4.82721801e-03 0.00000000e+00
5.33534622e-03 0.00000000e+00
5.84347444e-03 0.00000000e+00
6.35160265e-03 0.00000000e+00
6.85973086e-03 0.00000000e+00
7.36785907e-03 0.00000000e+00
7.87598728e-03 0.00000000e+00
8.38411550e-03 0.00000000e+00
8.89224371e-03 0.00000000e+00
9.40037192e-03 0.00000000e+00
9.90850013e-03 0.00000000e+00
1.04166283e-02 0.00000000e+00
1.09247566e-02 0.00000000e+00
1.14328848e-02 0.00000000e+00
1.19410130e-02 0.00000000e+00
1.24491412e-02 0.00000000e+00
1.29572694e-02 0.00000000e+00
1.34653976e-02 0.00000000e+00
1.39735258e-02 0.00000000e+00
1.44816540e-02 0.00000000e+00
1.49897823e-02 0.00000000e+00
1.54979105e-02 0.00000000e+00
1.60060387e-02 0.00000000e+00
1.65141669e-02 0.00000000e+00
1.70222951e-02 0.00000000e+00
1.75304233e-02 0.00000000e+00
1.80385515e-02 0.00000000e+00
1.85466797e-02 0.00000000e+00
1.90548079e-02 0.00000000e+00
1.95629362e-02 0.00000000e+00
2.00710644e-02 0.00000000e+00
2.05791926e-02 0.00000000e+00
2.10873208e-02 0.00000000e+00
2.15954490e-02 0.00000000e+00
2.21035772e-02 0.00000000e+00
2.26117054e-02 0.00000000e+00
2.31198336e-02 0.00000000e+00
2.36279619e-02 0.00000000e+00
2.41360901e-02 0.00000000e+00
2.46442183e-02 0.00000000e+00
2.51523465e-02 0.00000000e+00
2.56604747e-02 0.00000000e+00
2.61686029e-02 0.00000000e+00
2.66767311e-02 0.00000000e+00
2.71848593e-02 0.00000000e+00
2.76929875e-02 0.00000000e+00
2.82011158e-02 0.00000000e+00
2.87092440e-02 0.00000000e+00
2.92173722e-02 0.00000000e+00
2.97255004e-02 0.00000000e+00
3.02336286e-02 0.00000000e+00
3.07417568e-02 0.00000000e+00
3.12498850e-02 0.00000000e+00
3.17580132e-02 0.00000000e+00
3.22661415e-02 0.00000000e+00
3.27742697e-02 0.00000000e+00
3.32823979e-02 0.00000000e+00
3.37905261e-02 0.00000000e+00
3.42986543e-02 0.00000000e+00
3.48067825e-02 0.00000000e+00
3.53149107e-02 0.00000000e+00
3.58230389e-02 0.00000000e+00
3.63311672e-02 0.00000000e+00
3.68392954e-02 0.00000000e+00
3.73474236e-02 0.00000000e+00
3.78555518e-02 0.00000000e+00
3.83636800e-02 0.00000000e+00
3.88718082e-02 0.00000000e+00
3.93799364e-02 0.00000000e+00
3.98880646e-02 0.00000000e+00
4.03961928e-02 0.00000000e+00
4.09043211e-02 0.00000000e+00
4.14124493e-02 0.00000000e+00
4.19205775e-02 0.00000000e+00
4.24287057e-02 0.00000000e+00
4.29368339e-02 0.00000000e+00
4.34449621e-02 0.00000000e+00
4.39530903e-02 0.00000000e+00
4.44612185e-02 0.00000000e+00
4.49693468e-02 0.00000000e+00
4.54774750e-02 0.00000000e+00
4.59856032e-02 0.00000000e+00
4.64937314e-02 0.00000000e+00
4.70018596e-02 0.00000000e+00
4.75099878e-02 0.00000000e+00
4.80181160e-02 0.00000000e+00
4.85262442e-02 0.00000000e+00
4.90343724e-02 0.00000000e+00
4.95425007e-02 0.00000000e+00
5.00506289e-02 0.00000000e+00
5.05587571e-02 0.00000000e+00
5.10668853e-02 0.00000000e+00
5.15750135e-02 0.00000000e+00
5.20831417e-02 0.00000000e+00
5.25912699e-02 0.00000000e+00
5.30993981e-02 0.00000000e+00
5.36075264e-02 0.00000000e+00
5.41156546e-02 0.00000000e+00
5.46237828e-02 0.00000000e+00
5.51319110e-02 0.00000000e+00
5.56400392e-02 0.00000000e+00
5.61481674e-02 0.00000000e+00
5.66562956e-02 0.00000000e+00
5.71644238e-02 0.00000000e+00
5.76725521e-02 0.00000000e+00
5.81806803e-02 0.00000000e+00
5.86888085e-02 0.00000000e+00
5.91969367e-02 0.00000000e+00
5.97050649e-02 0.00000000e+00
6.02131931e-02 0.00000000e+00
6.07213213e-02 0.00000000e+00
6.12294495e-02 0.00000000e+00
6.17375777e-02 0.00000000e+00
6.22457060e-02 0.00000000e+00
6.27538342e-02 0.00000000e+00
6.32619624e-02 0.00000000e+00
6.37700906e-02 0.00000000e+00
6.42782188e-02 0.00000000e+00
6.47863470e-02 0.00000000e+00
6.52944752e-02 0.00000000e+00
6.58026034e-02 0.00000000e+00
6.63107317e-02 0.00000000e+00
6.68188599e-02 0.00000000e+00
6.73269881e-02 0.00000000e+00
6.78351163e-02 0.00000000e+00
6.83432445e-02 0.00000000e+00
6.88513727e-02 0.00000000e+00
6.93595009e-02 0.00000000e+00
6.98676291e-02 0.00000000e+00
7.03757573e-02 0.00000000e+00
7.08838856e-02 0.00000000e+00
7.13920138e-02 0.00000000e+00
7.19001420e-02 0.00000000e+00
7.24082702e-02 0.00000000e+00
7.29163984e-02 0.00000000e+00
7.34245266e-02 0.00000000e+00
7.39326548e-02 0.00000000e+00
7.44407830e-02 0.00000000e+00
7.49489113e-02 0.00000000e+00
7.54570395e-02 0.00000000e+00
7.59651677e-02 0.00000000e+00
7.64732959e-02 0.00000000e+00
7.69814241e-02 0.00000000e+00
7.74895523e-02 0.00000000e+00
7.79976805e-02 0.00000000e+00
7.85058087e-02 0.00000000e+00
7.90139370e-02 0.00000000e+00
7.95220652e-02 0.00000000e+00
8.00301934e-02 0.00000000e+00
8.05383216e-02 0.00000000e+00
8.10464498e-02 0.00000000e+00
8.15545780e-02 0.00000000e+00
8.20627062e-02 0.00000000e+00
8.25708344e-02 0.00000000e+00
8.30789626e-02 0.00000000e+00
8.35870909e-02 0.00000000e+00
8.40952191e-02 0.00000000e+00
8.46033473e-02 0.00000000e+00
8.51114755e-02 0.00000000e+00
8.56196037e-02 0.00000000e+00
8.61277319e-02 0.00000000e+00
8.66358601e-02 0.00000000e+00
8.71439883e-02 0.00000000e+00
8.76521166e-02 0.00000000e+00
8.81602448e-02 0.00000000e+00
8.86683730e-02 0.00000000e+00
8.91765012e-02 0.00000000e+00
8.96846294e-02 0.00000000e+00
9.01927576e-02 0.00000000e+00
9.07008858e-02 0.00000000e+00
9.12090140e-02 0.00000000e+00
9.17171422e-02 0.00000000e+00
9.22252705e-02 0.00000000e+00
9.27333987e-02 0.00000000e+00
9.32415269e-02 0.00000000e+00
9.37496551e-02 0.00000000e+00
9.42577833e-02 0.00000000e+00
9.47659115e-02 0.00000000e+00
9.52740397e-02 0.00000000e+00
9.57821679e-02 0.00000000e+00
9.62902962e-02 0.00000000e+00
9.67984244e-02 0.00000000e+00
9.73065526e-02 0.00000000e+00
9.78146808e-02 0.00000000e+00
9.83228090e-02 0.00000000e+00
9.88309372e-02 0.00000000e+00
9.93390654e-02 0.00000000e+00
9.98471936e-02 0.00000000e+00
1.00355322e-01 0.00000000e+00
1.00863450e-01 0.00000000e+00
1.01371578e-01 0.00000000e+00
1.01879706e-01 0.00000000e+00
1.02387835e-01 0.00000000e+00
1.02895963e-01 0.00000000e+00
1.03404091e-01 0.00000000e+00
1.03912219e-01 0.00000000e+00
1.04420348e-01 0.00000000e+00
1.04928476e-01 0.00000000e+00
1.05436604e-01 0.00000000e+00
1.05944732e-01 0.00000000e+00
1.06452860e-01 0.00000000e+00
1.06960989e-01 0.00000000e+00
1.07469117e-01 0.00000000e+00
1.07977245e-01 0.00000000e+00
1.08485373e-01 0.00000000e+00
1.08993501e-01 0.00000000e+00
1.09501630e-01 0.00000000e+00
1.10009758e-01 0.00000000e+00
1.10517886e-01 0.00000000e+00
1.11026014e-01 0.00000000e+00
1.11534143e-01 0.00000000e+00
1.12042271e-01 0.00000000e+00
1.12550399e-01 0.00000000e+00
1.13058527e-01 0.00000000e+00
1.13566655e-01 0.00000000e+00
1.14074784e-01 0.00000000e+00
1.14582912e-01 0.00000000e+00
1.15091040e-01 0.00000000e+00
1.15599168e-01 0.00000000e+00
1.16107296e-01 0.00000000e+00
1.16615425e-01 0.00000000e+00
1.17123553e-01 0.00000000e+00
1.17631681e-01 0.00000000e+00
1.18139809e-01 0.00000000e+00
1.18647937e-01 0.00000000e+00
1.19156066e-01 0.00000000e+00
1.19664194e-01 0.00000000e+00
1.20172322e-01 0.00000000e+00
1.20680450e-01 0.00000000e+00
1.21188579e-01 0.00000000e+00
1.21696707e-01 0.00000000e+00
1.22204835e-01 0.00000000e+00
1.22712963e-01 0.00000000e+00
1.23221091e-01 0.00000000e+00
1.23729220e-01 0.00000000e+00
1.24237348e-01 0.00000000e+00
1.24745476e-01 0.00000000e+00
1.25253604e-01 0.00000000e+00
1.25761732e-01 0.00000000e+00
1.26269861e-01 0.00000000e+00
1.26777989e-01 0.00000000e+00
1.27286117e-01 0.00000000e+00
1.27794245e-01 0.00000000e+00
1.28302374e-01 0.00000000e+00
1.28810502e-01 0.00000000e+00
1.29318630e-01 0.00000000e+00
1.29826758e-01 0.00000000e+00
1.30334886e-01 0.00000000e+00
1.30843015e-01 0.00000000e+00
1.31351143e-01 0.00000000e+00
1.31859271e-01 0.00000000e+00
1.32367399e-01 0.00000000e+00
1.32875527e-01 0.00000000e+00
1.33383656e-01 0.00000000e+00
1.33891784e-01 0.00000000e+00
1.34399912e-01 0.00000000e+00
1.34908040e-01 0.00000000e+00
1.35416168e-01 0.00000000e+00
1.35924297e-01 0.00000000e+00
1.36432425e-01 0.00000000e+00
1.36940553e-01 0.00000000e+00
1.37448681e-01 0.00000000e+00
1.37956810e-01 0.00000000e+00
1.38464938e-01 0.00000000e+00
1.38973066e-01 0.00000000e+00
1.39481194e-01 0.00000000e+00
1.39989322e-01 0.00000000e+00
1.40497451e-01 0.00000000e+00
1.41005579e-01 0.00000000e+00
1.41513707e-01 0.00000000e+00
1.42021835e-01 0.00000000e+00
1.42529963e-01 0.00000000e+00
1.43038092e-01 0.00000000e+00
1.43546220e-01 0.00000000e+00
1.44054348e-01 0.00000000e+00
1.44562476e-01 0.00000000e+00
1.45070604e-01 0.00000000e+00
1.45578733e-01 0.00000000e+00
1.46086861e-01 0.00000000e+00
1.46594989e-01 0.00000000e+00
1.47103117e-01 0.00000000e+00
1.47611246e-01 0.00000000e+00
1.48119374e-01 0.00000000e+00
1.48627502e-01 0.00000000e+00
1.49135630e-01 0.00000000e+00
1.49643758e-01 0.00000000e+00
1.50151887e-01 0.00000000e+00
1.50660015e-01 0.00000000e+00
1.51168143e-01 0.00000000e+00
1.51676271e-01 0.00000000e+00
1.52184399e-01 0.00000000e+00
1.52692528e-01 0.00000000e+00
1.53200656e-01 0.00000000e+00
1.53708784e-01 0.00000000e+00
1.54216912e-01 0.00000000e+00
1.54725041e-01 0.00000000e+00
1.55233169e-01 0.00000000e+00
1.55741297e-01 0.00000000e+00
1.56249425e-01 0.00000000e+00
1.56757553e-01 0.00000000e+00
1.57265682e-01 0.00000000e+00
1.57773810e-01 0.00000000e+00
1.58281938e-01 0.00000000e+00
1.58790066e-01 0.00000000e+00
1.59298194e-01 0.00000000e+00
1.59806323e-01 0.00000000e+00
1.60314451e-01 0.00000000e+00
1.60822579e-01 0.00000000e+00
1.61330707e-01 0.00000000e+00
1.61838835e-01 0.00000000e+00
1.62346964e-01 0.00000000e+00
1.62855092e-01 0.00000000e+00
1.63363220e-01 0.00000000e+00
1.63871348e-01 0.00000000e+00
1.64379477e-01 0.00000000e+00
1.64887605e-01 0.00000000e+00
1.65395733e-01 0.00000000e+00
1.65903861e-01 0.00000000e+00
1.66411989e-01 0.00000000e+00
1.66920118e-01 0.00000000e+00
1.67428246e-01 0.00000000e+00
1.67936374e-01 0.00000000e+00
1.68444502e-01 0.00000000e+00
1.68952630e-01 0.00000000e+00
1.69460759e-01 0.00000000e+00
1.69968887e-01 0.00000000e+00
1.70477015e-01 0.00000000e+00
1.70985143e-01 0.00000000e+00
1.71493272e-01 0.00000000e+00
1.72001400e-01 0.00000000e+00
1.72509528e-01 0.00000000e+00
1.73017656e-01 0.00000000e+00
1.73525784e-01 0.00000000e+00
1.74033913e-01 0.00000000e+00
1.74542041e-01 0.00000000e+00
1.75050169e-01 0.00000000e+00
1.75558297e-01 0.00000000e+00
1.76066425e-01 0.00000000e+00
1.76574554e-01 0.00000000e+00
1.77082682e-01 0.00000000e+00
1.77590810e-01 0.00000000e+00
1.78098938e-01 0.00000000e+00
1.78607066e-01 0.00000000e+00
1.79115195e-01 0.00000000e+00
1.79623323e-01 0.00000000e+00
1.80131451e-01 0.00000000e+00
1.80639579e-01 0.00000000e+00
1.81147708e-01 0.00000000e+00
1.81655836e-01 0.00000000e+00
1.82163964e-01 0.00000000e+00
1.82672092e-01 0.00000000e+00
1.83180220e-01 0.00000000e+00
1.83688349e-01 0.00000000e+00
1.84196477e-01 0.00000000e+00
1.84704605e-01 0.00000000e+00
1.85212733e-01 0.00000000e+00
1.85720861e-01 0.00000000e+00
1.86228990e-01 0.00000000e+00
1.86737118e-01 0.00000000e+00
1.87245246e-01 0.00000000e+00
1.87753374e-01 0.00000000e+00
1.88261503e-01 0.00000000e+00
1.88769631e-01 0.00000000e+00
1.89277759e-01 0.00000000e+00
1.89785887e-01 0.00000000e+00
1.90294015e-01 0.00000000e+00
1.90802144e-01 0.00000000e+00
1.91310272e-01 0.00000000e+00
1.91818400e-01 0.00000000e+00
1.92326528e-01 0.00000000e+00
1.92834656e-01 0.00000000e+00
1.93342785e-01 0.00000000e+00
1.93850913e-01 0.00000000e+00
1.94359041e-01 0.00000000e+00
1.94867169e-01 0.00000000e+00
1.95375297e-01 0.00000000e+00
1.95883426e-01 0.00000000e+00
1.96391554e-01 0.00000000e+00
1.96899682e-01 0.00000000e+00
1.97407810e-01 0.00000000e+00
1.97915939e-01 0.00000000e+00
1.98424067e-01 0.00000000e+00
1.98932195e-01 0.00000000e+00
1.99440323e-01 0.00000000e+00
1.99948451e-01 0.00000000e+00
2.00456580e-01 0.00000000e+00
2.00964708e-01 0.00000000e+00
2.01472836e-01 0.00000000e+00
2.01980964e-01 0.00000000e+00
2.02489092e-01 0.00000000e+00
2.02997221e-01 0.00000000e+00
2.03505349e-01 0.00000000e+00
2.04013477e-01 0.00000000e+00
2.04521605e-01 0.00000000e+00
2.05029734e-01 0.00000000e+00
2.05537862e-01 0.00000000e+00
2.06045990e-01 0.00000000e+00
2.06554118e-01 0.00000000e+00
2.07062246e-01 0.00000000e+00
2.07570375e-01 0.00000000e+00
2.08078503e-01 0.00000000e+00
2.08586631e-01 0.00000000e+00
2.09094759e-01 0.00000000e+00
2.09602887e-01 0.00000000e+00
2.10111016e-01 0.00000000e+00
2.10619144e-01 0.00000000e+00
2.11127272e-01 0.00000000e+00
2.11635400e-01 0.00000000e+00
2.12143528e-01 0.00000000e+00
2.12651657e-01 0.00000000e+00
2.13159785e-01 0.00000000e+00
2.13667913e-01 0.00000000e+00
2.14176041e-01 0.00000000e+00
2.14684170e-01 0.00000000e+00
2.15192298e-01 0.00000000e+00
2.15700426e-01 0.00000000e+00
2.16208554e-01 0.00000000e+00
2.16716682e-01 0.00000000e+00
2.17224811e-01 0.00000000e+00
2.17732939e-01 0.00000000e+00
2.18241067e-01 0.00000000e+00
2.18749195e-01 0.00000000e+00
2.19257323e-01 0.00000000e+00
2.19765452e-01 0.00000000e+00
2.20273580e-01 0.00000000e+00
2.20781708e-01 0.00000000e+00
2.21289836e-01 0.00000000e+00
2.21797964e-01 0.00000000e+00
2.22306093e-01 0.00000000e+00
2.22814221e-01 0.00000000e+00
2.23322349e-01 0.00000000e+00
2.23830477e-01 0.00000000e+00
2.24338606e-01 0.00000000e+00
2.24846734e-01 0.00000000e+00
2.25354862e-01 0.00000000e+00
2.25862990e-01 0.00000000e+00
2.26371118e-01 0.00000000e+00
2.26879247e-01 0.00000000e+00
2.27387375e-01 0.00000000e+00
2.27895503e-01 0.00000000e+00
2.28403631e-01 0.00000000e+00
2.28911759e-01 0.00000000e+00
2.29419888e-01 0.00000000e+00
2.29928016e-01 0.00000000e+00
2.30436144e-01 0.00000000e+00
2.30944272e-01 0.00000000e+00
2.31452401e-01 0.00000000e+00
2.31960529e-01 0.00000000e+00
2.32468657e-01 0.00000000e+00
2.32976785e-01 0.00000000e+00
2.33484913e-01 0.00000000e+00
2.33993042e-01 0.00000000e+00
2.34501170e-01 0.00000000e+00
2.35009298e-01 0.00000000e+00
2.35517426e-01 0.00000000e+00
2.36025554e-01 0.00000000e+00
2.36533683e-01 0.00000000e+00
2.37041811e-01 0.00000000e+00
2.37549939e-01 0.00000000e+00
2.38058067e-01 0.00000000e+00
2.38566195e-01 0.00000000e+00
2.39074324e-01 0.00000000e+00
2.39582452e-01 0.00000000e+00
2.40090580e-01 0.00000000e+00
2.40598708e-01 0.00000000e+00
2.41106837e-01 0.00000000e+00
2.41614965e-01 0.00000000e+00
2.42123093e-01 0.00000000e+00
2.42631221e-01 0.00000000e+00
2.43139349e-01 0.00000000e+00
2.43647478e-01 0.00000000e+00
2.44155606e-01 0.00000000e+00
2.44663734e-01 0.00000000e+00
2.45171862e-01 0.00000000e+00
2.45679990e-01 0.00000000e+00
2.46188119e-01 0.00000000e+00
2.46696247e-01 0.00000000e+00
2.47204375e-01 0.00000000e+00
2.47712503e-01 0.00000000e+00
2.48220632e-01 0.00000000e+00
2.48728760e-01 0.00000000e+00
2.49236888e-01 0.00000000e+00
2.49745016e-01 0.00000000e+00
2.50253144e-01 0.00000000e+00
2.50761273e-01 0.00000000e+00
2.51269401e-01 0.00000000e+00
2.51777529e-01 0.00000000e+00
2.52285657e-01 0.00000000e+00
2.52793785e-01 0.00000000e+00
2.53301914e-01 0.00000000e+00
2.53810042e-01 0.00000000e+00
2.54318170e-01 0.00000000e+00
2.54826298e-01 0.00000000e+00
2.55334426e-01 0.00000000e+00
2.55842555e-01 0.00000000e+00
2.56350683e-01 0.00000000e+00
2.56858811e-01 0.00000000e+00
2.57366939e-01 0.00000000e+00
2.57875068e-01 0.00000000e+00
2.58383196e-01 0.00000000e+00
2.58891324e-01 0.00000000e+00
2.59399452e-01 0.00000000e+00
2.59907580e-01 0.00000000e+00
2.60415709e-01 0.00000000e+00
2.60923837e-01 0.00000000e+00
2.61431965e-01 0.00000000e+00
2.61940093e-01 0.00000000e+00
2.62448221e-01 0.00000000e+00
2.62956350e-01 0.00000000e+00
2.63464478e-01 0.00000000e+00
2.63972606e-01 0.00000000e+00
2.64480734e-01 0.00000000e+00
2.64988863e-01 0.00000000e+00
2.65496991e-01 0.00000000e+00
2.66005119e-01 0.00000000e+00
2.66513247e-01 0.00000000e+00
2.67021375e-01 0.00000000e+00
2.67529504e-01 0.00000000e+00
2.68037632e-01 0.00000000e+00
2.68545760e-01 0.00000000e+00
2.69053888e-01 0.00000000e+00
2.69562016e-01 0.00000000e+00
2.70070145e-01 0.00000000e+00
2.70578273e-01 0.00000000e+00
2.71086401e-01 0.00000000e+00
2.71594529e-01 0.00000000e+00
2.72102657e-01 0.00000000e+00
2.72610786e-01 0.00000000e+00
2.73118914e-01 0.00000000e+00
2.73627042e-01 0.00000000e+00
2.74135170e-01 0.00000000e+00
2.74643299e-01 0.00000000e+00
2.75151427e-01 0.00000000e+00
2.75659555e-01 0.00000000e+00
2.76167683e-01 0.00000000e+00
2.76675811e-01 0.00000000e+00
2.77183940e-01 0.00000000e+00
2.77692068e-01 0.00000000e+00
2.78200196e-01 0.00000000e+00
2.78708324e-01 0.00000000e+00
2.79216452e-01 0.00000000e+00
2.79724581e-01 0.00000000e+00
2.80232709e-01 0.00000000e+00
2.80740837e-01 0.00000000e+00
2.81248965e-01 0.00000000e+00
2.81757093e-01 0.00000000e+00
2.82265222e-01 0.00000000e+00
2.82773350e-01 0.00000000e+00
2.83281478e-01 0.00000000e+00
2.83789606e-01 0.00000000e+00
2.84297735e-01 0.00000000e+00
2.84805863e-01 0.00000000e+00
2.85313991e-01 0.00000000e+00
2.85822119e-01 0.00000000e+00
2.86330247e-01 0.00000000e+00
2.86838376e-01 0.00000000e+00
2.87346504e-01 0.00000000e+00
2.87854632e-01 0.00000000e+00
2.88362760e-01 0.00000000e+00
2.88870888e-01 0.00000000e+00
2.89379017e-01 0.00000000e+00
2.89887145e-01 0.00000000e+00
2.90395273e-01 0.00000000e+00
2.90903401e-01 0.00000000e+00
2.91411530e-01 0.00000000e+00
2.91919658e-01 0.00000000e+00
2.92427786e-01 0.00000000e+00
2.92935914e-01 0.00000000e+00
2.93444042e-01 0.00000000e+00
2.93952171e-01 0.00000000e+00
2.94460299e-01 0.00000000e+00
2.94968427e-01 0.00000000e+00
2.95476555e-01 0.00000000e+00
2.95984683e-01 0.00000000e+00
2.96492812e-01 0.00000000e+00
2.97000940e-01 0.00000000e+00
2.97509068e-01 0.00000000e+00
2.98017196e-01 0.00000000e+00
2.98525324e-01 0.00000000e+00
2.99033453e-01 0.00000000e+00
2.99541581e-01 0.00000000e+00
3.00049709e-01 0.00000000e+00
3.00557837e-01 0.00000000e+00
3.01065966e-01 0.00000000e+00
3.01574094e-01 0.00000000e+00
3.02082222e-01 0.00000000e+00
3.02590350e-01 0.00000000e+00
3.03098478e-01 0.00000000e+00
3.03606607e-01 0.00000000e+00
3.04114735e-01 0.00000000e+00
3.04622863e-01 0.00000000e+00
3.05130991e-01 0.00000000e+00
3.05639119e-01 0.00000000e+00
3.06147248e-01 0.00000000e+00
3.06655376e-01 0.00000000e+00
3.07163504e-01 0.00000000e+00
3.07671632e-01 0.00000000e+00
3.08179761e-01 0.00000000e+00
3.08687889e-01 0.00000000e+00
3.09196017e-01 0.00000000e+00
3.09704145e-01 0.00000000e+00
3.10212273e-01 0.00000000e+00
3.10720402e-01 0.00000000e+00
3.11228530e-01 0.00000000e+00
3.11736658e-01 0.00000000e+00
3.12244786e-01 0.00000000e+00
3.12752914e-01 0.00000000e+00
3.13261043e-01 0.00000000e+00
3.13769171e-01 0.00000000e+00
3.14277299e-01 0.00000000e+00
3.14785427e-01 0.00000000e+00
3.15293555e-01 0.00000000e+00
3.15801684e-01 0.00000000e+00
3.16309812e-01 0.00000000e+00
3.16817940e-01 0.00000000e+00
3.17326068e-01 0.00000000e+00
3.17834197e-01 0.00000000e+00
3.18342325e-01 0.00000000e+00
3.18850453e-01 0.00000000e+00
3.19358581e-01 0.00000000e+00
3.19866709e-01 0.00000000e+00
3.20374838e-01 0.00000000e+00
3.20882966e-01 0.00000000e+00
3.21391094e-01 0.00000000e+00
3.21899222e-01 0.00000000e+00
3.22407350e-01 0.00000000e+00
3.22915479e-01 0.00000000e+00
3.23423607e-01 0.00000000e+00
3.23931735e-01 0.00000000e+00
3.24439863e-01 0.00000000e+00
3.24947992e-01 0.00000000e+00
3.25456120e-01 0.00000000e+00
3.25964248e-01 0.00000000e+00
3.26472376e-01 0.00000000e+00
3.26980504e-01 0.00000000e+00
3.27488633e-01 0.00000000e+00
3.27996761e-01 0.00000000e+00
3.28504889e-01 0.00000000e+00
3.29013017e-01 0.00000000e+00
3.29521145e-01 0.00000000e+00
3.30029274e-01 0.00000000e+00
3.30537402e-01 0.00000000e+00
3.31045530e-01 0.00000000e+00
3.31553658e-01 0.00000000e+00
3.32061786e-01 0.00000000e+00
3.32569915e-01 0.00000000e+00
3.33078043e-01 0.00000000e+00
3.33586171e-01 0.00000000e+00
3.34094299e-01 0.00000000e+00
3.34602428e-01 0.00000000e+00
3.35110556e-01 0.00000000e+00
3.35618684e-01 0.00000000e+00
3.36126812e-01 0.00000000e+00
3.36634940e-01 0.00000000e+00
3.37143069e-01 0.00000000e+00
3.37651197e-01 0.00000000e+00
3.38159325e-01 0.00000000e+00
3.38667453e-01 0.00000000e+00
3.39175581e-01 0.00000000e+00
3.39683710e-01 0.00000000e+00
3.40191838e-01 0.00000000e+00
3.40699966e-01 0.00000000e+00
3.41208094e-01 0.00000000e+00
3.41716223e-01 0.00000000e+00
3.42224351e-01 0.00000000e+00
3.42732479e-01 0.00000000e+00
3.43240607e-01 0.00000000e+00
3.43748735e-01 0.00000000e+00
3.44256864e-01 0.00000000e+00
3.44764992e-01 0.00000000e+00
3.45273120e-01 0.00000000e+00
3.45781248e-01 0.00000000e+00
3.46289376e-01 0.00000000e+00
3.46797505e-01 0.00000000e+00
3.47305633e-01 0.00000000e+00
3.47813761e-01 0.00000000e+00
3.48321889e-01 0.00000000e+00
3.48830017e-01 0.00000000e+00
3.49338146e-01 0.00000000e+00
3.49846274e-01 0.00000000e+00
3.50354402e-01 0.00000000e+00
3.50862530e-01 0.00000000e+00
3.51370659e-01 0.00000000e+00
3.51878787e-01 0.00000000e+00
3.52386915e-01 0.00000000e+00
3.52895043e-01 0.00000000e+00
3.53403171e-01 0.00000000e+00
3.53911300e-01 0.00000000e+00
3.54419428e-01 0.00000000e+00
3.54927556e-01 0.00000000e+00
3.55435684e-01 0.00000000e+00
3.55943812e-01 0.00000000e+00
3.56451941e-01 0.00000000e+00
3.56960069e-01 0.00000000e+00
3.57468197e-01 0.00000000e+00
3.57976325e-01 0.00000000e+00
3.58484453e-01 0.00000000e+00
3.58992582e-01 0.00000000e+00
3.59500710e-01 0.00000000e+00
3.60008838e-01 0.00000000e+00
3.60516966e-01 0.00000000e+00
3.61025095e-01 0.00000000e+00
3.61533223e-01 0.00000000e+00
3.62041351e-01 0.00000000e+00
3.62549479e-01 0.00000000e+00
3.63057607e-01 0.00000000e+00
3.63565736e-01 0.00000000e+00
3.64073864e-01 0.00000000e+00
3.64581992e-01 0.00000000e+00
3.65090120e-01 0.00000000e+00
3.65598248e-01 0.00000000e+00
3.66106377e-01 0.00000000e+00
3.66614505e-01 0.00000000e+00
3.67122633e-01 0.00000000e+00
3.67630761e-01 0.00000000e+00
3.68138890e-01 0.00000000e+00
3.68647018e-01 0.00000000e+00
3.69155146e-01 0.00000000e+00
3.69663274e-01 0.00000000e+00
3.70171402e-01 0.00000000e+00
3.70679531e-01 0.00000000e+00
3.71187659e-01 0.00000000e+00
3.71695787e-01 0.00000000e+00
3.72203915e-01 0.00000000e+00
3.72712043e-01 0.00000000e+00
3.73220172e-01 0.00000000e+00
3.73728300e-01 0.00000000e+00
3.74236428e-01 0.00000000e+00
3.74744556e-01 0.00000000e+00
3.75252684e-01 0.00000000e+00
3.75760813e-01 0.00000000e+00
3.76268941e-01 0.00000000e+00
3.76777069e-01 0.00000000e+00
3.77285197e-01 0.00000000e+00
3.77793326e-01 0.00000000e+00
3.78301454e-01 0.00000000e+00
3.78809582e-01 0.00000000e+00
3.79317710e-01 0.00000000e+00
3.79825838e-01 0.00000000e+00
3.80333967e-01 0.00000000e+00
3.80842095e-01 0.00000000e+00
3.81350223e-01 0.00000000e+00
3.81858351e-01 0.00000000e+00
3.82366479e-01 0.00000000e+00
3.82874608e-01 0.00000000e+00
3.83382736e-01 0.00000000e+00
3.83890864e-01 0.00000000e+00
3.84398992e-01 0.00000000e+00
3.84907121e-01 0.00000000e+00
3.85415249e-01 0.00000000e+00
3.85923377e-01 0.00000000e+00
3.86431505e-01 0.00000000e+00
3.86939633e-01 0.00000000e+00
3.87447762e-01 0.00000000e+00
3.87955890e-01 0.00000000e+00
3.88464018e-01 0.00000000e+00
3.88972146e-01 0.00000000e+00
3.89480274e-01 0.00000000e+00
3.89988403e-01 0.00000000e+00
3.90496531e-01 0.00000000e+00
3.91004659e-01 0.00000000e+00
3.91512787e-01 0.00000000e+00
3.92020915e-01 0.00000000e+00
3.92529044e-01 0.00000000e+00
3.93037172e-01 0.00000000e+00
3.93545300e-01 0.00000000e+00
3.94053428e-01 0.00000000e+00
3.94561557e-01 0.00000000e+00
3.95069685e-01 0.00000000e+00
3.95577813e-01 0.00000000e+00
3.96085941e-01 0.00000000e+00
3.96594069e-01 0.00000000e+00
3.97102198e-01 0.00000000e+00
3.97610326e-01 0.00000000e+00
3.98118454e-01 0.00000000e+00
3.98626582e-01 0.00000000e+00
3.99134710e-01 0.00000000e+00
3.99642839e-01 0.00000000e+00
4.00150967e-01 0.00000000e+00
4.00659095e-01 0.00000000e+00
4.01167223e-01 0.00000000e+00
4.01675352e-01 0.00000000e+00
4.02183480e-01 0.00000000e+00
4.02691608e-01 0.00000000e+00
4.03199736e-01 0.00000000e+00
4.03707864e-01 0.00000000e+00
4.04215993e-01 0.00000000e+00
4.04724121e-01 0.00000000e+00
4.05232249e-01 0.00000000e+00
4.05740377e-01 0.00000000e+00
4.06248505e-01 0.00000000e+00
4.06756634e-01 0.00000000e+00
4.07264762e-01 0.00000000e+00
4.07772890e-01 0.00000000e+00
4.08281018e-01 0.00000000e+00
4.08789146e-01 0.00000000e+00
4.09297275e-01 0.00000000e+00
4.09805403e-01 0.00000000e+00
4.10313531e-01 0.00000000e+00
4.10821659e-01 0.00000000e+00
4.11329788e-01 0.00000000e+00
4.11837916e-01 0.00000000e+00
4.12346044e-01 0.00000000e+00
4.12854172e-01 0.00000000e+00
4.13362300e-01 0.00000000e+00
4.13870429e-01 0.00000000e+00
4.14378557e-01 0.00000000e+00
4.14886685e-01 0.00000000e+00
4.15394813e-01 0.00000000e+00
4.15902941e-01 0.00000000e+00
4.16411070e-01 0.00000000e+00
4.16919198e-01 0.00000000e+00
4.17427326e-01 0.00000000e+00
4.17935454e-01 0.00000000e+00
4.18443583e-01 0.00000000e+00
4.18951711e-01 0.00000000e+00
4.19459839e-01 0.00000000e+00
4.19967967e-01 0.00000000e+00
4.20476095e-01 0.00000000e+00
4.20984224e-01 0.00000000e+00
4.21492352e-01 0.00000000e+00
4.22000480e-01 0.00000000e+00
4.22508608e-01 0.00000000e+00
4.23016736e-01 0.00000000e+00
4.23524865e-01 0.00000000e+00
4.24032993e-01 0.00000000e+00
4.24541121e-01 0.00000000e+00
4.25049249e-01 0.00000000e+00
4.25557377e-01 0.00000000e+00
4.26065506e-01 0.00000000e+00
4.26573634e-01 0.00000000e+00
4.27081762e-01 0.00000000e+00
4.27589890e-01 0.00000000e+00
4.28098019e-01 0.00000000e+00
4.28606147e-01 0.00000000e+00
4.29114275e-01 0.00000000e+00
4.29622403e-01 0.00000000e+00
4.30130531e-01 0.00000000e+00
4.30638660e-01 0.00000000e+00
4.31146788e-01 0.00000000e+00
4.31654916e-01 0.00000000e+00
4.32163044e-01 0.00000000e+00
4.32671172e-01 0.00000000e+00
4.33179301e-01 0.00000000e+00
4.33687429e-01 0.00000000e+00
4.34195557e-01 0.00000000e+00
4.34703685e-01 0.00000000e+00
4.35211813e-01 0.00000000e+00
4.35719942e-01 0.00000000e+00
4.36228070e-01 0.00000000e+00
4.36736198e-01 0.00000000e+00
4.37244326e-01 0.00000000e+00
4.37752455e-01 0.00000000e+00
4.38260583e-01 0.00000000e+00
4.38768711e-01 0.00000000e+00
4.39276839e-01 0.00000000e+00
4.39784967e-01 0.00000000e+00
4.40293096e-01 0.00000000e+00
4.40801224e-01 0.00000000e+00
4.41309352e-01 0.00000000e+00
4.41817480e-01 0.00000000e+00
4.42325608e-01 0.00000000e+00
4.42833737e-01 0.00000000e+00
4.43341865e-01 0.00000000e+00
4.43849993e-01 0.00000000e+00
4.44358121e-01 0.00000000e+00
4.44866250e-01 0.00000000e+00
4.45374378e-01 0.00000000e+00
4.45882506e-01 0.00000000e+00
4.46390634e-01 0.00000000e+00
4.46898762e-01 0.00000000e+00
4.47406891e-01 0.00000000e+00
4.47915019e-01 0.00000000e+00
4.48423147e-01 0.00000000e+00
4.48931275e-01 0.00000000e+00
4.49439403e-01 0.00000000e+00
4.49947532e-01 0.00000000e+00
4.50455660e-01 0.00000000e+00
4.50963788e-01 0.00000000e+00
4.51471916e-01 0.00000000e+00
4.51980044e-01 0.00000000e+00
4.52488173e-01 0.00000000e+00
4.52996301e-01 0.00000000e+00
4.53504429e-01 0.00000000e+00
4.54012557e-01 0.00000000e+00
4.54520686e-01 0.00000000e+00
4.55028814e-01 0.00000000e+00
4.55536942e-01 0.00000000e+00
4.56045070e-01 0.00000000e+00
4.56553198e-01 0.00000000e+00
4.57061327e-01 0.00000000e+00
4.57569455e-01 0.00000000e+00
4.58077583e-01 0.00000000e+00
4.58585711e-01 0.00000000e+00
4.59093839e-01 0.00000000e+00
4.59601968e-01 0.00000000e+00
4.60110096e-01 0.00000000e+00
4.60618224e-01 0.00000000e+00
4.61126352e-01 0.00000000e+00
4.61634481e-01 0.00000000e+00
4.62142609e-01 0.00000000e+00
4.62650737e-01 0.00000000e+00
4.63158865e-01 0.00000000e+00
4.63666993e-01 0.00000000e+00
4.64175122e-01 0.00000000e+00
4.64683250e-01 0.00000000e+00
4.65191378e-01 0.00000000e+00
4.65699506e-01 0.00000000e+00
4.66207634e-01 0.00000000e+00
4.66715763e-01 0.00000000e+00
4.67223891e-01 0.00000000e+00
4.67732019e-01 0.00000000e+00
4.68240147e-01 0.00000000e+00
4.68748275e-01 0.00000000e+00
4.69256404e-01 0.00000000e+00
4.69764532e-01 0.00000000e+00
4.70272660e-01 0.00000000e+00
4.70780788e-01 0.00000000e+00
4.71288917e-01 0.00000000e+00
4.71797045e-01 0.00000000e+00
4.72305173e-01 0.00000000e+00
4.72813301e-01 0.00000000e+00
4.73321429e-01 0.00000000e+00
4.73829558e-01 0.00000000e+00
4.74337686e-01 0.00000000e+00
4.74845814e-01 0.00000000e+00
4.75353942e-01 0.00000000e+00
4.75862070e-01 0.00000000e+00
4.76370199e-01 0.00000000e+00
4.76878327e-01 0.00000000e+00
4.77386455e-01 0.00000000e+00
4.77894583e-01 0.00000000e+00
4.78402712e-01 0.00000000e+00
4.78910840e-01 0.00000000e+00
4.79418968e-01 0.00000000e+00
4.79927096e-01 0.00000000e+00
4.80435224e-01 0.00000000e+00
4.80943353e-01 0.00000000e+00
4.81451481e-01 0.00000000e+00
4.81959609e-01 0.00000000e+00
4.82467737e-01 0.00000000e+00
4.82975865e-01 0.00000000e+00
4.83483994e-01 0.00000000e+00
4.83992122e-01 0.00000000e+00
4.84500250e-01 0.00000000e+00
4.85008378e-01 0.00000000e+00
4.85516506e-01 0.00000000e+00
4.86024635e-01 0.00000000e+00
4.86532763e-01 0.00000000e+00
4.87040891e-01 0.00000000e+00
4.87549019e-01 0.00000000e+00
4.88057148e-01 0.00000000e+00
4.88565276e-01 0.00000000e+00
4.89073404e-01 0.00000000e+00
4.89581532e-01 0.00000000e+00
4.90089660e-01 0.00000000e+00
4.90597789e-01 0.00000000e+00
4.91105917e-01 0.00000000e+00
4.91614045e-01 0.00000000e+00
4.92122173e-01 0.00000000e+00
4.92630301e-01 0.00000000e+00
4.93138430e-01 0.00000000e+00
4.93646558e-01 0.00000000e+00
4.94154686e-01 0.00000000e+00
4.94662814e-01 0.00000000e+00
4.95170942e-01 0.00000000e+00
4.95679071e-01 0.00000000e+00
4.96187199e-01 0.00000000e+00
4.96695327e-01 0.00000000e+00
4.97203455e-01 0.00000000e+00
4.97711584e-01 0.00000000e+00
4.98219712e-01 0.00000000e+00
4.98727840e-01 0.00000000e+00
4.99235968e-01 0.00000000e+00
4.99744096e-01 0.00000000e+00
5.00252225e-01 0.00000000e+00
0.00000000e+00 2.54064106e-04
0.00000000e+00 7.62192318e-04
0.00000000e+00 1.27032053e-03
0.00000000e+00 1.77844874e-03
0.00000000e+00 2.28657695e-03
0.00000000e+00 2.79470517e-03
0.00000000e+00 3.30283338e-03
0.00000000e+00 3.81096159e-03
0.00000000e+00 4.31908980e-03
0.00000000e+00 4.82721801e-03
0.00000000e+00 5.33534622e-03
0.00000000e+00 5.84347444e-03
0.00000000e+00 6.35160265e-03
0.00000000e+00 6.85973086e-03
0.00000000e+00 7.36785907e-03
0.00000000e+00 7.87598728e-03
0.00000000e+00 8.38411550e-03
0.00000000e+00 8.89224371e-03
0.00000000e+00 9.40037192e-03
0.00000000e+00 9.90850013e-03
0.00000000e+00 1.04166283e-02
0.00000000e+00 1.09247566e-02
0.00000000e+00 1.14328848e-02
0.00000000e+00 1.19410130e-02
0.00000000e+00 1.24491412e-02
0.00000000e+00 1.29572694e-02
0.00000000e+00 1.34653976e-02
0.00000000e+00 1.39735258e-02
0.00000000e+00 1.44816540e-02
0.00000000e+00 1.49897823e-02
0.00000000e+00 1.54979105e-02
0.00000000e+00 1.60060387e-02
0.00000000e+00 1.65141669e-02
0.00000000e+00 1.70222951e-02
0.00000000e+00 1.75304233e-02
0.00000000e+00 1.80385515e-02
0.00000000e+00 1.85466797e-02
0.00000000e+00 1.90548079e-02
0.00000000e+00 1.95629362e-02
0.00000000e+00 2.00710644e-02
0.00000000e+00 2.05791926e-02
0.00000000e+00 2.10873208e-02
0.00000000e+00 2.15954490e-02
0.00000000e+00 2.21035772e-02
0.00000000e+00 2.26117054e-02
0.00000000e+00 2.31198336e-02
0.00000000e+00 2.36279619e-02
0.00000000e+00 2.41360901e-02
0.00000000e+00 2.46442183e-02
0.00000000e+00 2.51523465e-02
0.00000000e+00 2.56604747e-02
0.00000000e+00 2.61686029e-02
0.00000000e+00 2.66767311e-02
0.00000000e+00 2.71848593e-02
0.00000000e+00 2.76929875e-02
0.00000000e+00 2.82011158e-02
0.00000000e+00 2.87092440e-02
0.00000000e+00 2.92173722e-02
0.00000000e+00 2.97255004e-02
0.00000000e+00 3.02336286e-02
0.00000000e+00 3.07417568e-02
0.00000000e+00 3.12498850e-02
0.00000000e+00 3.17580132e-02
0.00000000e+00 3.22661415e-02
0.00000000e+00 3.27742697e-02
0.00000000e+00 3.32823979e-02
0.00000000e+00 3.37905261e-02
0.00000000e+00 3.42986543e-02
0.00000000e+00 3.48067825e-02
0.00000000e+00 3.53149107e-02
0.00000000e+00 3.58230389e-02
0.00000000e+00 3.63311672e-02
0.00000000e+00 3.68392954e-02
0.00000000e+00 3.73474236e-02
0.00000000e+00 3.78555518e-02
0.00000000e+00 3.83636800e-02
0.00000000e+00 3.88718082e-02
0.00000000e+00 3.93799364e-02
0.00000000e+00 3.98880646e-02
0.00000000e+00 4.03961928e-02
0.00000000e+00 4.09043211e-02
0.00000000e+00 4.14124493e-02
0.00000000e+00 4.19205775e-02
0.00000000e+00 4.24287057e-02
0.00000000e+00 4.29368339e-02
0.00000000e+00 4.34449621e-02
0.00000000e+00 4.39530903e-02
0.00000000e+00 4.44612185e-02
0.00000000e+00 4.49693468e-02
0.00000000e+00 4.54774750e-02
0.00000000e+00 4.59856032e-02
0.00000000e+00 4.64937314e-02
0.00000000e+00 4.70018596e-02
0.00000000e+00 4.75099878e-02
0.00000000e+00 4.80181160e-02
0.00000000e+00 4.85262442e-02
0.00000000e+00 4.90343724e-02
0.00000000e+00 4.95425007e-02
0.00000000e+00 5.00506289e-02
0.00000000e+00 5.05587571e-02
0.00000000e+00 5.10668853e-02
0.00000000e+00 5.15750135e-02
0.00000000e+00 5.20831417e-02
0.00000000e+00 5.25912699e-02
0.00000000e+00 5.30993981e-02
0.00000000e+00 5.36075264e-02
0.00000000e+00 5.41156546e-02
0.00000000e+00 5.46237828e-02
0.00000000e+00 5.51319110e-02
0.00000000e+00 5.56400392e-02
0.00000000e+00 5.61481674e-02
0.00000000e+00 5.66562956e-02
0.00000000e+00 5.71644238e-02
0.00000000e+00 5.76725521e-02
0.00000000e+00 5.81806803e-02
0.00000000e+00 5.86888085e-02
0.00000000e+00 5.91969367e-02
0.00000000e+00 5.97050649e-02
0.00000000e+00 6.02131931e-02
0.00000000e+00 6.07213213e-02
0.00000000e+00 6.12294495e-02
0.00000000e+00 6.17375777e-02
0.00000000e+00 6.22457060e-02
0.00000000e+00 6.27538342e-02
0.00000000e+00 6.32619624e-02
0.00000000e+00 6.37700906e-02
0.00000000e+00 6.42782188e-02
0.00000000e+00 6.47863470e-02
0.00000000e+00 6.52944752e-02
0.00000000e+00 6.58026034e-02
0.00000000e+00 6.63107317e-02
0.00000000e+00 6.68188599e-02
0.00000000e+00 6.73269881e-02
0.00000000e+00 6.78351163e-02
0.00000000e+00 6.83432445e-02
0.00000000e+00 6.88513727e-02
0.00000000e+00 6.93595009e-02
0.00000000e+00 6.98676291e-02
0.00000000e+00 7.03757573e-02
0.00000000e+00 7.08838856e-02
0.00000000e+00 7.13920138e-02
0.00000000e+00 7.19001420e-02
0.00000000e+00 7.24082702e-02
0.00000000e+00 7.29163984e-02
0.00000000e+00 7.34245266e-02
0.00000000e+00 7.39326548e-02
0.00000000e+00 7.44407830e-02
0.00000000e+00 7.49489113e-02
0.00000000e+00 7.54570395e-02
0.00000000e+00 7.59651677e-02
0.00000000e+00 7.64732959e-02
0.00000000e+00 7.69814241e-02
0.00000000e+00 7.74895523e-02
0.00000000e+00 7.79976805e-02
0.00000000e+00 7.85058087e-02
0.00000000e+00 7.90139370e-02
0.00000000e+00 7.95220652e-02
0.00000000e+00 8.00301934e-02
0.00000000e+00 8.05383216e-02
0.00000000e+00 8.10464498e-02
0.00000000e+00 8.15545780e-02
0.00000000e+00 8.20627062e-02
0.00000000e+00 8.25708344e-02
0.00000000e+00 8.30789626e-02
0.00000000e+00 8.35870909e-02
0.00000000e+00 8.40952191e-02
0.00000000e+00 8.46033473e-02
0.00000000e+00 8.51114755e-02
0.00000000e+00 8.56196037e-02
0.00000000e+00 8.61277319e-02
0.00000000e+00 8.66358601e-02
0.00000000e+00 8.71439883e-02
0.00000000e+00 8.76521166e-02
0.00000000e+00 8.81602448e-02
0.00000000e+00 8.86683730e-02
0.00000000e+00 8.91765012e-02
0.00000000e+00 8.96846294e-02
0.00000000e+00 9.01927576e-02
0.00000000e+00 9.07008858e-02
0.00000000e+00 9.12090140e-02
0.00000000e+00 9.17171422e-02
0.00000000e+00 9.22252705e-02
0.00000000e+00 9.27333987e-02
0.00000000e+00 9.32415269e-02
0.00000000e+00 9.37496551e-02
0.00000000e+00 9.42577833e-02
0.00000000e+00 9.47659115e-02
0.00000000e+00 9.52740397e-02
0.00000000e+00 9.57821679e-02
0.00000000e+00 9.62902962e-02
0.00000000e+00 9.67984244e-02
0.00000000e+00 9.73065526e-02
0.00000000e+00 9.78146808e-02
0.00000000e+00 9.83228090e-02
0.00000000e+00 9.88309372e-02
0.00000000e+00 9.93390654e-02
0.00000000e+00 9.98471936e-02
0.00000000e+00 1.00355322e-01
0.00000000e+00 1.00863450e-01
0.00000000e+00 1.01371578e-01
0.00000000e+00 1.01879706e-01
0.00000000e+00 1.02387835e-01
0.00000000e+00 1.02895963e-01
0.00000000e+00 1.03404091e-01
0.00000000e+00 1.03912219e-01
0.00000000e+00 1.04420348e-01
0.00000000e+00 1.04928476e-01
0.00000000e+00 1.05436604e-01
0.00000000e+00 1.05944732e-01
0.00000000e+00 1.06452860e-01
0.00000000e+00 1.06960989e-01
0.00000000e+00 1.07469117e-01
0.00000000e+00 1.07977245e-01
0.00000000e+00 1.08485373e-01
0.00000000e+00 1.08993501e-01
0.00000000e+00 1.09501630e-01
0.00000000e+00 1.10009758e-01
0.00000000e+00 1.10517886e-01
0.00000000e+00 1.11026014e-01
0.00000000e+00 1.11534143e-01
0.00000000e+00 1.12042271e-01
0.00000000e+00 1.12550399e-01
0.00000000e+00 1.13058527e-01
0.00000000e+00 1.13566655e-01
0.00000000e+00 1.14074784e-01
0.00000000e+00 1.14582912e-01
0.00000000e+00 1.15091040e-01
0.00000000e+00 1.15599168e-01
0.00000000e+00 1.16107296e-01
0.00000000e+00 1.16615425e-01
0.00000000e+00 1.17123553e-01
0.00000000e+00 1.17631681e-01
0.00000000e+00 1.18139809e-01
0.00000000e+00 1.18647937e-01
0.00000000e+00 1.19156066e-01
0.00000000e+00 1.19664194e-01
0.00000000e+00 1.20172322e-01
0.00000000e+00 1.20680450e-01
0.00000000e+00 1.21188579e-01
0.00000000e+00 1.21696707e-01
0.00000000e+00 1.22204835e-01
0.00000000e+00 1.22712963e-01
0.00000000e+00 1.23221091e-01
0.00000000e+00 1.23729220e-01
0.00000000e+00 1.24237348e-01
0.00000000e+00 1.24745476e-01
0.00000000e+00 1.25253604e-01
0.00000000e+00 1.25761732e-01
0.00000000e+00 1.26269861e-01
0.00000000e+00 1.26777989e-01
0.00000000e+00 1.27286117e-01
0.00000000e+00 1.27794245e-01
0.00000000e+00 1.28302374e-01
0.00000000e+00 1.28810502e-01
0.00000000e+00 1.29318630e-01
0.00000000e+00 1.29826758e-01
0.00000000e+00 1.30334886e-01
0.00000000e+00 1.30843015e-01
0.00000000e+00 1.31351143e-01
0.00000000e+00 1.31859271e-01
0.00000000e+00 1.32367399e-01
0.00000000e+00 1.32875527e-01
0.00000000e+00 1.33383656e-01
0.00000000e+00 1.33891784e-01
0.00000000e+00 1.34399912e-01
0.00000000e+00 1.34908040e-01
0.00000000e+00 1.35416168e-01
0.00000000e+00 1.35924297e-01
0.00000000e+00 1.36432425e-01
0.00000000e+00 1.36940553e-01
0.00000000e+00 1.37448681e-01
0.00000000e+00 1.37956810e-01
0.00000000e+00 1.38464938e-01
0.00000000e+00 1.38973066e-01
0.00000000e+00 1.39481194e-01
0.00000000e+00 1.39989322e-01
0.00000000e+00 1.40497451e-01
0.00000000e+00 1.41005579e-01
0.00000000e+00 1.41513707e-01
0.00000000e+00 1.42021835e-01
0.00000000e+00 1.42529963e-01
0.00000000e+00 1.43038092e-01
0.00000000e+00 1.43546220e-01
0.00000000e+00 1.44054348e-01
0.00000000e+00 1.44562476e-01
0.00000000e+00 1.45070604e-01
0.00000000e+00 1.45578733e-01
0.00000000e+00 1.46086861e-01
0.00000000e+00 1.46594989e-01
0.00000000e+00 1.47103117e-01
0.00000000e+00 1.47611246e-01
0.00000000e+00 1.48119374e-01
0.00000000e+00 1.48627502e-01
0.00000000e+00 1.49135630e-01
0.00000000e+00 1.49643758e-01
0.00000000e+00 1.50151887e-01
0.00000000e+00 1.50660015e-01
0.00000000e+00 1.51168143e-01
0.00000000e+00 1.51676271e-01
0.00000000e+00 1.52184399e-01
0.00000000e+00 1.52692528e-01
0.00000000e+00 1.53200656e-01
0.00000000e+00 1.53708784e-01
0.00000000e+00 1.54216912e-01
0.00000000e+00 1.54725041e-01
0.00000000e+00 1.55233169e-01
0.00000000e+00 1.55741297e-01
0.00000000e+00 1.56249425e-01
0.00000000e+00 1.56757553e-01
0.00000000e+00 1.57265682e-01
0.00000000e+00 1.57773810e-01
0.00000000e+00 1.58281938e-01
0.00000000e+00 1.58790066e-01
0.00000000e+00 1.59298194e-01
0.00000000e+00 1.59806323e-01
0.00000000e+00 1.60314451e-01
0.00000000e+00 1.60822579e-01
0.00000000e+00 1.61330707e-01
0.00000000e+00 1.61838835e-01
0.00000000e+00 1.62346964e-01
0.00000000e+00 1.62855092e-01
0.00000000e+00 1.63363220e-01
0.00000000e+00 1.63871348e-01
0.00000000e+00 1.64379477e-01
0.00000000e+00 1.64887605e-01
0.00000000e+00 1.65395733e-01
0.00000000e+00 1.65903861e-01
0.00000000e+00 1.66411989e-01
0.00000000e+00 1.66920118e-01
0.00000000e+00 1.67428246e-01
0.00000000e+00 1.67936374e-01
0.00000000e+00 1.68444502e-01
0.00000000e+00 1.68952630e-01
0.00000000e+00 1.69460759e-01
0.00000000e+00 1.69968887e-01
0.00000000e+00 1.70477015e-01
0.00000000e+00 1.70985143e-01
0.00000000e+00 1.71493272e-01
0.00000000e+00 1.72001400e-01
0.00000000e+00 1.72509528e-01
0.00000000e+00 1.73017656e-01
0.00000000e+00 1.73525784e-01
0.00000000e+00 1.74033913e-01
0.00000000e+00 1.74542041e-01
0.00000000e+00 1.75050169e-01
0.00000000e+00 1.75558297e-01
0.00000000e+00 1.76066425e-01
0.00000000e+00 1.76574554e-01
0.00000000e+00 1.77082682e-01
0.00000000e+00 1.77590810e-01
0.00000000e+00 1.78098938e-01
0.00000000e+00 1.78607066e-01
0.00000000e+00 1.79115195e-01
0.00000000e+00 1.79623323e-01
0.00000000e+00 1.80131451e-01
0.00000000e+00 1.80639579e-01
0.00000000e+00 1.81147708e-01
0.00000000e+00 1.81655836e-01
0.00000000e+00 1.82163964e-01
0.00000000e+00 1.82672092e-01
0.00000000e+00 1.83180220e-01
0.00000000e+00 1.83688349e-01
0.00000000e+00 1.84196477e-01
0.00000000e+00 1.84704605e-01
0.00000000e+00 1.85212733e-01
0.00000000e+00 1.85720861e-01
0.00000000e+00 1.86228990e-01
0.00000000e+00 1.86737118e-01
0.00000000e+00 1.87245246e-01
0.00000000e+00 1.87753374e-01
0.00000000e+00 1.88261503e-01
0.00000000e+00 1.88769631e-01
0.00000000e+00 1.89277759e-01
0.00000000e+00 1.89785887e-01
0.00000000e+00 1.90294015e-01
0.00000000e+00 1.90802144e-01
0.00000000e+00 1.91310272e-01
0.00000000e+00 1.91818400e-01
0.00000000e+00 1.92326528e-01
0.00000000e+00 1.92834656e-01
0.00000000e+00 1.93342785e-01
0.00000000e+00 1.93850913e-01
0.00000000e+00 1.94359041e-01
0.00000000e+00 1.94867169e-01
0.00000000e+00 1.95375297e-01
0.00000000e+00 1.95883426e-01
0.00000000e+00 1.96391554e-01
0.00000000e+00 1.96899682e-01
0.00000000e+00 1.97407810e-01
0.00000000e+00 1.97915939e-01
0.00000000e+00 1.98424067e-01
0.00000000e+00 1.98932195e-01
0.00000000e+00 1.99440323e-01
0.00000000e+00 1.99948451e-01
0.00000000e+00 2.00456580e-01
0.00000000e+00 2.00964708e-01
0.00000000e+00 2.01472836e-01
0.00000000e+00 2.01980964e-01
0.00000000e+00 2.02489092e-01
0.00000000e+00 2.02997221e-01
0.00000000e+00 2.03505349e-01
0.00000000e+00 2.04013477e-01
0.00000000e+00 2.04521605e-01
0.00000000e+00 2.05029734e-01
0.00000000e+00 2.05537862e-01
0.00000000e+00 2.06045990e-01
0.00000000e+00 2.06554118e-01
0.00000000e+00 2.07062246e-01
0.00000000e+00 2.07570375e-01
0.00000000e+00 2.08078503e-01
0.00000000e+00 2.08586631e-01
0.00000000e+00 2.09094759e-01
0.00000000e+00 2.09602887e-01
0.00000000e+00 2.10111016e-01
0.00000000e+00 2.10619144e-01
0.00000000e+00 2.11127272e-01
0.00000000e+00 2.11635400e-01
0.00000000e+00 2.12143528e-01
0.00000000e+00 2.12651657e-01
0.00000000e+00 2.13159785e-01
0.00000000e+00 2.13667913e-01
0.00000000e+00 2.14176041e-01
0.00000000e+00 2.14684170e-01
0.00000000e+00 2.15192298e-01
0.00000000e+00 2.15700426e-01
0.00000000e+00 2.16208554e-01
0.00000000e+00 2.16716682e-01
0.00000000e+00 2.17224811e-01
0.00000000e+00 2.17732939e-01
0.00000000e+00 2.18241067e-01
0.00000000e+00 2.18749195e-01
0.00000000e+00 2.19257323e-01
0.00000000e+00 2.19765452e-01
0.00000000e+00 2.20273580e-01
0.00000000e+00 2.20781708e-01
0.00000000e+00 2.21289836e-01
0.00000000e+00 2.21797964e-01
0.00000000e+00 2.22306093e-01
0.00000000e+00 2.22814221e-01
0.00000000e+00 2.23322349e-01
0.00000000e+00 2.23830477e-01
0.00000000e+00 2.24338606e-01
0.00000000e+00 2.24846734e-01
0.00000000e+00 2.25354862e-01
0.00000000e+00 2.25862990e-01
0.00000000e+00 2.26371118e-01
0.00000000e+00 2.26879247e-01
0.00000000e+00 2.27387375e-01
0.00000000e+00 2.27895503e-01
0.00000000e+00 2.28403631e-01
0.00000000e+00 2.28911759e-01
0.00000000e+00 2.29419888e-01
0.00000000e+00 2.29928016e-01
0.00000000e+00 2.30436144e-01
0.00000000e+00 2.30944272e-01
0.00000000e+00 2.31452401e-01
0.00000000e+00 2.31960529e-01
0.00000000e+00 2.32468657e-01
0.00000000e+00 2.32976785e-01
0.00000000e+00 2.33484913e-01
0.00000000e+00 2.33993042e-01
0.00000000e+00 2.34501170e-01
0.00000000e+00 2.35009298e-01
0.00000000e+00 2.35517426e-01
0.00000000e+00 2.36025554e-01
0.00000000e+00 2.36533683e-01
0.00000000e+00 2.37041811e-01
0.00000000e+00 2.37549939e-01
0.00000000e+00 2.38058067e-01
0.00000000e+00 2.38566195e-01
0.00000000e+00 2.39074324e-01
0.00000000e+00 2.39582452e-01
0.00000000e+00 2.40090580e-01
0.00000000e+00 2.40598708e-01
0.00000000e+00 2.41106837e-01
0.00000000e+00 2.41614965e-01
0.00000000e+00 2.42123093e-01
0.00000000e+00 2.42631221e-01
0.00000000e+00 2.43139349e-01
0.00000000e+00 2.43647478e-01
0.00000000e+00 2.44155606e-01
0.00000000e+00 2.44663734e-01
0.00000000e+00 2.45171862e-01
0.00000000e+00 2.45679990e-01
0.00000000e+00 2.46188119e-01
0.00000000e+00 2.46696247e-01
0.00000000e+00 2.47204375e-01
0.00000000e+00 2.47712503e-01
0.00000000e+00 2.48220632e-01
0.00000000e+00 2.48728760e-01
0.00000000e+00 2.49236888e-01
0.00000000e+00 2.49745016e-01
0.00000000e+00 2.50253144e-01
0.00000000e+00 2.50761273e-01
0.00000000e+00 2.51269401e-01
0.00000000e+00 2.51777529e-01
0.00000000e+00 2.52285657e-01
0.00000000e+00 2.52793785e-01
0.00000000e+00 2.53301914e-01
0.00000000e+00 2.53810042e-01
0.00000000e+00 2.54318170e-01
0.00000000e+00 2.54826298e-01
0.00000000e+00 2.55334426e-01
0.00000000e+00 2.55842555e-01
0.00000000e+00 2.56350683e-01
0.00000000e+00 2.56858811e-01
0.00000000e+00 2.57366939e-01
0.00000000e+00 2.57875068e-01
0.00000000e+00 2.58383196e-01
0.00000000e+00 2.58891324e-01
0.00000000e+00 2.59399452e-01
0.00000000e+00 2.59907580e-01
0.00000000e+00 2.60415709e-01
0.00000000e+00 2.60923837e-01
0.00000000e+00 2.61431965e-01
0.00000000e+00 2.61940093e-01
0.00000000e+00 2.62448221e-01
0.00000000e+00 2.62956350e-01
0.00000000e+00 2.63464478e-01
0.00000000e+00 2.63972606e-01
0.00000000e+00 2.64480734e-01
0.00000000e+00 2.64988863e-01
0.00000000e+00 2.65496991e-01
0.00000000e+00 2.66005119e-01
0.00000000e+00 2.66513247e-01
0.00000000e+00 2.67021375e-01
0.00000000e+00 2.67529504e-01
0.00000000e+00 2.68037632e-01
0.00000000e+00 2.68545760e-01
0.00000000e+00 2.69053888e-01
0.00000000e+00 2.69562016e-01
0.00000000e+00 2.70070145e-01
0.00000000e+00 2.70578273e-01
0.00000000e+00 2.71086401e-01
0.00000000e+00 2.71594529e-01
0.00000000e+00 2.72102657e-01
0.00000000e+00 2.72610786e-01
0.00000000e+00 2.73118914e-01
0.00000000e+00 2.73627042e-01
0.00000000e+00 2.74135170e-01
0.00000000e+00 2.74643299e-01
0.00000000e+00 2.75151427e-01
0.00000000e+00 2.75659555e-01
0.00000000e+00 2.76167683e-01
0.00000000e+00 2.76675811e-01
0.00000000e+00 2.77183940e-01
0.00000000e+00 2.77692068e-01
0.00000000e+00 2.78200196e-01
0.00000000e+00 2.78708324e-01
0.00000000e+00 2.79216452e-01
0.00000000e+00 2.79724581e-01
0.00000000e+00 2.80232709e-01
0.00000000e+00 2.80740837e-01
0.00000000e+00 2.81248965e-01
0.00000000e+00 2.81757093e-01
0.00000000e+00 2.82265222e-01
0.00000000e+00 2.82773350e-01
0.00000000e+00 2.83281478e-01
0.00000000e+00 2.83789606e-01
0.00000000e+00 2.84297735e-01
0.00000000e+00 2.84805863e-01
0.00000000e+00 2.85313991e-01
0.00000000e+00 2.85822119e-01
0.00000000e+00 2.86330247e-01
0.00000000e+00 2.86838376e-01
0.00000000e+00 2.87346504e-01
0.00000000e+00 2.87854632e-01
0.00000000e+00 2.88362760e-01
0.00000000e+00 2.88870888e-01
0.00000000e+00 2.89379017e-01
0.00000000e+00 2.89887145e-01
0.00000000e+00 2.90395273e-01
0.00000000e+00 2.90903401e-01
0.00000000e+00 2.91411530e-01
0.00000000e+00 2.91919658e-01
0.00000000e+00 2.92427786e-01
0.00000000e+00 2.92935914e-01
0.00000000e+00 2.93444042e-01
0.00000000e+00 2.93952171e-01
0.00000000e+00 2.94460299e-01
0.00000000e+00 2.94968427e-01
0.00000000e+00 2.95476555e-01
0.00000000e+00 2.95984683e-01
0.00000000e+00 2.96492812e-01
0.00000000e+00 2.97000940e-01
0.00000000e+00 2.97509068e-01
0.00000000e+00 2.98017196e-01
0.00000000e+00 2.98525324e-01
0.00000000e+00 2.99033453e-01
0.00000000e+00 2.99541581e-01
0.00000000e+00 3.00049709e-01
0.00000000e+00 3.00557837e-01
0.00000000e+00 3.01065966e-01
0.00000000e+00 3.01574094e-01
0.00000000e+00 3.02082222e-01
0.00000000e+00 3.02590350e-01
0.00000000e+00 3.03098478e-01
0.00000000e+00 3.03606607e-01
0.00000000e+00 3.04114735e-01
0.00000000e+00 3.04622863e-01
0.00000000e+00 3.05130991e-01
0.00000000e+00 3.05639119e-01
0.00000000e+00 3.06147248e-01
0.00000000e+00 3.06655376e-01
0.00000000e+00 3.07163504e-01
0.00000000e+00 3.07671632e-01
0.00000000e+00 3.08179761e-01
0.00000000e+00 3.08687889e-01
0.00000000e+00 3.09196017e-01
0.00000000e+00 3.09704145e-01
0.00000000e+00 3.10212273e-01
0.00000000e+00 3.10720402e-01
0.00000000e+00 3.11228530e-01
0.00000000e+00 3.11736658e-01
0.00000000e+00 3.12244786e-01
0.00000000e+00 3.12752914e-01
0.00000000e+00 3.13261043e-01
0.00000000e+00 3.13769171e-01
0.00000000e+00 3.14277299e-01
0.00000000e+00 3.14785427e-01
0.00000000e+00 3.15293555e-01
0.00000000e+00 3.15801684e-01
0.00000000e+00 3.16309812e-01
0.00000000e+00 3.16817940e-01
0.00000000e+00 3.17326068e-01
0.00000000e+00 3.17834197e-01
0.00000000e+00 3.18342325e-01
0.00000000e+00 3.18850453e-01
0.00000000e+00 3.19358581e-01
0.00000000e+00 3.19866709e-01
0.00000000e+00 3.20374838e-01
0.00000000e+00 3.20882966e-01
0.00000000e+00 3.21391094e-01
0.00000000e+00 3.21899222e-01
0.00000000e+00 3.22407350e-01
0.00000000e+00 3.22915479e-01
0.00000000e+00 3.23423607e-01
0.00000000e+00 3.23931735e-01
0.00000000e+00 3.24439863e-01
0.00000000e+00 3.24947992e-01
0.00000000e+00 3.25456120e-01
0.00000000e+00 3.25964248e-01
0.00000000e+00 3.26472376e-01
0.00000000e+00 3.26980504e-01
0.00000000e+00 3.27488633e-01
0.00000000e+00 3.27996761e-01
0.00000000e+00 3.28504889e-01
0.00000000e+00 3.29013017e-01
0.00000000e+00 3.29521145e-01
0.00000000e+00 3.30029274e-01
0.00000000e+00 3.30537402e-01
0.00000000e+00 3.31045530e-01
0.00000000e+00 3.31553658e-01
0.00000000e+00 3.32061786e-01
0.00000000e+00 3.32569915e-01
0.00000000e+00 3.33078043e-01
0.00000000e+00 3.33586171e-01
0.00000000e+00 3.34094299e-01
0.00000000e+00 3.34602428e-01
0.00000000e+00 3.35110556e-01
0.00000000e+00 3.35618684e-01
0.00000000e+00 3.36126812e-01
0.00000000e+00 3.36634940e-01
0.00000000e+00 3.37143069e-01
0.00000000e+00 3.37651197e-01
0.00000000e+00 3.38159325e-01
0.00000000e+00 3.38667453e-01
0.00000000e+00 3.39175581e-01
0.00000000e+00 3.39683710e-01
0.00000000e+00 3.40191838e-01
0.00000000e+00 3.40699966e-01
0.00000000e+00 3.41208094e-01
0.00000000e+00 3.41716223e-01
0.00000000e+00 3.42224351e-01
0.00000000e+00 3.42732479e-01
0.00000000e+00 3.43240607e-01
0.00000000e+00 3.43748735e-01
0.00000000e+00 3.44256864e-01
0.00000000e+00 3.44764992e-01
0.00000000e+00 3.45273120e-01
0.00000000e+00 3.45781248e-01
0.00000000e+00 3.46289376e-01
0.00000000e+00 3.46797505e-01
0.00000000e+00 3.47305633e-01
0.00000000e+00 3.47813761e-01
0.00000000e+00 3.48321889e-01
0.00000000e+00 3.48830017e-01
0.00000000e+00 3.49338146e-01
0.00000000e+00 3.49846274e-01
0.00000000e+00 3.50354402e-01
0.00000000e+00 3.50862530e-01
0.00000000e+00 3.51370659e-01
0.00000000e+00 3.51878787e-01
0.00000000e+00 3.52386915e-01
0.00000000e+00 3.52895043e-01
0.00000000e+00 3.53403171e-01
0.00000000e+00 3.53911300e-01
0.00000000e+00 3.54419428e-01
0.00000000e+00 3.54927556e-01
0.00000000e+00 3.55435684e-01
0.00000000e+00 3.55943812e-01
0.00000000e+00 3.56451941e-01
0.00000000e+00 3.56960069e-01
0.00000000e+00 3.57468197e-01
0.00000000e+00 3.57976325e-01
0.00000000e+00 3.58484453e-01
0.00000000e+00 3.58992582e-01
0.00000000e+00 3.59500710e-01
0.00000000e+00 3.60008838e-01
0.00000000e+00 3.60516966e-01
0.00000000e+00 3.61025095e-01
0.00000000e+00 3.61533223e-01
0.00000000e+00 3.62041351e-01
0.00000000e+00 3.62549479e-01
0.00000000e+00 3.63057607e-01
0.00000000e+00 3.63565736e-01
0.00000000e+00 3.64073864e-01
0.00000000e+00 3.64581992e-01
0.00000000e+00 3.65090120e-01
0.00000000e+00 3.65598248e-01
0.00000000e+00 3.66106377e-01
0.00000000e+00 3.66614505e-01
0.00000000e+00 3.67122633e-01
0.00000000e+00 3.67630761e-01
0.00000000e+00 3.68138890e-01
0.00000000e+00 3.68647018e-01
0.00000000e+00 3.69155146e-01
0.00000000e+00 3.69663274e-01
0.00000000e+00 3.70171402e-01
0.00000000e+00 3.70679531e-01
0.00000000e+00 3.71187659e-01
0.00000000e+00 3.71695787e-01
0.00000000e+00 3.72203915e-01
0.00000000e+00 3.72712043e-01
0.00000000e+00 3.73220172e-01
0.00000000e+00 3.73728300e-01
0.00000000e+00 3.74236428e-01
0.00000000e+00 3.74744556e-01
0.00000000e+00 3.75252684e-01
0.00000000e+00 3.75760813e-01
0.00000000e+00 3.76268941e-01
0.00000000e+00 3.76777069e-01
0.00000000e+00 3.77285197e-01
0.00000000e+00 3.77793326e-01
0.00000000e+00 3.78301454e-01
0.00000000e+00 3.78809582e-01
0.00000000e+00 3.79317710e-01
0.00000000e+00 3.79825838e-01
0.00000000e+00 3.80333967e-01
0.00000000e+00 3.80842095e-01
0.00000000e+00 3.81350223e-01
0.00000000e+00 3.81858351e-01
0.00000000e+00 3.82366479e-01
0.00000000e+00 3.82874608e-01
0.00000000e+00 3.83382736e-01
0.00000000e+00 3.83890864e-01
0.00000000e+00 3.84398992e-01
0.00000000e+00 3.84907121e-01
0.00000000e+00 3.85415249e-01
0.00000000e+00 3.85923377e-01
0.00000000e+00 3.86431505e-01
0.00000000e+00 3.86939633e-01
0.00000000e+00 3.87447762e-01
0.00000000e+00 3.87955890e-01
0.00000000e+00 3.88464018e-01
0.00000000e+00 3.88972146e-01
0.00000000e+00 3.89480274e-01
0.00000000e+00 3.89988403e-01
0.00000000e+00 3.90496531e-01
0.00000000e+00 3.91004659e-01
0.00000000e+00 3.91512787e-01
0.00000000e+00 3.92020915e-01
0.00000000e+00 3.92529044e-01
0.00000000e+00 3.93037172e-01
0.00000000e+00 3.93545300e-01
0.00000000e+00 3.94053428e-01
0.00000000e+00 3.94561557e-01
0.00000000e+00 3.95069685e-01
0.00000000e+00 3.95577813e-01
0.00000000e+00 3.96085941e-01
0.00000000e+00 3.96594069e-01
0.00000000e+00 3.97102198e-01
0.00000000e+00 3.97610326e-01
0.00000000e+00 3.98118454e-01
0.00000000e+00 3.98626582e-01
0.00000000e+00 3.99134710e-01
0.00000000e+00 3.99642839e-01
0.00000000e+00 4.00150967e-01
0.00000000e+00 4.00659095e-01
0.00000000e+00 4.01167223e-01
0.00000000e+00 4.01675352e-01
0.00000000e+00 4.02183480e-01
0.00000000e+00 4.02691608e-01
0.00000000e+00 4.03199736e-01
0.00000000e+00 4.03707864e-01
0.00000000e+00 4.04215993e-01
0.00000000e+00 4.04724121e-01
0.00000000e+00 4.05232249e-01
0.00000000e+00 4.05740377e-01
0.00000000e+00 4.06248505e-01
0.00000000e+00 4.06756634e-01
0.00000000e+00 4.07264762e-01
0.00000000e+00 4.07772890e-01
0.00000000e+00 4.08281018e-01
0.00000000e+00 4.08789146e-01
0.00000000e+00 4.09297275e-01
0.00000000e+00 4.09805403e-01
0.00000000e+00 4.10313531e-01
0.00000000e+00 4.10821659e-01
0.00000000e+00 4.11329788e-01
0.00000000e+00 4.11837916e-01
0.00000000e+00 4.12346044e-01
0.00000000e+00 4.12854172e-01
0.00000000e+00 4.13362300e-01
0.00000000e+00 4.13870429e-01
0.00000000e+00 4.14378557e-01
0.00000000e+00 4.14886685e-01
0.00000000e+00 4.15394813e-01
0.00000000e+00 4.15902941e-01
0.00000000e+00 4.16411070e-01
0.00000000e+00 4.16919198e-01
0.00000000e+00 4.17427326e-01
0.00000000e+00 4.17935454e-01
0.00000000e+00 4.18443583e-01
0.00000000e+00 4.18951711e-01
0.00000000e+00 4.19459839e-01
0.00000000e+00 4.19967967e-01
0.00000000e+00 4.20476095e-01
0.00000000e+00 4.20984224e-01
0.00000000e+00 4.21492352e-01
0.00000000e+00 4.22000480e-01
0.00000000e+00 4.22508608e-01
0.00000000e+00 4.23016736e-01
0.00000000e+00 4.23524865e-01
0.00000000e+00 4.24032993e-01
0.00000000e+00 4.24541121e-01
0.00000000e+00 4.25049249e-01
0.00000000e+00 4.25557377e-01
0.00000000e+00 4.26065506e-01
0.00000000e+00 4.26573634e-01
0.00000000e+00 4.27081762e-01
0.00000000e+00 4.27589890e-01
0.00000000e+00 4.28098019e-01
0.00000000e+00 4.28606147e-01
0.00000000e+00 4.29114275e-01
0.00000000e+00 4.29622403e-01
0.00000000e+00 4.30130531e-01
0.00000000e+00 4.30638660e-01
0.00000000e+00 4.31146788e-01
0.00000000e+00 4.31654916e-01
0.00000000e+00 4.32163044e-01
0.00000000e+00 4.32671172e-01
0.00000000e+00 4.33179301e-01
0.00000000e+00 4.33687429e-01
0.00000000e+00 4.34195557e-01
0.00000000e+00 4.34703685e-01
0.00000000e+00 4.35211813e-01
0.00000000e+00 4.35719942e-01
0.00000000e+00 4.36228070e-01
0.00000000e+00 4.36736198e-01
0.00000000e+00 4.37244326e-01
0.00000000e+00 4.37752455e-01
0.00000000e+00 4.38260583e-01
0.00000000e+00 4.38768711e-01
0.00000000e+00 4.39276839e-01
0.00000000e+00 4.39784967e-01
0.00000000e+00 4.40293096e-01
0.00000000e+00 4.40801224e-01
0.00000000e+00 4.41309352e-01
0.00000000e+00 4.41817480e-01
0.00000000e+00 4.42325608e-01
0.00000000e+00 4.42833737e-01
0.00000000e+00 4.43341865e-01
0.00000000e+00 4.43849993e-01
0.00000000e+00 4.44358121e-01
0.00000000e+00 4.44866250e-01
0.00000000e+00 4.45374378e-01
0.00000000e+00 4.45882506e-01
0.00000000e+00 4.46390634e-01
0.00000000e+00 4.46898762e-01
0.00000000e+00 4.47406891e-01
0.00000000e+00 4.47915019e-01
0.00000000e+00 4.48423147e-01
0.00000000e+00 4.48931275e-01
0.00000000e+00 4.49439403e-01
0.00000000e+00 4.49947532e-01
0.00000000e+00 4.50455660e-01
0.00000000e+00 4.50963788e-01
0.00000000e+00 4.51471916e-01
0.00000000e+00 4.51980044e-01
0.00000000e+00 4.52488173e-01
0.00000000e+00 4.52996301e-01
0.00000000e+00 4.53504429e-01
0.00000000e+00 4.54012557e-01
0.00000000e+00 4.54520686e-01
0.00000000e+00 4.55028814e-01
0.00000000e+00 4.55536942e-01
0.00000000e+00 4.56045070e-01
0.00000000e+00 4.56553198e-01
0.00000000e+00 4.57061327e-01
0.00000000e+00 4.57569455e-01
0.00000000e+00 4.58077583e-01
0.00000000e+00 4.58585711e-01
0.00000000e+00 4.59093839e-01
0.00000000e+00 4.59601968e-01
0.00000000e+00 4.60110096e-01
0.00000000e+00 4.60618224e-01
0.00000000e+00 4.61126352e-01
0.00000000e+00 4.61634481e-01
0.00000000e+00 4.62142609e-01
0.00000000e+00 4.62650737e-01
0.00000000e+00 4.63158865e-01
0.00000000e+00 4.63666993e-01
0.00000000e+00 4.64175122e-01
0.00000000e+00 4.64683250e-01
0.00000000e+00 4.65191378e-01
0.00000000e+00 4.65699506e-01
0.00000000e+00 4.66207634e-01
0.00000000e+00 4.66715763e-01
0.00000000e+00 4.67223891e-01
0.00000000e+00 4.67732019e-01
0.00000000e+00 4.68240147e-01
0.00000000e+00 4.68748275e-01
0.00000000e+00 4.69256404e-01
0.00000000e+00 4.69764532e-01
0.00000000e+00 4.70272660e-01
0.00000000e+00 4.70780788e-01
0.00000000e+00 4.71288917e-01
0.00000000e+00 4.71797045e-01
0.00000000e+00 4.72305173e-01
0.00000000e+00 4.72813301e-01
0.00000000e+00 4.73321429e-01
0.00000000e+00 4.73829558e-01
0.00000000e+00 4.74337686e-01
0.00000000e+00 4.74845814e-01
0.00000000e+00 4.75353942e-01
0.00000000e+00 4.75862070e-01
0.00000000e+00 4.76370199e-01
0.00000000e+00 4.76878327e-01
0.00000000e+00 4.77386455e-01
0.00000000e+00 4.77894583e-01
0.00000000e+00 4.78402712e-01
0.00000000e+00 4.78910840e-01
0.00000000e+00 4.79418968e-01
0.00000000e+00 4.79927096e-01
0.00000000e+00 4.80435224e-01
0.00000000e+00 4.80943353e-01
0.00000000e+00 4.81451481e-01
0.00000000e+00 4.81959609e-01
0.00000000e+00 4.82467737e-01
0.00000000e+00 4.82975865e-01
0.00000000e+00 4.83483994e-01
0.00000000e+00 4.83992122e-01
0.00000000e+00 4.84500250e-01
0.00000000e+00 4.85008378e-01
0.00000000e+00 4.85516506e-01
0.00000000e+00 4.86024635e-01
0.00000000e+00 4.86532763e-01
0.00000000e+00 4.87040891e-01
0.00000000e+00 4.87549019e-01
0.00000000e+00 4.88057148e-01
0.00000000e+00 4.88565276e-01
0.00000000e+00 4.89073404e-01
0.00000000e+00 4.89581532e-01
0.00000000e+00 4.90089660e-01
0.00000000e+00 4.90597789e-01
0.00000000e+00 4.91105917e-01
0.00000000e+00 4.91614045e-01
0.00000000e+00 4.92122173e-01
0.00000000e+00 4.92630301e-01
0.00000000e+00 4.93138430e-01
0.00000000e+00 4.93646558e-01
0.00000000e+00 4.94154686e-01
0.00000000e+00 4.94662814e-01
0.00000000e+00 4.95170942e-01
0.00000000e+00 4.95679071e-01
0.00000000e+00 4.96187199e-01
0.00000000e+00 4.96695327e-01
0.00000000e+00 4.97203455e-01
0.00000000e+00 4.97711584e-01
0.00000000e+00 4.98219712e-01
0.00000000e+00 4.98727840e-01
0.00000000e+00 4.99235968e-01
0.00000000e+00 4.99744096e-01
0.00000000e+00 5.00252225e-01
