% L-Bracket Geometry
% N_total=2536, N_horizontal=1268, N_vertical=1268
% Resolution: 100 segments per wavelength
% Format: x(m) y(m)
1.97233977e-04 0.00000000e+00
5.91701931e-04 0.00000000e+00
9.86169885e-04 0.00000000e+00
1.38063784e-03 0.00000000e+00
1.77510579e-03 0.00000000e+00
2.16957375e-03 0.00000000e+00
2.56404170e-03 0.00000000e+00
2.95850965e-03 0.00000000e+00
3.35297761e-03 0.00000000e+00
3.74744556e-03 0.00000000e+00
4.14191352e-03 0.00000000e+00
4.53638147e-03 0.00000000e+00
4.93084942e-03 0.00000000e+00
5.32531738e-03 0.00000000e+00
5.71978533e-03 0.00000000e+00
6.11425329e-03 0.00000000e+00
6.50872124e-03 0.00000000e+00
6.90318919e-03 0.00000000e+00
7.29765715e-03 0.00000000e+00
7.69212510e-03 0.00000000e+00
8.08659306e-03 0.00000000e+00
8.48106101e-03 0.00000000e+00
8.87552896e-03 0.00000000e+00
9.26999692e-03 0.00000000e+00
9.66446487e-03 0.00000000e+00
1.00589328e-02 0.00000000e+00
1.04534008e-02 0.00000000e+00
1.08478687e-02 0.00000000e+00
1.12423367e-02 0.00000000e+00
1.16368046e-02 0.00000000e+00
1.20312726e-02 0.00000000e+00
1.24257406e-02 0.00000000e+00
1.28202085e-02 0.00000000e+00
1.32146765e-02 0.00000000e+00
1.36091444e-02 0.00000000e+00
1.40036124e-02 0.00000000e+00
1.43980803e-02 0.00000000e+00
1.47925483e-02 0.00000000e+00
1.51870162e-02 0.00000000e+00
1.55814842e-02 0.00000000e+00
1.59759521e-02 0.00000000e+00
1.63704201e-02 0.00000000e+00
1.67648880e-02 0.00000000e+00
1.71593560e-02 0.00000000e+00
1.75538240e-02 0.00000000e+00
1.79482919e-02 0.00000000e+00
1.83427599e-02 0.00000000e+00
1.87372278e-02 0.00000000e+00
1.91316958e-02 0.00000000e+00
1.95261637e-02 0.00000000e+00
1.99206317e-02 0.00000000e+00
2.03150996e-02 0.00000000e+00
2.07095676e-02 0.00000000e+00
2.11040355e-02 0.00000000e+00
2.14985035e-02 0.00000000e+00
2.18929714e-02 0.00000000e+00
2.22874394e-02 0.00000000e+00
2.26819074e-02 0.00000000e+00
2.30763753e-02 0.00000000e+00
2.34708433e-02 0.00000000e+00
2.38653112e-02 0.00000000e+00
2.42597792e-02 0.00000000e+00
2.46542471e-02 0.00000000e+00
2.50487151e-02 0.00000000e+00
2.54431830e-02 0.00000000e+00
2.58376510e-02 0.00000000e+00
2.62321189e-02 0.00000000e+00
2.66265869e-02 0.00000000e+00
2.70210548e-02 0.00000000e+00
2.74155228e-02 0.00000000e+00
2.78099908e-02 0.00000000e+00
2.82044587e-02 0.00000000e+00
2.85989267e-02 0.00000000e+00
2.89933946e-02 0.00000000e+00
2.93878626e-02 0.00000000e+00
2.97823305e-02 0.00000000e+00
3.01767985e-02 0.00000000e+00
3.05712664e-02 0.00000000e+00
3.09657344e-02 0.00000000e+00
3.13602023e-02 0.00000000e+00
3.17546703e-02 0.00000000e+00
3.21491382e-02 0.00000000e+00
3.25436062e-02 0.00000000e+00
3.29380742e-02 0.00000000e+00
3.33325421e-02 0.00000000e+00
3.37270101e-02 0.00000000e+00
3.41214780e-02 0.00000000e+00
3.45159460e-02 0.00000000e+00
3.49104139e-02 0.00000000e+00
3.53048819e-02 0.00000000e+00
3.56993498e-02 0.00000000e+00
3.60938178e-02 0.00000000e+00
3.64882857e-02 0.00000000e+00
3.68827537e-02 0.00000000e+00
3.72772217e-02 0.00000000e+00
3.76716896e-02 0.00000000e+00
3.80661576e-02 0.00000000e+00
3.84606255e-02 0.00000000e+00
3.88550935e-02 0.00000000e+00
3.92495614e-02 0.00000000e+00
3.96440294e-02 0.00000000e+00
4.00384973e-02 0.00000000e+00
4.04329653e-02 0.00000000e+00
4.08274332e-02 0.00000000e+00
4.12219012e-02 0.00000000e+00
4.16163691e-02 0.00000000e+00
4.20108371e-02 0.00000000e+00
4.24053051e-02 0.00000000e+00
4.27997730e-02 0.00000000e+00
4.31942410e-02 0.00000000e+00
4.35887089e-02 0.00000000e+00
4.39831769e-02 0.00000000e+00
4.43776448e-02 0.00000000e+00
4.47721128e-02 0.00000000e+00
4.51665807e-02 0.00000000e+00
4.55610487e-02 0.00000000e+00
4.59555166e-02 0.00000000e+00
4.63499846e-02 0.00000000e+00
4.67444525e-02 0.00000000e+00
4.71389205e-02 0.00000000e+00
4.75333885e-02 0.00000000e+00
4.79278564e-02 0.00000000e+00
4.83223244e-02 0.00000000e+00
4.87167923e-02 0.00000000e+00
4.91112603e-02 0.00000000e+00
4.95057282e-02 0.00000000e+00
4.99001962e-02 0.00000000e+00
5.02946641e-02 0.00000000e+00
5.06891321e-02 0.00000000e+00
5.10836000e-02 0.00000000e+00
5.14780680e-02 0.00000000e+00
5.18725359e-02 0.00000000e+00
5.22670039e-02 0.00000000e+00
5.26614719e-02 0.00000000e+00
5.30559398e-02 0.00000000e+00
5.34504078e-02 0.00000000e+00
5.38448757e-02 0.00000000e+00
5.42393437e-02 0.00000000e+00
5.46338116e-02 0.00000000e+00
5.50282796e-02 0.00000000e+00
5.54227475e-02 0.00000000e+00
5.58172155e-02 0.00000000e+00
5.62116834e-02 0.00000000e+00
5.66061514e-02 0.00000000e+00
5.70006193e-02 0.00000000e+00
5.73950873e-02 0.00000000e+00
5.77895553e-02 0.00000000e+00
5.81840232e-02 0.00000000e+00
5.85784912e-02 0.00000000e+00
5.89729591e-02 0.00000000e+00
5.93674271e-02 0.00000000e+00
5.97618950e-02 0.00000000e+00
6.01563630e-02 0.00000000e+00
6.05508309e-02 0.00000000e+00
6.09452989e-02 0.00000000e+00
6.13397668e-02 0.00000000e+00
6.17342348e-02 0.00000000e+00
6.21287028e-02 0.00000000e+00
6.25231707e-02 0.00000000e+00
6.29176387e-02 0.00000000e+00
6.33121066e-02 0.00000000e+00
6.37065746e-02 0.00000000e+00
6.41010425e-02 0.00000000e+00
6.44955105e-02 0.00000000e+00
6.48899784e-02 0.00000000e+00
6.52844464e-02 0.00000000e+00
6.56789143e-02 0.00000000e+00
6.60733823e-02 0.00000000e+00
6.64678502e-02 0.00000000e+00
6.68623182e-02 0.00000000e+00
6.72567862e-02 0.00000000e+00
6.76512541e-02 0.00000000e+00
6.80457221e-02 0.00000000e+00
6.84401900e-02 0.00000000e+00
6.88346580e-02 0.00000000e+00
6.92291259e-02 0.00000000e+00
6.96235939e-02 0.00000000e+00
7.00180618e-02 0.00000000e+00
7.04125298e-02 0.00000000e+00
7.08069977e-02 0.00000000e+00
7.12014657e-02 0.00000000e+00
7.15959336e-02 0.00000000e+00
7.19904016e-02 0.00000000e+00
7.23848696e-02 0.00000000e+00
7.27793375e-02 0.00000000e+00
7.31738055e-02 0.00000000e+00
7.35682734e-02 0.00000000e+00
7.39627414e-02 0.00000000e+00
7.43572093e-02 0.00000000e+00
7.47516773e-02 0.00000000e+00
7.51461452e-02 0.00000000e+00
7.55406132e-02 0.00000000e+00
7.59350811e-02 0.00000000e+00
7.63295491e-02 0.00000000e+00
7.67240170e-02 0.00000000e+00
7.71184850e-02 0.00000000e+00
7.75129530e-02 0.00000000e+00
7.79074209e-02 0.00000000e+00
7.83018889e-02 0.00000000e+00
7.86963568e-02 0.00000000e+00
7.90908248e-02 0.00000000e+00
7.94852927e-02 0.00000000e+00
7.98797607e-02 0.00000000e+00
8.02742286e-02 0.00000000e+00
8.06686966e-02 0.00000000e+00
8.10631645e-02 0.00000000e+00
8.14576325e-02 0.00000000e+00
8.18521004e-02 0.00000000e+00
8.22465684e-02 0.00000000e+00
8.26410364e-02 0.00000000e+00
8.30355043e-02 0.00000000e+00
8.34299723e-02 0.00000000e+00
8.38244402e-02 0.00000000e+00
8.42189082e-02 0.00000000e+00
8.46133761e-02 0.00000000e+00
8.50078441e-02 0.00000000e+00
8.54023120e-02 0.00000000e+00
8.57967800e-02 0.00000000e+00
8.61912479e-02 0.00000000e+00
8.65857159e-02 0.00000000e+00
8.69801839e-02 0.00000000e+00
8.73746518e-02 0.00000000e+00
8.77691198e-02 0.00000000e+00
8.81635877e-02 0.00000000e+00
8.85580557e-02 0.00000000e+00
8.89525236e-02 0.00000000e+00
8.93469916e-02 0.00000000e+00
8.97414595e-02 0.00000000e+00
9.01359275e-02 0.00000000e+00
9.05303954e-02 0.00000000e+00
9.09248634e-02 0.00000000e+00
9.13193313e-02 0.00000000e+00
9.17137993e-02 0.00000000e+00
9.21082673e-02 0.00000000e+00
9.25027352e-02 0.00000000e+00
9.28972032e-02 0.00000000e+00
9.32916711e-02 0.00000000e+00
9.36861391e-02 0.00000000e+00
9.40806070e-02 0.00000000e+00
9.44750750e-02 0.00000000e+00
9.48695429e-02 0.00000000e+00
9.52640109e-02 0.00000000e+00
9.56584788e-02 0.00000000e+00
9.60529468e-02 0.00000000e+00
9.64474147e-02 0.00000000e+00
9.68418827e-02 0.00000000e+00
9.72363507e-02 0.00000000e+00
9.76308186e-02 0.00000000e+00
9.80252866e-02 0.00000000e+00
9.84197545e-02 0.00000000e+00
9.88142225e-02 0.00000000e+00
9.92086904e-02 0.00000000e+00
9.96031584e-02 0.00000000e+00
9.99976263e-02 0.00000000e+00
1.00392094e-01 0.00000000e+00
1.00786562e-01 0.00000000e+00
1.01181030e-01 0.00000000e+00
1.01575498e-01 0.00000000e+00
1.01969966e-01 0.00000000e+00
1.02364434e-01 0.00000000e+00
1.02758902e-01 0.00000000e+00
1.03153370e-01 0.00000000e+00
1.03547838e-01 0.00000000e+00
1.03942306e-01 0.00000000e+00
1.04336774e-01 0.00000000e+00
1.04731242e-01 0.00000000e+00
1.05125710e-01 0.00000000e+00
1.05520178e-01 0.00000000e+00
1.05914646e-01 0.00000000e+00
1.06309114e-01 0.00000000e+00
1.06703582e-01 0.00000000e+00
1.07098050e-01 0.00000000e+00
1.07492517e-01 0.00000000e+00
1.07886985e-01 0.00000000e+00
1.08281453e-01 0.00000000e+00
1.08675921e-01 0.00000000e+00
1.09070389e-01 0.00000000e+00
1.09464857e-01 0.00000000e+00
1.09859325e-01 0.00000000e+00
1.10253793e-01 0.00000000e+00
1.10648261e-01 0.00000000e+00
1.11042729e-01 0.00000000e+00
1.11437197e-01 0.00000000e+00
1.11831665e-01 0.00000000e+00
1.12226133e-01 0.00000000e+00
1.12620601e-01 0.00000000e+00
1.13015069e-01 0.00000000e+00
1.13409537e-01 0.00000000e+00
1.13804005e-01 0.00000000e+00
1.14198473e-01 0.00000000e+00
1.14592941e-01 0.00000000e+00
1.14987409e-01 0.00000000e+00
1.15381877e-01 0.00000000e+00
1.15776344e-01 0.00000000e+00
1.16170812e-01 0.00000000e+00
1.16565280e-01 0.00000000e+00
1.16959748e-01 0.00000000e+00
1.17354216e-01 0.00000000e+00
1.17748684e-01 0.00000000e+00
1.18143152e-01 0.00000000e+00
1.18537620e-01 0.00000000e+00
1.18932088e-01 0.00000000e+00
1.19326556e-01 0.00000000e+00
1.19721024e-01 0.00000000e+00
1.20115492e-01 0.00000000e+00
1.20509960e-01 0.00000000e+00
1.20904428e-01 0.00000000e+00
1.21298896e-01 0.00000000e+00
1.21693364e-01 0.00000000e+00
1.22087832e-01 0.00000000e+00
1.22482300e-01 0.00000000e+00
1.22876768e-01 0.00000000e+00
1.23271236e-01 0.00000000e+00
1.23665704e-01 0.00000000e+00
1.24060172e-01 0.00000000e+00
1.24454639e-01 0.00000000e+00
1.24849107e-01 0.00000000e+00
1.25243575e-01 0.00000000e+00
1.25638043e-01 0.00000000e+00
1.26032511e-01 0.00000000e+00
1.26426979e-01 0.00000000e+00
1.26821447e-01 0.00000000e+00
1.27215915e-01 0.00000000e+00
1.27610383e-01 0.00000000e+00
1.28004851e-01 0.00000000e+00
1.28399319e-01 0.00000000e+00
1.28793787e-01 0.00000000e+00
1.29188255e-01 0.00000000e+00
1.29582723e-01 0.00000000e+00
1.29977191e-01 0.00000000e+00
1.30371659e-01 0.00000000e+00
1.30766127e-01 0.00000000e+00
1.31160595e-01 0.00000000e+00
1.31555063e-01 0.00000000e+00
1.31949531e-01 0.00000000e+00
1.32343999e-01 0.00000000e+00
1.32738467e-01 0.00000000e+00
1.33132934e-01 0.00000000e+00
1.33527402e-01 0.00000000e+00
1.33921870e-01 0.00000000e+00
1.34316338e-01 0.00000000e+00
1.34710806e-01 0.00000000e+00
1.35105274e-01 0.00000000e+00
1.35499742e-01 0.00000000e+00
1.35894210e-01 0.00000000e+00
1.36288678e-01 0.00000000e+00
1.36683146e-01 0.00000000e+00
1.37077614e-01 0.00000000e+00
1.37472082e-01 0.00000000e+00
1.37866550e-01 0.00000000e+00
1.38261018e-01 0.00000000e+00
1.38655486e-01 0.00000000e+00
1.39049954e-01 0.00000000e+00
1.39444422e-01 0.00000000e+00
1.39838890e-01 0.00000000e+00
1.40233358e-01 0.00000000e+00
1.40627826e-01 0.00000000e+00
1.41022294e-01 0.00000000e+00
1.41416762e-01 0.00000000e+00
1.41811229e-01 0.00000000e+00
1.42205697e-01 0.00000000e+00
1.42600165e-01 0.00000000e+00
1.42994633e-01 0.00000000e+00
1.43389101e-01 0.00000000e+00
1.43783569e-01 0.00000000e+00
1.44178037e-01 0.00000000e+00
1.44572505e-01 0.00000000e+00
1.44966973e-01 0.00000000e+00
1.45361441e-01 0.00000000e+00
1.45755909e-01 0.00000000e+00
1.46150377e-01 0.00000000e+00
1.46544845e-01 0.00000000e+00
1.46939313e-01 0.00000000e+00
1.47333781e-01 0.00000000e+00
1.47728249e-01 0.00000000e+00
1.48122717e-01 0.00000000e+00
1.48517185e-01 0.00000000e+00
1.48911653e-01 0.00000000e+00
1.49306121e-01 0.00000000e+00
1.49700589e-01 0.00000000e+00
1.50095056e-01 0.00000000e+00
1.50489524e-01 0.00000000e+00
1.50883992e-01 0.00000000e+00
1.51278460e-01 0.00000000e+00
1.51672928e-01 0.00000000e+00
1.52067396e-01 0.00000000e+00
1.52461864e-01 0.00000000e+00
1.52856332e-01 0.00000000e+00
1.53250800e-01 0.00000000e+00
1.53645268e-01 0.00000000e+00
1.54039736e-01 0.00000000e+00
1.54434204e-01 0.00000000e+00
1.54828672e-01 0.00000000e+00
1.55223140e-01 0.00000000e+00
1.55617608e-01 0.00000000e+00
1.56012076e-01 0.00000000e+00
1.56406544e-01 0.00000000e+00
1.56801012e-01 0.00000000e+00
1.57195480e-01 0.00000000e+00
1.57589948e-01 0.00000000e+00
1.57984416e-01 0.00000000e+00
1.58378884e-01 0.00000000e+00
1.58773351e-01 0.00000000e+00
1.59167819e-01 0.00000000e+00
1.59562287e-01 0.00000000e+00
1.59956755e-01 0.00000000e+00
1.60351223e-01 0.00000000e+00
1.60745691e-01 0.00000000e+00
1.61140159e-01 0.00000000e+00
1.61534627e-01 0.00000000e+00
1.61929095e-01 0.00000000e+00
1.62323563e-01 0.00000000e+00
1.62718031e-01 0.00000000e+00
1.63112499e-01 0.00000000e+00
1.63506967e-01 0.00000000e+00
1.63901435e-01 0.00000000e+00
1.64295903e-01 0.00000000e+00
1.64690371e-01 0.00000000e+00
1.65084839e-01 0.00000000e+00
1.65479307e-01 0.00000000e+00
1.65873775e-01 0.00000000e+00
1.66268243e-01 0.00000000e+00
1.66662711e-01 0.00000000e+00
1.67057179e-01 0.00000000e+00
1.67451646e-01 0.00000000e+00
1.67846114e-01 0.00000000e+00
1.68240582e-01 0.00000000e+00
1.68635050e-01 0.00000000e+00
1.69029518e-01 0.00000000e+00
1.69423986e-01 0.00000000e+00
1.69818454e-01 0.00000000e+00
1.70212922e-01 0.00000000e+00
1.70607390e-01 0.00000000e+00
1.71001858e-01 0.00000000e+00
1.71396326e-01 0.00000000e+00
1.71790794e-01 0.00000000e+00
1.72185262e-01 0.00000000e+00
1.72579730e-01 0.00000000e+00
1.72974198e-01 0.00000000e+00
1.73368666e-01 0.00000000e+00
1.73763134e-01 0.00000000e+00
1.74157602e-01 0.00000000e+00
1.74552070e-01 0.00000000e+00
1.74946538e-01 0.00000000e+00
1.75341006e-01 0.00000000e+00
1.75735473e-01 0.00000000e+00
1.76129941e-01 0.00000000e+00
1.76524409e-01 0.00000000e+00
1.76918877e-01 0.00000000e+00
1.77313345e-01 0.00000000e+00
1.77707813e-01 0.00000000e+00
1.78102281e-01 0.00000000e+00
1.78496749e-01 0.00000000e+00
1.78891217e-01 0.00000000e+00
1.79285685e-01 0.00000000e+00
1.79680153e-01 0.00000000e+00
1.80074621e-01 0.00000000e+00
1.80469089e-01 0.00000000e+00
1.80863557e-01 0.00000000e+00
1.81258025e-01 0.00000000e+00
1.81652493e-01 0.00000000e+00
1.82046961e-01 0.00000000e+00
1.82441429e-01 0.00000000e+00
1.82835897e-01 0.00000000e+00
1.83230365e-01 0.00000000e+00
1.83624833e-01 0.00000000e+00
1.84019301e-01 0.00000000e+00
1.84413768e-01 0.00000000e+00
1.84808236e-01 0.00000000e+00
1.85202704e-01 0.00000000e+00
1.85597172e-01 0.00000000e+00
1.85991640e-01 0.00000000e+00
1.86386108e-01 0.00000000e+00
1.86780576e-01 0.00000000e+00
1.87175044e-01 0.00000000e+00
1.87569512e-01 0.00000000e+00
1.87963980e-01 0.00000000e+00
1.88358448e-01 0.00000000e+00
1.88752916e-01 0.00000000e+00
1.89147384e-01 0.00000000e+00
1.89541852e-01 0.00000000e+00
1.89936320e-01 0.00000000e+00
1.90330788e-01 0.00000000e+00
1.90725256e-01 0.00000000e+00
1.91119724e-01 0.00000000e+00
1.91514192e-01 0.00000000e+00
1.91908660e-01 0.00000000e+00
1.92303128e-01 0.00000000e+00
1.92697596e-01 0.00000000e+00
1.93092063e-01 0.00000000e+00
1.93486531e-01 0.00000000e+00
1.93880999e-01 0.00000000e+00
1.94275467e-01 0.00000000e+00
1.94669935e-01 0.00000000e+00
1.95064403e-01 0.00000000e+00
1.95458871e-01 0.00000000e+00
1.95853339e-01 0.00000000e+00
1.96247807e-01 0.00000000e+00
1.96642275e-01 0.00000000e+00
1.97036743e-01 0.00000000e+00
1.97431211e-01 0.00000000e+00
1.97825679e-01 0.00000000e+00
1.98220147e-01 0.00000000e+00
1.98614615e-01 0.00000000e+00
1.99009083e-01 0.00000000e+00
1.99403551e-01 0.00000000e+00
1.99798019e-01 0.00000000e+00
2.00192487e-01 0.00000000e+00
2.00586955e-01 0.00000000e+00
2.00981423e-01 0.00000000e+00
2.01375891e-01 0.00000000e+00
2.01770358e-01 0.00000000e+00
2.02164826e-01 0.00000000e+00
2.02559294e-01 0.00000000e+00
2.02953762e-01 0.00000000e+00
2.03348230e-01 0.00000000e+00
2.03742698e-01 0.00000000e+00
2.04137166e-01 0.00000000e+00
2.04531634e-01 0.00000000e+00
2.04926102e-01 0.00000000e+00
2.05320570e-01 0.00000000e+00
2.05715038e-01 0.00000000e+00
2.06109506e-01 0.00000000e+00
2.06503974e-01 0.00000000e+00
2.06898442e-01 0.00000000e+00
2.07292910e-01 0.00000000e+00
2.07687378e-01 0.00000000e+00
2.08081846e-01 0.00000000e+00
2.08476314e-01 0.00000000e+00
2.08870782e-01 0.00000000e+00
2.09265250e-01 0.00000000e+00
2.09659718e-01 0.00000000e+00
2.10054185e-01 0.00000000e+00
2.10448653e-01 0.00000000e+00
2.10843121e-01 0.00000000e+00
2.11237589e-01 0.00000000e+00
2.11632057e-01 0.00000000e+00
2.12026525e-01 0.00000000e+00
2.12420993e-01 0.00000000e+00
2.12815461e-01 0.00000000e+00
2.13209929e-01 0.00000000e+00
2.13604397e-01 0.00000000e+00
2.13998865e-01 0.00000000e+00
2.14393333e-01 0.00000000e+00
2.14787801e-01 0.00000000e+00
2.15182269e-01 0.00000000e+00
2.15576737e-01 0.00000000e+00
2.15971205e-01 0.00000000e+00
2.16365673e-01 0.00000000e+00
2.16760141e-01 0.00000000e+00
2.17154609e-01 0.00000000e+00
2.17549077e-01 0.00000000e+00
2.17943545e-01 0.00000000e+00
2.18338013e-01 0.00000000e+00
2.18732480e-01 0.00000000e+00
2.19126948e-01 0.00000000e+00
2.19521416e-01 0.00000000e+00
2.19915884e-01 0.00000000e+00
2.20310352e-01 0.00000000e+00
2.20704820e-01 0.00000000e+00
2.21099288e-01 0.00000000e+00
2.21493756e-01 0.00000000e+00
2.21888224e-01 0.00000000e+00
2.22282692e-01 0.00000000e+00
2.22677160e-01 0.00000000e+00
2.23071628e-01 0.00000000e+00
2.23466096e-01 0.00000000e+00
2.23860564e-01 0.00000000e+00
2.24255032e-01 0.00000000e+00
2.24649500e-01 0.00000000e+00
2.25043968e-01 0.00000000e+00
2.25438436e-01 0.00000000e+00
2.25832904e-01 0.00000000e+00
2.26227372e-01 0.00000000e+00
2.26621840e-01 0.00000000e+00
2.27016308e-01 0.00000000e+00
2.27410775e-01 0.00000000e+00
2.27805243e-01 0.00000000e+00
2.28199711e-01 0.00000000e+00
2.28594179e-01 0.00000000e+00
2.28988647e-01 0.00000000e+00
2.29383115e-01 0.00000000e+00
2.29777583e-01 0.00000000e+00
2.30172051e-01 0.00000000e+00
2.30566519e-01 0.00000000e+00
2.30960987e-01 0.00000000e+00
2.31355455e-01 0.00000000e+00
2.31749923e-01 0.00000000e+00
2.32144391e-01 0.00000000e+00
2.32538859e-01 0.00000000e+00
2.32933327e-01 0.00000000e+00
2.33327795e-01 0.00000000e+00
2.33722263e-01 0.00000000e+00
2.34116731e-01 0.00000000e+00
2.34511199e-01 0.00000000e+00
2.34905667e-01 0.00000000e+00
2.35300135e-01 0.00000000e+00
2.35694603e-01 0.00000000e+00
2.36089070e-01 0.00000000e+00
2.36483538e-01 0.00000000e+00
2.36878006e-01 0.00000000e+00
2.37272474e-01 0.00000000e+00
2.37666942e-01 0.00000000e+00
2.38061410e-01 0.00000000e+00
2.38455878e-01 0.00000000e+00
2.38850346e-01 0.00000000e+00
2.39244814e-01 0.00000000e+00
2.39639282e-01 0.00000000e+00
2.40033750e-01 0.00000000e+00
2.40428218e-01 0.00000000e+00
2.40822686e-01 0.00000000e+00
2.41217154e-01 0.00000000e+00
2.41611622e-01 0.00000000e+00
2.42006090e-01 0.00000000e+00
2.42400558e-01 0.00000000e+00
2.42795026e-01 0.00000000e+00
2.43189494e-01 0.00000000e+00
2.43583962e-01 0.00000000e+00
2.43978430e-01 0.00000000e+00
2.44372897e-01 0.00000000e+00
2.44767365e-01 0.00000000e+00
2.45161833e-01 0.00000000e+00
2.45556301e-01 0.00000000e+00
2.45950769e-01 0.00000000e+00
2.46345237e-01 0.00000000e+00
2.46739705e-01 0.00000000e+00
2.47134173e-01 0.00000000e+00
2.47528641e-01 0.00000000e+00
2.47923109e-01 0.00000000e+00
2.48317577e-01 0.00000000e+00
2.48712045e-01 0.00000000e+00
2.49106513e-01 0.00000000e+00
2.49500981e-01 0.00000000e+00
2.49895449e-01 0.00000000e+00
2.50289917e-01 0.00000000e+00
2.50684385e-01 0.00000000e+00
2.51078853e-01 0.00000000e+00
2.51473321e-01 0.00000000e+00
2.51867789e-01 0.00000000e+00
2.52262257e-01 0.00000000e+00
2.52656725e-01 0.00000000e+00
2.53051192e-01 0.00000000e+00
2.53445660e-01 0.00000000e+00
2.53840128e-01 0.00000000e+00
2.54234596e-01 0.00000000e+00
2.54629064e-01 0.00000000e+00
2.55023532e-01 0.00000000e+00
2.55418000e-01 0.00000000e+00
2.55812468e-01 0.00000000e+00
2.56206936e-01 0.00000000e+00
2.56601404e-01 0.00000000e+00
2.56995872e-01 0.00000000e+00
2.57390340e-01 0.00000000e+00
2.57784808e-01 0.00000000e+00
2.58179276e-01 0.00000000e+00
2.58573744e-01 0.00000000e+00
2.58968212e-01 0.00000000e+00
2.59362680e-01 0.00000000e+00
2.59757148e-01 0.00000000e+00
2.60151616e-01 0.00000000e+00
2.60546084e-01 0.00000000e+00
2.60940552e-01 0.00000000e+00
2.61335020e-01 0.00000000e+00
2.61729487e-01 0.00000000e+00
2.62123955e-01 0.00000000e+00
2.62518423e-01 0.00000000e+00
2.62912891e-01 0.00000000e+00
2.63307359e-01 0.00000000e+00
2.63701827e-01 0.00000000e+00
2.64096295e-01 0.00000000e+00
2.64490763e-01 0.00000000e+00
2.64885231e-01 0.00000000e+00
2.65279699e-01 0.00000000e+00
2.65674167e-01 0.00000000e+00
2.66068635e-01 0.00000000e+00
2.66463103e-01 0.00000000e+00
2.66857571e-01 0.00000000e+00
2.67252039e-01 0.00000000e+00
2.67646507e-01 0.00000000e+00
2.68040975e-01 0.00000000e+00
2.68435443e-01 0.00000000e+00
2.68829911e-01 0.00000000e+00
2.69224379e-01 0.00000000e+00
2.69618847e-01 0.00000000e+00
2.70013314e-01 0.00000000e+00
2.70407782e-01 0.00000000e+00
2.70802250e-01 0.00000000e+00
2.71196718e-01 0.00000000e+00
2.71591186e-01 0.00000000e+00
2.71985654e-01 0.00000000e+00
2.72380122e-01 0.00000000e+00
2.72774590e-01 0.00000000e+00
2.73169058e-01 0.00000000e+00
2.73563526e-01 0.00000000e+00
2.73957994e-01 0.00000000e+00
2.74352462e-01 0.00000000e+00
2.74746930e-01 0.00000000e+00
2.75141398e-01 0.00000000e+00
2.75535866e-01 0.00000000e+00
2.75930334e-01 0.00000000e+00
2.76324802e-01 0.00000000e+00
2.76719270e-01 0.00000000e+00
2.77113738e-01 0.00000000e+00
2.77508206e-01 0.00000000e+00
2.77902674e-01 0.00000000e+00
2.78297142e-01 0.00000000e+00
2.78691609e-01 0.00000000e+00
2.79086077e-01 0.00000000e+00
2.79480545e-01 0.00000000e+00
2.79875013e-01 0.00000000e+00
2.80269481e-01 0.00000000e+00
2.80663949e-01 0.00000000e+00
2.81058417e-01 0.00000000e+00
2.81452885e-01 0.00000000e+00
2.81847353e-01 0.00000000e+00
2.82241821e-01 0.00000000e+00
2.82636289e-01 0.00000000e+00
2.83030757e-01 0.00000000e+00
2.83425225e-01 0.00000000e+00
2.83819693e-01 0.00000000e+00
2.84214161e-01 0.00000000e+00
2.84608629e-01 0.00000000e+00
2.85003097e-01 0.00000000e+00
2.85397565e-01 0.00000000e+00
2.85792033e-01 0.00000000e+00
2.86186501e-01 0.00000000e+00
2.86580969e-01 0.00000000e+00
2.86975437e-01 0.00000000e+00
2.87369904e-01 0.00000000e+00
2.87764372e-01 0.00000000e+00
2.88158840e-01 0.00000000e+00
2.88553308e-01 0.00000000e+00
2.88947776e-01 0.00000000e+00
2.89342244e-01 0.00000000e+00
2.89736712e-01 0.00000000e+00
2.90131180e-01 0.00000000e+00
2.90525648e-01 0.00000000e+00
2.90920116e-01 0.00000000e+00
2.91314584e-01 0.00000000e+00
2.91709052e-01 0.00000000e+00
2.92103520e-01 0.00000000e+00
2.92497988e-01 0.00000000e+00
2.92892456e-01 0.00000000e+00
2.93286924e-01 0.00000000e+00
2.93681392e-01 0.00000000e+00
2.94075860e-01 0.00000000e+00
2.94470328e-01 0.00000000e+00
2.94864796e-01 0.00000000e+00
2.95259264e-01 0.00000000e+00
2.95653732e-01 0.00000000e+00
2.96048199e-01 0.00000000e+00
2.96442667e-01 0.00000000e+00
2.96837135e-01 0.00000000e+00
2.97231603e-01 0.00000000e+00
2.97626071e-01 0.00000000e+00
2.98020539e-01 0.00000000e+00
2.98415007e-01 0.00000000e+00
2.98809475e-01 0.00000000e+00
2.99203943e-01 0.00000000e+00
2.99598411e-01 0.00000000e+00
2.99992879e-01 0.00000000e+00
3.00387347e-01 0.00000000e+00
3.00781815e-01 0.00000000e+00
3.01176283e-01 0.00000000e+00
3.01570751e-01 0.00000000e+00
3.01965219e-01 0.00000000e+00
3.02359687e-01 0.00000000e+00
3.02754155e-01 0.00000000e+00
3.03148623e-01 0.00000000e+00
3.03543091e-01 0.00000000e+00
3.03937559e-01 0.00000000e+00
3.04332026e-01 0.00000000e+00
3.04726494e-01 0.00000000e+00
3.05120962e-01 0.00000000e+00
3.05515430e-01 0.00000000e+00
3.05909898e-01 0.00000000e+00
3.06304366e-01 0.00000000e+00
3.06698834e-01 0.00000000e+00
3.07093302e-01 0.00000000e+00
3.07487770e-01 0.00000000e+00
3.07882238e-01 0.00000000e+00
3.08276706e-01 0.00000000e+00
3.08671174e-01 0.00000000e+00
3.09065642e-01 0.00000000e+00
3.09460110e-01 0.00000000e+00
3.09854578e-01 0.00000000e+00
3.10249046e-01 0.00000000e+00
3.10643514e-01 0.00000000e+00
3.11037982e-01 0.00000000e+00
3.11432450e-01 0.00000000e+00
3.11826918e-01 0.00000000e+00
3.12221386e-01 0.00000000e+00
3.12615854e-01 0.00000000e+00
3.13010321e-01 0.00000000e+00
3.13404789e-01 0.00000000e+00
3.13799257e-01 0.00000000e+00
3.14193725e-01 0.00000000e+00
3.14588193e-01 0.00000000e+00
3.14982661e-01 0.00000000e+00
3.15377129e-01 0.00000000e+00
3.15771597e-01 0.00000000e+00
3.16166065e-01 0.00000000e+00
3.16560533e-01 0.00000000e+00
3.16955001e-01 0.00000000e+00
3.17349469e-01 0.00000000e+00
3.17743937e-01 0.00000000e+00
3.18138405e-01 0.00000000e+00
3.18532873e-01 0.00000000e+00
3.18927341e-01 0.00000000e+00
3.19321809e-01 0.00000000e+00
3.19716277e-01 0.00000000e+00
3.20110745e-01 0.00000000e+00
3.20505213e-01 0.00000000e+00
3.20899681e-01 0.00000000e+00
3.21294149e-01 0.00000000e+00
3.21688616e-01 0.00000000e+00
3.22083084e-01 0.00000000e+00
3.22477552e-01 0.00000000e+00
3.22872020e-01 0.00000000e+00
3.23266488e-01 0.00000000e+00
3.23660956e-01 0.00000000e+00
3.24055424e-01 0.00000000e+00
3.24449892e-01 0.00000000e+00
3.24844360e-01 0.00000000e+00
3.25238828e-01 0.00000000e+00
3.25633296e-01 0.00000000e+00
3.26027764e-01 0.00000000e+00
3.26422232e-01 0.00000000e+00
3.26816700e-01 0.00000000e+00
3.27211168e-01 0.00000000e+00
3.27605636e-01 0.00000000e+00
3.28000104e-01 0.00000000e+00
3.28394572e-01 0.00000000e+00
3.28789040e-01 0.00000000e+00
3.29183508e-01 0.00000000e+00
3.29577976e-01 0.00000000e+00
3.29972444e-01 0.00000000e+00
3.30366911e-01 0.00000000e+00
3.30761379e-01 0.00000000e+00
3.31155847e-01 0.00000000e+00
3.31550315e-01 0.00000000e+00
3.31944783e-01 0.00000000e+00
3.32339251e-01 0.00000000e+00
3.32733719e-01 0.00000000e+00
3.33128187e-01 0.00000000e+00
3.33522655e-01 0.00000000e+00
3.33917123e-01 0.00000000e+00
3.34311591e-01 0.00000000e+00
3.34706059e-01 0.00000000e+00
3.35100527e-01 0.00000000e+00
3.35494995e-01 0.00000000e+00
3.35889463e-01 0.00000000e+00
3.36283931e-01 0.00000000e+00
3.36678399e-01 0.00000000e+00
3.37072867e-01 0.00000000e+00
3.37467335e-01 0.00000000e+00
3.37861803e-01 0.00000000e+00
3.38256271e-01 0.00000000e+00
3.38650738e-01 0.00000000e+00
3.39045206e-01 0.00000000e+00
3.39439674e-01 0.00000000e+00
3.39834142e-01 0.00000000e+00
3.40228610e-01 0.00000000e+00
3.40623078e-01 0.00000000e+00
3.41017546e-01 0.00000000e+00
3.41412014e-01 0.00000000e+00
3.41806482e-01 0.00000000e+00
3.42200950e-01 0.00000000e+00
3.42595418e-01 0.00000000e+00
3.42989886e-01 0.00000000e+00
3.43384354e-01 0.00000000e+00
3.43778822e-01 0.00000000e+00
3.44173290e-01 0.00000000e+00
3.44567758e-01 0.00000000e+00
3.44962226e-01 0.00000000e+00
3.45356694e-01 0.00000000e+00
3.45751162e-01 0.00000000e+00
3.46145630e-01 0.00000000e+00
3.46540098e-01 0.00000000e+00
3.46934566e-01 0.00000000e+00
3.47329033e-01 0.00000000e+00
3.47723501e-01 0.00000000e+00
3.48117969e-01 0.00000000e+00
3.48512437e-01 0.00000000e+00
3.48906905e-01 0.00000000e+00
3.49301373e-01 0.00000000e+00
3.49695841e-01 0.00000000e+00
3.50090309e-01 0.00000000e+00
3.50484777e-01 0.00000000e+00
3.50879245e-01 0.00000000e+00
3.51273713e-01 0.00000000e+00
3.51668181e-01 0.00000000e+00
3.52062649e-01 0.00000000e+00
3.52457117e-01 0.00000000e+00
3.52851585e-01 0.00000000e+00
3.53246053e-01 0.00000000e+00
3.53640521e-01 0.00000000e+00
3.54034989e-01 0.00000000e+00
3.54429457e-01 0.00000000e+00
3.54823925e-01 0.00000000e+00
3.55218393e-01 0.00000000e+00
3.55612861e-01 0.00000000e+00
3.56007328e-01 0.00000000e+00
3.56401796e-01 0.00000000e+00
3.56796264e-01 0.00000000e+00
3.57190732e-01 0.00000000e+00
3.57585200e-01 0.00000000e+00
3.57979668e-01 0.00000000e+00
3.58374136e-01 0.00000000e+00
3.58768604e-01 0.00000000e+00
3.59163072e-01 0.00000000e+00
3.59557540e-01 0.00000000e+00
3.59952008e-01 0.00000000e+00
3.60346476e-01 0.00000000e+00
3.60740944e-01 0.00000000e+00
3.61135412e-01 0.00000000e+00
3.61529880e-01 0.00000000e+00
3.61924348e-01 0.00000000e+00
3.62318816e-01 0.00000000e+00
3.62713284e-01 0.00000000e+00
3.63107752e-01 0.00000000e+00
3.63502220e-01 0.00000000e+00
3.63896688e-01 0.00000000e+00
3.64291155e-01 0.00000000e+00
3.64685623e-01 0.00000000e+00
3.65080091e-01 0.00000000e+00
3.65474559e-01 0.00000000e+00
3.65869027e-01 0.00000000e+00
3.66263495e-01 0.00000000e+00
3.66657963e-01 0.00000000e+00
3.67052431e-01 0.00000000e+00
3.67446899e-01 0.00000000e+00
3.67841367e-01 0.00000000e+00
3.68235835e-01 0.00000000e+00
3.68630303e-01 0.00000000e+00
3.69024771e-01 0.00000000e+00
3.69419239e-01 0.00000000e+00
3.69813707e-01 0.00000000e+00
3.70208175e-01 0.00000000e+00
3.70602643e-01 0.00000000e+00
3.70997111e-01 0.00000000e+00
3.71391579e-01 0.00000000e+00
3.71786047e-01 0.00000000e+00
3.72180515e-01 0.00000000e+00
3.72574983e-01 0.00000000e+00
3.72969450e-01 0.00000000e+00
3.73363918e-01 0.00000000e+00
3.73758386e-01 0.00000000e+00
3.74152854e-01 0.00000000e+00
3.74547322e-01 0.00000000e+00
3.74941790e-01 0.00000000e+00
3.75336258e-01 0.00000000e+00
3.75730726e-01 0.00000000e+00
3.76125194e-01 0.00000000e+00
3.76519662e-01 0.00000000e+00
3.76914130e-01 0.00000000e+00
3.77308598e-01 0.00000000e+00
3.77703066e-01 0.00000000e+00
3.78097534e-01 0.00000000e+00
3.78492002e-01 0.00000000e+00
3.78886470e-01 0.00000000e+00
3.79280938e-01 0.00000000e+00
3.79675406e-01 0.00000000e+00
3.80069874e-01 0.00000000e+00
3.80464342e-01 0.00000000e+00
3.80858810e-01 0.00000000e+00
3.81253278e-01 0.00000000e+00
3.81647745e-01 0.00000000e+00
3.82042213e-01 0.00000000e+00
3.82436681e-01 0.00000000e+00
3.82831149e-01 0.00000000e+00
3.83225617e-01 0.00000000e+00
3.83620085e-01 0.00000000e+00
3.84014553e-01 0.00000000e+00
3.84409021e-01 0.00000000e+00
3.84803489e-01 0.00000000e+00
3.85197957e-01 0.00000000e+00
3.85592425e-01 0.00000000e+00
3.85986893e-01 0.00000000e+00
3.86381361e-01 0.00000000e+00
3.86775829e-01 0.00000000e+00
3.87170297e-01 0.00000000e+00
3.87564765e-01 0.00000000e+00
3.87959233e-01 0.00000000e+00
3.88353701e-01 0.00000000e+00
3.88748169e-01 0.00000000e+00
3.89142637e-01 0.00000000e+00
3.89537105e-01 0.00000000e+00
3.89931573e-01 0.00000000e+00
3.90326040e-01 0.00000000e+00
3.90720508e-01 0.00000000e+00
3.91114976e-01 0.00000000e+00
3.91509444e-01 0.00000000e+00
3.91903912e-01 0.00000000e+00
3.92298380e-01 0.00000000e+00
3.92692848e-01 0.00000000e+00
3.93087316e-01 0.00000000e+00
3.93481784e-01 0.00000000e+00
3.93876252e-01 0.00000000e+00
3.94270720e-01 0.00000000e+00
3.94665188e-01 0.00000000e+00
3.95059656e-01 0.00000000e+00
3.95454124e-01 0.00000000e+00
3.95848592e-01 0.00000000e+00
3.96243060e-01 0.00000000e+00
3.96637528e-01 0.00000000e+00
3.97031996e-01 0.00000000e+00
3.97426464e-01 0.00000000e+00
3.97820932e-01 0.00000000e+00
3.98215400e-01 0.00000000e+00
3.98609867e-01 0.00000000e+00
3.99004335e-01 0.00000000e+00
3.99398803e-01 0.00000000e+00
3.99793271e-01 0.00000000e+00
4.00187739e-01 0.00000000e+00
4.00582207e-01 0.00000000e+00
4.00976675e-01 0.00000000e+00
4.01371143e-01 0.00000000e+00
4.01765611e-01 0.00000000e+00
4.02160079e-01 0.00000000e+00
4.02554547e-01 0.00000000e+00
4.02949015e-01 0.00000000e+00
4.03343483e-01 0.00000000e+00
4.03737951e-01 0.00000000e+00
4.04132419e-01 0.00000000e+00
4.04526887e-01 0.00000000e+00
4.04921355e-01 0.00000000e+00
4.05315823e-01 0.00000000e+00
4.05710291e-01 0.00000000e+00
4.06104759e-01 0.00000000e+00
4.06499227e-01 0.00000000e+00
4.06893695e-01 0.00000000e+00
4.07288162e-01 0.00000000e+00
4.07682630e-01 0.00000000e+00
4.08077098e-01 0.00000000e+00
4.08471566e-01 0.00000000e+00
4.08866034e-01 0.00000000e+00
4.09260502e-01 0.00000000e+00
4.09654970e-01 0.00000000e+00
4.10049438e-01 0.00000000e+00
4.10443906e-01 0.00000000e+00
4.10838374e-01 0.00000000e+00
4.11232842e-01 0.00000000e+00
4.11627310e-01 0.00000000e+00
4.12021778e-01 0.00000000e+00
4.12416246e-01 0.00000000e+00
4.12810714e-01 0.00000000e+00
4.13205182e-01 0.00000000e+00
4.13599650e-01 0.00000000e+00
4.13994118e-01 0.00000000e+00
4.14388586e-01 0.00000000e+00
4.14783054e-01 0.00000000e+00
4.15177522e-01 0.00000000e+00
4.15571990e-01 0.00000000e+00
4.15966457e-01 0.00000000e+00
4.16360925e-01 0.00000000e+00
4.16755393e-01 0.00000000e+00
4.17149861e-01 0.00000000e+00
4.17544329e-01 0.00000000e+00
4.17938797e-01 0.00000000e+00
4.18333265e-01 0.00000000e+00
4.18727733e-01 0.00000000e+00
4.19122201e-01 0.00000000e+00
4.19516669e-01 0.00000000e+00
4.19911137e-01 0.00000000e+00
4.20305605e-01 0.00000000e+00
4.20700073e-01 0.00000000e+00
4.21094541e-01 0.00000000e+00
4.21489009e-01 0.00000000e+00
4.21883477e-01 0.00000000e+00
4.22277945e-01 0.00000000e+00
4.22672413e-01 0.00000000e+00
4.23066881e-01 0.00000000e+00
4.23461349e-01 0.00000000e+00
4.23855817e-01 0.00000000e+00
4.24250285e-01 0.00000000e+00
4.24644752e-01 0.00000000e+00
4.25039220e-01 0.00000000e+00
4.25433688e-01 0.00000000e+00
4.25828156e-01 0.00000000e+00
4.26222624e-01 0.00000000e+00
4.26617092e-01 0.00000000e+00
4.27011560e-01 0.00000000e+00
4.27406028e-01 0.00000000e+00
4.27800496e-01 0.00000000e+00
4.28194964e-01 0.00000000e+00
4.28589432e-01 0.00000000e+00
4.28983900e-01 0.00000000e+00
4.29378368e-01 0.00000000e+00
4.29772836e-01 0.00000000e+00
4.30167304e-01 0.00000000e+00
4.30561772e-01 0.00000000e+00
4.30956240e-01 0.00000000e+00
4.31350708e-01 0.00000000e+00
4.31745176e-01 0.00000000e+00
4.32139644e-01 0.00000000e+00
4.32534112e-01 0.00000000e+00
4.32928579e-01 0.00000000e+00
4.33323047e-01 0.00000000e+00
4.33717515e-01 0.00000000e+00
4.34111983e-01 0.00000000e+00
4.34506451e-01 0.00000000e+00
4.34900919e-01 0.00000000e+00
4.35295387e-01 0.00000000e+00
4.35689855e-01 0.00000000e+00
4.36084323e-01 0.00000000e+00
4.36478791e-01 0.00000000e+00
4.36873259e-01 0.00000000e+00
4.37267727e-01 0.00000000e+00
4.37662195e-01 0.00000000e+00
4.38056663e-01 0.00000000e+00
4.38451131e-01 0.00000000e+00
4.38845599e-01 0.00000000e+00
4.39240067e-01 0.00000000e+00
4.39634535e-01 0.00000000e+00
4.40029003e-01 0.00000000e+00
4.40423471e-01 0.00000000e+00
4.40817939e-01 0.00000000e+00
4.41212407e-01 0.00000000e+00
4.41606874e-01 0.00000000e+00
4.42001342e-01 0.00000000e+00
4.42395810e-01 0.00000000e+00
4.42790278e-01 0.00000000e+00
4.43184746e-01 0.00000000e+00
4.43579214e-01 0.00000000e+00
4.43973682e-01 0.00000000e+00
4.44368150e-01 0.00000000e+00
4.44762618e-01 0.00000000e+00
4.45157086e-01 0.00000000e+00
4.45551554e-01 0.00000000e+00
4.45946022e-01 0.00000000e+00
4.46340490e-01 0.00000000e+00
4.46734958e-01 0.00000000e+00
4.47129426e-01 0.00000000e+00
4.47523894e-01 0.00000000e+00
4.47918362e-01 0.00000000e+00
4.48312830e-01 0.00000000e+00
4.48707298e-01 0.00000000e+00
4.49101766e-01 0.00000000e+00
4.49496234e-01 0.00000000e+00
4.49890702e-01 0.00000000e+00
4.50285169e-01 0.00000000e+00
4.50679637e-01 0.00000000e+00
4.51074105e-01 0.00000000e+00
4.51468573e-01 0.00000000e+00
4.51863041e-01 0.00000000e+00
4.52257509e-01 0.00000000e+00
4.52651977e-01 0.00000000e+00
4.53046445e-01 0.00000000e+00
4.53440913e-01 0.00000000e+00
4.53835381e-01 0.00000000e+00
4.54229849e-01 0.00000000e+00
4.54624317e-01 0.00000000e+00
4.55018785e-01 0.00000000e+00
4.55413253e-01 0.00000000e+00
4.55807721e-01 0.00000000e+00
4.56202189e-01 0.00000000e+00
4.56596657e-01 0.00000000e+00
4.56991125e-01 0.00000000e+00
4.57385593e-01 0.00000000e+00
4.57780061e-01 0.00000000e+00
4.58174529e-01 0.00000000e+00
4.58568996e-01 0.00000000e+00
4.58963464e-01 0.00000000e+00
4.59357932e-01 0.00000000e+00
4.59752400e-01 0.00000000e+00
4.60146868e-01 0.00000000e+00
4.60541336e-01 0.00000000e+00
4.60935804e-01 0.00000000e+00
4.61330272e-01 0.00000000e+00
4.61724740e-01 0.00000000e+00
4.62119208e-01 0.00000000e+00
4.62513676e-01 0.00000000e+00
4.62908144e-01 0.00000000e+00
4.63302612e-01 0.00000000e+00
4.63697080e-01 0.00000000e+00
4.64091548e-01 0.00000000e+00
4.64486016e-01 0.00000000e+00
4.64880484e-01 0.00000000e+00
4.65274952e-01 0.00000000e+00
4.65669420e-01 0.00000000e+00
4.66063888e-01 0.00000000e+00
4.66458356e-01 0.00000000e+00
4.66852824e-01 0.00000000e+00
4.67247291e-01 0.00000000e+00
4.67641759e-01 0.00000000e+00
4.68036227e-01 0.00000000e+00
4.68430695e-01 0.00000000e+00
4.68825163e-01 0.00000000e+00
4.69219631e-01 0.00000000e+00
4.69614099e-01 0.00000000e+00
4.70008567e-01 0.00000000e+00
4.70403035e-01 0.00000000e+00
4.70797503e-01 0.00000000e+00
4.71191971e-01 0.00000000e+00
4.71586439e-01 0.00000000e+00
4.71980907e-01 0.00000000e+00
4.72375375e-01 0.00000000e+00
4.72769843e-01 0.00000000e+00
4.73164311e-01 0.00000000e+00
4.73558779e-01 0.00000000e+00
4.73953247e-01 0.00000000e+00
4.74347715e-01 0.00000000e+00
4.74742183e-01 0.00000000e+00
4.75136651e-01 0.00000000e+00
4.75531119e-01 0.00000000e+00
4.75925586e-01 0.00000000e+00
4.76320054e-01 0.00000000e+00
4.76714522e-01 0.00000000e+00
4.77108990e-01 0.00000000e+00
4.77503458e-01 0.00000000e+00
4.77897926e-01 0.00000000e+00
4.78292394e-01 0.00000000e+00
4.78686862e-01 0.00000000e+00
4.79081330e-01 0.00000000e+00
4.79475798e-01 0.00000000e+00
4.79870266e-01 0.00000000e+00
4.80264734e-01 0.00000000e+00
4.80659202e-01 0.00000000e+00
4.81053670e-01 0.00000000e+00
4.81448138e-01 0.00000000e+00
4.81842606e-01 0.00000000e+00
4.82237074e-01 0.00000000e+00
4.82631542e-01 0.00000000e+00
4.83026010e-01 0.00000000e+00
4.83420478e-01 0.00000000e+00
4.83814946e-01 0.00000000e+00
4.84209414e-01 0.00000000e+00
4.84603881e-01 0.00000000e+00
4.84998349e-01 0.00000000e+00
4.85392817e-01 0.00000000e+00
4.85787285e-01 0.00000000e+00
4.86181753e-01 0.00000000e+00
4.86576221e-01 0.00000000e+00
4.86970689e-01 0.00000000e+00
4.87365157e-01 0.00000000e+00
4.87759625e-01 0.00000000e+00
4.88154093e-01 0.00000000e+00
4.88548561e-01 0.00000000e+00
4.88943029e-01 0.00000000e+00
4.89337497e-01 0.00000000e+00
4.89731965e-01 0.00000000e+00
4.90126433e-01 0.00000000e+00
4.90520901e-01 0.00000000e+00
4.90915369e-01 0.00000000e+00
4.91309837e-01 0.00000000e+00
4.91704305e-01 0.00000000e+00
4.92098773e-01 0.00000000e+00
4.92493241e-01 0.00000000e+00
4.92887708e-01 0.00000000e+00
4.93282176e-01 0.00000000e+00
4.93676644e-01 0.00000000e+00
4.94071112e-01 0.00000000e+00
4.94465580e-01 0.00000000e+00
4.94860048e-01 0.00000000e+00
4.95254516e-01 0.00000000e+00
4.95648984e-01 0.00000000e+00
4.96043452e-01 0.00000000e+00
4.96437920e-01 0.00000000e+00
4.96832388e-01 0.00000000e+00
4.97226856e-01 0.00000000e+00
4.97621324e-01 0.00000000e+00
4.98015792e-01 0.00000000e+00
4.98410260e-01 0.00000000e+00
4.98804728e-01 0.00000000e+00
4.99199196e-01 0.00000000e+00
4.99593664e-01 0.00000000e+00
4.99988132e-01 0.00000000e+00
0.00000000e+00 1.97233977e-04
0.00000000e+00 5.91701931e-04
0.00000000e+00 9.86169885e-04
0.00000000e+00 1.38063784e-03
0.00000000e+00 1.77510579e-03
0.00000000e+00 2.16957375e-03
0.00000000e+00 2.56404170e-03
0.00000000e+00 2.95850965e-03
0.00000000e+00 3.35297761e-03
0.00000000e+00 3.74744556e-03
0.00000000e+00 4.14191352e-03
0.00000000e+00 4.53638147e-03
0.00000000e+00 4.93084942e-03
0.00000000e+00 5.32531738e-03
0.00000000e+00 5.71978533e-03
0.00000000e+00 6.11425329e-03
0.00000000e+00 6.50872124e-03
0.00000000e+00 6.90318919e-03
0.00000000e+00 7.29765715e-03
0.00000000e+00 7.69212510e-03
0.00000000e+00 8.08659306e-03
0.00000000e+00 8.48106101e-03
0.00000000e+00 8.87552896e-03
0.00000000e+00 9.26999692e-03
0.00000000e+00 9.66446487e-03
0.00000000e+00 1.00589328e-02
0.00000000e+00 1.04534008e-02
0.00000000e+00 1.08478687e-02
0.00000000e+00 1.12423367e-02
0.00000000e+00 1.16368046e-02
0.00000000e+00 1.20312726e-02
0.00000000e+00 1.24257406e-02
0.00000000e+00 1.28202085e-02
0.00000000e+00 1.32146765e-02
0.00000000e+00 1.36091444e-02
0.00000000e+00 1.40036124e-02
0.00000000e+00 1.43980803e-02
0.00000000e+00 1.47925483e-02
0.00000000e+00 1.51870162e-02
0.00000000e+00 1.55814842e-02
0.00000000e+00 1.59759521e-02
0.00000000e+00 1.63704201e-02
0.00000000e+00 1.67648880e-02
0.00000000e+00 1.71593560e-02
0.00000000e+00 1.75538240e-02
0.00000000e+00 1.79482919e-02
0.00000000e+00 1.83427599e-02
0.00000000e+00 1.87372278e-02
0.00000000e+00 1.91316958e-02
0.00000000e+00 1.95261637e-02
0.00000000e+00 1.99206317e-02
0.00000000e+00 2.03150996e-02
0.00000000e+00 2.07095676e-02
0.00000000e+00 2.11040355e-02
0.00000000e+00 2.14985035e-02
0.00000000e+00 2.18929714e-02
0.00000000e+00 2.22874394e-02
0.00000000e+00 2.26819074e-02
0.00000000e+00 2.30763753e-02
0.00000000e+00 2.34708433e-02
0.00000000e+00 2.38653112e-02
0.00000000e+00 2.42597792e-02
0.00000000e+00 2.46542471e-02
0.00000000e+00 2.50487151e-02
0.00000000e+00 2.54431830e-02
0.00000000e+00 2.58376510e-02
0.00000000e+00 2.62321189e-02
0.00000000e+00 2.66265869e-02
0.00000000e+00 2.70210548e-02
0.00000000e+00 2.74155228e-02
0.00000000e+00 2.78099908e-02
0.00000000e+00 2.82044587e-02
0.00000000e+00 2.85989267e-02
0.00000000e+00 2.89933946e-02
0.00000000e+00 2.93878626e-02
0.00000000e+00 2.97823305e-02
0.00000000e+00 3.01767985e-02
0.00000000e+00 3.05712664e-02
0.00000000e+00 3.09657344e-02
0.00000000e+00 3.13602023e-02
0.00000000e+00 3.17546703e-02
0.00000000e+00 3.21491382e-02
0.00000000e+00 3.25436062e-02
0.00000000e+00 3.29380742e-02
0.00000000e+00 3.33325421e-02
0.00000000e+00 3.37270101e-02
0.00000000e+00 3.41214780e-02
0.00000000e+00 3.45159460e-02
0.00000000e+00 3.49104139e-02
0.00000000e+00 3.53048819e-02
0.00000000e+00 3.56993498e-02
0.00000000e+00 3.60938178e-02
0.00000000e+00 3.64882857e-02
0.00000000e+00 3.68827537e-02
0.00000000e+00 3.72772217e-02
0.00000000e+00 3.76716896e-02
0.00000000e+00 3.80661576e-02
0.00000000e+00 3.84606255e-02
0.00000000e+00 3.88550935e-02
0.00000000e+00 3.92495614e-02
0.00000000e+00 3.96440294e-02
0.00000000e+00 4.00384973e-02
0.00000000e+00 4.04329653e-02
0.00000000e+00 4.08274332e-02
0.00000000e+00 4.12219012e-02
0.00000000e+00 4.16163691e-02
0.00000000e+00 4.20108371e-02
0.00000000e+00 4.24053051e-02
0.00000000e+00 4.27997730e-02
0.00000000e+00 4.31942410e-02
0.00000000e+00 4.35887089e-02
0.00000000e+00 4.39831769e-02
0.00000000e+00 4.43776448e-02
0.00000000e+00 4.47721128e-02
0.00000000e+00 4.51665807e-02
0.00000000e+00 4.55610487e-02
0.00000000e+00 4.59555166e-02
0.00000000e+00 4.63499846e-02
0.00000000e+00 4.67444525e-02
0.00000000e+00 4.71389205e-02
0.00000000e+00 4.75333885e-02
0.00000000e+00 4.79278564e-02
0.00000000e+00 4.83223244e-02
0.00000000e+00 4.87167923e-02
0.00000000e+00 4.91112603e-02
0.00000000e+00 4.95057282e-02
0.00000000e+00 4.99001962e-02
0.00000000e+00 5.02946641e-02
0.00000000e+00 5.06891321e-02
0.00000000e+00 5.10836000e-02
0.00000000e+00 5.14780680e-02
0.00000000e+00 5.18725359e-02
0.00000000e+00 5.22670039e-02
0.00000000e+00 5.26614719e-02
0.00000000e+00 5.30559398e-02
0.00000000e+00 5.34504078e-02
0.00000000e+00 5.38448757e-02
0.00000000e+00 5.42393437e-02
0.00000000e+00 5.46338116e-02
0.00000000e+00 5.50282796e-02
0.00000000e+00 5.54227475e-02
0.00000000e+00 5.58172155e-02
0.00000000e+00 5.62116834e-02
0.00000000e+00 5.66061514e-02
0.00000000e+00 5.70006193e-02
0.00000000e+00 5.73950873e-02
0.00000000e+00 5.77895553e-02
0.00000000e+00 5.81840232e-02
0.00000000e+00 5.85784912e-02
0.00000000e+00 5.89729591e-02
0.00000000e+00 5.93674271e-02
0.00000000e+00 5.97618950e-02
0.00000000e+00 6.01563630e-02
0.00000000e+00 6.05508309e-02
0.00000000e+00 6.09452989e-02
0.00000000e+00 6.13397668e-02
0.00000000e+00 6.17342348e-02
0.00000000e+00 6.21287028e-02
0.00000000e+00 6.25231707e-02
0.00000000e+00 6.29176387e-02
0.00000000e+00 6.33121066e-02
0.00000000e+00 6.37065746e-02
0.00000000e+00 6.41010425e-02
0.00000000e+00 6.44955105e-02
0.00000000e+00 6.48899784e-02
0.00000000e+00 6.52844464e-02
0.00000000e+00 6.56789143e-02
0.00000000e+00 6.60733823e-02
0.00000000e+00 6.64678502e-02
0.00000000e+00 6.68623182e-02
0.00000000e+00 6.72567862e-02
0.00000000e+00 6.76512541e-02
0.00000000e+00 6.80457221e-02
0.00000000e+00 6.84401900e-02
0.00000000e+00 6.88346580e-02
0.00000000e+00 6.92291259e-02
0.00000000e+00 6.96235939e-02
0.00000000e+00 7.00180618e-02
0.00000000e+00 7.04125298e-02
0.00000000e+00 7.08069977e-02
0.00000000e+00 7.12014657e-02
0.00000000e+00 7.15959336e-02
0.00000000e+00 7.19904016e-02
0.00000000e+00 7.23848696e-02
0.00000000e+00 7.27793375e-02
0.00000000e+00 7.31738055e-02
0.00000000e+00 7.35682734e-02
0.00000000e+00 7.39627414e-02
0.00000000e+00 7.43572093e-02
0.00000000e+00 7.47516773e-02
0.00000000e+00 7.51461452e-02
0.00000000e+00 7.55406132e-02
0.00000000e+00 7.59350811e-02
0.00000000e+00 7.63295491e-02
0.00000000e+00 7.67240170e-02
0.00000000e+00 7.71184850e-02
0.00000000e+00 7.75129530e-02
0.00000000e+00 7.79074209e-02
0.00000000e+00 7.83018889e-02
0.00000000e+00 7.86963568e-02
0.00000000e+00 7.90908248e-02
0.00000000e+00 7.94852927e-02
0.00000000e+00 7.98797607e-02
0.00000000e+00 8.02742286e-02
0.00000000e+00 8.06686966e-02
0.00000000e+00 8.10631645e-02
0.00000000e+00 8.14576325e-02
0.00000000e+00 8.18521004e-02
0.00000000e+00 8.22465684e-02
0.00000000e+00 8.26410364e-02
0.00000000e+00 8.30355043e-02
0.00000000e+00 8.34299723e-02
0.00000000e+00 8.38244402e-02
0.00000000e+00 8.42189082e-02
0.00000000e+00 8.46133761e-02
0.00000000e+00 8.50078441e-02
0.00000000e+00 8.54023120e-02
0.00000000e+00 8.57967800e-02
0.00000000e+00 8.61912479e-02
0.00000000e+00 8.65857159e-02
0.00000000e+00 8.69801839e-02
0.00000000e+00 8.73746518e-02
0.00000000e+00 8.77691198e-02
0.00000000e+00 8.81635877e-02
0.00000000e+00 8.85580557e-02
0.00000000e+00 8.89525236e-02
0.00000000e+00 8.93469916e-02
0.00000000e+00 8.97414595e-02
0.00000000e+00 9.01359275e-02
0.00000000e+00 9.05303954e-02
0.00000000e+00 9.09248634e-02
0.00000000e+00 9.13193313e-02
0.00000000e+00 9.17137993e-02
0.00000000e+00 9.21082673e-02
0.00000000e+00 9.25027352e-02
0.00000000e+00 9.28972032e-02
0.00000000e+00 9.32916711e-02
0.00000000e+00 9.36861391e-02
0.00000000e+00 9.40806070e-02
0.00000000e+00 9.44750750e-02
0.00000000e+00 9.48695429e-02
0.00000000e+00 9.52640109e-02
0.00000000e+00 9.56584788e-02
0.00000000e+00 9.60529468e-02
0.00000000e+00 9.64474147e-02
0.00000000e+00 9.68418827e-02
0.00000000e+00 9.72363507e-02
0.00000000e+00 9.76308186e-02
0.00000000e+00 9.80252866e-02
0.00000000e+00 9.84197545e-02
0.00000000e+00 9.88142225e-02
0.00000000e+00 9.92086904e-02
0.00000000e+00 9.96031584e-02
0.00000000e+00 9.99976263e-02
0.00000000e+00 1.00392094e-01
0.00000000e+00 1.00786562e-01
0.00000000e+00 1.01181030e-01
0.00000000e+00 1.01575498e-01
0.00000000e+00 1.01969966e-01
0.00000000e+00 1.02364434e-01
0.00000000e+00 1.02758902e-01
0.00000000e+00 1.03153370e-01
0.00000000e+00 1.03547838e-01
0.00000000e+00 1.03942306e-01
0.00000000e+00 1.04336774e-01
0.00000000e+00 1.04731242e-01
0.00000000e+00 1.05125710e-01
0.00000000e+00 1.05520178e-01
0.00000000e+00 1.05914646e-01
0.00000000e+00 1.06309114e-01
0.00000000e+00 1.06703582e-01
0.00000000e+00 1.07098050e-01
0.00000000e+00 1.07492517e-01
0.00000000e+00 1.07886985e-01
0.00000000e+00 1.08281453e-01
0.00000000e+00 1.08675921e-01
0.00000000e+00 1.09070389e-01
0.00000000e+00 1.09464857e-01
0.00000000e+00 1.09859325e-01
0.00000000e+00 1.10253793e-01
0.00000000e+00 1.10648261e-01
0.00000000e+00 1.11042729e-01
0.00000000e+00 1.11437197e-01
0.00000000e+00 1.11831665e-01
0.00000000e+00 1.12226133e-01
0.00000000e+00 1.12620601e-01
0.00000000e+00 1.13015069e-01
0.00000000e+00 1.13409537e-01
0.00000000e+00 1.13804005e-01
0.00000000e+00 1.14198473e-01
0.00000000e+00 1.14592941e-01
0.00000000e+00 1.14987409e-01
0.00000000e+00 1.15381877e-01
0.00000000e+00 1.15776344e-01
0.00000000e+00 1.16170812e-01
0.00000000e+00 1.16565280e-01
0.00000000e+00 1.16959748e-01
0.00000000e+00 1.17354216e-01
0.00000000e+00 1.17748684e-01
0.00000000e+00 1.18143152e-01
0.00000000e+00 1.18537620e-01
0.00000000e+00 1.18932088e-01
0.00000000e+00 1.19326556e-01
0.00000000e+00 1.19721024e-01
0.00000000e+00 1.20115492e-01
0.00000000e+00 1.20509960e-01
0.00000000e+00 1.20904428e-01
0.00000000e+00 1.21298896e-01
0.00000000e+00 1.21693364e-01
0.00000000e+00 1.22087832e-01
0.00000000e+00 1.22482300e-01
0.00000000e+00 1.22876768e-01
0.00000000e+00 1.23271236e-01
0.00000000e+00 1.23665704e-01
0.00000000e+00 1.24060172e-01
0.00000000e+00 1.24454639e-01
0.00000000e+00 1.24849107e-01
0.00000000e+00 1.25243575e-01
0.00000000e+00 1.25638043e-01
0.00000000e+00 1.26032511e-01
0.00000000e+00 1.26426979e-01
0.00000000e+00 1.26821447e-01
0.00000000e+00 1.27215915e-01
0.00000000e+00 1.27610383e-01
0.00000000e+00 1.28004851e-01
0.00000000e+00 1.28399319e-01
0.00000000e+00 1.28793787e-01
0.00000000e+00 1.29188255e-01
0.00000000e+00 1.29582723e-01
0.00000000e+00 1.29977191e-01
0.00000000e+00 1.30371659e-01
0.00000000e+00 1.30766127e-01
0.00000000e+00 1.31160595e-01
0.00000000e+00 1.31555063e-01
0.00000000e+00 1.31949531e-01
0.00000000e+00 1.32343999e-01
0.00000000e+00 1.32738467e-01
0.00000000e+00 1.33132934e-01
0.00000000e+00 1.33527402e-01
0.00000000e+00 1.33921870e-01
0.00000000e+00 1.34316338e-01
0.00000000e+00 1.34710806e-01
0.00000000e+00 1.35105274e-01
0.00000000e+00 1.35499742e-01
0.00000000e+00 1.35894210e-01
0.00000000e+00 1.36288678e-01
0.00000000e+00 1.36683146e-01
0.00000000e+00 1.37077614e-01
0.00000000e+00 1.37472082e-01
0.00000000e+00 1.37866550e-01
0.00000000e+00 1.38261018e-01
0.00000000e+00 1.38655486e-01
0.00000000e+00 1.39049954e-01
0.00000000e+00 1.39444422e-01
0.00000000e+00 1.39838890e-01
0.00000000e+00 1.40233358e-01
0.00000000e+00 1.40627826e-01
0.00000000e+00 1.41022294e-01
0.00000000e+00 1.41416762e-01
0.00000000e+00 1.41811229e-01
0.00000000e+00 1.42205697e-01
0.00000000e+00 1.42600165e-01
0.00000000e+00 1.42994633e-01
0.00000000e+00 1.43389101e-01
0.00000000e+00 1.43783569e-01
0.00000000e+00 1.44178037e-01
0.00000000e+00 1.44572505e-01
0.00000000e+00 1.44966973e-01
0.00000000e+00 1.45361441e-01
0.00000000e+00 1.45755909e-01
0.00000000e+00 1.46150377e-01
0.00000000e+00 1.46544845e-01
0.00000000e+00 1.46939313e-01
0.00000000e+00 1.47333781e-01
0.00000000e+00 1.47728249e-01
0.00000000e+00 1.48122717e-01
0.00000000e+00 1.48517185e-01
0.00000000e+00 1.48911653e-01
0.00000000e+00 1.49306121e-01
0.00000000e+00 1.49700589e-01
0.00000000e+00 1.50095056e-01
0.00000000e+00 1.50489524e-01
0.00000000e+00 1.50883992e-01
0.00000000e+00 1.51278460e-01
0.00000000e+00 1.51672928e-01
0.00000000e+00 1.52067396e-01
0.00000000e+00 1.52461864e-01
0.00000000e+00 1.52856332e-01
0.00000000e+00 1.53250800e-01
0.00000000e+00 1.53645268e-01
0.00000000e+00 1.54039736e-01
0.00000000e+00 1.54434204e-01
0.00000000e+00 1.54828672e-01
0.00000000e+00 1.55223140e-01
0.00000000e+00 1.55617608e-01
0.00000000e+00 1.56012076e-01
0.00000000e+00 1.56406544e-01
0.00000000e+00 1.56801012e-01
0.00000000e+00 1.57195480e-01
0.00000000e+00 1.57589948e-01
0.00000000e+00 1.57984416e-01
0.00000000e+00 1.58378884e-01
0.00000000e+00 1.58773351e-01
0.00000000e+00 1.59167819e-01
0.00000000e+00 1.59562287e-01
0.00000000e+00 1.59956755e-01
0.00000000e+00 1.60351223e-01
0.00000000e+00 1.60745691e-01
0.00000000e+00 1.61140159e-01
0.00000000e+00 1.61534627e-01
0.00000000e+00 1.61929095e-01
0.00000000e+00 1.62323563e-01
0.00000000e+00 1.62718031e-01
0.00000000e+00 1.63112499e-01
0.00000000e+00 1.63506967e-01
0.00000000e+00 1.63901435e-01
0.00000000e+00 1.64295903e-01
0.00000000e+00 1.64690371e-01
0.00000000e+00 1.65084839e-01
0.00000000e+00 1.65479307e-01
0.00000000e+00 1.65873775e-01
0.00000000e+00 1.66268243e-01
0.00000000e+00 1.66662711e-01
0.00000000e+00 1.67057179e-01
0.00000000e+00 1.67451646e-01
0.00000000e+00 1.67846114e-01
0.00000000e+00 1.68240582e-01
0.00000000e+00 1.68635050e-01
0.00000000e+00 1.69029518e-01
0.00000000e+00 1.69423986e-01
0.00000000e+00 1.69818454e-01
0.00000000e+00 1.70212922e-01
0.00000000e+00 1.70607390e-01
0.00000000e+00 1.71001858e-01
0.00000000e+00 1.71396326e-01
0.00000000e+00 1.71790794e-01
0.00000000e+00 1.72185262e-01
0.00000000e+00 1.72579730e-01
0.00000000e+00 1.72974198e-01
0.00000000e+00 1.73368666e-01
0.00000000e+00 1.73763134e-01
0.00000000e+00 1.74157602e-01
0.00000000e+00 1.74552070e-01
0.00000000e+00 1.74946538e-01
0.00000000e+00 1.75341006e-01
0.00000000e+00 1.75735473e-01
0.00000000e+00 1.76129941e-01
0.00000000e+00 1.76524409e-01
0.00000000e+00 1.76918877e-01
0.00000000e+00 1.77313345e-01
0.00000000e+00 1.77707813e-01
0.00000000e+00 1.78102281e-01
0.00000000e+00 1.78496749e-01
0.00000000e+00 1.78891217e-01
0.00000000e+00 1.79285685e-01
0.00000000e+00 1.79680153e-01
0.00000000e+00 1.80074621e-01
0.00000000e+00 1.80469089e-01
0.00000000e+00 1.80863557e-01
0.00000000e+00 1.81258025e-01
0.00000000e+00 1.81652493e-01
0.00000000e+00 1.82046961e-01
0.00000000e+00 1.82441429e-01
0.00000000e+00 1.82835897e-01
0.00000000e+00 1.83230365e-01
0.00000000e+00 1.83624833e-01
0.00000000e+00 1.84019301e-01
0.00000000e+00 1.84413768e-01
0.00000000e+00 1.84808236e-01
0.00000000e+00 1.85202704e-01
0.00000000e+00 1.85597172e-01
0.00000000e+00 1.85991640e-01
0.00000000e+00 1.86386108e-01
0.00000000e+00 1.86780576e-01
0.00000000e+00 1.87175044e-01
0.00000000e+00 1.87569512e-01
0.00000000e+00 1.87963980e-01
0.00000000e+00 1.88358448e-01
0.00000000e+00 1.88752916e-01
0.00000000e+00 1.89147384e-01
0.00000000e+00 1.89541852e-01
0.00000000e+00 1.89936320e-01
0.00000000e+00 1.90330788e-01
0.00000000e+00 1.90725256e-01
0.00000000e+00 1.91119724e-01
0.00000000e+00 1.91514192e-01
0.00000000e+00 1.91908660e-01
0.00000000e+00 1.92303128e-01
0.00000000e+00 1.92697596e-01
0.00000000e+00 1.93092063e-01
0.00000000e+00 1.93486531e-01
0.00000000e+00 1.93880999e-01
0.00000000e+00 1.94275467e-01
0.00000000e+00 1.94669935e-01
0.00000000e+00 1.95064403e-01
0.00000000e+00 1.95458871e-01
0.00000000e+00 1.95853339e-01
0.00000000e+00 1.96247807e-01
0.00000000e+00 1.96642275e-01
0.00000000e+00 1.97036743e-01
0.00000000e+00 1.97431211e-01
0.00000000e+00 1.97825679e-01
0.00000000e+00 1.98220147e-01
0.00000000e+00 1.98614615e-01
0.00000000e+00 1.99009083e-01
0.00000000e+00 1.99403551e-01
0.00000000e+00 1.99798019e-01
0.00000000e+00 2.00192487e-01
0.00000000e+00 2.00586955e-01
0.00000000e+00 2.00981423e-01
0.00000000e+00 2.01375891e-01
0.00000000e+00 2.01770358e-01
0.00000000e+00 2.02164826e-01
0.00000000e+00 2.02559294e-01
0.00000000e+00 2.02953762e-01
0.00000000e+00 2.03348230e-01
0.00000000e+00 2.03742698e-01
0.00000000e+00 2.04137166e-01
0.00000000e+00 2.04531634e-01
0.00000000e+00 2.04926102e-01
0.00000000e+00 2.05320570e-01
0.00000000e+00 2.05715038e-01
0.00000000e+00 2.06109506e-01
0.00000000e+00 2.06503974e-01
0.00000000e+00 2.06898442e-01
0.00000000e+00 2.07292910e-01
0.00000000e+00 2.07687378e-01
0.00000000e+00 2.08081846e-01
0.00000000e+00 2.08476314e-01
0.00000000e+00 2.08870782e-01
0.00000000e+00 2.09265250e-01
0.00000000e+00 2.09659718e-01
0.00000000e+00 2.10054185e-01
0.00000000e+00 2.10448653e-01
0.00000000e+00 2.10843121e-01
0.00000000e+00 2.11237589e-01
0.00000000e+00 2.11632057e-01
0.00000000e+00 2.12026525e-01
0.00000000e+00 2.12420993e-01
0.00000000e+00 2.12815461e-01
0.00000000e+00 2.13209929e-01
0.00000000e+00 2.13604397e-01
0.00000000e+00 2.13998865e-01
0.00000000e+00 2.14393333e-01
0.00000000e+00 2.14787801e-01
0.00000000e+00 2.15182269e-01
0.00000000e+00 2.15576737e-01
0.00000000e+00 2.15971205e-01
0.00000000e+00 2.16365673e-01
0.00000000e+00 2.16760141e-01
0.00000000e+00 2.17154609e-01
0.00000000e+00 2.17549077e-01
0.00000000e+00 2.17943545e-01
0.00000000e+00 2.18338013e-01
0.00000000e+00 2.18732480e-01
0.00000000e+00 2.19126948e-01
0.00000000e+00 2.19521416e-01
0.00000000e+00 2.19915884e-01
0.00000000e+00 2.20310352e-01
0.00000000e+00 2.20704820e-01
0.00000000e+00 2.21099288e-01
0.00000000e+00 2.21493756e-01
0.00000000e+00 2.21888224e-01
0.00000000e+00 2.22282692e-01
0.00000000e+00 2.22677160e-01
0.00000000e+00 2.23071628e-01
0.00000000e+00 2.23466096e-01
0.00000000e+00 2.23860564e-01
0.00000000e+00 2.24255032e-01
0.00000000e+00 2.24649500e-01
0.00000000e+00 2.25043968e-01
0.00000000e+00 2.25438436e-01
0.00000000e+00 2.25832904e-01
0.00000000e+00 2.26227372e-01
0.00000000e+00 2.26621840e-01
0.00000000e+00 2.27016308e-01
0.00000000e+00 2.27410775e-01
0.00000000e+00 2.27805243e-01
0.00000000e+00 2.28199711e-01
0.00000000e+00 2.28594179e-01
0.00000000e+00 2.28988647e-01
0.00000000e+00 2.29383115e-01
0.00000000e+00 2.29777583e-01
0.00000000e+00 2.30172051e-01
0.00000000e+00 2.30566519e-01
0.00000000e+00 2.30960987e-01
0.00000000e+00 2.31355455e-01
0.00000000e+00 2.31749923e-01
0.00000000e+00 2.32144391e-01
0.00000000e+00 2.32538859e-01
0.00000000e+00 2.32933327e-01
0.00000000e+00 2.33327795e-01
0.00000000e+00 2.33722263e-01
0.00000000e+00 2.34116731e-01
0.00000000e+00 2.34511199e-01
0.00000000e+00 2.34905667e-01
0.00000000e+00 2.35300135e-01
0.00000000e+00 2.35694603e-01
0.00000000e+00 2.36089070e-01
0.00000000e+00 2.36483538e-01
0.00000000e+00 2.36878006e-01
0.00000000e+00 2.37272474e-01
0.00000000e+00 2.37666942e-01
0.00000000e+00 2.38061410e-01
0.00000000e+00 2.38455878e-01
0.00000000e+00 2.38850346e-01
0.00000000e+00 2.39244814e-01
0.00000000e+00 2.39639282e-01
0.00000000e+00 2.40033750e-01
0.00000000e+00 2.40428218e-01
0.00000000e+00 2.40822686e-01
0.00000000e+00 2.41217154e-01
0.00000000e+00 2.41611622e-01
0.00000000e+00 2.42006090e-01
0.00000000e+00 2.42400558e-01
0.00000000e+00 2.42795026e-01
0.00000000e+00 2.43189494e-01
0.00000000e+00 2.43583962e-01
0.00000000e+00 2.43978430e-01
0.00000000e+00 2.44372897e-01
0.00000000e+00 2.44767365e-01
0.00000000e+00 2.45161833e-01
0.00000000e+00 2.45556301e-01
0.00000000e+00 2.45950769e-01
0.00000000e+00 2.46345237e-01
0.00000000e+00 2.46739705e-01
0.00000000e+00 2.47134173e-01
0.00000000e+00 2.47528641e-01
0.00000000e+00 2.47923109e-01
0.00000000e+00 2.48317577e-01
0.00000000e+00 2.48712045e-01
0.00000000e+00 2.49106513e-01
0.00000000e+00 2.49500981e-01
0.00000000e+00 2.49895449e-01
0.00000000e+00 2.50289917e-01
0.00000000e+00 2.50684385e-01
0.00000000e+00 2.51078853e-01
0.00000000e+00 2.51473321e-01
0.00000000e+00 2.51867789e-01
0.00000000e+00 2.52262257e-01
0.00000000e+00 2.52656725e-01
0.00000000e+00 2.53051192e-01
0.00000000e+00 2.53445660e-01
0.00000000e+00 2.53840128e-01
0.00000000e+00 2.54234596e-01
0.00000000e+00 2.54629064e-01
0.00000000e+00 2.55023532e-01
0.00000000e+00 2.55418000e-01
0.00000000e+00 2.55812468e-01
0.00000000e+00 2.56206936e-01
0.00000000e+00 2.56601404e-01
0.00000000e+00 2.56995872e-01
0.00000000e+00 2.57390340e-01
0.00000000e+00 2.57784808e-01
0.00000000e+00 2.58179276e-01
0.00000000e+00 2.58573744e-01
0.00000000e+00 2.58968212e-01
0.00000000e+00 2.59362680e-01
0.00000000e+00 2.59757148e-01
0.00000000e+00 2.60151616e-01
0.00000000e+00 2.60546084e-01
0.00000000e+00 2.60940552e-01
0.00000000e+00 2.61335020e-01
0.00000000e+00 2.61729487e-01
0.00000000e+00 2.62123955e-01
0.00000000e+00 2.62518423e-01
0.00000000e+00 2.62912891e-01
0.00000000e+00 2.63307359e-01
0.00000000e+00 2.63701827e-01
0.00000000e+00 2.64096295e-01
0.00000000e+00 2.64490763e-01
0.00000000e+00 2.64885231e-01
0.00000000e+00 2.65279699e-01
0.00000000e+00 2.65674167e-01
0.00000000e+00 2.66068635e-01
0.00000000e+00 2.66463103e-01
0.00000000e+00 2.66857571e-01
0.00000000e+00 2.67252039e-01
0.00000000e+00 2.67646507e-01
0.00000000e+00 2.68040975e-01
0.00000000e+00 2.68435443e-01
0.00000000e+00 2.68829911e-01
0.00000000e+00 2.69224379e-01
0.00000000e+00 2.69618847e-01
0.00000000e+00 2.70013314e-01
0.00000000e+00 2.70407782e-01
0.00000000e+00 2.70802250e-01
0.00000000e+00 2.71196718e-01
0.00000000e+00 2.71591186e-01
0.00000000e+00 2.71985654e-01
0.00000000e+00 2.72380122e-01
0.00000000e+00 2.72774590e-01
0.00000000e+00 2.73169058e-01
0.00000000e+00 2.73563526e-01
0.00000000e+00 2.73957994e-01
0.00000000e+00 2.74352462e-01
0.00000000e+00 2.74746930e-01
0.00000000e+00 2.75141398e-01
0.00000000e+00 2.75535866e-01
0.00000000e+00 2.75930334e-01
0.00000000e+00 2.76324802e-01
0.00000000e+00 2.76719270e-01
0.00000000e+00 2.77113738e-01
0.00000000e+00 2.77508206e-01
0.00000000e+00 2.77902674e-01
0.00000000e+00 2.78297142e-01
0.00000000e+00 2.78691609e-01
0.00000000e+00 2.79086077e-01
0.00000000e+00 2.79480545e-01
0.00000000e+00 2.79875013e-01
0.00000000e+00 2.80269481e-01
0.00000000e+00 2.80663949e-01
0.00000000e+00 2.81058417e-01
0.00000000e+00 2.81452885e-01
0.00000000e+00 2.81847353e-01
0.00000000e+00 2.82241821e-01
0.00000000e+00 2.82636289e-01
0.00000000e+00 2.83030757e-01
0.00000000e+00 2.83425225e-01
0.00000000e+00 2.83819693e-01
0.00000000e+00 2.84214161e-01
0.00000000e+00 2.84608629e-01
0.00000000e+00 2.85003097e-01
0.00000000e+00 2.85397565e-01
0.00000000e+00 2.85792033e-01
0.00000000e+00 2.86186501e-01
0.00000000e+00 2.86580969e-01
0.00000000e+00 2.86975437e-01
0.00000000e+00 2.87369904e-01
0.00000000e+00 2.87764372e-01
0.00000000e+00 2.88158840e-01
0.00000000e+00 2.88553308e-01
0.00000000e+00 2.88947776e-01
0.00000000e+00 2.89342244e-01
0.00000000e+00 2.89736712e-01
0.00000000e+00 2.90131180e-01
0.00000000e+00 2.90525648e-01
0.00000000e+00 2.90920116e-01
0.00000000e+00 2.91314584e-01
0.00000000e+00 2.91709052e-01
0.00000000e+00 2.92103520e-01
0.00000000e+00 2.92497988e-01
0.00000000e+00 2.92892456e-01
0.00000000e+00 2.93286924e-01
0.00000000e+00 2.93681392e-01
0.00000000e+00 2.94075860e-01
0.00000000e+00 2.94470328e-01
0.00000000e+00 2.94864796e-01
0.00000000e+00 2.95259264e-01
0.00000000e+00 2.95653732e-01
0.00000000e+00 2.96048199e-01
0.00000000e+00 2.96442667e-01
0.00000000e+00 2.96837135e-01
0.00000000e+00 2.97231603e-01
0.00000000e+00 2.97626071e-01
0.00000000e+00 2.98020539e-01
0.00000000e+00 2.98415007e-01
0.00000000e+00 2.98809475e-01
0.00000000e+00 2.99203943e-01
0.00000000e+00 2.99598411e-01
0.00000000e+00 2.99992879e-01
0.00000000e+00 3.00387347e-01
0.00000000e+00 3.00781815e-01
0.00000000e+00 3.01176283e-01
0.00000000e+00 3.01570751e-01
0.00000000e+00 3.01965219e-01
0.00000000e+00 3.02359687e-01
0.00000000e+00 3.02754155e-01
0.00000000e+00 3.03148623e-01
0.00000000e+00 3.03543091e-01
0.00000000e+00 3.03937559e-01
0.00000000e+00 3.04332026e-01
0.00000000e+00 3.04726494e-01
0.00000000e+00 3.05120962e-01
0.00000000e+00 3.05515430e-01
0.00000000e+00 3.05909898e-01
0.00000000e+00 3.06304366e-01
0.00000000e+00 3.06698834e-01
0.00000000e+00 3.07093302e-01
0.00000000e+00 3.07487770e-01
0.00000000e+00 3.07882238e-01
0.00000000e+00 3.08276706e-01
0.00000000e+00 3.08671174e-01
0.00000000e+00 3.09065642e-01
0.00000000e+00 3.09460110e-01
0.00000000e+00 3.09854578e-01
0.00000000e+00 3.10249046e-01
0.00000000e+00 3.10643514e-01
0.00000000e+00 3.11037982e-01
0.00000000e+00 3.11432450e-01
0.00000000e+00 3.11826918e-01
0.00000000e+00 3.12221386e-01
0.00000000e+00 3.12615854e-01
0.00000000e+00 3.13010321e-01
0.00000000e+00 3.13404789e-01
0.00000000e+00 3.13799257e-01
0.00000000e+00 3.14193725e-01
0.00000000e+00 3.14588193e-01
0.00000000e+00 3.14982661e-01
0.00000000e+00 3.15377129e-01
0.00000000e+00 3.15771597e-01
0.00000000e+00 3.16166065e-01
0.00000000e+00 3.16560533e-01
0.00000000e+00 3.16955001e-01
0.00000000e+00 3.17349469e-01
0.00000000e+00 3.17743937e-01
0.00000000e+00 3.18138405e-01
0.00000000e+00 3.18532873e-01
0.00000000e+00 3.18927341e-01
0.00000000e+00 3.19321809e-01
0.00000000e+00 3.19716277e-01
0.00000000e+00 3.20110745e-01
0.00000000e+00 3.20505213e-01
0.00000000e+00 3.20899681e-01
0.00000000e+00 3.21294149e-01
0.00000000e+00 3.21688616e-01
0.00000000e+00 3.22083084e-01
0.00000000e+00 3.22477552e-01
0.00000000e+00 3.22872020e-01
0.00000000e+00 3.23266488e-01
0.00000000e+00 3.23660956e-01
0.00000000e+00 3.24055424e-01
0.00000000e+00 3.24449892e-01
0.00000000e+00 3.24844360e-01
0.00000000e+00 3.25238828e-01
0.00000000e+00 3.25633296e-01
0.00000000e+00 3.26027764e-01
0.00000000e+00 3.26422232e-01
0.00000000e+00 3.26816700e-01
0.00000000e+00 3.27211168e-01
0.00000000e+00 3.27605636e-01
0.00000000e+00 3.28000104e-01
0.00000000e+00 3.28394572e-01
0.00000000e+00 3.28789040e-01
0.00000000e+00 3.29183508e-01
0.00000000e+00 3.29577976e-01
0.00000000e+00 3.29972444e-01
0.00000000e+00 3.30366911e-01
0.00000000e+00 3.30761379e-01
0.00000000e+00 3.31155847e-01
0.00000000e+00 3.31550315e-01
0.00000000e+00 3.31944783e-01
0.00000000e+00 3.32339251e-01
0.00000000e+00 3.32733719e-01
0.00000000e+00 3.33128187e-01
0.00000000e+00 3.33522655e-01
0.00000000e+00 3.33917123e-01
0.00000000e+00 3.34311591e-01
0.00000000e+00 3.34706059e-01
0.00000000e+00 3.35100527e-01
0.00000000e+00 3.35494995e-01
0.00000000e+00 3.35889463e-01
0.00000000e+00 3.36283931e-01
0.00000000e+00 3.36678399e-01
0.00000000e+00 3.37072867e-01
0.00000000e+00 3.37467335e-01
0.00000000e+00 3.37861803e-01
0.00000000e+00 3.38256271e-01
0.00000000e+00 3.38650738e-01
0.00000000e+00 3.39045206e-01
0.00000000e+00 3.39439674e-01
0.00000000e+00 3.39834142e-01
0.00000000e+00 3.40228610e-01
0.00000000e+00 3.40623078e-01
0.00000000e+00 3.41017546e-01
0.00000000e+00 3.41412014e-01
0.00000000e+00 3.41806482e-01
0.00000000e+00 3.42200950e-01
0.00000000e+00 3.42595418e-01
0.00000000e+00 3.42989886e-01
0.00000000e+00 3.43384354e-01
0.00000000e+00 3.43778822e-01
0.00000000e+00 3.44173290e-01
0.00000000e+00 3.44567758e-01
0.00000000e+00 3.44962226e-01
0.00000000e+00 3.45356694e-01
0.00000000e+00 3.45751162e-01
0.00000000e+00 3.46145630e-01
0.00000000e+00 3.46540098e-01
0.00000000e+00 3.46934566e-01
0.00000000e+00 3.47329033e-01
0.00000000e+00 3.47723501e-01
0.00000000e+00 3.48117969e-01
0.00000000e+00 3.48512437e-01
0.00000000e+00 3.48906905e-01
0.00000000e+00 3.49301373e-01
0.00000000e+00 3.49695841e-01
0.00000000e+00 3.50090309e-01
0.00000000e+00 3.50484777e-01
0.00000000e+00 3.50879245e-01
0.00000000e+00 3.51273713e-01
0.00000000e+00 3.51668181e-01
0.00000000e+00 3.52062649e-01
0.00000000e+00 3.52457117e-01
0.00000000e+00 3.52851585e-01
0.00000000e+00 3.53246053e-01
0.00000000e+00 3.53640521e-01
0.00000000e+00 3.54034989e-01
0.00000000e+00 3.54429457e-01
0.00000000e+00 3.54823925e-01
0.00000000e+00 3.55218393e-01
0.00000000e+00 3.55612861e-01
0.00000000e+00 3.56007328e-01
0.00000000e+00 3.56401796e-01
0.00000000e+00 3.56796264e-01
0.00000000e+00 3.57190732e-01
0.00000000e+00 3.57585200e-01
0.00000000e+00 3.57979668e-01
0.00000000e+00 3.58374136e-01
0.00000000e+00 3.58768604e-01
0.00000000e+00 3.59163072e-01
0.00000000e+00 3.59557540e-01
0.00000000e+00 3.59952008e-01
0.00000000e+00 3.60346476e-01
0.00000000e+00 3.60740944e-01
0.00000000e+00 3.61135412e-01
0.00000000e+00 3.61529880e-01
0.00000000e+00 3.61924348e-01
0.00000000e+00 3.62318816e-01
0.00000000e+00 3.62713284e-01
0.00000000e+00 3.63107752e-01
0.00000000e+00 3.63502220e-01
0.00000000e+00 3.63896688e-01
0.00000000e+00 3.64291155e-01
0.00000000e+00 3.64685623e-01
0.00000000e+00 3.65080091e-01
0.00000000e+00 3.65474559e-01
0.00000000e+00 3.65869027e-01
0.00000000e+00 3.66263495e-01
0.00000000e+00 3.66657963e-01
0.00000000e+00 3.67052431e-01
0.00000000e+00 3.67446899e-01
0.00000000e+00 3.67841367e-01
0.00000000e+00 3.68235835e-01
0.00000000e+00 3.68630303e-01
0.00000000e+00 3.69024771e-01
0.00000000e+00 3.69419239e-01
0.00000000e+00 3.69813707e-01
0.00000000e+00 3.70208175e-01
0.00000000e+00 3.70602643e-01
0.00000000e+00 3.70997111e-01
0.00000000e+00 3.71391579e-01
0.00000000e+00 3.71786047e-01
0.00000000e+00 3.72180515e-01
0.00000000e+00 3.72574983e-01
0.00000000e+00 3.72969450e-01
0.00000000e+00 3.73363918e-01
0.00000000e+00 3.73758386e-01
0.00000000e+00 3.74152854e-01
0.00000000e+00 3.74547322e-01
0.00000000e+00 3.74941790e-01
0.00000000e+00 3.75336258e-01
0.00000000e+00 3.75730726e-01
0.00000000e+00 3.76125194e-01
0.00000000e+00 3.76519662e-01
0.00000000e+00 3.76914130e-01
0.00000000e+00 3.77308598e-01
0.00000000e+00 3.77703066e-01
0.00000000e+00 3.78097534e-01
0.00000000e+00 3.78492002e-01
0.00000000e+00 3.78886470e-01
0.00000000e+00 3.79280938e-01
0.00000000e+00 3.79675406e-01
0.00000000e+00 3.80069874e-01
0.00000000e+00 3.80464342e-01
0.00000000e+00 3.80858810e-01
0.00000000e+00 3.81253278e-01
0.00000000e+00 3.81647745e-01
0.00000000e+00 3.82042213e-01
0.00000000e+00 3.82436681e-01
0.00000000e+00 3.82831149e-01
0.00000000e+00 3.83225617e-01
0.00000000e+00 3.83620085e-01
0.00000000e+00 3.84014553e-01
0.00000000e+00 3.84409021e-01
0.00000000e+00 3.84803489e-01
0.00000000e+00 3.85197957e-01
0.00000000e+00 3.85592425e-01
0.00000000e+00 3.85986893e-01
0.00000000e+00 3.86381361e-01
0.00000000e+00 3.86775829e-01
0.00000000e+00 3.87170297e-01
0.00000000e+00 3.87564765e-01
0.00000000e+00 3.87959233e-01
0.00000000e+00 3.88353701e-01
0.00000000e+00 3.88748169e-01
0.00000000e+00 3.89142637e-01
0.00000000e+00 3.89537105e-01
0.00000000e+00 3.89931573e-01
0.00000000e+00 3.90326040e-01
0.00000000e+00 3.90720508e-01
0.00000000e+00 3.91114976e-01
0.00000000e+00 3.91509444e-01
0.00000000e+00 3.91903912e-01
0.00000000e+00 3.92298380e-01
0.00000000e+00 3.92692848e-01
0.00000000e+00 3.93087316e-01
0.00000000e+00 3.93481784e-01
0.00000000e+00 3.93876252e-01
0.00000000e+00 3.94270720e-01
0.00000000e+00 3.94665188e-01
0.00000000e+00 3.95059656e-01
0.00000000e+00 3.95454124e-01
0.00000000e+00 3.95848592e-01
0.00000000e+00 3.96243060e-01
0.00000000e+00 3.96637528e-01
0.00000000e+00 3.97031996e-01
0.00000000e+00 3.97426464e-01
0.00000000e+00 3.97820932e-01
0.00000000e+00 3.98215400e-01
0.00000000e+00 3.98609867e-01
0.00000000e+00 3.99004335e-01
0.00000000e+00 3.99398803e-01
0.00000000e+00 3.99793271e-01
0.00000000e+00 4.00187739e-01
0.00000000e+00 4.00582207e-01
0.00000000e+00 4.00976675e-01
0.00000000e+00 4.01371143e-01
0.00000000e+00 4.01765611e-01
0.00000000e+00 4.02160079e-01
0.00000000e+00 4.02554547e-01
0.00000000e+00 4.02949015e-01
0.00000000e+00 4.03343483e-01
0.00000000e+00 4.03737951e-01
0.00000000e+00 4.04132419e-01
0.00000000e+00 4.04526887e-01
0.00000000e+00 4.04921355e-01
0.00000000e+00 4.05315823e-01
0.00000000e+00 4.05710291e-01
0.00000000e+00 4.06104759e-01
0.00000000e+00 4.06499227e-01
0.00000000e+00 4.06893695e-01
0.00000000e+00 4.07288162e-01
0.00000000e+00 4.07682630e-01
0.00000000e+00 4.08077098e-01
0.00000000e+00 4.08471566e-01
0.00000000e+00 4.08866034e-01
0.00000000e+00 4.09260502e-01
0.00000000e+00 4.09654970e-01
0.00000000e+00 4.10049438e-01
0.00000000e+00 4.10443906e-01
0.00000000e+00 4.10838374e-01
0.00000000e+00 4.11232842e-01
0.00000000e+00 4.11627310e-01
0.00000000e+00 4.12021778e-01
0.00000000e+00 4.12416246e-01
0.00000000e+00 4.12810714e-01
0.00000000e+00 4.13205182e-01
0.00000000e+00 4.13599650e-01
0.00000000e+00 4.13994118e-01
0.00000000e+00 4.14388586e-01
0.00000000e+00 4.14783054e-01
0.00000000e+00 4.15177522e-01
0.00000000e+00 4.15571990e-01
0.00000000e+00 4.15966457e-01
0.00000000e+00 4.16360925e-01
0.00000000e+00 4.16755393e-01
0.00000000e+00 4.17149861e-01
0.00000000e+00 4.17544329e-01
0.00000000e+00 4.17938797e-01
0.00000000e+00 4.18333265e-01
0.00000000e+00 4.18727733e-01
0.00000000e+00 4.19122201e-01
0.00000000e+00 4.19516669e-01
0.00000000e+00 4.19911137e-01
0.00000000e+00 4.20305605e-01
0.00000000e+00 4.20700073e-01
0.00000000e+00 4.21094541e-01
0.00000000e+00 4.21489009e-01
0.00000000e+00 4.21883477e-01
0.00000000e+00 4.22277945e-01
0.00000000e+00 4.22672413e-01
0.00000000e+00 4.23066881e-01
0.00000000e+00 4.23461349e-01
0.00000000e+00 4.23855817e-01
0.00000000e+00 4.24250285e-01
0.00000000e+00 4.24644752e-01
0.00000000e+00 4.25039220e-01
0.00000000e+00 4.25433688e-01
0.00000000e+00 4.25828156e-01
0.00000000e+00 4.26222624e-01
0.00000000e+00 4.26617092e-01
0.00000000e+00 4.27011560e-01
0.00000000e+00 4.27406028e-01
0.00000000e+00 4.27800496e-01
0.00000000e+00 4.28194964e-01
0.00000000e+00 4.28589432e-01
0.00000000e+00 4.28983900e-01
0.00000000e+00 4.29378368e-01
0.00000000e+00 4.29772836e-01
0.00000000e+00 4.30167304e-01
0.00000000e+00 4.30561772e-01
0.00000000e+00 4.30956240e-01
0.00000000e+00 4.31350708e-01
0.00000000e+00 4.31745176e-01
0.00000000e+00 4.32139644e-01
0.00000000e+00 4.32534112e-01
0.00000000e+00 4.32928579e-01
0.00000000e+00 4.33323047e-01
0.00000000e+00 4.33717515e-01
0.00000000e+00 4.34111983e-01
0.00000000e+00 4.34506451e-01
0.00000000e+00 4.34900919e-01
0.00000000e+00 4.35295387e-01
0.00000000e+00 4.35689855e-01
0.00000000e+00 4.36084323e-01
0.00000000e+00 4.36478791e-01
0.00000000e+00 4.36873259e-01
0.00000000e+00 4.37267727e-01
0.00000000e+00 4.37662195e-01
0.00000000e+00 4.38056663e-01
0.00000000e+00 4.38451131e-01
0.00000000e+00 4.38845599e-01
0.00000000e+00 4.39240067e-01
0.00000000e+00 4.39634535e-01
0.00000000e+00 4.40029003e-01
0.00000000e+00 4.40423471e-01
0.00000000e+00 4.40817939e-01
0.00000000e+00 4.41212407e-01
0.00000000e+00 4.41606874e-01
0.00000000e+00 4.42001342e-01
0.00000000e+00 4.42395810e-01
0.00000000e+00 4.42790278e-01
0.00000000e+00 4.43184746e-01
0.00000000e+00 4.43579214e-01
0.00000000e+00 4.43973682e-01
0.00000000e+00 4.44368150e-01
0.00000000e+00 4.44762618e-01
0.00000000e+00 4.45157086e-01
0.00000000e+00 4.45551554e-01
0.00000000e+00 4.45946022e-01
0.00000000e+00 4.46340490e-01
0.00000000e+00 4.46734958e-01
0.00000000e+00 4.47129426e-01
0.00000000e+00 4.47523894e-01
0.00000000e+00 4.47918362e-01
0.00000000e+00 4.48312830e-01
0.00000000e+00 4.48707298e-01
0.00000000e+00 4.49101766e-01
0.00000000e+00 4.49496234e-01
0.00000000e+00 4.49890702e-01
0.00000000e+00 4.50285169e-01
0.00000000e+00 4.50679637e-01
0.00000000e+00 4.51074105e-01
0.00000000e+00 4.51468573e-01
0.00000000e+00 4.51863041e-01
0.00000000e+00 4.52257509e-01
0.00000000e+00 4.52651977e-01
0.00000000e+00 4.53046445e-01
0.00000000e+00 4.53440913e-01
0.00000000e+00 4.53835381e-01
0.00000000e+00 4.54229849e-01
0.00000000e+00 4.54624317e-01
0.00000000e+00 4.55018785e-01
0.00000000e+00 4.55413253e-01
0.00000000e+00 4.55807721e-01
0.00000000e+00 4.56202189e-01
0.00000000e+00 4.56596657e-01
0.00000000e+00 4.56991125e-01
0.00000000e+00 4.57385593e-01
0.00000000e+00 4.57780061e-01
0.00000000e+00 4.58174529e-01
0.00000000e+00 4.58568996e-01
0.00000000e+00 4.58963464e-01
0.00000000e+00 4.59357932e-01
0.00000000e+00 4.59752400e-01
0.00000000e+00 4.60146868e-01
0.00000000e+00 4.60541336e-01
0.00000000e+00 4.60935804e-01
0.00000000e+00 4.61330272e-01
0.00000000e+00 4.61724740e-01
0.00000000e+00 4.62119208e-01
0.00000000e+00 4.62513676e-01
0.00000000e+00 4.62908144e-01
0.00000000e+00 4.63302612e-01
0.00000000e+00 4.63697080e-01
0.00000000e+00 4.64091548e-01
0.00000000e+00 4.64486016e-01
0.00000000e+00 4.64880484e-01
0.00000000e+00 4.65274952e-01
0.00000000e+00 4.65669420e-01
0.00000000e+00 4.66063888e-01
0.00000000e+00 4.66458356e-01
0.00000000e+00 4.66852824e-01
0.00000000e+00 4.67247291e-01
0.00000000e+00 4.67641759e-01
0.00000000e+00 4.68036227e-01
0.00000000e+00 4.68430695e-01
0.00000000e+00 4.68825163e-01
0.00000000e+00 4.69219631e-01
0.00000000e+00 4.69614099e-01
0.00000000e+00 4.70008567e-01
0.00000000e+00 4.70403035e-01
0.00000000e+00 4.70797503e-01
0.00000000e+00 4.71191971e-01
0.00000000e+00 4.71586439e-01
0.00000000e+00 4.71980907e-01
0.00000000e+00 4.72375375e-01
0.00000000e+00 4.72769843e-01
0.00000000e+00 4.73164311e-01
0.00000000e+00 4.73558779e-01
0.00000000e+00 4.73953247e-01
0.00000000e+00 4.74347715e-01
0.00000000e+00 4.74742183e-01
0.00000000e+00 4.75136651e-01
0.00000000e+00 4.75531119e-01
0.00000000e+00 4.75925586e-01
0.00000000e+00 4.76320054e-01
0.00000000e+00 4.76714522e-01
0.00000000e+00 4.77108990e-01
0.00000000e+00 4.77503458e-01
0.00000000e+00 4.77897926e-01
0.00000000e+00 4.78292394e-01
0.00000000e+00 4.78686862e-01
0.00000000e+00 4.79081330e-01
0.00000000e+00 4.79475798e-01
0.00000000e+00 4.79870266e-01
0.00000000e+00 4.80264734e-01
0.00000000e+00 4.80659202e-01
0.00000000e+00 4.81053670e-01
0.00000000e+00 4.81448138e-01
0.00000000e+00 4.81842606e-01
0.00000000e+00 4.82237074e-01
0.00000000e+00 4.82631542e-01
0.00000000e+00 4.83026010e-01
0.00000000e+00 4.83420478e-01
0.00000000e+00 4.83814946e-01
0.00000000e+00 4.84209414e-01
0.00000000e+00 4.84603881e-01
0.00000000e+00 4.84998349e-01
0.00000000e+00 4.85392817e-01
0.00000000e+00 4.85787285e-01
0.00000000e+00 4.86181753e-01
0.00000000e+00 4.86576221e-01
0.00000000e+00 4.86970689e-01
0.00000000e+00 4.87365157e-01
0.00000000e+00 4.87759625e-01
0.00000000e+00 4.88154093e-01
0.00000000e+00 4.88548561e-01
0.00000000e+00 4.88943029e-01
0.00000000e+00 4.89337497e-01
0.00000000e+00 4.89731965e-01
0.00000000e+00 4.90126433e-01
0.00000000e+00 4.90520901e-01
0.00000000e+00 4.90915369e-01
0.00000000e+00 4.91309837e-01
0.00000000e+00 4.91704305e-01
0.00000000e+00 4.92098773e-01
0.00000000e+00 4.92493241e-01
0.00000000e+00 4.92887708e-01
0.00000000e+00 4.93282176e-01
0.00000000e+00 4.93676644e-01
0.00000000e+00 4.94071112e-01
0.00000000e+00 4.94465580e-01
0.00000000e+00 4.94860048e-01
0.00000000e+00 4.95254516e-01
0.00000000e+00 4.95648984e-01
0.00000000e+00 4.96043452e-01
0.00000000e+00 4.96437920e-01
0.00000000e+00 4.96832388e-01
0.00000000e+00 4.97226856e-01
0.00000000e+00 4.97621324e-01
0.00000000e+00 4.98015792e-01
0.00000000e+00 4.98410260e-01
0.00000000e+00 4.98804728e-01
0.00000000e+00 4.99199196e-01
0.00000000e+00 4.99593664e-01
0.00000000e+00 4.99988132e-01
