% ======================================================
% L-Bracket Method of Moments Solution
% ======================================================
% Frequency: 8.300 GHz
% Wavelength: 0.036120 m
% Segments: N=2770 (1385 horiz + 1385 vert)
% Transmitter: (25.0000, 25.0000) m
%
% Solver: SSOR with hierarchical omega
% omega = 0.1050
% iterations = 341
% convergence = 9.84e-10
% time = 196.07 seconds
% ======================================================
% Format: (real, imaginary) current coefficients
% ======================================================
( 1.26155896e-06, 6.22724937e-07)
( 4.73356589e-06, 1.49924606e-06)
( 7.98967505e-06, 2.40373967e-06)
( 1.12252315e-05, 3.31048447e-06)
( 1.44340353e-05, 4.21402789e-06)
( 1.76119241e-05, 5.11109388e-06)
( 2.07535776e-05, 5.99923566e-06)
( 2.38533037e-05, 6.87633740e-06)
( 2.69052853e-05, 7.74045349e-06)
( 2.99036898e-05, 8.58974175e-06)
( 3.28427282e-05, 9.42243438e-06)
( 3.57166903e-05, 1.02368240e-05)
( 3.85199694e-05, 1.10312572e-05)
( 4.12470818e-05, 1.18041323e-05)
( 4.38926818e-05, 1.25538983e-05)
( 4.64515759e-05, 1.32790562e-05)
( 4.89187350e-05, 1.39781599e-05)
( 5.12893057e-05, 1.46498180e-05)
( 5.35586212e-05, 1.52926960e-05)
( 5.57222105e-05, 1.59055182e-05)
( 5.77758088e-05, 1.64870697e-05)
( 5.97153653e-05, 1.70361984e-05)
( 6.15370522e-05, 1.75518172e-05)
( 6.32372720e-05, 1.80329061e-05)
( 6.48126652e-05, 1.84785136e-05)
( 6.62601167e-05, 1.88877587e-05)
( 6.75767625e-05, 1.92598324e-05)
( 6.87599948e-05, 1.95939997e-05)
( 6.98074680e-05, 1.98896000e-05)
( 7.07171030e-05, 2.01460493e-05)
( 7.14870912e-05, 2.03628408e-05)
( 7.21158985e-05, 2.05395460e-05)
( 7.26022683e-05, 2.06758153e-05)
( 7.29452238e-05, 2.07713790e-05)
( 7.31440703e-05, 2.08260474e-05)
( 7.31983965e-05, 2.08397114e-05)
( 7.31080753e-05, 2.08123429e-05)
( 7.28732643e-05, 2.07439941e-05)
( 7.24944052e-05, 2.06347983e-05)
( 7.19722235e-05, 2.04849690e-05)
( 7.13077266e-05, 2.02947994e-05)
( 7.05022023e-05, 2.00646624e-05)
( 6.95572161e-05, 1.97950092e-05)
( 6.84746081e-05, 1.94863691e-05)
( 6.72564896e-05, 1.91393475e-05)
( 6.59052391e-05, 1.87546258e-05)
( 6.44234975e-05, 1.83329590e-05)
( 6.28141627e-05, 1.78751752e-05)
( 6.10803845e-05, 1.73821731e-05)
( 5.92255582e-05, 1.68549208e-05)
( 5.72533178e-05, 1.62944536e-05)
( 5.51675292e-05, 1.57018723e-05)
( 5.29722823e-05, 1.50783405e-05)
( 5.06718833e-05, 1.44250828e-05)
( 4.82708462e-05, 1.37433821e-05)
( 4.57738838e-05, 1.30345775e-05)
( 4.31858985e-05, 1.23000609e-05)
( 4.05119731e-05, 1.15412750e-05)
( 3.77573601e-05, 1.07597103e-05)
( 3.49274719e-05, 9.95690181e-06)
( 3.20278701e-05, 9.13442649e-06)
( 2.90642544e-05, 8.29389990e-06)
( 2.60424519e-05, 7.43697309e-06)
( 2.29684047e-05, 6.56532940e-06)
( 1.98481593e-05, 5.68068112e-06)
( 1.66878539e-05, 4.78476611e-06)
( 1.34937067e-05, 3.87934444e-06)
( 1.02720038e-05, 2.96619493e-06)
( 7.02908630e-06, 2.04711161e-06)
( 3.77133834e-06, 1.12390026e-06)
( 5.05174242e-07, 1.98374842e-07)
(-2.76297403e-06,-7.27646066e-07)
(-6.02666958e-06,-1.65234282e-06)
(-9.27948326e-06,-2.57389830e-06)
(-1.25150064e-05,-3.49050145e-06)
(-1.57268632e-05,-4.40035086e-06)
(-1.89087238e-05,-5.30165829e-06)
(-2.20543164e-05,-6.19265216e-06)
(-2.51574396e-05,-7.07158107e-06)
(-2.82119750e-05,-7.93671721e-06)
(-3.12118988e-05,-8.78635974e-06)
(-3.41512943e-05,-9.61883816e-06)
(-3.70243630e-05,-1.04325156e-05)
(-3.98254367e-05,-1.12257920e-05)
(-4.25489881e-05,-1.19971072e-05)
(-4.51896421e-05,-1.27449442e-05)
(-4.77421863e-05,-1.34678319e-05)
(-5.02015816e-05,-1.41643482e-05)
(-5.25629717e-05,-1.48331228e-05)
(-5.48216933e-05,-1.54728394e-05)
(-5.69732850e-05,-1.60822392e-05)
(-5.90134960e-05,-1.66601226e-05)
(-6.09382950e-05,-1.72053518e-05)
(-6.27438779e-05,-1.77168532e-05)
(-6.44266756e-05,-1.81936194e-05)
(-6.59833607e-05,-1.86347109e-05)
(-6.74108547e-05,-1.90392587e-05)
(-6.87063334e-05,-1.94064652e-05)
(-6.98672334e-05,-1.97356061e-05)
(-7.08912565e-05,-2.00260321e-05)
(-7.17763746e-05,-2.02771698e-05)
(-7.25208341e-05,-2.04885230e-05)
(-7.31231585e-05,-2.06596735e-05)
(-7.35821525e-05,-2.07902824e-05)
(-7.38969035e-05,-2.08800902e-05)
(-7.40667842e-05,-2.09289177e-05)
(-7.40914531e-05,-2.09366662e-05)
(-7.39708561e-05,-2.09033179e-05)
(-7.37052260e-05,-2.08289356e-05)
(-7.32950824e-05,-2.07136628e-05)
(-7.27412308e-05,-2.05577235e-05)
(-7.20447608e-05,-2.03614218e-05)
(-7.12070441e-05,-2.01251408e-05)
(-7.02297321e-05,-1.98493427e-05)
(-6.91147522e-05,-1.95345672e-05)
(-6.78643045e-05,-1.91814306e-05)
(-6.64808572e-05,-1.87906249e-05)
(-6.49671420e-05,-1.83629161e-05)
(-6.33261483e-05,-1.78991429e-05)
(-6.15611181e-05,-1.74002150e-05)
(-5.96755387e-05,-1.68671112e-05)
(-5.76731365e-05,-1.63008776e-05)
(-5.55578697e-05,-1.57026256e-05)
(-5.33339198e-05,-1.50735297e-05)
(-5.10056841e-05,-1.44148249e-05)
(-4.85777668e-05,-1.37278046e-05)
(-4.60549696e-05,-1.30138181e-05)
(-4.34422828e-05,-1.22742677e-05)
(-4.07448749e-05,-1.15106059e-05)
(-3.79680826e-05,-1.07243329e-05)
(-3.51174005e-05,-9.91699313e-06)
(-3.21984697e-05,-9.09017279e-06)
(-2.92170671e-05,-8.24549626e-06)
(-2.61790939e-05,-7.38462305e-06)
(-2.30905637e-05,-6.50924454e-06)
(-1.99575907e-05,-5.62108064e-06)
(-1.67863777e-05,-4.72187636e-06)
(-1.35832038e-05,-3.81339836e-06)
(-1.03544119e-05,-2.89743151e-06)
(-7.10639605e-06,-1.97577528e-06)
(-3.84558891e-06,-1.05024026e-06)
(-5.78449011e-07,-1.22644511e-07)
( 2.68855214e-06, 8.05189999e-07)
( 5.94894281e-06, 1.73144100e-06)
( 9.19626392e-06, 2.65428956e-06)
( 1.24240818e-05, 3.57192363e-06)
( 1.56260012e-05, 4.48254173e-06)
( 1.87956773e-05, 5.38435642e-06)
( 2.19268293e-05, 6.27559790e-06)
( 2.50132519e-05, 7.15451753e-06)
( 2.80488283e-05, 8.01939124e-06)
( 3.10275422e-05, 8.86852303e-06)
( 3.39434892e-05, 9.70024829e-06)
( 3.67908894e-05, 1.05129371e-05)
( 3.95640983e-05, 1.13049974e-05)
( 4.22576179e-05, 1.20748785e-05)
( 4.48661082e-05, 1.28210736e-05)
( 4.73843972e-05, 1.35421232e-05)
( 4.98074916e-05, 1.42366178e-05)
( 5.21305863e-05, 1.49032010e-05)
( 5.43490745e-05, 1.55405718e-05)
( 5.64585562e-05, 1.61474874e-05)
( 5.84548476e-05, 1.67227656e-05)
( 6.03339887e-05, 1.72652872e-05)
( 6.20922518e-05, 1.77739984e-05)
( 6.37261486e-05, 1.82479126e-05)
( 6.52324371e-05, 1.86861123e-05)
( 6.66081281e-05, 1.90877514e-05)
( 6.78504913e-05, 1.94520565e-05)
( 6.89570604e-05, 1.97783284e-05)
( 6.99256381e-05, 2.00659437e-05)
( 7.07543009e-05, 2.03143561e-05)
( 7.14414020e-05, 2.05230972e-05)
( 7.19855757e-05, 2.06917777e-05)
( 7.23857389e-05, 2.08200879e-05)
( 7.26410944e-05, 2.09077985e-05)
( 7.27511317e-05, 2.09547613e-05)
( 7.27156284e-05, 2.09609088e-05)
( 7.25346502e-05, 2.09262550e-05)
( 7.22085514e-05, 2.08508952e-05)
( 7.17379738e-05, 2.07350055e-05)
( 7.11238454e-05, 2.05788428e-05)
( 7.03673785e-05, 2.03827440e-05)
( 6.94700678e-05, 2.01471258e-05)
( 6.84336866e-05, 1.98724831e-05)
( 6.72602842e-05, 1.95593888e-05)
( 6.59521810e-05, 1.92084921e-05)
( 6.45119643e-05, 1.88205174e-05)
( 6.29424832e-05, 1.83962629e-05)
( 6.12468427e-05, 1.79365988e-05)
( 5.94283979e-05, 1.74424658e-05)
( 5.74907469e-05, 1.69148730e-05)
( 5.54377239e-05, 1.63548960e-05)
( 5.32733915e-05, 1.57636748e-05)
( 5.10020328e-05, 1.51424113e-05)
( 4.86281428e-05, 1.44923670e-05)
( 4.61564192e-05, 1.38148605e-05)
( 4.35917536e-05, 1.31112648e-05)
( 4.09392214e-05, 1.23830047e-05)
( 3.82040718e-05, 1.16315536e-05)
( 3.53917176e-05, 1.08584309e-05)
( 3.25077241e-05, 1.00651988e-05)
( 2.95577984e-05, 9.25345921e-06)
( 2.65477779e-05, 8.42485034e-06)
( 2.34836187e-05, 7.58104371e-06)
( 2.03713840e-05, 6.72374063e-06)
( 1.72172318e-05, 5.85466881e-06)
( 1.40274029e-05, 4.97557891e-06)
( 1.08082086e-05, 4.08824102e-06)
( 7.56601774e-06, 3.19444112e-06)
( 4.30724476e-06, 2.29597751e-06)
( 1.03833647e-06, 1.39465716e-06)
(-2.23424049e-06, 4.92292151e-07)
(-5.50401250e-06,-4.09303991e-07)
(-8.76451174e-06,-1.30831992e-06)
(-1.20092891e-05,-2.20295010e-06)
(-1.52319266e-05,-3.09139840e-06)
(-1.84260507e-05,-3.97188172e-06)
(-2.15853443e-05,-4.84263353e-06)
(-2.47035594e-05,-5.70190741e-06)
(-2.77745298e-05,-6.54798054e-06)
(-3.07921826e-05,-7.37915716e-06)
(-3.37505509e-05,-8.19377193e-06)
(-3.66437851e-05,-8.99019325e-06)
(-3.94661647e-05,-9.76682656e-06)
(-4.22121095e-05,-1.05221175e-05)
(-4.48761905e-05,-1.12545548e-05)
(-4.74531409e-05,-1.19626739e-05)
(-4.99378661e-05,-1.26450590e-05)
(-5.23254540e-05,-1.33003466e-05)
(-5.46111847e-05,-1.39272277e-05)
(-5.67905397e-05,-1.45244510e-05)
(-5.88592105e-05,-1.50908245e-05)
(-6.08131078e-05,-1.56252188e-05)
(-6.26483687e-05,-1.61265687e-05)
(-6.43613651e-05,-1.65938754e-05)
(-6.59487100e-05,-1.70262087e-05)
(-6.74072648e-05,-1.74227086e-05)
(-6.87341452e-05,-1.77825872e-05)
(-6.99267267e-05,-1.81051298e-05)
(-7.09826501e-05,-1.83896971e-05)
(-7.18998256e-05,-1.86357253e-05)
(-7.26764375e-05,-1.88427284e-05)
(-7.33109470e-05,-1.90102981e-05)
(-7.38020959e-05,-1.91381053e-05)
(-7.41489086e-05,-1.92259002e-05)
(-7.43506940e-05,-1.92735132e-05)
(-7.44070469e-05,-1.92808548e-05)
(-7.43178486e-05,-1.92479158e-05)
(-7.40832675e-05,-1.91747677e-05)
(-7.37037581e-05,-1.90615617e-05)
(-7.31800605e-05,-1.89085291e-05)
(-7.25131986e-05,-1.87159804e-05)
(-7.17044782e-05,-1.84843047e-05)
(-7.07554845e-05,-1.82139688e-05)
(-6.96680785e-05,-1.79055164e-05)
(-6.84443935e-05,-1.75595667e-05)
(-6.70868311e-05,-1.71768134e-05)
(-6.55980560e-05,-1.67580228e-05)
(-6.39809907e-05,-1.63040329e-05)
(-6.22388103e-05,-1.58157510e-05)
(-6.03749353e-05,-1.52941520e-05)
(-5.83930254e-05,-1.47402770e-05)
(-5.62969723e-05,-1.41552300e-05)
(-5.40908915e-05,-1.35401770e-05)
(-5.17791146e-05,-1.28963423e-05)
(-4.93661806e-05,-1.22250071e-05)
(-4.68568268e-05,-1.15275062e-05)
(-4.42559795e-05,-1.08052256e-05)
(-4.15687445e-05,-1.00595996e-05)
(-3.88003965e-05,-9.29210789e-06)
(-3.59563693e-05,-8.50427264e-06)
(-3.30422445e-05,-7.69765527e-06)
(-3.00637409e-05,-6.87385344e-06)
(-2.70267032e-05,-6.03449777e-06)
(-2.39370901e-05,-5.18124859e-06)
(-2.08009629e-05,-4.31579256e-06)
(-1.76244737e-05,-3.43983932e-06)
(-1.44138527e-05,-2.55511805e-06)
(-1.11753964e-05,-1.66337403e-06)
(-7.91545538e-06,-7.66365101e-07)
(-4.64042112e-06, 1.34141792e-07)
(-1.35671402e-06, 1.03637416e-06)
( 1.92922945e-06, 1.93855750e-06)
( 5.21096939e-06, 2.83891879e-06)
( 8.48207511e-06, 3.73569006e-06)
( 1.17361378e-05, 4.62711187e-06)
( 1.49667831e-05, 5.51143679e-06)
( 1.81676835e-05, 6.38693290e-06)
( 2.13325712e-05, 7.25188716e-06)
( 2.44552497e-05, 8.10460882e-06)
( 2.75296068e-05, 8.94343275e-06)
( 3.05496257e-05, 9.76672269e-06)
( 3.35093977e-05, 1.05728745e-05)
( 3.64031332e-05, 1.13603193e-05)
( 3.92251731e-05, 1.21275264e-05)
( 4.19700002e-05, 1.28730065e-05)
( 4.46322497e-05, 1.35953147e-05)
( 4.72067199e-05, 1.42930526e-05)
( 4.96883825e-05, 1.49648721e-05)
( 5.20723921e-05, 1.56094769e-05)
( 5.43540959e-05, 1.62256259e-05)
( 5.65290428e-05, 1.68121351e-05)
( 5.85929924e-05, 1.73678799e-05)
( 6.05419225e-05, 1.78917973e-05)
( 6.23720381e-05, 1.83828880e-05)
( 6.40797776e-05, 1.88402184e-05)
( 6.56618210e-05, 1.92629218e-05)
( 6.71150952e-05, 1.96502008e-05)
( 6.84367811e-05, 2.00013282e-05)
( 6.96243183e-05, 2.03156484e-05)
( 7.06754104e-05, 2.05925790e-05)
( 7.15880296e-05, 2.08316115e-05)
( 7.23604206e-05, 2.10323120e-05)
( 7.29911039e-05, 2.11943225e-05)
( 7.34788787e-05, 2.13173611e-05)
( 7.38228253e-05, 2.14012226e-05)
( 7.40223070e-05, 2.14457788e-05)
( 7.40769711e-05, 2.14509783e-05)
( 7.39867498e-05, 2.14168471e-05)
( 7.37518602e-05, 2.13434879e-05)
( 7.33728038e-05, 2.12310802e-05)
( 7.28503655e-05, 2.10798793e-05)
( 7.21856124e-05, 2.08902163e-05)
( 7.13798912e-05, 2.06624968e-05)
( 7.04348258e-05, 2.03972004e-05)
( 6.93523142e-05, 2.00948794e-05)
( 6.81345245e-05, 1.97561574e-05)
( 6.67838909e-05, 1.93817287e-05)
( 6.53031089e-05, 1.89723559e-05)
( 6.36951296e-05, 1.85288689e-05)
( 6.19631546e-05, 1.80521630e-05)
( 6.01106291e-05, 1.75431971e-05)
( 5.81412355e-05, 1.70029915e-05)
( 5.60588862e-05, 1.64326260e-05)
( 5.38677154e-05, 1.58332375e-05)
( 5.15720717e-05, 1.52060180e-05)
( 4.91765093e-05, 1.45522118e-05)
( 4.66857788e-05, 1.38731132e-05)
( 4.41048182e-05, 1.31700637e-05)
( 4.14387432e-05, 1.24444496e-05)
( 3.86928369e-05, 1.16976988e-05)
( 3.58725399e-05, 1.09312782e-05)
( 3.29834390e-05, 1.01466908e-05)
( 3.00312568e-05, 9.34547226e-06)
( 2.70218403e-05, 8.52918852e-06)
( 2.39611493e-05, 7.69943211e-06)
( 2.08552448e-05, 6.85781922e-06)
( 1.77102771e-05, 6.00598645e-06)
( 1.45324738e-05, 5.14558759e-06)
( 1.13281273e-05, 4.27829030e-06)
( 8.10358295e-06, 3.40577289e-06)
( 4.86522599e-06, 2.52972094e-06)
( 1.61946949e-06, 1.65182403e-06)
(-1.62725850e-06, 7.73772420e-07)
(-4.86852750e-06,-1.02746287e-07)
(-8.09791724e-06,-9.76050411e-07)
(-1.13090303e-05,-1.84446751e-06)
(-1.44955047e-05,-2.70633763e-06)
(-1.76510263e-05,-3.56001650e-06)
(-2.07693414e-05,-4.40387881e-06)
(-2.38442690e-05,-5.23632125e-06)
(-2.68697128e-05,-6.05576571e-06)
(-2.98396733e-05,-6.86066226e-06)
(-3.27482599e-05,-7.64949218e-06)
(-3.55897019e-05,-8.42077086e-06)
(-3.83583605e-05,-9.17305065e-06)
(-4.10487395e-05,-9.90492364e-06)
(-4.36554963e-05,-1.06150243e-05)
(-4.61734525e-05,-1.13020323e-05)
(-4.85976041e-05,-1.19646745e-05)
(-5.09231312e-05,-1.26017281e-05)
(-5.31454078e-05,-1.32120223e-05)
(-5.52600107e-05,-1.37944410e-05)
(-5.72627286e-05,-1.43479243e-05)
(-5.91495702e-05,-1.48714713e-05)
(-6.09167719e-05,-1.53641411e-05)
(-6.25608058e-05,-1.58250553e-05)
(-6.40783865e-05,-1.62533990e-05)
(-6.54664772e-05,-1.66484228e-05)
(-6.67222966e-05,-1.70094439e-05)
(-6.78433238e-05,-1.73358472e-05)
(-6.88273033e-05,-1.76270868e-05)
(-6.96722503e-05,-1.78826866e-05)
(-7.03764536e-05,-1.81022413e-05)
(-7.09384801e-05,-1.82854171e-05)
(-7.13571769e-05,-1.84319522e-05)
(-7.16316742e-05,-1.85416571e-05)
(-7.17613870e-05,-1.86144151e-05)
(-7.17460159e-05,-1.86501822e-05)
(-7.15855486e-05,-1.86489873e-05)
(-7.12802594e-05,-1.86109318e-05)
(-7.08307090e-05,-1.85361895e-05)
(-7.02377435e-05,-1.84250060e-05)
(-6.95024926e-05,-1.82776985e-05)
(-6.86263679e-05,-1.80946543e-05)
(-6.76110601e-05,-1.78763309e-05)
(-6.64585355e-05,-1.76232542e-05)
(-6.51710323e-05,-1.73360181e-05)
(-6.37510569e-05,-1.70152825e-05)
(-6.22013780e-05,-1.66617726e-05)
(-6.05250223e-05,-1.62762769e-05)
(-5.87252679e-05,-1.58596460e-05)
(-5.68056383e-05,-1.54127906e-05)
(-5.47698954e-05,-1.49366795e-05)
(-5.26220323e-05,-1.44323382e-05)
(-5.03662656e-05,-1.39008460e-05)
(-4.80070266e-05,-1.33433347e-05)
(-4.55489536e-05,-1.27609857e-05)
(-4.29968820e-05,-1.21550279e-05)
(-4.03558353e-05,-1.15267352e-05)
(-3.76310149e-05,-1.08774239e-05)
(-3.48277906e-05,-1.02084502e-05)
(-3.19516892e-05,-9.52120735e-06)
(-2.90083843e-05,-8.81712298e-06)
(-2.60036849e-05,-8.09765628e-06)
(-2.29435240e-05,-7.36429507e-06)
(-1.98339471e-05,-6.61855287e-06)
(-1.66811000e-05,-5.86196591e-06)
(-1.34912171e-05,-5.09609009e-06)
(-1.02706089e-05,-4.32249794e-06)
(-7.02564950e-06,-3.54277551e-06)
(-3.76276433e-06,-2.75851923e-06)
(-4.88417164e-07,-1.97133280e-06)
( 2.79090243e-06,-1.18282401e-06)
( 6.06869197e-06,-3.94601633e-07)
( 9.33844889e-06, 3.91727788e-07)
( 1.25936834e-05, 1.17456305e-06)
( 1.58279312e-05, 1.95231144e-06)
( 1.90347665e-05, 2.72339188e-06)
( 2.22078144e-05, 3.48623796e-06)
( 2.53407640e-05, 4.23930106e-06)
( 2.84273803e-05, 4.98105336e-06)
( 3.14615170e-05, 5.70999083e-06)
( 3.44371286e-05, 6.42463614e-06)
( 3.73482822e-05, 7.12354160e-06)
( 4.01891695e-05, 7.80529193e-06)
( 4.29541182e-05, 8.46850708e-06)
( 4.56376035e-05, 9.11184487e-06)
( 4.82342588e-05, 9.73400366e-06)
( 5.07388863e-05, 1.03337248e-05)
( 5.31464679e-05, 1.09097953e-05)
( 5.54521746e-05, 1.14610499e-05)
( 5.76513765e-05, 1.19863734e-05)
( 5.97396519e-05, 1.24847032e-05)
( 6.17127960e-05, 1.29550310e-05)
( 6.35668298e-05, 1.33964047e-05)
( 6.52980073e-05, 1.38079305e-05)
( 6.69028237e-05, 1.41887746e-05)
( 6.83780222e-05, 1.45381648e-05)
( 6.97206003e-05, 1.48553920e-05)
( 7.09278162e-05, 1.51398114e-05)
( 7.19971942e-05, 1.53908441e-05)
( 7.29265296e-05, 1.56079780e-05)
( 7.37138932e-05, 1.57907689e-05)
( 7.43576353e-05, 1.59388412e-05)
( 7.48563893e-05, 1.60518888e-05)
( 7.52090739e-05, 1.61296758e-05)
( 7.54148959e-05, 1.61720366e-05)
( 7.54733516e-05, 1.61788764e-05)
( 7.53842281e-05, 1.61501716e-05)
( 7.51476036e-05, 1.60859695e-05)
( 7.47638476e-05, 1.59863885e-05)
( 7.42336199e-05, 1.58516175e-05)
( 7.35578698e-05, 1.56819160e-05)
( 7.27378341e-05, 1.54776132e-05)
( 7.17750349e-05, 1.52391076e-05)
( 7.06712764e-05, 1.49668660e-05)
( 6.94286416e-05, 1.46614228e-05)
( 6.80494885e-05, 1.43233787e-05)
( 6.65364449e-05, 1.39533999e-05)
( 6.48924041e-05, 1.35522164e-05)
( 6.31205184e-05, 1.31206209e-05)
( 6.12241935e-05, 1.26594668e-05)
( 5.92070818e-05, 1.21696672e-05)
( 5.70730749e-05, 1.16521923e-05)
( 5.48262963e-05, 1.11080682e-05)
( 5.24710931e-05, 1.05383746e-05)
( 5.00120275e-05, 9.94424235e-06)
( 4.74538679e-05, 9.32685193e-06)
( 4.48015794e-05, 8.68743055e-06)
( 4.20603140e-05, 8.02724995e-06)
( 3.92354007e-05, 7.34762391e-06)
( 3.63323346e-05, 6.64990562e-06)
( 3.33567662e-05, 5.93548502e-06)
( 3.03144904e-05, 5.20578608e-06)
( 2.72114349e-05, 4.46226399e-06)
( 2.40536485e-05, 3.70640227e-06)
( 2.08472892e-05, 2.93970985e-06)
( 1.75986120e-05, 2.16371814e-06)
( 1.43139564e-05, 1.37997793e-06)
( 1.09997340e-05, 5.90056376e-07)
( 7.66241599e-06,-2.04466105e-07)
( 4.30851987e-06,-1.00199896e-06)
( 9.44596974e-07,-1.80094464e-06)
(-2.42278070e-06,-2.59970177e-06)
(-5.78703346e-06,-3.39666833e-06)
(-9.14158691e-06,-4.19024477e-06)
(-1.24798851e-05,-4.97883726e-06)
(-1.57954032e-05,-5.76086078e-06)
(-1.90816610e-05,-6.53474229e-06)
(-2.23322350e-05,-7.29892384e-06)
(-2.55407717e-05,-8.05186569e-06)
(-2.87010002e-05,-8.79204933e-06)
(-3.18067441e-05,-9.51798049e-06)
(-3.48519341e-05,-1.02281921e-05)
(-3.78306203e-05,-1.09212474e-05)
(-4.07369833e-05,-1.15957424e-05)
(-4.35653462e-05,-1.22503089e-05)
(-4.63101859e-05,-1.28836175e-05)
(-4.89661436e-05,-1.34943796e-05)
(-5.15280360e-05,-1.40813505e-05)
(-5.39908648e-05,-1.46433317e-05)
(-5.63498274e-05,-1.51791733e-05)
(-5.86003259e-05,-1.56877761e-05)
(-6.07379761e-05,-1.61680942e-05)
(-6.27586168e-05,-1.66191366e-05)
(-6.46583172e-05,-1.70399698e-05)
(-6.64333853e-05,-1.74297188e-05)
(-6.80803748e-05,-1.77875698e-05)
(-6.95960921e-05,-1.81127710e-05)
(-7.09776025e-05,-1.84046347e-05)
(-7.22222361e-05,-1.86625383e-05)
(-7.33275928e-05,-1.88859258e-05)
(-7.42915473e-05,-1.90743086e-05)
(-7.51122531e-05,-1.92272667e-05)
(-7.57881461e-05,-1.93444497e-05)
(-7.63179477e-05,-1.94255770e-05)
(-7.67006673e-05,-1.94704389e-05)
(-7.69356041e-05,-1.94788966e-05)
(-7.70223485e-05,-1.94508828e-05)
(-7.69607830e-05,-1.93864015e-05)
(-7.67510819e-05,-1.92855283e-05)
(-7.63937115e-05,-1.91484101e-05)
(-7.58894286e-05,-1.89752646e-05)
(-7.52392792e-05,-1.87663804e-05)
(-7.44445964e-05,-1.85221159e-05)
(-7.35069973e-05,-1.82428987e-05)
(-7.24283802e-05,-1.79292250e-05)
(-7.12109204e-05,-1.75816583e-05)
(-6.98570662e-05,-1.72008282e-05)
(-6.83695334e-05,-1.67874296e-05)
(-6.67513005e-05,-1.63422207e-05)
(-6.50056020e-05,-1.58660221e-05)
(-6.31359228e-05,-1.53597146e-05)
(-6.11459902e-05,-1.48242377e-05)
(-5.90397674e-05,-1.42605875e-05)
(-5.68214449e-05,-1.36698152e-05)
(-5.44954324e-05,-1.30530244e-05)
(-5.20663499e-05,-1.24113692e-05)
(-4.95390187e-05,-1.17460516e-05)
(-4.69184515e-05,-1.10583197e-05)
(-4.42098424e-05,-1.03494645e-05)
(-4.14185569e-05,-9.62081758e-06)
(-3.85501208e-05,-8.87374853e-06)
(-3.56102094e-05,-8.10966210e-06)
(-3.26046363e-05,-7.32999538e-06)
(-2.95393416e-05,-6.53621496e-06)
(-2.64203803e-05,-5.72981393e-06)
(-2.32539102e-05,-4.91230896e-06)
(-2.00461794e-05,-4.08523723e-06)
(-1.68035144e-05,-3.25015337e-06)
(-1.35323074e-05,-2.40862632e-06)
(-1.02390032e-05,-1.56223627e-06)
(-6.93008698e-06,-7.12571436e-07)
(-3.61207107e-06, 1.38775076e-07)
(-2.91482304e-07, 9.90208429e-07)
( 3.02515107e-06, 1.84013524e-06)
( 6.33131221e-06, 2.68696674e-06)
( 9.62050863e-06, 3.52912195e-06)
( 1.28862850e-05, 4.36503074e-06)
( 1.61222358e-05, 5.19313704e-06)
( 1.93220183e-05, 6.01190184e-06)
( 2.24793646e-05, 6.81980623e-06)
( 2.55880944e-05, 7.61535441e-06)
( 2.86421269e-05, 8.39707664e-06)
( 3.16354930e-05, 9.16353210e-06)
( 3.45623468e-05, 9.91331168e-06)
( 3.74169774e-05, 1.06450408e-05)
( 4.01938199e-05, 1.13573820e-05)
( 4.28874664e-05, 1.20490377e-05)
( 4.54926766e-05, 1.27187525e-05)
( 4.80043880e-05, 1.33653155e-05)
( 5.04177262e-05, 1.39875633e-05)
( 5.27280139e-05, 1.45843813e-05)
( 5.49307803e-05, 1.51547064e-05)
( 5.70217700e-05, 1.56975290e-05)
( 5.89969509e-05, 1.62118946e-05)
( 6.08525226e-05, 1.66969057e-05)
( 6.25849232e-05, 1.71517238e-05)
( 6.41908367e-05, 1.75755704e-05)
( 6.56671990e-05, 1.79677287e-05)
( 6.70112043e-05, 1.83275450e-05)
( 6.82203103e-05, 1.86544296e-05)
( 6.92922427e-05, 1.89478579e-05)
( 7.02250004e-05, 1.92073714e-05)
( 7.10168584e-05, 1.94325783e-05)
( 7.16663719e-05, 1.96231541e-05)
( 7.21723783e-05, 1.97788423e-05)
( 7.25339998e-05, 1.98994545e-05)
( 7.27506450e-05, 1.99848706e-05)
( 7.28220095e-05, 2.00350391e-05)
( 7.27480768e-05, 2.00499765e-05)
( 7.25291183e-05, 2.00297679e-05)
( 7.21656918e-05, 1.99745656e-05)
( 7.16586413e-05, 1.98845894e-05)
( 7.10090946e-05, 1.97601258e-05)
( 7.02184609e-05, 1.96015269e-05)
( 6.92884282e-05, 1.94092098e-05)
( 6.82209595e-05, 1.91836555e-05)
( 6.70182893e-05, 1.89254077e-05)
( 6.56829182e-05, 1.86350714e-05)
( 6.42176089e-05, 1.83133120e-05)
( 6.26253798e-05, 1.79608529e-05)
( 6.09094992e-05, 1.75784748e-05)
( 5.90734789e-05, 1.71670131e-05)
( 5.71210668e-05, 1.67273566e-05)
( 5.50562399e-05, 1.62604456e-05)
( 5.28831958e-05, 1.57672693e-05)
( 5.06063446e-05, 1.52488642e-05)
( 4.82303003e-05, 1.47063113e-05)
( 4.57598711e-05, 1.41407345e-05)
( 4.32000504e-05, 1.35532974e-05)
( 4.05560064e-05, 1.29452016e-05)
( 3.78330720e-05, 1.23176836e-05)
( 3.50367345e-05, 1.16720121e-05)
( 3.21726241e-05, 1.10094861e-05)
( 2.92465033e-05, 1.03314313e-05)
( 2.62642553e-05, 9.63919785e-06)
( 2.32318722e-05, 8.93415744e-06)
( 2.01554432e-05, 8.21770045e-06)
( 1.70411428e-05, 7.49123308e-06)
( 1.38952181e-05, 6.75617449e-06)
( 1.07239771e-05, 6.01395390e-06)
( 7.53377562e-06, 5.26600772e-06)
( 4.33100504e-06, 4.51377657e-06)
( 1.12207968e-06, 3.75870248e-06)
(-2.08657590e-06, 3.00222591e-06)
(-5.28853960e-06, 2.24578291e-06)
(-8.47740441e-06, 1.49080229e-06)
(-1.16467911e-05, 7.38702753e-07)
(-1.47903607e-05,-9.10988478e-09)
(-1.79018271e-05,-7.51245437e-07)
(-2.09749694e-05,-1.48633207e-06)
(-2.40036443e-05,-2.21301896e-06)
(-2.69817977e-05,-2.92997889e-06)
(-2.99034774e-05,-3.63591080e-06)
(-3.27628442e-05,-4.32954229e-06)
(-3.55541837e-05,-5.00963198e-06)
(-3.82719174e-05,-5.67497189e-06)
(-4.09106139e-05,-6.32438965e-06)
(-4.34649993e-05,-6.95675073e-06)
(-4.59299677e-05,-7.57096047e-06)
(-4.83005916e-05,-8.16596610e-06)
(-5.05721310e-05,-8.74075863e-06)
(-5.27400431e-05,-9.29437464e-06)
(-5.47999912e-05,-9.82589799e-06)
(-5.67478534e-05,-1.03344614e-05)
(-5.85797302e-05,-1.08192480e-05)
(-6.02919527e-05,-1.12794924e-05)
(-6.18810899e-05,-1.17144826e-05)
(-6.33439549e-05,-1.21235604e-05)
(-6.46776118e-05,-1.25061229e-05)
(-6.58793809e-05,-1.28616232e-05)
(-6.69468446e-05,-1.31895713e-05)
(-6.78778520e-05,-1.34895348e-05)
(-6.86705228e-05,-1.37611393e-05)
(-6.93232515e-05,-1.40040689e-05)
(-6.98347103e-05,-1.42180668e-05)
(-7.02038520e-05,-1.44029348e-05)
(-7.04299119e-05,-1.45585342e-05)
(-7.05124094e-05,-1.46847852e-05)
(-7.04511491e-05,-1.47816667e-05)
(-7.02462210e-05,-1.48492164e-05)
(-6.98980008e-05,-1.48875302e-05)
(-6.94071487e-05,-1.48967615e-05)
(-6.87746085e-05,-1.48771209e-05)
(-6.80016059e-05,-1.48288752e-05)
(-6.70896458e-05,-1.47523464e-05)
(-6.60405096e-05,-1.46479115e-05)
(-6.48562520e-05,-1.45160002e-05)
(-6.35391966e-05,-1.43570951e-05)
(-6.20919316e-05,-1.41717291e-05)
(-6.05173049e-05,-1.39604853e-05)
(-5.88184185e-05,-1.37239944e-05)
(-5.69986223e-05,-1.34629340e-05)
(-5.50615080e-05,-1.31780265e-05)
(-5.30109016e-05,-1.28700375e-05)
(-5.08508563e-05,-1.25397743e-05)
(-4.85856447e-05,-1.21880835e-05)
(-4.62197500e-05,-1.18158493e-05)
(-4.37578578e-05,-1.14239919e-05)
(-4.12048467e-05,-1.10134648e-05)
(-3.85657786e-05,-1.05852530e-05)
(-3.58458893e-05,-1.01403710e-05)
(-3.30505777e-05,-9.67986013e-06)
(-3.01853957e-05,-9.20478678e-06)
(-2.72560372e-05,-8.71623985e-06)
(-2.42683267e-05,-8.21532846e-06)
(-2.12282083e-05,-7.70317963e-06)
(-1.81417339e-05,-7.18093592e-06)
(-1.50150511e-05,-6.64975299e-06)
(-1.18543916e-05,-6.11079728e-06)
(-8.66605859e-06,-5.56524350e-06)
(-5.45641443e-06,-5.01427231e-06)
(-2.23186834e-06,-4.45906786e-06)
( 1.00113639e-06,-3.90081539e-06)
( 4.23613497e-06,-3.34069886e-06)
( 7.46665391e-06,-2.77989855e-06)
( 1.06862237e-05,-2.21958871e-06)
( 1.38883917e-05,-1.66093524e-06)
( 1.70667346e-05,-1.10509338e-06)
( 2.02148715e-05,-5.53205436e-07)
( 2.33264761e-05,-6.39857106e-09)
( 2.63952895e-05, 5.34217402e-07)
( 2.94151326e-05, 1.06755215e-06)
( 3.23799179e-05, 1.59253693e-06)
( 3.52836623e-05, 2.10812658e-06)
( 3.81204983e-05, 2.61330156e-06)
( 4.08846863e-05, 3.10706982e-06)
( 4.35706252e-05, 3.58846868e-06)
( 4.61728643e-05, 4.05656662e-06)
( 4.86861140e-05, 4.51046497e-06)
( 5.11052561e-05, 4.94929957e-06)
( 5.34253542e-05, 5.37224235e-06)
( 5.56416636e-05, 5.77850278e-06)
( 5.77496409e-05, 6.16732932e-06)
( 5.97449531e-05, 6.53801068e-06)
( 6.16234861e-05, 6.88987714e-06)
( 6.33813534e-05, 7.22230163e-06)
( 6.50149036e-05, 7.53470082e-06)
( 6.65207282e-05, 7.82653609e-06)
( 6.78956682e-05, 8.09731437e-06)
( 6.91368207e-05, 8.34658901e-06)
( 7.02415451e-05, 8.57396035e-06)
( 7.12074681e-05, 8.77907643e-06)
( 7.20324889e-05, 8.96163341e-06)
( 7.27147837e-05, 9.12137601e-06)
( 7.32528096e-05, 9.25809779e-06)
( 7.36453073e-05, 9.37164140e-06)
( 7.38913049e-05, 9.46189865e-06)
( 7.39901193e-05, 9.52881055e-06)
( 7.39413581e-05, 9.57236722e-06)
( 7.37449206e-05, 9.59260774e-06)
( 7.34009986e-05, 9.58961985e-06)
( 7.29100759e-05, 9.56353959e-06)
( 7.22729278e-05, 9.51455089e-06)
( 7.14906201e-05, 9.44288496e-06)
( 7.05645069e-05, 9.34881971e-06)
( 6.94962286e-05, 9.23267898e-06)
( 6.82877087e-05, 9.09483178e-06)
( 6.69411503e-05, 8.93569136e-06)
( 6.54590325e-05, 8.75571423e-06)
( 6.38441051e-05, 8.55539912e-06)
( 6.20993840e-05, 8.33528585e-06)
( 6.02281452e-05, 8.09595409e-06)
( 5.82339189e-05, 7.83802210e-06)
( 5.61204826e-05, 7.56214538e-06)
( 5.38918539e-05, 7.26901521e-06)
( 5.15522829e-05, 6.95935720e-06)
( 4.91062441e-05, 6.63392970e-06)
( 4.65584279e-05, 6.29352224e-06)
( 4.39137311e-05, 5.93895382e-06)
( 4.11772481e-05, 5.57107122e-06)
( 3.83542604e-05, 5.19074719e-06)
( 3.54502271e-05, 4.79887870e-06)
( 3.24707736e-05, 4.39638502e-06)
( 2.94216811e-05, 3.98420586e-06)
( 2.63088753e-05, 3.56329941e-06)
( 2.31384146e-05, 3.13464044e-06)
( 1.99164786e-05, 2.69921819e-06)
( 1.66493559e-05, 2.25803448e-06)
( 1.33434317e-05, 1.81210158e-06)
( 1.00051754e-05, 1.36244021e-06)
( 6.64112779e-06, 9.10077425e-07)
( 3.25788838e-06, 4.56044583e-07)
(-1.37897741e-07, 1.37521864e-09)
(-3.53955290e-06,-4.52897012e-07)
(-6.94038005e-06,-9.05740439e-07)
(-1.03336760e-05,-1.35612744e-06)
(-1.37127445e-05,-1.80303652e-06)
(-1.70709098e-05,-2.24545438e-06)
(-2.04015295e-05,-2.68237791e-06)
(-2.36980081e-05,-3.11281627e-06)
(-2.69538097e-05,-3.53579286e-06)
(-3.01624712e-05,-3.95034725e-06)
(-3.33176153e-05,-4.35553718e-06)
(-3.64129628e-05,-4.75044041e-06)
(-3.94423454e-05,-5.13415661e-06)
(-4.23997181e-05,-5.50580915e-06)
(-4.52791710e-05,-5.86454692e-06)
(-4.80749413e-05,-6.20954601e-06)
(-5.07814247e-05,-6.54001140e-06)
(-5.33931870e-05,-6.85517860e-06)
(-5.59049744e-05,-7.15431517e-06)
(-5.83117249e-05,-7.43672224e-06)
(-6.06085775e-05,-7.70173597e-06)
(-6.27908831e-05,-7.94872887e-06)
(-6.48542128e-05,-8.17711114e-06)
(-6.67943679e-05,-8.38633187e-06)
(-6.86073877e-05,-8.57588023e-06)
(-7.02895577e-05,-8.74528651e-06)
(-7.18374177e-05,-8.89412312e-06)
(-7.32477679e-05,-9.02200557e-06)
(-7.45176766e-05,-9.12859321e-06)
(-7.56444853e-05,-9.21359006e-06)
(-7.66258147e-05,-9.27674546e-06)
(-7.74595695e-05,-9.31785460e-06)
(-7.81439430e-05,-9.33675910e-06)
(-7.86774206e-05,-9.33334731e-06)
(-7.90587832e-05,-9.30755470e-06)
(-7.92871101e-05,-9.25936406e-06)
(-7.93617807e-05,-9.18880559e-06)
(-7.92824760e-05,-9.09595697e-06)
(-7.90491799e-05,-8.98094331e-06)
(-7.86621789e-05,-8.84393694e-06)
(-7.81220623e-05,-8.68515724e-06)
(-7.74297209e-05,-8.50487025e-06)
(-7.65863458e-05,-8.30338824e-06)
(-7.55934257e-05,-8.08106922e-06)
(-7.44527450e-05,-7.83831629e-06)
(-7.31663798e-05,-7.57557694e-06)
(-7.17366943e-05,-7.29334226e-06)
(-7.01663363e-05,-6.99214607e-06)
(-6.84582323e-05,-6.67256389e-06)
(-6.66155816e-05,-6.33521195e-06)
(-6.46418503e-05,-5.98074600e-06)
(-6.25407647e-05,-5.60986013e-06)
(-6.03163041e-05,-5.22328539e-06)
(-5.79726929e-05,-4.82178848e-06)
(-5.55143927e-05,-4.40617026e-06)
(-5.29460934e-05,-3.97726420e-06)
(-5.02727040e-05,-3.53593480e-06)
(-4.74993433e-05,-3.08307592e-06)
(-4.46313298e-05,-2.61960903e-06)
(-4.16741711e-05,-2.14648141e-06)
(-3.86335532e-05,-1.66466430e-06)
(-3.55153297e-05,-1.17515099e-06)
(-3.23255097e-05,-6.78954847e-07)
(-2.90702466e-05,-1.77107322e-07)
(-2.57558256e-05, 3.29344140e-07)
(-2.23886516e-05, 8.39338158e-07)
(-1.89752364e-05, 1.35180158e-06)
(-1.55221859e-05, 1.86565163e-06)
(-1.20361874e-05, 2.37979811e-06)
(-8.52399591e-06, 2.89314560e-06)
(-4.99242130e-06, 3.40459573e-06)
(-1.44831461e-06, 3.91304940e-06)
( 2.10144538e-06, 4.41740906e-06)
( 5.64996573e-06, 4.91658098e-06)
( 9.19035295e-06, 5.40947750e-06)
( 1.27157266e-05, 5.89501933e-06)
( 1.62192329e-05, 6.37213779e-06)
( 1.96940582e-05, 6.83977705e-06)
( 2.31334424e-05, 7.29689641e-06)
( 2.65306927e-05, 7.74247243e-06)
( 2.98791960e-05, 8.17550120e-06)
( 3.31724329e-05, 8.59500044e-06)
( 3.64039898e-05, 9.00001161e-06)
( 3.95675722e-05, 9.38960204e-06)
( 4.26570165e-05, 9.76286693e-06)
( 4.56663027e-05, 1.01189313e-05)
( 4.85895661e-05, 1.04569520e-05)
( 5.14211087e-05, 1.07761196e-05)
( 5.41554107e-05, 1.10756600e-05)
( 5.67871412e-05, 1.13548365e-05)
( 5.93111688e-05, 1.16129511e-05)
( 6.17225718e-05, 1.18493465e-05)
( 6.40166476e-05, 1.20634073e-05)
( 6.61889223e-05, 1.22545617e-05)
( 6.82351594e-05, 1.24222827e-05)
( 7.01513679e-05, 1.25660892e-05)
( 7.19338105e-05, 1.26855478e-05)
( 7.35790106e-05, 1.27802732e-05)
( 7.50837593e-05, 1.28499295e-05)
( 7.64451218e-05, 1.28942312e-05)
( 7.76604427e-05, 1.29129437e-05)
( 7.87273518e-05, 1.29058844e-05)
( 7.96437680e-05, 1.28729226e-05)
( 8.04079041e-05, 1.28139810e-05)
( 8.10182695e-05, 1.27290349e-05)
( 8.14736737e-05, 1.26181135e-05)
( 8.17732281e-05, 1.24812993e-05)
( 8.19163480e-05, 1.23187284e-05)
( 8.19027534e-05, 1.21305907e-05)
( 8.17324696e-05, 1.19171291e-05)
( 8.14058271e-05, 1.16786397e-05)
( 8.09234607e-05, 1.14154713e-05)
( 8.02863083e-05, 1.11280245e-05)
( 7.94956088e-05, 1.08167517e-05)
( 7.85528998e-05, 1.04821557e-05)
( 7.74600142e-05, 1.01247892e-05)
( 7.62190764e-05, 9.74525381e-06)
( 7.48324986e-05, 9.34419873e-06)
( 7.33029751e-05, 8.92231990e-06)
( 7.16334778e-05, 8.48035845e-06)
( 6.98272493e-05, 8.01909947e-06)
( 6.78877972e-05, 7.53937039e-06)
( 6.58188866e-05, 7.04203952e-06)
( 6.36245331e-05, 6.52801429e-06)
( 6.13089940e-05, 5.99823953e-06)
( 5.88767607e-05, 5.45369560e-06)
( 5.63325493e-05, 4.89539648e-06)
( 5.36812911e-05, 4.32438776e-06)
( 5.09281236e-05, 3.74174453e-06)
( 4.80783791e-05, 3.14856928e-06)
( 4.51375755e-05, 2.54598963e-06)
( 4.21114044e-05, 1.93515612e-06)
( 3.90057202e-05, 1.31723982e-06)
( 3.58265287e-05, 6.93429990e-07)
( 3.25799751e-05, 6.49316506e-08)
( 2.92723321e-05,-5.67036902e-07)
( 2.59099870e-05,-1.20124657e-06)
( 2.24994301e-05,-1.83645999e-06)
( 1.90472412e-05,-2.47143408e-06)
( 1.55600767e-05,-3.10492264e-06)
( 1.20446573e-05,-3.73567886e-06)
( 8.50775412e-06,-4.36245801e-06)
( 4.95617563e-06,-4.98401992e-06)
( 1.39675460e-06,-5.59913165e-06)
(-2.16366541e-06,-6.20657002e-06)
(-5.71824335e-06,-6.80512417e-06)
(-9.26015398e-06,-7.39359813e-06)
(-1.27826011e-05,-7.97081326e-06)
(-1.62788308e-05,-8.53561079e-06)
(-1.97421446e-05,-9.08685424e-06)
(-2.31659121e-05,-9.62343176e-06)
(-2.65435843e-05,-1.01442586e-05)
(-2.98687058e-05,-1.06482791e-05)
(-3.31349275e-05,-1.11344694e-05)
(-3.63360188e-05,-1.16018391e-05)
(-3.94658795e-05,-1.20494337e-05)
(-4.25185514e-05,-1.24763364e-05)
(-4.54882300e-05,-1.28816702e-05)
(-4.83692754e-05,-1.32645997e-05)
(-5.11562233e-05,-1.36243326e-05)
(-5.38437948e-05,-1.39601220e-05)
(-5.64269073e-05,-1.42712671e-05)
(-5.89006836e-05,-1.45571156e-05)
(-6.12604610e-05,-1.48170644e-05)
(-6.35018006e-05,-1.50505612e-05)
(-6.56204954e-05,-1.52571054e-05)
(-6.76125781e-05,-1.54362494e-05)
(-6.94743285e-05,-1.55875995e-05)
(-7.12022807e-05,-1.57108165e-05)
(-7.27932293e-05,-1.58056166e-05)
(-7.42442353e-05,-1.58717720e-05)
(-7.55526317e-05,-1.59091113e-05)
(-7.67160280e-05,-1.59175196e-05)
(-7.77323150e-05,-1.58969393e-05)
(-7.85996680e-05,-1.58473694e-05)
(-7.93165504e-05,-1.57688662e-05)
(-7.98817163e-05,-1.56615429e-05)
(-8.02942122e-05,-1.55255691e-05)
(-8.05533793e-05,-1.53611707e-05)
(-8.06588535e-05,-1.51686292e-05)
(-8.06105664e-05,-1.49482811e-05)
(-8.04087451e-05,-1.47005175e-05)
(-8.00539109e-05,-1.44257825e-05)
(-7.95468787e-05,-1.41245729e-05)
(-7.88887544e-05,-1.37974370e-05)
(-7.80809330e-05,-1.34449729e-05)
(-7.71250951e-05,-1.30678281e-05)
(-7.60232039e-05,-1.26666970e-05)
(-7.47775006e-05,-1.22423204e-05)
(-7.33905000e-05,-1.17954834e-05)
(-7.18649856e-05,-1.13270137e-05)
(-7.02040033e-05,-1.08377802e-05)
(-6.84108561e-05,-1.03286906e-05)
(-6.64890966e-05,-9.80068990e-06)
(-6.44425208e-05,-9.25475840e-06)
(-6.22751596e-05,-8.69190936e-06)
(-5.99912718e-05,-8.11318706e-06)
(-5.75953348e-05,-7.51966457e-06)
(-5.50920363e-05,-6.91244153e-06)
(-5.24862650e-05,-6.29264185e-06)
(-4.97831009e-05,-5.66141134e-06)
(-4.69878053e-05,-5.01991543e-06)
(-4.41058110e-05,-4.36933669e-06)
(-4.11427110e-05,-3.71087246e-06)
(-3.81042482e-05,-3.04573239e-06)
(-3.49963040e-05,-2.37513597e-06)
(-3.18248870e-05,-1.70031011e-06)
(-2.85961213e-05,-1.02248661e-06)
(-2.53162347e-05,-3.42899752e-07)
(-2.19915466e-05, 3.37216195e-07)
(-1.86284562e-05, 1.01662940e-06)
(-1.52334296e-05, 1.69411289e-06)
(-1.18129880e-05, 2.36844696e-06)
(-8.37369470e-06, 3.03842157e-06)
(-4.92214276e-06, 3.70283859e-06)
(-1.46494241e-06, 4.36051422e-06)
( 1.99129164e-06, 5.01028114e-06)
( 5.43995285e-06, 5.65099076e-06)
( 8.87445537e-06, 6.28151534e-06)
( 1.22882466e-05, 6.90075012e-06)
( 1.56748197e-05, 7.50761531e-06)
( 1.90277260e-05, 8.10105806e-06)
( 2.23405869e-05, 8.68005436e-06)
( 2.56071064e-05, 9.24361082e-06)
( 2.88210828e-05, 9.79076648e-06)
( 3.19764205e-05, 1.03205944e-05)
( 3.50671412e-05, 1.08322032e-05)
( 3.80873959e-05, 1.13247388e-05)
( 4.10314751e-05, 1.17973854e-05)
( 4.38938200e-05, 1.22493670e-05)
( 4.66690329e-05, 1.26799490e-05)
( 4.93518875e-05, 1.30884385e-05)
( 5.19373382e-05, 1.34741860e-05)
( 5.44205300e-05, 1.38365860e-05)
( 5.67968076e-05, 1.41750782e-05)
( 5.90617238e-05, 1.44891476e-05)
( 6.12110479e-05, 1.47783257e-05)
( 6.32407738e-05, 1.50421909e-05)
( 6.51471272e-05, 1.52803686e-05)
( 6.69265727e-05, 1.54925321e-05)
( 6.85758204e-05, 1.56784022e-05)
( 7.00918319e-05, 1.58377480e-05)
( 7.14718259e-05, 1.59703863e-05)
( 7.27132834e-05, 1.60761821e-05)
( 7.38139523e-05, 1.61550481e-05)
( 7.47718514e-05, 1.62069443e-05)
( 7.55852740e-05, 1.62318784e-05)
( 7.62527913e-05, 1.62299045e-05)
( 7.67732545e-05, 1.62011232e-05)
( 7.71457969e-05, 1.61456807e-05)
( 7.73698358e-05, 1.60637682e-05)
( 7.74450729e-05, 1.59556211e-05)
( 7.73714949e-05, 1.58215185e-05)
( 7.71493738e-05, 1.56617817e-05)
( 7.67792654e-05, 1.54767738e-05)
( 7.62620088e-05, 1.52668983e-05)
( 7.55987243e-05, 1.50325982e-05)
( 7.47908112e-05, 1.47743547e-05)
( 7.38399454e-05, 1.44926860e-05)
( 7.27480752e-05, 1.41881462e-05)
( 7.15174184e-05, 1.38613237e-05)
( 7.01504573e-05, 1.35128403e-05)
( 6.86499343e-05, 1.31433491e-05)
( 6.70188464e-05, 1.27535338e-05)
( 6.52604392e-05, 1.23441066e-05)
( 6.33782010e-05, 1.19158073e-05)
( 6.13758558e-05, 1.14694012e-05)
( 5.92573561e-05, 1.10056780e-05)
( 5.70268755e-05, 1.05254497e-05)
( 5.46888004e-05, 1.00295499e-05)
( 5.22477218e-05, 9.51883109e-06)
( 4.97084264e-05, 8.99416404e-06)
( 4.70758873e-05, 8.45643558e-06)
( 4.43552546e-05, 7.90654723e-06)
( 4.15518454e-05, 7.34541355e-06)
( 3.86711336e-05, 6.77396056e-06)
( 3.57187394e-05, 6.19312413e-06)
( 3.27004188e-05, 5.60384839e-06)
( 2.96220520e-05, 5.00708422e-06)
( 2.64896326e-05, 4.40378765e-06)
( 2.33092559e-05, 3.79491835e-06)
( 2.00871071e-05, 3.18143815e-06)
( 1.68294497e-05, 2.56430953e-06)
( 1.35426133e-05, 1.94449418e-06)
( 1.02329814e-05, 1.32295158e-06)
( 6.90697920e-06, 7.00637588e-07)
( 3.57106130e-06, 7.85031177e-08)
( 2.31699203e-07,-5.42507233e-07)
(-3.10463109e-06,-1.16145645e-06)
(-6.43146157e-06,-1.77741636e-06)
(-9.74234465e-06,-2.38946886e-06)
(-1.30308656e-05,-2.99670709e-06)
(-1.62906549e-05,-3.59823659e-06)
(-1.95154007e-05,-4.19317637e-06)
(-2.26988606e-05,-4.78065999e-06)
(-2.58348742e-05,-5.35983661e-06)
(-2.89173746e-05,-5.92987192e-06)
(-3.19404005e-05,-6.48994912e-06)
(-3.48981074e-05,-7.03926981e-06)
(-3.77847793e-05,-7.57705483e-06)
(-4.05948395e-05,-8.10254511e-06)
(-4.33228615e-05,-8.61500244e-06)
(-4.59635797e-05,-9.11371019e-06)
(-4.85118994e-05,-9.59797406e-06)
(-5.09629071e-05,-1.00671227e-05)
(-5.33118797e-05,-1.05205083e-05)
(-5.55542940e-05,-1.09575073e-05)
(-5.76858355e-05,-1.13775209e-05)
(-5.97024066e-05,-1.17799755e-05)
(-6.16001352e-05,-1.21643232e-05)
(-6.33753818e-05,-1.25300425e-05)
(-6.50247469e-05,-1.28766383e-05)
(-6.65450778e-05,-1.32036425e-05)
(-6.79334747e-05,-1.35106147e-05)
(-6.91872964e-05,-1.37971418e-05)
(-7.03041659e-05,-1.40628390e-05)
(-7.12819746e-05,-1.43073496e-05)
(-7.21188872e-05,-1.45303458e-05)
(-7.28133449e-05,-1.47315281e-05)
(-7.33640689e-05,-1.49106263e-05)
(-7.37700626e-05,-1.50673994e-05)
(-7.40306144e-05,-1.52016355e-05)
(-7.41452984e-05,-1.53131525e-05)
(-7.41139760e-05,-1.54017975e-05)
(-7.39367961e-05,-1.54674476e-05)
(-7.36141948e-05,-1.55100097e-05)
(-7.31468950e-05,-1.55294203e-05)
(-7.25359046e-05,-1.55256460e-05)
(-7.17825154e-05,-1.54986831e-05)
(-7.08882999e-05,-1.54485581e-05)
(-6.98551090e-05,-1.53753273e-05)
(-6.86850681e-05,-1.52790767e-05)
(-6.73805730e-05,-1.51599223e-05)
(-6.59442856e-05,-1.50180101e-05)
(-6.43791286e-05,-1.48535153e-05)
(-6.26882797e-05,-1.46666431e-05)
(-6.08751656e-05,-1.44576280e-05)
(-5.89434554e-05,-1.42267340e-05)
(-5.68970533e-05,-1.39742541e-05)
(-5.47400909e-05,-1.37005105e-05)
(-5.24769193e-05,-1.34058540e-05)
(-5.01121003e-05,-1.30906642e-05)
(-4.76503976e-05,-1.27553490e-05)
(-4.50967674e-05,-1.24003444e-05)
(-4.24563486e-05,-1.20261139e-05)
(-3.97344524e-05,-1.16331490e-05)
(-3.69365521e-05,-1.12219680e-05)
(-3.40682721e-05,-1.07931159e-05)
(-3.11353765e-05,-1.03471643e-05)
(-2.81437581e-05,-9.88471056e-06)
(-2.50994260e-05,-9.40637751e-06)
(-2.20084943e-05,-8.91281297e-06)
(-1.88771692e-05,-8.40468920e-06)
(-1.57117371e-05,-7.88270228e-06)
(-1.25185516e-05,-7.34757160e-06)
(-9.30402097e-06,-6.80003913e-06)
(-6.07459515e-06,-6.24086877e-06)
(-2.83675278e-06,-5.67084568e-06)
( 4.03011873e-07,-5.09077545e-06)
( 3.63820202e-06,-4.50148332e-06)
( 6.86233151e-06,-3.90381337e-06)
( 1.00689379e-05,-3.29862760e-06)
( 1.32515958e-05,-2.68680499e-06)
( 1.64039294e-05,-2.06924056e-06)
( 1.95196261e-05,-1.44684435e-06)
( 2.25924487e-05,-8.20540327e-07)
( 2.56162487e-05,-1.91265293e-07)
( 2.85849784e-05, 4.40032261e-07)
( 3.14927033e-05, 1.07239335e-06)
( 3.43336146e-05, 1.70484974e-06)
( 3.71020405e-05, 2.33642524e-06)
( 3.97924585e-05, 2.96613702e-06)
( 4.23995059e-05, 3.59299699e-06)
( 4.49179918e-05, 4.21601317e-06)
( 4.73429067e-05, 4.83419120e-06)
( 4.96694338e-05, 5.44653579e-06)
( 5.18929580e-05, 6.05205225e-06)
( 5.40090763e-05, 6.64974806e-06)
( 5.60136059e-05, 7.23863444e-06)
( 5.79025940e-05, 7.81772799e-06)
( 5.96723247e-05, 8.38605236e-06)
( 6.13193277e-05, 8.94263986e-06)
( 6.28403850e-05, 9.48653325e-06)
( 6.42325375e-05, 1.00167874e-05)
( 6.54930914e-05, 1.05324710e-05)
( 6.66196236e-05, 1.10326685e-05)
( 6.76099867e-05, 1.15164815e-05)
( 6.84623136e-05, 1.19830309e-05)
( 6.91750211e-05, 1.24314585e-05)
( 6.97468134e-05, 1.28609287e-05)
( 7.01766849e-05, 1.32706304e-05)
( 7.04639216e-05, 1.36597787e-05)
( 7.06081035e-05, 1.40276168e-05)
( 7.06091047e-05, 1.43734172e-05)
( 7.04670940e-05, 1.46964840e-05)
( 7.01825342e-05, 1.49961545e-05)
( 6.97561814e-05, 1.52718003e-05)
( 6.91890832e-05, 1.55228296e-05)
( 6.84825766e-05, 1.57486883e-05)
( 6.76382846e-05, 1.59488618e-05)
( 6.66581136e-05, 1.61228761e-05)
( 6.55442485e-05, 1.62702998e-05)
( 6.42991486e-05, 1.63907448e-05)
( 6.29255420e-05, 1.64838679e-05)
( 6.14264199e-05, 1.65493724e-05)
( 5.98050303e-05, 1.65870083e-05)
( 5.80648710e-05, 1.65965742e-05)
( 5.62096822e-05, 1.65779182e-05)
( 5.42434381e-05, 1.65309381e-05)
( 5.21703393e-05, 1.64555831e-05)
( 4.99948028e-05, 1.63518538e-05)
( 4.77214533e-05, 1.62198035e-05)
( 4.53551131e-05, 1.60595378e-05)
( 4.29007918e-05, 1.58712160e-05)
( 4.03636755e-05, 1.56550504e-05)
( 3.77491158e-05, 1.54113075e-05)
( 3.50626185e-05, 1.51403070e-05)
( 3.23098317e-05, 1.48424227e-05)
( 2.94965337e-05, 1.45180816e-05)
( 2.66286207e-05, 1.41677641e-05)
( 2.37120942e-05, 1.37920032e-05)
( 2.07530484e-05, 1.33913842e-05)
( 1.77576568e-05, 1.29665439e-05)
( 1.47321592e-05, 1.25181700e-05)
( 1.16828486e-05, 1.20469998e-05)
( 8.61605727e-06, 1.15538196e-05)
( 5.53814382e-06, 1.10394630e-05)
( 2.45547925e-06, 1.05048101e-05)
(-6.25566467e-07, 9.95078586e-06)
(-3.69863797e-06, 9.37835851e-06)
(-6.75740804e-06, 8.78853789e-06)
(-9.79559101e-06, 8.18237375e-06)
(-1.28069562e-05, 7.56095375e-06)
(-1.57853410e-05, 6.92540153e-06)
(-1.87246639e-05, 6.27687452e-06)
(-2.16189378e-05, 5.61656176e-06)
(-2.44622820e-05, 4.94568152e-06)
(-2.72489349e-05, 4.26547894e-06)
(-2.99732663e-05, 3.57722347e-06)
(-3.26297890e-05, 2.88220628e-06)
(-3.52131703e-05, 2.18173757e-06)
(-3.77182432e-05, 1.47714383e-06)
(-4.01400174e-05, 7.69765010e-07)
(-4.24736892e-05, 6.09516370e-08)
(-4.47146517e-05,-6.47938143e-07)
(-4.68585043e-05,-1.35554153e-06)
(-4.89010617e-05,-2.06049412e-06)
(-5.08383625e-05,-2.76143294e-06)
(-5.26666771e-05,-3.45699959e-06)
(-5.43825151e-05,-4.14584327e-06)
(-5.59826327e-05,-4.82662397e-06)
(-5.74640387e-05,-5.49801552e-06)
(-5.88240003e-05,-6.15870877e-06)
(-6.00600489e-05,-6.80741462e-06)
(-6.11699838e-05,-7.44286711e-06)
(-6.21518774e-05,-8.06382648e-06)
(-6.30040775e-05,-8.66908213e-06)
(-6.37252111e-05,-9.25745559e-06)
(-6.43141859e-05,-9.82780338e-06)
(-6.47701921e-05,-1.03790199e-05)
(-6.50927035e-05,-1.09100400e-05)
(-6.52814774e-05,-1.14198419e-05)
(-6.53365548e-05,-1.19074496e-05)
(-6.52582587e-05,-1.23719354e-05)
(-6.50471932e-05,-1.28124220e-05)
(-6.47042409e-05,-1.32280853e-05)
(-6.42305601e-05,-1.36181560e-05)
(-6.36275816e-05,-1.39819220e-05)
(-6.28970040e-05,-1.43187298e-05)
(-6.20407899e-05,-1.46279867e-05)
(-6.10611601e-05,-1.49091621e-05)
(-5.99605880e-05,-1.51617888e-05)
(-5.87417933e-05,-1.53854647e-05)
(-5.74077348e-05,-1.55798533e-05)
(-5.59616038e-05,-1.57446851e-05)
(-5.44068152e-05,-1.58797580e-05)
(-5.27470000e-05,-1.59849383e-05)
(-5.09859960e-05,-1.60601604e-05)
(-4.91278385e-05,-1.61054279e-05)
(-4.71767510e-05,-1.61208127e-05)
(-4.51371348e-05,-1.61064554e-05)
(-4.30135589e-05,-1.60625648e-05)
(-4.08107489e-05,-1.59894174e-05)
(-3.85335758e-05,-1.58873565e-05)
(-3.61870454e-05,-1.57567916e-05)
(-3.37762858e-05,-1.55981966e-05)
(-3.13065360e-05,-1.54121095e-05)
(-2.87831338e-05,-1.51991300e-05)
(-2.62115034e-05,-1.49599185e-05)
(-2.35971432e-05,-1.46951937e-05)
(-2.09456134e-05,-1.44057311e-05)
(-1.82625230e-05,-1.40923604e-05)
(-1.55535178e-05,-1.37559634e-05)
(-1.28242672e-05,-1.33974715e-05)
(-1.00804517e-05,-1.30178629e-05)
(-7.32775065e-06,-1.26181599e-05)
(-4.57182918e-06,-1.21994257e-05)
(-1.81832612e-06,-1.17627619e-05)
( 9.27158408e-07,-1.13093047e-05)
( 3.65907518e-06,-1.08402219e-05)
( 6.37193783e-06,-1.03567094e-05)
( 9.06033459e-06,-9.85998772e-06)
( 1.17189398e-05,-9.35129838e-06)
( 1.43425254e-05,-8.83190019e-06)
( 1.69259713e-05,-8.30306553e-06)
( 1.94642768e-05,-7.76607658e-06)
( 2.19525704e-05,-7.22222141e-06)
( 2.43861198e-05,-6.67279013e-06)
( 2.67603416e-05,-6.11907100e-06)
( 2.90708103e-05,-5.56234648e-06)
( 3.13132672e-05,-5.00388934e-06)
( 3.34836285e-05,-4.44495876e-06)
( 3.55779931e-05,-3.88679641e-06)
( 3.75926500e-05,-3.33062265e-06)
( 3.95240854e-05,-2.77763272e-06)
( 4.13689881e-05,-2.22899297e-06)
( 4.31242565e-05,-1.68583723e-06)
( 4.47870029e-05,-1.14926322e-06)
( 4.63545586e-05,-6.20329025e-07)
( 4.78244779e-05,-1.00049730e-07)
( 4.91945419e-05, 4.10605856e-07)
( 5.04627610e-05, 9.10718353e-07)
( 5.16273781e-05, 1.39942082e-06)
( 5.26868697e-05, 1.87590163e-06)
( 5.36399475e-05, 2.33940715e-06)
( 5.44855590e-05, 2.78924434e-06)
( 5.52228877e-05, 3.22478308e-06)
( 5.58513527e-05, 3.64545837e-06)
( 5.63706073e-05, 4.05077233e-06)
( 5.67805376e-05, 4.44029604e-06)
( 5.70812605e-05, 4.81367108e-06)
( 5.72731206e-05, 5.17061097e-06)
( 5.73566871e-05, 5.51090233e-06)
( 5.73327500e-05, 5.83440583e-06)
( 5.72023159e-05, 6.14105696e-06)
( 5.69666027e-05, 6.43086650e-06)
( 5.66270346e-05, 6.70392082e-06)
( 5.61852363e-05, 6.96038194e-06)
( 5.56430265e-05, 7.20048735e-06)
( 5.50024113e-05, 7.42454960e-06)
( 5.42655769e-05, 7.63295563e-06)
( 5.34348823e-05, 7.82616596e-06)
( 5.25128507e-05, 8.00471355e-06)
( 5.15021619e-05, 8.16920251e-06)
( 5.04056429e-05, 8.32030658e-06)
( 4.92262593e-05, 8.45876733e-06)
( 4.79671059e-05, 8.58539229e-06)
( 4.66313967e-05, 8.70105275e-06)
( 4.52224553e-05, 8.80668144e-06)
( 4.37437046e-05, 8.90327003e-06)
( 4.21986564e-05, 8.99186641e-06)
( 4.05909009e-05, 9.07357190e-06)
( 3.89240956e-05, 9.14953822e-06)
( 3.72019546e-05, 9.22096443e-06)
( 3.54282372e-05, 9.28909365e-06)
( 3.36067369e-05, 9.35520979e-06)
( 3.17412700e-05, 9.42063413e-06)
( 2.98356638e-05, 9.48672190e-06)
( 2.78937451e-05, 9.55485875e-06)
( 2.59193289e-05, 9.62645734e-06)
( 2.39162061e-05, 9.70295382e-06)
( 2.18881319e-05, 9.78580443e-06)
( 1.98388136e-05, 9.87648219e-06)
( 1.77718992e-05, 9.97647371e-06)
( 1.56909644e-05, 1.00872761e-05)
( 1.35995010e-05, 1.02103943e-05)
( 1.15009039e-05, 1.03473382e-05)
( 9.39845899e-06, 1.04996209e-05)
( 7.29532982e-06, 1.06687563e-05)
( 5.19454455e-06, 1.08562584e-05)
( 3.09898226e-06, 1.10636397e-05)
( 1.01135876e-06, 1.12924120e-05)
(-1.06578826e-06, 1.15440861e-05)
(-3.13011487e-06, 1.18201745e-05)
(-5.17948769e-06, 1.21221930e-05)
(-7.21200190e-06, 1.24516658e-05)
(-9.22600093e-06, 1.28101307e-05)
(-1.12200983e-05, 1.31991469e-05)
(-1.31932017e-05, 1.36203049e-05)
(-1.51445412e-05, 1.40752394e-05)
(-1.70737002e-05, 1.45656458e-05)
(-1.89806529e-05, 1.50933003e-05)
(-2.08658074e-05, 1.56600861e-05)
(-2.27300574e-05, 1.62680259e-05)
(-2.45748451e-05, 1.69193223e-05)
(-2.64022370e-05, 1.76164095e-05)
(-2.82150181e-05, 1.83620181e-05)
(-3.00168098e-05, 1.91592579e-05)
(-3.18122185e-05, 2.00117234e-05)
(-3.36070262e-05, 2.09236313e-05)
(-3.54084373e-05, 2.18999986e-05)
(-3.72254036e-05, 2.29468788e-05)
(-3.90690576e-05, 2.40716777e-05)
(-4.09533004e-05, 2.52835825e-05)
(-4.28956126e-05, 2.65941543e-05)
(-4.49181980e-05, 2.80181643e-05)
(-4.70496301e-05, 2.95747972e-05)
(-4.93272868e-05, 3.12894318e-05)
(-5.18010606e-05, 3.31963524e-05)
(-5.45392086e-05, 3.53430246e-05)
(-5.76379729e-05, 3.77971236e-05)
(-6.12382045e-05, 4.06586760e-05)
(-6.55559118e-05, 4.40823644e-05)
(-7.09429188e-05, 4.83217974e-05)
(-7.80201755e-05, 5.38267581e-05)
(-8.80120051e-05, 6.14869067e-05)
(-1.03842522e-04, 7.34305762e-05)
(-1.32373399e-04, 9.46566183e-05)
(-2.92830523e-04, 2.11881782e-04)
( 1.26154530e-06, 6.22726760e-07)
( 4.73357287e-06, 1.49924535e-06)
( 7.98967169e-06, 2.40373983e-06)
( 1.12252332e-05, 3.31048456e-06)
( 1.44340347e-05, 4.21402773e-06)
( 1.76119243e-05, 5.11109402e-06)
( 2.07535776e-05, 5.99923558e-06)
( 2.38533038e-05, 6.87633743e-06)
( 2.69052853e-05, 7.74045348e-06)
( 2.99036898e-05, 8.58974174e-06)
( 3.28427282e-05, 9.42243438e-06)
( 3.57166903e-05, 1.02368240e-05)
( 3.85199695e-05, 1.10312572e-05)
( 4.12470818e-05, 1.18041323e-05)
( 4.38926818e-05, 1.25538983e-05)
( 4.64515759e-05, 1.32790562e-05)
( 4.89187350e-05, 1.39781599e-05)
( 5.12893057e-05, 1.46498180e-05)
( 5.35586212e-05, 1.52926960e-05)
( 5.57222105e-05, 1.59055182e-05)
( 5.77758088e-05, 1.64870697e-05)
( 5.97153653e-05, 1.70361984e-05)
( 6.15370522e-05, 1.75518172e-05)
( 6.32372720e-05, 1.80329061e-05)
( 6.48126652e-05, 1.84785136e-05)
( 6.62601167e-05, 1.88877587e-05)
( 6.75767625e-05, 1.92598324e-05)
( 6.87599948e-05, 1.95939997e-05)
( 6.98074680e-05, 1.98896000e-05)
( 7.07171030e-05, 2.01460493e-05)
( 7.14870912e-05, 2.03628408e-05)
( 7.21158985e-05, 2.05395460e-05)
( 7.26022683e-05, 2.06758153e-05)
( 7.29452238e-05, 2.07713790e-05)
( 7.31440703e-05, 2.08260474e-05)
( 7.31983965e-05, 2.08397114e-05)
( 7.31080753e-05, 2.08123429e-05)
( 7.28732643e-05, 2.07439941e-05)
( 7.24944052e-05, 2.06347983e-05)
( 7.19722235e-05, 2.04849690e-05)
( 7.13077266e-05, 2.02947994e-05)
( 7.05022023e-05, 2.00646624e-05)
( 6.95572161e-05, 1.97950092e-05)
( 6.84746081e-05, 1.94863691e-05)
( 6.72564896e-05, 1.91393475e-05)
( 6.59052391e-05, 1.87546258e-05)
( 6.44234975e-05, 1.83329590e-05)
( 6.28141627e-05, 1.78751752e-05)
( 6.10803845e-05, 1.73821731e-05)
( 5.92255582e-05, 1.68549208e-05)
( 5.72533178e-05, 1.62944536e-05)
( 5.51675292e-05, 1.57018723e-05)
( 5.29722823e-05, 1.50783405e-05)
( 5.06718833e-05, 1.44250828e-05)
( 4.82708462e-05, 1.37433821e-05)
( 4.57738838e-05, 1.30345775e-05)
( 4.31858985e-05, 1.23000609e-05)
( 4.05119731e-05, 1.15412750e-05)
( 3.77573601e-05, 1.07597103e-05)
( 3.49274719e-05, 9.95690181e-06)
( 3.20278701e-05, 9.13442649e-06)
( 2.90642544e-05, 8.29389990e-06)
( 2.60424519e-05, 7.43697309e-06)
( 2.29684047e-05, 6.56532941e-06)
( 1.98481593e-05, 5.68068112e-06)
( 1.66878539e-05, 4.78476611e-06)
( 1.34937067e-05, 3.87934444e-06)
( 1.02720038e-05, 2.96619493e-06)
( 7.02908630e-06, 2.04711161e-06)
( 3.77133834e-06, 1.12390026e-06)
( 5.05174242e-07, 1.98374844e-07)
(-2.76297403e-06,-7.27646065e-07)
(-6.02666958e-06,-1.65234282e-06)
(-9.27948326e-06,-2.57389830e-06)
(-1.25150064e-05,-3.49050145e-06)
(-1.57268632e-05,-4.40035086e-06)
(-1.89087238e-05,-5.30165829e-06)
(-2.20543164e-05,-6.19265216e-06)
(-2.51574396e-05,-7.07158107e-06)
(-2.82119750e-05,-7.93671721e-06)
(-3.12118988e-05,-8.78635973e-06)
(-3.41512943e-05,-9.61883816e-06)
(-3.70243630e-05,-1.04325156e-05)
(-3.98254367e-05,-1.12257920e-05)
(-4.25489881e-05,-1.19971072e-05)
(-4.51896421e-05,-1.27449442e-05)
(-4.77421863e-05,-1.34678319e-05)
(-5.02015816e-05,-1.41643482e-05)
(-5.25629717e-05,-1.48331228e-05)
(-5.48216933e-05,-1.54728394e-05)
(-5.69732850e-05,-1.60822392e-05)
(-5.90134960e-05,-1.66601226e-05)
(-6.09382950e-05,-1.72053518e-05)
(-6.27438779e-05,-1.77168532e-05)
(-6.44266756e-05,-1.81936194e-05)
(-6.59833607e-05,-1.86347109e-05)
(-6.74108547e-05,-1.90392587e-05)
(-6.87063334e-05,-1.94064652e-05)
(-6.98672334e-05,-1.97356061e-05)
(-7.08912565e-05,-2.00260321e-05)
(-7.17763746e-05,-2.02771698e-05)
(-7.25208341e-05,-2.04885230e-05)
(-7.31231585e-05,-2.06596735e-05)
(-7.35821525e-05,-2.07902824e-05)
(-7.38969035e-05,-2.08800902e-05)
(-7.40667842e-05,-2.09289177e-05)
(-7.40914531e-05,-2.09366663e-05)
(-7.39708561e-05,-2.09033179e-05)
(-7.37052260e-05,-2.08289356e-05)
(-7.32950824e-05,-2.07136628e-05)
(-7.27412308e-05,-2.05577235e-05)
(-7.20447608e-05,-2.03614218e-05)
(-7.12070441e-05,-2.01251408e-05)
(-7.02297321e-05,-1.98493427e-05)
(-6.91147522e-05,-1.95345672e-05)
(-6.78643045e-05,-1.91814306e-05)
(-6.64808572e-05,-1.87906249e-05)
(-6.49671420e-05,-1.83629161e-05)
(-6.33261483e-05,-1.78991429e-05)
(-6.15611181e-05,-1.74002150e-05)
(-5.96755387e-05,-1.68671112e-05)
(-5.76731365e-05,-1.63008776e-05)
(-5.55578697e-05,-1.57026256e-05)
(-5.33339198e-05,-1.50735297e-05)
(-5.10056841e-05,-1.44148249e-05)
(-4.85777668e-05,-1.37278046e-05)
(-4.60549696e-05,-1.30138181e-05)
(-4.34422828e-05,-1.22742677e-05)
(-4.07448749e-05,-1.15106059e-05)
(-3.79680826e-05,-1.07243329e-05)
(-3.51174005e-05,-9.91699313e-06)
(-3.21984697e-05,-9.09017280e-06)
(-2.92170671e-05,-8.24549626e-06)
(-2.61790939e-05,-7.38462305e-06)
(-2.30905637e-05,-6.50924454e-06)
(-1.99575907e-05,-5.62108064e-06)
(-1.67863777e-05,-4.72187636e-06)
(-1.35832038e-05,-3.81339836e-06)
(-1.03544119e-05,-2.89743151e-06)
(-7.10639605e-06,-1.97577528e-06)
(-3.84558891e-06,-1.05024026e-06)
(-5.78449012e-07,-1.22644511e-07)
( 2.68855213e-06, 8.05189999e-07)
( 5.94894281e-06, 1.73144100e-06)
( 9.19626392e-06, 2.65428956e-06)
( 1.24240818e-05, 3.57192363e-06)
( 1.56260012e-05, 4.48254173e-06)
( 1.87956773e-05, 5.38435642e-06)
( 2.19268293e-05, 6.27559790e-06)
( 2.50132519e-05, 7.15451753e-06)
( 2.80488283e-05, 8.01939124e-06)
( 3.10275422e-05, 8.86852303e-06)
( 3.39434892e-05, 9.70024829e-06)
( 3.67908894e-05, 1.05129371e-05)
( 3.95640983e-05, 1.13049974e-05)
( 4.22576179e-05, 1.20748785e-05)
( 4.48661082e-05, 1.28210736e-05)
( 4.73843972e-05, 1.35421232e-05)
( 4.98074916e-05, 1.42366178e-05)
( 5.21305863e-05, 1.49032010e-05)
( 5.43490745e-05, 1.55405718e-05)
( 5.64585562e-05, 1.61474874e-05)
( 5.84548476e-05, 1.67227656e-05)
( 6.03339887e-05, 1.72652872e-05)
( 6.20922518e-05, 1.77739984e-05)
( 6.37261486e-05, 1.82479126e-05)
( 6.52324371e-05, 1.86861123e-05)
( 6.66081281e-05, 1.90877514e-05)
( 6.78504913e-05, 1.94520565e-05)
( 6.89570604e-05, 1.97783284e-05)
( 6.99256381e-05, 2.00659437e-05)
( 7.07543009e-05, 2.03143561e-05)
( 7.14414020e-05, 2.05230972e-05)
( 7.19855757e-05, 2.06917777e-05)
( 7.23857389e-05, 2.08200879e-05)
( 7.26410944e-05, 2.09077985e-05)
( 7.27511317e-05, 2.09547613e-05)
( 7.27156284e-05, 2.09609088e-05)
( 7.25346502e-05, 2.09262550e-05)
( 7.22085514e-05, 2.08508952e-05)
( 7.17379738e-05, 2.07350055e-05)
( 7.11238454e-05, 2.05788428e-05)
( 7.03673785e-05, 2.03827440e-05)
( 6.94700678e-05, 2.01471258e-05)
( 6.84336866e-05, 1.98724831e-05)
( 6.72602842e-05, 1.95593888e-05)
( 6.59521810e-05, 1.92084921e-05)
( 6.45119643e-05, 1.88205174e-05)
( 6.29424832e-05, 1.83962629e-05)
( 6.12468427e-05, 1.79365988e-05)
( 5.94283979e-05, 1.74424658e-05)
( 5.74907469e-05, 1.69148730e-05)
( 5.54377239e-05, 1.63548960e-05)
( 5.32733915e-05, 1.57636748e-05)
( 5.10020328e-05, 1.51424113e-05)
( 4.86281428e-05, 1.44923670e-05)
( 4.61564192e-05, 1.38148605e-05)
( 4.35917536e-05, 1.31112648e-05)
( 4.09392214e-05, 1.23830047e-05)
( 3.82040719e-05, 1.16315536e-05)
( 3.53917176e-05, 1.08584309e-05)
( 3.25077241e-05, 1.00651988e-05)
( 2.95577984e-05, 9.25345921e-06)
( 2.65477779e-05, 8.42485034e-06)
( 2.34836187e-05, 7.58104371e-06)
( 2.03713840e-05, 6.72374063e-06)
( 1.72172318e-05, 5.85466881e-06)
( 1.40274029e-05, 4.97557891e-06)
( 1.08082086e-05, 4.08824102e-06)
( 7.56601774e-06, 3.19444112e-06)
( 4.30724476e-06, 2.29597751e-06)
( 1.03833647e-06, 1.39465716e-06)
(-2.23424049e-06, 4.92292151e-07)
(-5.50401250e-06,-4.09303992e-07)
(-8.76451174e-06,-1.30831992e-06)
(-1.20092891e-05,-2.20295010e-06)
(-1.52319266e-05,-3.09139840e-06)
(-1.84260507e-05,-3.97188172e-06)
(-2.15853443e-05,-4.84263353e-06)
(-2.47035594e-05,-5.70190741e-06)
(-2.77745298e-05,-6.54798054e-06)
(-3.07921826e-05,-7.37915716e-06)
(-3.37505509e-05,-8.19377193e-06)
(-3.66437851e-05,-8.99019325e-06)
(-3.94661647e-05,-9.76682656e-06)
(-4.22121095e-05,-1.05221175e-05)
(-4.48761905e-05,-1.12545548e-05)
(-4.74531409e-05,-1.19626739e-05)
(-4.99378661e-05,-1.26450590e-05)
(-5.23254540e-05,-1.33003466e-05)
(-5.46111847e-05,-1.39272277e-05)
(-5.67905397e-05,-1.45244510e-05)
(-5.88592105e-05,-1.50908245e-05)
(-6.08131078e-05,-1.56252188e-05)
(-6.26483687e-05,-1.61265687e-05)
(-6.43613651e-05,-1.65938754e-05)
(-6.59487100e-05,-1.70262087e-05)
(-6.74072648e-05,-1.74227086e-05)
(-6.87341452e-05,-1.77825872e-05)
(-6.99267267e-05,-1.81051298e-05)
(-7.09826501e-05,-1.83896971e-05)
(-7.18998256e-05,-1.86357253e-05)
(-7.26764375e-05,-1.88427284e-05)
(-7.33109470e-05,-1.90102981e-05)
(-7.38020959e-05,-1.91381053e-05)
(-7.41489086e-05,-1.92259002e-05)
(-7.43506940e-05,-1.92735132e-05)
(-7.44070469e-05,-1.92808548e-05)
(-7.43178486e-05,-1.92479158e-05)
(-7.40832675e-05,-1.91747677e-05)
(-7.37037581e-05,-1.90615617e-05)
(-7.31800605e-05,-1.89085291e-05)
(-7.25131986e-05,-1.87159804e-05)
(-7.17044782e-05,-1.84843047e-05)
(-7.07554845e-05,-1.82139688e-05)
(-6.96680785e-05,-1.79055164e-05)
(-6.84443935e-05,-1.75595667e-05)
(-6.70868311e-05,-1.71768134e-05)
(-6.55980560e-05,-1.67580228e-05)
(-6.39809907e-05,-1.63040329e-05)
(-6.22388103e-05,-1.58157510e-05)
(-6.03749353e-05,-1.52941520e-05)
(-5.83930254e-05,-1.47402770e-05)
(-5.62969723e-05,-1.41552300e-05)
(-5.40908915e-05,-1.35401770e-05)
(-5.17791146e-05,-1.28963423e-05)
(-4.93661806e-05,-1.22250071e-05)
(-4.68568268e-05,-1.15275062e-05)
(-4.42559795e-05,-1.08052256e-05)
(-4.15687445e-05,-1.00595996e-05)
(-3.88003965e-05,-9.29210789e-06)
(-3.59563693e-05,-8.50427264e-06)
(-3.30422445e-05,-7.69765527e-06)
(-3.00637409e-05,-6.87385344e-06)
(-2.70267032e-05,-6.03449777e-06)
(-2.39370901e-05,-5.18124859e-06)
(-2.08009629e-05,-4.31579256e-06)
(-1.76244737e-05,-3.43983931e-06)
(-1.44138527e-05,-2.55511805e-06)
(-1.11753964e-05,-1.66337403e-06)
(-7.91545538e-06,-7.66365101e-07)
(-4.64042112e-06, 1.34141793e-07)
(-1.35671402e-06, 1.03637416e-06)
( 1.92922945e-06, 1.93855750e-06)
( 5.21096939e-06, 2.83891879e-06)
( 8.48207511e-06, 3.73569006e-06)
( 1.17361378e-05, 4.62711187e-06)
( 1.49667831e-05, 5.51143679e-06)
( 1.81676835e-05, 6.38693290e-06)
( 2.13325712e-05, 7.25188716e-06)
( 2.44552497e-05, 8.10460882e-06)
( 2.75296068e-05, 8.94343275e-06)
( 3.05496257e-05, 9.76672269e-06)
( 3.35093977e-05, 1.05728745e-05)
( 3.64031332e-05, 1.13603193e-05)
( 3.92251731e-05, 1.21275264e-05)
( 4.19700002e-05, 1.28730065e-05)
( 4.46322497e-05, 1.35953147e-05)
( 4.72067199e-05, 1.42930526e-05)
( 4.96883825e-05, 1.49648721e-05)
( 5.20723921e-05, 1.56094769e-05)
( 5.43540959e-05, 1.62256259e-05)
( 5.65290428e-05, 1.68121351e-05)
( 5.85929924e-05, 1.73678799e-05)
( 6.05419225e-05, 1.78917973e-05)
( 6.23720381e-05, 1.83828880e-05)
( 6.40797776e-05, 1.88402184e-05)
( 6.56618210e-05, 1.92629218e-05)
( 6.71150952e-05, 1.96502008e-05)
( 6.84367811e-05, 2.00013282e-05)
( 6.96243183e-05, 2.03156484e-05)
( 7.06754104e-05, 2.05925790e-05)
( 7.15880296e-05, 2.08316115e-05)
( 7.23604206e-05, 2.10323120e-05)
( 7.29911039e-05, 2.11943225e-05)
( 7.34788787e-05, 2.13173611e-05)
( 7.38228253e-05, 2.14012226e-05)
( 7.40223070e-05, 2.14457788e-05)
( 7.40769711e-05, 2.14509783e-05)
( 7.39867498e-05, 2.14168471e-05)
( 7.37518602e-05, 2.13434879e-05)
( 7.33728038e-05, 2.12310802e-05)
( 7.28503655e-05, 2.10798793e-05)
( 7.21856124e-05, 2.08902163e-05)
( 7.13798912e-05, 2.06624968e-05)
( 7.04348258e-05, 2.03972004e-05)
( 6.93523142e-05, 2.00948794e-05)
( 6.81345245e-05, 1.97561574e-05)
( 6.67838909e-05, 1.93817287e-05)
( 6.53031089e-05, 1.89723559e-05)
( 6.36951296e-05, 1.85288689e-05)
( 6.19631546e-05, 1.80521630e-05)
( 6.01106291e-05, 1.75431971e-05)
( 5.81412355e-05, 1.70029915e-05)
( 5.60588861e-05, 1.64326260e-05)
( 5.38677154e-05, 1.58332375e-05)
( 5.15720717e-05, 1.52060180e-05)
( 4.91765093e-05, 1.45522118e-05)
( 4.66857788e-05, 1.38731132e-05)
( 4.41048182e-05, 1.31700637e-05)
( 4.14387432e-05, 1.24444496e-05)
( 3.86928369e-05, 1.16976988e-05)
( 3.58725399e-05, 1.09312782e-05)
( 3.29834390e-05, 1.01466908e-05)
( 3.00312568e-05, 9.34547226e-06)
( 2.70218403e-05, 8.52918852e-06)
( 2.39611493e-05, 7.69943211e-06)
( 2.08552448e-05, 6.85781922e-06)
( 1.77102771e-05, 6.00598645e-06)
( 1.45324738e-05, 5.14558759e-06)
( 1.13281273e-05, 4.27829030e-06)
( 8.10358295e-06, 3.40577289e-06)
( 4.86522599e-06, 2.52972094e-06)
( 1.61946949e-06, 1.65182403e-06)
(-1.62725850e-06, 7.73772421e-07)
(-4.86852750e-06,-1.02746286e-07)
(-8.09791724e-06,-9.76050411e-07)
(-1.13090303e-05,-1.84446751e-06)
(-1.44955047e-05,-2.70633763e-06)
(-1.76510263e-05,-3.56001650e-06)
(-2.07693414e-05,-4.40387881e-06)
(-2.38442690e-05,-5.23632125e-06)
(-2.68697128e-05,-6.05576570e-06)
(-2.98396733e-05,-6.86066226e-06)
(-3.27482599e-05,-7.64949218e-06)
(-3.55897019e-05,-8.42077086e-06)
(-3.83583605e-05,-9.17305065e-06)
(-4.10487395e-05,-9.90492364e-06)
(-4.36554963e-05,-1.06150243e-05)
(-4.61734525e-05,-1.13020323e-05)
(-4.85976041e-05,-1.19646745e-05)
(-5.09231312e-05,-1.26017281e-05)
(-5.31454078e-05,-1.32120223e-05)
(-5.52600107e-05,-1.37944410e-05)
(-5.72627286e-05,-1.43479243e-05)
(-5.91495702e-05,-1.48714713e-05)
(-6.09167719e-05,-1.53641411e-05)
(-6.25608058e-05,-1.58250553e-05)
(-6.40783865e-05,-1.62533990e-05)
(-6.54664772e-05,-1.66484228e-05)
(-6.67222966e-05,-1.70094439e-05)
(-6.78433238e-05,-1.73358472e-05)
(-6.88273033e-05,-1.76270868e-05)
(-6.96722503e-05,-1.78826866e-05)
(-7.03764536e-05,-1.81022413e-05)
(-7.09384801e-05,-1.82854171e-05)
(-7.13571769e-05,-1.84319522e-05)
(-7.16316742e-05,-1.85416571e-05)
(-7.17613870e-05,-1.86144151e-05)
(-7.17460159e-05,-1.86501822e-05)
(-7.15855486e-05,-1.86489873e-05)
(-7.12802594e-05,-1.86109318e-05)
(-7.08307090e-05,-1.85361895e-05)
(-7.02377435e-05,-1.84250060e-05)
(-6.95024926e-05,-1.82776985e-05)
(-6.86263679e-05,-1.80946543e-05)
(-6.76110601e-05,-1.78763309e-05)
(-6.64585355e-05,-1.76232542e-05)
(-6.51710323e-05,-1.73360181e-05)
(-6.37510569e-05,-1.70152825e-05)
(-6.22013780e-05,-1.66617726e-05)
(-6.05250223e-05,-1.62762769e-05)
(-5.87252679e-05,-1.58596460e-05)
(-5.68056383e-05,-1.54127906e-05)
(-5.47698954e-05,-1.49366795e-05)
(-5.26220323e-05,-1.44323382e-05)
(-5.03662656e-05,-1.39008460e-05)
(-4.80070266e-05,-1.33433347e-05)
(-4.55489536e-05,-1.27609857e-05)
(-4.29968820e-05,-1.21550279e-05)
(-4.03558353e-05,-1.15267352e-05)
(-3.76310149e-05,-1.08774239e-05)
(-3.48277906e-05,-1.02084502e-05)
(-3.19516892e-05,-9.52120735e-06)
(-2.90083843e-05,-8.81712298e-06)
(-2.60036849e-05,-8.09765628e-06)
(-2.29435240e-05,-7.36429507e-06)
(-1.98339471e-05,-6.61855287e-06)
(-1.66811000e-05,-5.86196591e-06)
(-1.34912171e-05,-5.09609009e-06)
(-1.02706089e-05,-4.32249795e-06)
(-7.02564950e-06,-3.54277551e-06)
(-3.76276433e-06,-2.75851923e-06)
(-4.88417164e-07,-1.97133280e-06)
( 2.79090243e-06,-1.18282401e-06)
( 6.06869197e-06,-3.94601633e-07)
( 9.33844889e-06, 3.91727787e-07)
( 1.25936834e-05, 1.17456305e-06)
( 1.58279312e-05, 1.95231144e-06)
( 1.90347665e-05, 2.72339188e-06)
( 2.22078144e-05, 3.48623796e-06)
( 2.53407640e-05, 4.23930106e-06)
( 2.84273803e-05, 4.98105336e-06)
( 3.14615170e-05, 5.70999083e-06)
( 3.44371286e-05, 6.42463614e-06)
( 3.73482822e-05, 7.12354160e-06)
( 4.01891695e-05, 7.80529193e-06)
( 4.29541182e-05, 8.46850708e-06)
( 4.56376035e-05, 9.11184487e-06)
( 4.82342588e-05, 9.73400366e-06)
( 5.07388863e-05, 1.03337248e-05)
( 5.31464679e-05, 1.09097953e-05)
( 5.54521746e-05, 1.14610499e-05)
( 5.76513765e-05, 1.19863734e-05)
( 5.97396519e-05, 1.24847032e-05)
( 6.17127960e-05, 1.29550310e-05)
( 6.35668298e-05, 1.33964047e-05)
( 6.52980073e-05, 1.38079305e-05)
( 6.69028237e-05, 1.41887746e-05)
( 6.83780222e-05, 1.45381648e-05)
( 6.97206003e-05, 1.48553920e-05)
( 7.09278162e-05, 1.51398114e-05)
( 7.19971942e-05, 1.53908441e-05)
( 7.29265296e-05, 1.56079780e-05)
( 7.37138932e-05, 1.57907689e-05)
( 7.43576353e-05, 1.59388412e-05)
( 7.48563893e-05, 1.60518888e-05)
( 7.52090739e-05, 1.61296758e-05)
( 7.54148959e-05, 1.61720366e-05)
( 7.54733516e-05, 1.61788764e-05)
( 7.53842281e-05, 1.61501716e-05)
( 7.51476036e-05, 1.60859695e-05)
( 7.47638476e-05, 1.59863885e-05)
( 7.42336199e-05, 1.58516175e-05)
( 7.35578698e-05, 1.56819160e-05)
( 7.27378341e-05, 1.54776132e-05)
( 7.17750349e-05, 1.52391076e-05)
( 7.06712764e-05, 1.49668660e-05)
( 6.94286416e-05, 1.46614228e-05)
( 6.80494885e-05, 1.43233787e-05)
( 6.65364449e-05, 1.39533999e-05)
( 6.48924041e-05, 1.35522164e-05)
( 6.31205184e-05, 1.31206209e-05)
( 6.12241935e-05, 1.26594668e-05)
( 5.92070818e-05, 1.21696672e-05)
( 5.70730749e-05, 1.16521923e-05)
( 5.48262963e-05, 1.11080682e-05)
( 5.24710931e-05, 1.05383746e-05)
( 5.00120275e-05, 9.94424235e-06)
( 4.74538679e-05, 9.32685193e-06)
( 4.48015794e-05, 8.68743055e-06)
( 4.20603140e-05, 8.02724995e-06)
( 3.92354007e-05, 7.34762391e-06)
( 3.63323346e-05, 6.64990562e-06)
( 3.33567662e-05, 5.93548502e-06)
( 3.03144904e-05, 5.20578608e-06)
( 2.72114349e-05, 4.46226399e-06)
( 2.40536485e-05, 3.70640227e-06)
( 2.08472892e-05, 2.93970986e-06)
( 1.75986120e-05, 2.16371814e-06)
( 1.43139564e-05, 1.37997793e-06)
( 1.09997340e-05, 5.90056376e-07)
( 7.66241599e-06,-2.04466105e-07)
( 4.30851987e-06,-1.00199896e-06)
( 9.44596974e-07,-1.80094464e-06)
(-2.42278070e-06,-2.59970177e-06)
(-5.78703346e-06,-3.39666833e-06)
(-9.14158691e-06,-4.19024477e-06)
(-1.24798851e-05,-4.97883726e-06)
(-1.57954032e-05,-5.76086078e-06)
(-1.90816610e-05,-6.53474229e-06)
(-2.23322350e-05,-7.29892384e-06)
(-2.55407717e-05,-8.05186569e-06)
(-2.87010002e-05,-8.79204933e-06)
(-3.18067441e-05,-9.51798049e-06)
(-3.48519341e-05,-1.02281921e-05)
(-3.78306203e-05,-1.09212474e-05)
(-4.07369833e-05,-1.15957424e-05)
(-4.35653462e-05,-1.22503089e-05)
(-4.63101859e-05,-1.28836175e-05)
(-4.89661436e-05,-1.34943796e-05)
(-5.15280360e-05,-1.40813505e-05)
(-5.39908648e-05,-1.46433317e-05)
(-5.63498274e-05,-1.51791733e-05)
(-5.86003259e-05,-1.56877761e-05)
(-6.07379761e-05,-1.61680942e-05)
(-6.27586168e-05,-1.66191366e-05)
(-6.46583172e-05,-1.70399698e-05)
(-6.64333853e-05,-1.74297188e-05)
(-6.80803748e-05,-1.77875698e-05)
(-6.95960921e-05,-1.81127710e-05)
(-7.09776025e-05,-1.84046347e-05)
(-7.22222361e-05,-1.86625383e-05)
(-7.33275928e-05,-1.88859258e-05)
(-7.42915473e-05,-1.90743086e-05)
(-7.51122531e-05,-1.92272667e-05)
(-7.57881461e-05,-1.93444497e-05)
(-7.63179477e-05,-1.94255770e-05)
(-7.67006673e-05,-1.94704389e-05)
(-7.69356041e-05,-1.94788966e-05)
(-7.70223485e-05,-1.94508828e-05)
(-7.69607830e-05,-1.93864015e-05)
(-7.67510819e-05,-1.92855283e-05)
(-7.63937115e-05,-1.91484101e-05)
(-7.58894286e-05,-1.89752646e-05)
(-7.52392792e-05,-1.87663804e-05)
(-7.44445964e-05,-1.85221159e-05)
(-7.35069973e-05,-1.82428987e-05)
(-7.24283802e-05,-1.79292250e-05)
(-7.12109204e-05,-1.75816583e-05)
(-6.98570662e-05,-1.72008282e-05)
(-6.83695334e-05,-1.67874296e-05)
(-6.67513005e-05,-1.63422207e-05)
(-6.50056020e-05,-1.58660221e-05)
(-6.31359228e-05,-1.53597146e-05)
(-6.11459902e-05,-1.48242377e-05)
(-5.90397674e-05,-1.42605875e-05)
(-5.68214449e-05,-1.36698152e-05)
(-5.44954324e-05,-1.30530244e-05)
(-5.20663499e-05,-1.24113692e-05)
(-4.95390187e-05,-1.17460516e-05)
(-4.69184515e-05,-1.10583197e-05)
(-4.42098424e-05,-1.03494645e-05)
(-4.14185569e-05,-9.62081758e-06)
(-3.85501208e-05,-8.87374853e-06)
(-3.56102094e-05,-8.10966210e-06)
(-3.26046363e-05,-7.32999538e-06)
(-2.95393416e-05,-6.53621495e-06)
(-2.64203803e-05,-5.72981392e-06)
(-2.32539102e-05,-4.91230896e-06)
(-2.00461794e-05,-4.08523723e-06)
(-1.68035144e-05,-3.25015337e-06)
(-1.35323074e-05,-2.40862632e-06)
(-1.02390032e-05,-1.56223627e-06)
(-6.93008698e-06,-7.12571435e-07)
(-3.61207107e-06, 1.38775077e-07)
(-2.91482304e-07, 9.90208429e-07)
( 3.02515107e-06, 1.84013524e-06)
( 6.33131221e-06, 2.68696674e-06)
( 9.62050863e-06, 3.52912195e-06)
( 1.28862850e-05, 4.36503074e-06)
( 1.61222358e-05, 5.19313704e-06)
( 1.93220183e-05, 6.01190184e-06)
( 2.24793646e-05, 6.81980623e-06)
( 2.55880944e-05, 7.61535441e-06)
( 2.86421269e-05, 8.39707665e-06)
( 3.16354930e-05, 9.16353210e-06)
( 3.45623468e-05, 9.91331168e-06)
( 3.74169774e-05, 1.06450408e-05)
( 4.01938199e-05, 1.13573820e-05)
( 4.28874664e-05, 1.20490377e-05)
( 4.54926766e-05, 1.27187525e-05)
( 4.80043880e-05, 1.33653155e-05)
( 5.04177262e-05, 1.39875633e-05)
( 5.27280139e-05, 1.45843813e-05)
( 5.49307803e-05, 1.51547064e-05)
( 5.70217700e-05, 1.56975290e-05)
( 5.89969509e-05, 1.62118946e-05)
( 6.08525226e-05, 1.66969057e-05)
( 6.25849232e-05, 1.71517238e-05)
( 6.41908367e-05, 1.75755704e-05)
( 6.56671990e-05, 1.79677287e-05)
( 6.70112043e-05, 1.83275450e-05)
( 6.82203103e-05, 1.86544296e-05)
( 6.92922427e-05, 1.89478579e-05)
( 7.02250004e-05, 1.92073714e-05)
( 7.10168584e-05, 1.94325783e-05)
( 7.16663719e-05, 1.96231541e-05)
( 7.21723783e-05, 1.97788423e-05)
( 7.25339998e-05, 1.98994545e-05)
( 7.27506450e-05, 1.99848706e-05)
( 7.28220095e-05, 2.00350391e-05)
( 7.27480768e-05, 2.00499765e-05)
( 7.25291183e-05, 2.00297679e-05)
( 7.21656918e-05, 1.99745656e-05)
( 7.16586413e-05, 1.98845894e-05)
( 7.10090946e-05, 1.97601258e-05)
( 7.02184609e-05, 1.96015269e-05)
( 6.92884282e-05, 1.94092098e-05)
( 6.82209595e-05, 1.91836555e-05)
( 6.70182893e-05, 1.89254077e-05)
( 6.56829182e-05, 1.86350714e-05)
( 6.42176089e-05, 1.83133120e-05)
( 6.26253798e-05, 1.79608529e-05)
( 6.09094992e-05, 1.75784748e-05)
( 5.90734789e-05, 1.71670131e-05)
( 5.71210668e-05, 1.67273566e-05)
( 5.50562399e-05, 1.62604456e-05)
( 5.28831958e-05, 1.57672693e-05)
( 5.06063446e-05, 1.52488642e-05)
( 4.82303003e-05, 1.47063113e-05)
( 4.57598711e-05, 1.41407345e-05)
( 4.32000504e-05, 1.35532974e-05)
( 4.05560064e-05, 1.29452016e-05)
( 3.78330720e-05, 1.23176836e-05)
( 3.50367345e-05, 1.16720121e-05)
( 3.21726241e-05, 1.10094861e-05)
( 2.92465033e-05, 1.03314313e-05)
( 2.62642553e-05, 9.63919785e-06)
( 2.32318722e-05, 8.93415744e-06)
( 2.01554432e-05, 8.21770045e-06)
( 1.70411428e-05, 7.49123308e-06)
( 1.38952181e-05, 6.75617449e-06)
( 1.07239771e-05, 6.01395390e-06)
( 7.53377562e-06, 5.26600772e-06)
( 4.33100504e-06, 4.51377657e-06)
( 1.12207968e-06, 3.75870248e-06)
(-2.08657590e-06, 3.00222591e-06)
(-5.28853960e-06, 2.24578291e-06)
(-8.47740441e-06, 1.49080229e-06)
(-1.16467911e-05, 7.38702753e-07)
(-1.47903607e-05,-9.10988494e-09)
(-1.79018271e-05,-7.51245437e-07)
(-2.09749694e-05,-1.48633207e-06)
(-2.40036443e-05,-2.21301896e-06)
(-2.69817977e-05,-2.92997889e-06)
(-2.99034774e-05,-3.63591080e-06)
(-3.27628442e-05,-4.32954229e-06)
(-3.55541837e-05,-5.00963198e-06)
(-3.82719174e-05,-5.67497189e-06)
(-4.09106139e-05,-6.32438965e-06)
(-4.34649993e-05,-6.95675073e-06)
(-4.59299677e-05,-7.57096047e-06)
(-4.83005916e-05,-8.16596610e-06)
(-5.05721310e-05,-8.74075863e-06)
(-5.27400431e-05,-9.29437464e-06)
(-5.47999912e-05,-9.82589799e-06)
(-5.67478534e-05,-1.03344614e-05)
(-5.85797302e-05,-1.08192480e-05)
(-6.02919527e-05,-1.12794924e-05)
(-6.18810899e-05,-1.17144826e-05)
(-6.33439549e-05,-1.21235604e-05)
(-6.46776118e-05,-1.25061229e-05)
(-6.58793809e-05,-1.28616232e-05)
(-6.69468446e-05,-1.31895713e-05)
(-6.78778520e-05,-1.34895348e-05)
(-6.86705228e-05,-1.37611393e-05)
(-6.93232515e-05,-1.40040689e-05)
(-6.98347103e-05,-1.42180668e-05)
(-7.02038520e-05,-1.44029348e-05)
(-7.04299119e-05,-1.45585342e-05)
(-7.05124094e-05,-1.46847852e-05)
(-7.04511491e-05,-1.47816667e-05)
(-7.02462210e-05,-1.48492164e-05)
(-6.98980008e-05,-1.48875302e-05)
(-6.94071487e-05,-1.48967615e-05)
(-6.87746085e-05,-1.48771209e-05)
(-6.80016059e-05,-1.48288752e-05)
(-6.70896458e-05,-1.47523464e-05)
(-6.60405096e-05,-1.46479115e-05)
(-6.48562520e-05,-1.45160002e-05)
(-6.35391966e-05,-1.43570951e-05)
(-6.20919316e-05,-1.41717291e-05)
(-6.05173049e-05,-1.39604853e-05)
(-5.88184185e-05,-1.37239944e-05)
(-5.69986223e-05,-1.34629340e-05)
(-5.50615080e-05,-1.31780265e-05)
(-5.30109016e-05,-1.28700375e-05)
(-5.08508563e-05,-1.25397743e-05)
(-4.85856447e-05,-1.21880835e-05)
(-4.62197500e-05,-1.18158493e-05)
(-4.37578578e-05,-1.14239919e-05)
(-4.12048467e-05,-1.10134648e-05)
(-3.85657786e-05,-1.05852530e-05)
(-3.58458893e-05,-1.01403710e-05)
(-3.30505777e-05,-9.67986013e-06)
(-3.01853957e-05,-9.20478678e-06)
(-2.72560372e-05,-8.71623985e-06)
(-2.42683267e-05,-8.21532846e-06)
(-2.12282083e-05,-7.70317963e-06)
(-1.81417339e-05,-7.18093592e-06)
(-1.50150511e-05,-6.64975299e-06)
(-1.18543916e-05,-6.11079728e-06)
(-8.66605859e-06,-5.56524350e-06)
(-5.45641443e-06,-5.01427231e-06)
(-2.23186834e-06,-4.45906786e-06)
( 1.00113639e-06,-3.90081539e-06)
( 4.23613497e-06,-3.34069886e-06)
( 7.46665391e-06,-2.77989855e-06)
( 1.06862237e-05,-2.21958871e-06)
( 1.38883917e-05,-1.66093524e-06)
( 1.70667346e-05,-1.10509338e-06)
( 2.02148715e-05,-5.53205436e-07)
( 2.33264761e-05,-6.39857151e-09)
( 2.63952895e-05, 5.34217402e-07)
( 2.94151326e-05, 1.06755215e-06)
( 3.23799179e-05, 1.59253693e-06)
( 3.52836623e-05, 2.10812658e-06)
( 3.81204983e-05, 2.61330156e-06)
( 4.08846863e-05, 3.10706982e-06)
( 4.35706252e-05, 3.58846868e-06)
( 4.61728643e-05, 4.05656662e-06)
( 4.86861140e-05, 4.51046497e-06)
( 5.11052561e-05, 4.94929957e-06)
( 5.34253542e-05, 5.37224235e-06)
( 5.56416636e-05, 5.77850278e-06)
( 5.77496409e-05, 6.16732932e-06)
( 5.97449531e-05, 6.53801068e-06)
( 6.16234861e-05, 6.88987714e-06)
( 6.33813534e-05, 7.22230163e-06)
( 6.50149036e-05, 7.53470082e-06)
( 6.65207282e-05, 7.82653609e-06)
( 6.78956682e-05, 8.09731437e-06)
( 6.91368207e-05, 8.34658901e-06)
( 7.02415451e-05, 8.57396035e-06)
( 7.12074681e-05, 8.77907643e-06)
( 7.20324889e-05, 8.96163341e-06)
( 7.27147837e-05, 9.12137601e-06)
( 7.32528096e-05, 9.25809779e-06)
( 7.36453073e-05, 9.37164140e-06)
( 7.38913049e-05, 9.46189865e-06)
( 7.39901193e-05, 9.52881055e-06)
( 7.39413581e-05, 9.57236722e-06)
( 7.37449206e-05, 9.59260774e-06)
( 7.34009986e-05, 9.58961985e-06)
( 7.29100759e-05, 9.56353959e-06)
( 7.22729278e-05, 9.51455089e-06)
( 7.14906201e-05, 9.44288496e-06)
( 7.05645069e-05, 9.34881971e-06)
( 6.94962286e-05, 9.23267898e-06)
( 6.82877087e-05, 9.09483178e-06)
( 6.69411503e-05, 8.93569136e-06)
( 6.54590325e-05, 8.75571423e-06)
( 6.38441051e-05, 8.55539912e-06)
( 6.20993840e-05, 8.33528585e-06)
( 6.02281452e-05, 8.09595409e-06)
( 5.82339189e-05, 7.83802210e-06)
( 5.61204826e-05, 7.56214538e-06)
( 5.38918539e-05, 7.26901521e-06)
( 5.15522829e-05, 6.95935720e-06)
( 4.91062441e-05, 6.63392970e-06)
( 4.65584279e-05, 6.29352224e-06)
( 4.39137311e-05, 5.93895382e-06)
( 4.11772481e-05, 5.57107122e-06)
( 3.83542604e-05, 5.19074719e-06)
( 3.54502271e-05, 4.79887870e-06)
( 3.24707736e-05, 4.39638502e-06)
( 2.94216811e-05, 3.98420586e-06)
( 2.63088753e-05, 3.56329941e-06)
( 2.31384146e-05, 3.13464044e-06)
( 1.99164786e-05, 2.69921819e-06)
( 1.66493559e-05, 2.25803448e-06)
( 1.33434317e-05, 1.81210158e-06)
( 1.00051754e-05, 1.36244021e-06)
( 6.64112779e-06, 9.10077426e-07)
( 3.25788838e-06, 4.56044583e-07)
(-1.37897741e-07, 1.37521910e-09)
(-3.53955290e-06,-4.52897012e-07)
(-6.94038005e-06,-9.05740438e-07)
(-1.03336760e-05,-1.35612744e-06)
(-1.37127445e-05,-1.80303652e-06)
(-1.70709098e-05,-2.24545438e-06)
(-2.04015295e-05,-2.68237791e-06)
(-2.36980081e-05,-3.11281627e-06)
(-2.69538097e-05,-3.53579286e-06)
(-3.01624712e-05,-3.95034725e-06)
(-3.33176153e-05,-4.35553718e-06)
(-3.64129628e-05,-4.75044041e-06)
(-3.94423454e-05,-5.13415661e-06)
(-4.23997181e-05,-5.50580915e-06)
(-4.52791710e-05,-5.86454692e-06)
(-4.80749413e-05,-6.20954601e-06)
(-5.07814247e-05,-6.54001140e-06)
(-5.33931870e-05,-6.85517860e-06)
(-5.59049744e-05,-7.15431517e-06)
(-5.83117249e-05,-7.43672224e-06)
(-6.06085775e-05,-7.70173597e-06)
(-6.27908831e-05,-7.94872887e-06)
(-6.48542128e-05,-8.17711114e-06)
(-6.67943679e-05,-8.38633187e-06)
(-6.86073877e-05,-8.57588023e-06)
(-7.02895577e-05,-8.74528651e-06)
(-7.18374177e-05,-8.89412312e-06)
(-7.32477679e-05,-9.02200557e-06)
(-7.45176766e-05,-9.12859321e-06)
(-7.56444853e-05,-9.21359006e-06)
(-7.66258147e-05,-9.27674546e-06)
(-7.74595695e-05,-9.31785460e-06)
(-7.81439430e-05,-9.33675910e-06)
(-7.86774206e-05,-9.33334731e-06)
(-7.90587832e-05,-9.30755470e-06)
(-7.92871101e-05,-9.25936406e-06)
(-7.93617807e-05,-9.18880559e-06)
(-7.92824760e-05,-9.09595697e-06)
(-7.90491799e-05,-8.98094331e-06)
(-7.86621789e-05,-8.84393694e-06)
(-7.81220623e-05,-8.68515724e-06)
(-7.74297209e-05,-8.50487025e-06)
(-7.65863458e-05,-8.30338824e-06)
(-7.55934257e-05,-8.08106922e-06)
(-7.44527450e-05,-7.83831629e-06)
(-7.31663798e-05,-7.57557694e-06)
(-7.17366943e-05,-7.29334226e-06)
(-7.01663363e-05,-6.99214607e-06)
(-6.84582323e-05,-6.67256389e-06)
(-6.66155816e-05,-6.33521195e-06)
(-6.46418503e-05,-5.98074600e-06)
(-6.25407647e-05,-5.60986013e-06)
(-6.03163041e-05,-5.22328539e-06)
(-5.79726929e-05,-4.82178848e-06)
(-5.55143927e-05,-4.40617026e-06)
(-5.29460934e-05,-3.97726420e-06)
(-5.02727040e-05,-3.53593480e-06)
(-4.74993434e-05,-3.08307592e-06)
(-4.46313298e-05,-2.61960903e-06)
(-4.16741711e-05,-2.14648141e-06)
(-3.86335532e-05,-1.66466430e-06)
(-3.55153297e-05,-1.17515099e-06)
(-3.23255097e-05,-6.78954847e-07)
(-2.90702466e-05,-1.77107322e-07)
(-2.57558256e-05, 3.29344140e-07)
(-2.23886516e-05, 8.39338158e-07)
(-1.89752364e-05, 1.35180158e-06)
(-1.55221859e-05, 1.86565163e-06)
(-1.20361874e-05, 2.37979811e-06)
(-8.52399591e-06, 2.89314560e-06)
(-4.99242130e-06, 3.40459573e-06)
(-1.44831461e-06, 3.91304940e-06)
( 2.10144538e-06, 4.41740906e-06)
( 5.64996573e-06, 4.91658098e-06)
( 9.19035295e-06, 5.40947750e-06)
( 1.27157266e-05, 5.89501933e-06)
( 1.62192329e-05, 6.37213779e-06)
( 1.96940582e-05, 6.83977705e-06)
( 2.31334424e-05, 7.29689641e-06)
( 2.65306927e-05, 7.74247243e-06)
( 2.98791960e-05, 8.17550121e-06)
( 3.31724329e-05, 8.59500044e-06)
( 3.64039898e-05, 9.00001161e-06)
( 3.95675722e-05, 9.38960204e-06)
( 4.26570165e-05, 9.76286693e-06)
( 4.56663027e-05, 1.01189313e-05)
( 4.85895661e-05, 1.04569520e-05)
( 5.14211087e-05, 1.07761196e-05)
( 5.41554107e-05, 1.10756600e-05)
( 5.67871412e-05, 1.13548365e-05)
( 5.93111688e-05, 1.16129511e-05)
( 6.17225718e-05, 1.18493465e-05)
( 6.40166476e-05, 1.20634073e-05)
( 6.61889223e-05, 1.22545617e-05)
( 6.82351594e-05, 1.24222827e-05)
( 7.01513679e-05, 1.25660892e-05)
( 7.19338105e-05, 1.26855478e-05)
( 7.35790106e-05, 1.27802732e-05)
( 7.50837593e-05, 1.28499295e-05)
( 7.64451218e-05, 1.28942312e-05)
( 7.76604427e-05, 1.29129437e-05)
( 7.87273518e-05, 1.29058844e-05)
( 7.96437680e-05, 1.28729226e-05)
( 8.04079041e-05, 1.28139810e-05)
( 8.10182695e-05, 1.27290349e-05)
( 8.14736737e-05, 1.26181135e-05)
( 8.17732281e-05, 1.24812993e-05)
( 8.19163480e-05, 1.23187284e-05)
( 8.19027534e-05, 1.21305907e-05)
( 8.17324696e-05, 1.19171291e-05)
( 8.14058271e-05, 1.16786397e-05)
( 8.09234607e-05, 1.14154713e-05)
( 8.02863083e-05, 1.11280245e-05)
( 7.94956088e-05, 1.08167517e-05)
( 7.85528998e-05, 1.04821557e-05)
( 7.74600142e-05, 1.01247892e-05)
( 7.62190764e-05, 9.74525381e-06)
( 7.48324986e-05, 9.34419873e-06)
( 7.33029751e-05, 8.92231990e-06)
( 7.16334778e-05, 8.48035845e-06)
( 6.98272493e-05, 8.01909947e-06)
( 6.78877972e-05, 7.53937039e-06)
( 6.58188866e-05, 7.04203952e-06)
( 6.36245331e-05, 6.52801429e-06)
( 6.13089940e-05, 5.99823953e-06)
( 5.88767607e-05, 5.45369560e-06)
( 5.63325493e-05, 4.89539648e-06)
( 5.36812911e-05, 4.32438776e-06)
( 5.09281236e-05, 3.74174453e-06)
( 4.80783791e-05, 3.14856928e-06)
( 4.51375755e-05, 2.54598963e-06)
( 4.21114044e-05, 1.93515612e-06)
( 3.90057202e-05, 1.31723982e-06)
( 3.58265287e-05, 6.93429990e-07)
( 3.25799751e-05, 6.49316502e-08)
( 2.92723321e-05,-5.67036902e-07)
( 2.59099870e-05,-1.20124657e-06)
( 2.24994301e-05,-1.83645999e-06)
( 1.90472412e-05,-2.47143408e-06)
( 1.55600767e-05,-3.10492264e-06)
( 1.20446573e-05,-3.73567886e-06)
( 8.50775412e-06,-4.36245801e-06)
( 4.95617563e-06,-4.98401992e-06)
( 1.39675460e-06,-5.59913165e-06)
(-2.16366541e-06,-6.20657002e-06)
(-5.71824335e-06,-6.80512417e-06)
(-9.26015398e-06,-7.39359813e-06)
(-1.27826011e-05,-7.97081326e-06)
(-1.62788308e-05,-8.53561080e-06)
(-1.97421446e-05,-9.08685424e-06)
(-2.31659121e-05,-9.62343176e-06)
(-2.65435843e-05,-1.01442586e-05)
(-2.98687058e-05,-1.06482791e-05)
(-3.31349275e-05,-1.11344694e-05)
(-3.63360188e-05,-1.16018391e-05)
(-3.94658795e-05,-1.20494337e-05)
(-4.25185514e-05,-1.24763364e-05)
(-4.54882300e-05,-1.28816702e-05)
(-4.83692754e-05,-1.32645997e-05)
(-5.11562233e-05,-1.36243326e-05)
(-5.38437948e-05,-1.39601220e-05)
(-5.64269073e-05,-1.42712671e-05)
(-5.89006836e-05,-1.45571156e-05)
(-6.12604610e-05,-1.48170644e-05)
(-6.35018006e-05,-1.50505612e-05)
(-6.56204954e-05,-1.52571054e-05)
(-6.76125781e-05,-1.54362494e-05)
(-6.94743285e-05,-1.55875995e-05)
(-7.12022807e-05,-1.57108165e-05)
(-7.27932293e-05,-1.58056166e-05)
(-7.42442353e-05,-1.58717720e-05)
(-7.55526317e-05,-1.59091113e-05)
(-7.67160280e-05,-1.59175196e-05)
(-7.77323150e-05,-1.58969393e-05)
(-7.85996680e-05,-1.58473694e-05)
(-7.93165504e-05,-1.57688662e-05)
(-7.98817163e-05,-1.56615429e-05)
(-8.02942122e-05,-1.55255691e-05)
(-8.05533793e-05,-1.53611707e-05)
(-8.06588535e-05,-1.51686292e-05)
(-8.06105664e-05,-1.49482811e-05)
(-8.04087451e-05,-1.47005175e-05)
(-8.00539109e-05,-1.44257825e-05)
(-7.95468787e-05,-1.41245729e-05)
(-7.88887544e-05,-1.37974370e-05)
(-7.80809330e-05,-1.34449729e-05)
(-7.71250951e-05,-1.30678281e-05)
(-7.60232039e-05,-1.26666970e-05)
(-7.47775006e-05,-1.22423204e-05)
(-7.33905000e-05,-1.17954834e-05)
(-7.18649856e-05,-1.13270137e-05)
(-7.02040033e-05,-1.08377802e-05)
(-6.84108561e-05,-1.03286906e-05)
(-6.64890966e-05,-9.80068990e-06)
(-6.44425208e-05,-9.25475840e-06)
(-6.22751596e-05,-8.69190936e-06)
(-5.99912718e-05,-8.11318705e-06)
(-5.75953348e-05,-7.51966457e-06)
(-5.50920363e-05,-6.91244153e-06)
(-5.24862650e-05,-6.29264185e-06)
(-4.97831009e-05,-5.66141134e-06)
(-4.69878053e-05,-5.01991543e-06)
(-4.41058110e-05,-4.36933669e-06)
(-4.11427110e-05,-3.71087246e-06)
(-3.81042482e-05,-3.04573239e-06)
(-3.49963040e-05,-2.37513597e-06)
(-3.18248870e-05,-1.70031011e-06)
(-2.85961213e-05,-1.02248661e-06)
(-2.53162347e-05,-3.42899752e-07)
(-2.19915466e-05, 3.37216195e-07)
(-1.86284562e-05, 1.01662940e-06)
(-1.52334296e-05, 1.69411289e-06)
(-1.18129880e-05, 2.36844696e-06)
(-8.37369470e-06, 3.03842157e-06)
(-4.92214276e-06, 3.70283859e-06)
(-1.46494241e-06, 4.36051422e-06)
( 1.99129164e-06, 5.01028114e-06)
( 5.43995285e-06, 5.65099076e-06)
( 8.87445537e-06, 6.28151534e-06)
( 1.22882466e-05, 6.90075012e-06)
( 1.56748197e-05, 7.50761531e-06)
( 1.90277260e-05, 8.10105806e-06)
( 2.23405869e-05, 8.68005435e-06)
( 2.56071064e-05, 9.24361082e-06)
( 2.88210828e-05, 9.79076648e-06)
( 3.19764205e-05, 1.03205944e-05)
( 3.50671412e-05, 1.08322032e-05)
( 3.80873959e-05, 1.13247388e-05)
( 4.10314751e-05, 1.17973854e-05)
( 4.38938200e-05, 1.22493670e-05)
( 4.66690329e-05, 1.26799490e-05)
( 4.93518875e-05, 1.30884385e-05)
( 5.19373382e-05, 1.34741860e-05)
( 5.44205300e-05, 1.38365860e-05)
( 5.67968076e-05, 1.41750782e-05)
( 5.90617238e-05, 1.44891476e-05)
( 6.12110479e-05, 1.47783257e-05)
( 6.32407738e-05, 1.50421909e-05)
( 6.51471272e-05, 1.52803686e-05)
( 6.69265727e-05, 1.54925321e-05)
( 6.85758204e-05, 1.56784022e-05)
( 7.00918319e-05, 1.58377480e-05)
( 7.14718259e-05, 1.59703863e-05)
( 7.27132834e-05, 1.60761821e-05)
( 7.38139523e-05, 1.61550481e-05)
( 7.47718514e-05, 1.62069443e-05)
( 7.55852740e-05, 1.62318784e-05)
( 7.62527913e-05, 1.62299045e-05)
( 7.67732545e-05, 1.62011232e-05)
( 7.71457969e-05, 1.61456807e-05)
( 7.73698358e-05, 1.60637682e-05)
( 7.74450729e-05, 1.59556211e-05)
( 7.73714949e-05, 1.58215185e-05)
( 7.71493738e-05, 1.56617817e-05)
( 7.67792654e-05, 1.54767738e-05)
( 7.62620088e-05, 1.52668983e-05)
( 7.55987243e-05, 1.50325982e-05)
( 7.47908112e-05, 1.47743547e-05)
( 7.38399454e-05, 1.44926860e-05)
( 7.27480752e-05, 1.41881462e-05)
( 7.15174184e-05, 1.38613237e-05)
( 7.01504573e-05, 1.35128403e-05)
( 6.86499343e-05, 1.31433491e-05)
( 6.70188464e-05, 1.27535338e-05)
( 6.52604392e-05, 1.23441066e-05)
( 6.33782010e-05, 1.19158073e-05)
( 6.13758558e-05, 1.14694012e-05)
( 5.92573561e-05, 1.10056780e-05)
( 5.70268755e-05, 1.05254497e-05)
( 5.46888004e-05, 1.00295499e-05)
( 5.22477218e-05, 9.51883109e-06)
( 4.97084264e-05, 8.99416404e-06)
( 4.70758873e-05, 8.45643558e-06)
( 4.43552546e-05, 7.90654723e-06)
( 4.15518454e-05, 7.34541355e-06)
( 3.86711336e-05, 6.77396056e-06)
( 3.57187394e-05, 6.19312413e-06)
( 3.27004188e-05, 5.60384839e-06)
( 2.96220520e-05, 5.00708422e-06)
( 2.64896326e-05, 4.40378765e-06)
( 2.33092559e-05, 3.79491835e-06)
( 2.00871071e-05, 3.18143815e-06)
( 1.68294497e-05, 2.56430953e-06)
( 1.35426133e-05, 1.94449418e-06)
( 1.02329814e-05, 1.32295158e-06)
( 6.90697920e-06, 7.00637589e-07)
( 3.57106130e-06, 7.85031181e-08)
( 2.31699203e-07,-5.42507232e-07)
(-3.10463109e-06,-1.16145645e-06)
(-6.43146157e-06,-1.77741636e-06)
(-9.74234465e-06,-2.38946886e-06)
(-1.30308656e-05,-2.99670709e-06)
(-1.62906549e-05,-3.59823659e-06)
(-1.95154007e-05,-4.19317637e-06)
(-2.26988606e-05,-4.78065999e-06)
(-2.58348742e-05,-5.35983661e-06)
(-2.89173746e-05,-5.92987192e-06)
(-3.19404005e-05,-6.48994912e-06)
(-3.48981074e-05,-7.03926981e-06)
(-3.77847793e-05,-7.57705483e-06)
(-4.05948395e-05,-8.10254511e-06)
(-4.33228615e-05,-8.61500244e-06)
(-4.59635797e-05,-9.11371019e-06)
(-4.85118994e-05,-9.59797406e-06)
(-5.09629071e-05,-1.00671227e-05)
(-5.33118797e-05,-1.05205083e-05)
(-5.55542940e-05,-1.09575073e-05)
(-5.76858355e-05,-1.13775209e-05)
(-5.97024066e-05,-1.17799755e-05)
(-6.16001352e-05,-1.21643232e-05)
(-6.33753818e-05,-1.25300425e-05)
(-6.50247469e-05,-1.28766383e-05)
(-6.65450778e-05,-1.32036425e-05)
(-6.79334747e-05,-1.35106147e-05)
(-6.91872964e-05,-1.37971418e-05)
(-7.03041659e-05,-1.40628390e-05)
(-7.12819746e-05,-1.43073496e-05)
(-7.21188872e-05,-1.45303458e-05)
(-7.28133449e-05,-1.47315281e-05)
(-7.33640689e-05,-1.49106263e-05)
(-7.37700626e-05,-1.50673994e-05)
(-7.40306144e-05,-1.52016355e-05)
(-7.41452984e-05,-1.53131525e-05)
(-7.41139760e-05,-1.54017975e-05)
(-7.39367961e-05,-1.54674476e-05)
(-7.36141948e-05,-1.55100097e-05)
(-7.31468950e-05,-1.55294203e-05)
(-7.25359046e-05,-1.55256460e-05)
(-7.17825154e-05,-1.54986831e-05)
(-7.08882999e-05,-1.54485581e-05)
(-6.98551090e-05,-1.53753273e-05)
(-6.86850681e-05,-1.52790767e-05)
(-6.73805730e-05,-1.51599223e-05)
(-6.59442856e-05,-1.50180101e-05)
(-6.43791286e-05,-1.48535153e-05)
(-6.26882797e-05,-1.46666431e-05)
(-6.08751656e-05,-1.44576280e-05)
(-5.89434554e-05,-1.42267340e-05)
(-5.68970533e-05,-1.39742541e-05)
(-5.47400909e-05,-1.37005105e-05)
(-5.24769193e-05,-1.34058540e-05)
(-5.01121003e-05,-1.30906642e-05)
(-4.76503976e-05,-1.27553490e-05)
(-4.50967674e-05,-1.24003444e-05)
(-4.24563486e-05,-1.20261139e-05)
(-3.97344524e-05,-1.16331490e-05)
(-3.69365521e-05,-1.12219680e-05)
(-3.40682721e-05,-1.07931159e-05)
(-3.11353765e-05,-1.03471643e-05)
(-2.81437581e-05,-9.88471056e-06)
(-2.50994260e-05,-9.40637751e-06)
(-2.20084943e-05,-8.91281297e-06)
(-1.88771692e-05,-8.40468920e-06)
(-1.57117371e-05,-7.88270228e-06)
(-1.25185516e-05,-7.34757160e-06)
(-9.30402097e-06,-6.80003913e-06)
(-6.07459515e-06,-6.24086877e-06)
(-2.83675278e-06,-5.67084568e-06)
( 4.03011873e-07,-5.09077545e-06)
( 3.63820202e-06,-4.50148332e-06)
( 6.86233151e-06,-3.90381337e-06)
( 1.00689379e-05,-3.29862760e-06)
( 1.32515958e-05,-2.68680499e-06)
( 1.64039294e-05,-2.06924056e-06)
( 1.95196261e-05,-1.44684435e-06)
( 2.25924487e-05,-8.20540327e-07)
( 2.56162487e-05,-1.91265293e-07)
( 2.85849784e-05, 4.40032261e-07)
( 3.14927033e-05, 1.07239335e-06)
( 3.43336146e-05, 1.70484974e-06)
( 3.71020405e-05, 2.33642524e-06)
( 3.97924585e-05, 2.96613702e-06)
( 4.23995059e-05, 3.59299699e-06)
( 4.49179918e-05, 4.21601317e-06)
( 4.73429067e-05, 4.83419120e-06)
( 4.96694338e-05, 5.44653579e-06)
( 5.18929580e-05, 6.05205226e-06)
( 5.40090763e-05, 6.64974806e-06)
( 5.60136059e-05, 7.23863444e-06)
( 5.79025940e-05, 7.81772800e-06)
( 5.96723247e-05, 8.38605236e-06)
( 6.13193277e-05, 8.94263986e-06)
( 6.28403850e-05, 9.48653325e-06)
( 6.42325375e-05, 1.00167874e-05)
( 6.54930914e-05, 1.05324710e-05)
( 6.66196236e-05, 1.10326685e-05)
( 6.76099867e-05, 1.15164815e-05)
( 6.84623136e-05, 1.19830309e-05)
( 6.91750211e-05, 1.24314585e-05)
( 6.97468134e-05, 1.28609287e-05)
( 7.01766849e-05, 1.32706304e-05)
( 7.04639216e-05, 1.36597787e-05)
( 7.06081035e-05, 1.40276168e-05)
( 7.06091047e-05, 1.43734172e-05)
( 7.04670940e-05, 1.46964840e-05)
( 7.01825342e-05, 1.49961545e-05)
( 6.97561814e-05, 1.52718003e-05)
( 6.91890832e-05, 1.55228296e-05)
( 6.84825766e-05, 1.57486883e-05)
( 6.76382846e-05, 1.59488618e-05)
( 6.66581136e-05, 1.61228761e-05)
( 6.55442485e-05, 1.62702998e-05)
( 6.42991486e-05, 1.63907448e-05)
( 6.29255420e-05, 1.64838679e-05)
( 6.14264199e-05, 1.65493724e-05)
( 5.98050303e-05, 1.65870083e-05)
( 5.80648710e-05, 1.65965742e-05)
( 5.62096822e-05, 1.65779182e-05)
( 5.42434381e-05, 1.65309381e-05)
( 5.21703393e-05, 1.64555831e-05)
( 4.99948028e-05, 1.63518538e-05)
( 4.77214533e-05, 1.62198035e-05)
( 4.53551131e-05, 1.60595378e-05)
( 4.29007918e-05, 1.58712160e-05)
( 4.03636755e-05, 1.56550504e-05)
( 3.77491158e-05, 1.54113075e-05)
( 3.50626185e-05, 1.51403070e-05)
( 3.23098317e-05, 1.48424227e-05)
( 2.94965337e-05, 1.45180816e-05)
( 2.66286207e-05, 1.41677641e-05)
( 2.37120942e-05, 1.37920032e-05)
( 2.07530484e-05, 1.33913842e-05)
( 1.77576568e-05, 1.29665439e-05)
( 1.47321592e-05, 1.25181700e-05)
( 1.16828486e-05, 1.20469998e-05)
( 8.61605727e-06, 1.15538196e-05)
( 5.53814382e-06, 1.10394630e-05)
( 2.45547925e-06, 1.05048101e-05)
(-6.25566467e-07, 9.95078586e-06)
(-3.69863797e-06, 9.37835850e-06)
(-6.75740804e-06, 8.78853789e-06)
(-9.79559101e-06, 8.18237375e-06)
(-1.28069562e-05, 7.56095375e-06)
(-1.57853410e-05, 6.92540153e-06)
(-1.87246639e-05, 6.27687452e-06)
(-2.16189378e-05, 5.61656176e-06)
(-2.44622820e-05, 4.94568152e-06)
(-2.72489349e-05, 4.26547894e-06)
(-2.99732663e-05, 3.57722347e-06)
(-3.26297890e-05, 2.88220628e-06)
(-3.52131703e-05, 2.18173757e-06)
(-3.77182432e-05, 1.47714383e-06)
(-4.01400174e-05, 7.69765010e-07)
(-4.24736892e-05, 6.09516366e-08)
(-4.47146517e-05,-6.47938143e-07)
(-4.68585043e-05,-1.35554153e-06)
(-4.89010617e-05,-2.06049412e-06)
(-5.08383625e-05,-2.76143294e-06)
(-5.26666771e-05,-3.45699959e-06)
(-5.43825151e-05,-4.14584327e-06)
(-5.59826327e-05,-4.82662397e-06)
(-5.74640387e-05,-5.49801552e-06)
(-5.88240003e-05,-6.15870877e-06)
(-6.00600489e-05,-6.80741462e-06)
(-6.11699838e-05,-7.44286712e-06)
(-6.21518774e-05,-8.06382648e-06)
(-6.30040775e-05,-8.66908213e-06)
(-6.37252111e-05,-9.25745559e-06)
(-6.43141859e-05,-9.82780338e-06)
(-6.47701921e-05,-1.03790199e-05)
(-6.50927035e-05,-1.09100400e-05)
(-6.52814774e-05,-1.14198419e-05)
(-6.53365548e-05,-1.19074496e-05)
(-6.52582587e-05,-1.23719354e-05)
(-6.50471932e-05,-1.28124220e-05)
(-6.47042409e-05,-1.32280853e-05)
(-6.42305601e-05,-1.36181560e-05)
(-6.36275816e-05,-1.39819220e-05)
(-6.28970040e-05,-1.43187298e-05)
(-6.20407899e-05,-1.46279867e-05)
(-6.10611601e-05,-1.49091621e-05)
(-5.99605880e-05,-1.51617888e-05)
(-5.87417933e-05,-1.53854647e-05)
(-5.74077348e-05,-1.55798533e-05)
(-5.59616038e-05,-1.57446851e-05)
(-5.44068152e-05,-1.58797580e-05)
(-5.27470000e-05,-1.59849383e-05)
(-5.09859960e-05,-1.60601604e-05)
(-4.91278385e-05,-1.61054279e-05)
(-4.71767510e-05,-1.61208127e-05)
(-4.51371348e-05,-1.61064554e-05)
(-4.30135589e-05,-1.60625648e-05)
(-4.08107489e-05,-1.59894174e-05)
(-3.85335758e-05,-1.58873565e-05)
(-3.61870454e-05,-1.57567916e-05)
(-3.37762858e-05,-1.55981966e-05)
(-3.13065360e-05,-1.54121095e-05)
(-2.87831338e-05,-1.51991300e-05)
(-2.62115034e-05,-1.49599185e-05)
(-2.35971432e-05,-1.46951937e-05)
(-2.09456134e-05,-1.44057311e-05)
(-1.82625230e-05,-1.40923604e-05)
(-1.55535178e-05,-1.37559634e-05)
(-1.28242672e-05,-1.33974715e-05)
(-1.00804517e-05,-1.30178629e-05)
(-7.32775065e-06,-1.26181599e-05)
(-4.57182918e-06,-1.21994257e-05)
(-1.81832612e-06,-1.17627619e-05)
( 9.27158408e-07,-1.13093047e-05)
( 3.65907518e-06,-1.08402219e-05)
( 6.37193783e-06,-1.03567094e-05)
( 9.06033459e-06,-9.85998772e-06)
( 1.17189398e-05,-9.35129838e-06)
( 1.43425254e-05,-8.83190018e-06)
( 1.69259713e-05,-8.30306553e-06)
( 1.94642768e-05,-7.76607658e-06)
( 2.19525704e-05,-7.22222141e-06)
( 2.43861198e-05,-6.67279013e-06)
( 2.67603416e-05,-6.11907099e-06)
( 2.90708103e-05,-5.56234648e-06)
( 3.13132672e-05,-5.00388934e-06)
( 3.34836285e-05,-4.44495876e-06)
( 3.55779931e-05,-3.88679641e-06)
( 3.75926500e-05,-3.33062265e-06)
( 3.95240854e-05,-2.77763272e-06)
( 4.13689881e-05,-2.22899297e-06)
( 4.31242565e-05,-1.68583723e-06)
( 4.47870029e-05,-1.14926322e-06)
( 4.63545586e-05,-6.20329025e-07)
( 4.78244779e-05,-1.00049730e-07)
( 4.91945419e-05, 4.10605856e-07)
( 5.04627610e-05, 9.10718353e-07)
( 5.16273781e-05, 1.39942082e-06)
( 5.26868697e-05, 1.87590163e-06)
( 5.36399475e-05, 2.33940715e-06)
( 5.44855590e-05, 2.78924434e-06)
( 5.52228877e-05, 3.22478308e-06)
( 5.58513527e-05, 3.64545837e-06)
( 5.63706073e-05, 4.05077233e-06)
( 5.67805376e-05, 4.44029604e-06)
( 5.70812605e-05, 4.81367108e-06)
( 5.72731206e-05, 5.17061097e-06)
( 5.73566871e-05, 5.51090233e-06)
( 5.73327500e-05, 5.83440583e-06)
( 5.72023159e-05, 6.14105696e-06)
( 5.69666027e-05, 6.43086650e-06)
( 5.66270346e-05, 6.70392082e-06)
( 5.61852363e-05, 6.96038194e-06)
( 5.56430265e-05, 7.20048735e-06)
( 5.50024113e-05, 7.42454960e-06)
( 5.42655769e-05, 7.63295563e-06)
( 5.34348823e-05, 7.82616596e-06)
( 5.25128507e-05, 8.00471355e-06)
( 5.15021619e-05, 8.16920251e-06)
( 5.04056429e-05, 8.32030658e-06)
( 4.92262593e-05, 8.45876733e-06)
( 4.79671059e-05, 8.58539229e-06)
( 4.66313967e-05, 8.70105275e-06)
( 4.52224553e-05, 8.80668144e-06)
( 4.37437046e-05, 8.90327003e-06)
( 4.21986564e-05, 8.99186641e-06)
( 4.05909009e-05, 9.07357190e-06)
( 3.89240956e-05, 9.14953822e-06)
( 3.72019546e-05, 9.22096443e-06)
( 3.54282372e-05, 9.28909365e-06)
( 3.36067369e-05, 9.35520979e-06)
( 3.17412700e-05, 9.42063413e-06)
( 2.98356638e-05, 9.48672190e-06)
( 2.78937451e-05, 9.55485875e-06)
( 2.59193289e-05, 9.62645734e-06)
( 2.39162061e-05, 9.70295382e-06)
( 2.18881319e-05, 9.78580443e-06)
( 1.98388136e-05, 9.87648219e-06)
( 1.77718992e-05, 9.97647371e-06)
( 1.56909644e-05, 1.00872761e-05)
( 1.35995010e-05, 1.02103943e-05)
( 1.15009039e-05, 1.03473382e-05)
( 9.39845899e-06, 1.04996209e-05)
( 7.29532982e-06, 1.06687563e-05)
( 5.19454455e-06, 1.08562584e-05)
( 3.09898226e-06, 1.10636397e-05)
( 1.01135876e-06, 1.12924120e-05)
(-1.06578826e-06, 1.15440861e-05)
(-3.13011487e-06, 1.18201745e-05)
(-5.17948769e-06, 1.21221930e-05)
(-7.21200190e-06, 1.24516658e-05)
(-9.22600093e-06, 1.28101307e-05)
(-1.12200983e-05, 1.31991469e-05)
(-1.31932017e-05, 1.36203049e-05)
(-1.51445412e-05, 1.40752394e-05)
(-1.70737002e-05, 1.45656458e-05)
(-1.89806529e-05, 1.50933003e-05)
(-2.08658074e-05, 1.56600861e-05)
(-2.27300574e-05, 1.62680259e-05)
(-2.45748451e-05, 1.69193223e-05)
(-2.64022370e-05, 1.76164095e-05)
(-2.82150181e-05, 1.83620181e-05)
(-3.00168098e-05, 1.91592579e-05)
(-3.18122185e-05, 2.00117234e-05)
(-3.36070262e-05, 2.09236313e-05)
(-3.54084373e-05, 2.18999986e-05)
(-3.72254036e-05, 2.29468788e-05)
(-3.90690576e-05, 2.40716777e-05)
(-4.09533004e-05, 2.52835825e-05)
(-4.28956126e-05, 2.65941543e-05)
(-4.49181980e-05, 2.80181643e-05)
(-4.70496301e-05, 2.95747972e-05)
(-4.93272868e-05, 3.12894318e-05)
(-5.18010606e-05, 3.31963524e-05)
(-5.45392086e-05, 3.53430246e-05)
(-5.76379729e-05, 3.77971236e-05)
(-6.12382045e-05, 4.06586760e-05)
(-6.55559118e-05, 4.40823644e-05)
(-7.09429188e-05, 4.83217974e-05)
(-7.80201755e-05, 5.38267581e-05)
(-8.80120051e-05, 6.14869067e-05)
(-1.03842522e-04, 7.34305762e-05)
(-1.32373399e-04, 9.46566183e-05)
(-2.92830523e-04, 2.11881782e-04)
