% ======================================================
% L-Bracket Method of Moments Solution
% ======================================================
% Frequency: 7.800 GHz
% Wavelength: 0.038435 m
% Segments: N=2602 (1301 horiz + 1301 vert)
% Transmitter: (25.0000, 25.0000) m
%
% Solver: SSOR with hierarchical omega
% omega = 0.1000
% iterations = 366
% convergence = 9.77e-10
% time = 173.21 seconds
% ======================================================
% Format: (real, imaginary) current coefficients
% ======================================================
( 1.23249867e-06, 2.53244708e-07)
( 5.02168508e-06, 3.96863034e-07)
( 8.53608013e-06, 5.86167591e-07)
( 1.20245091e-05, 7.79656905e-07)
( 1.54820196e-05, 9.74517046e-07)
( 1.89051326e-05, 1.16911530e-06)
( 2.22885577e-05, 1.36250780e-06)
( 2.56264034e-05, 1.55401604e-06)
( 2.89125447e-05, 1.74308674e-06)
( 3.21407903e-05, 1.92923585e-06)
( 3.53049662e-05, 2.11202129e-06)
( 3.83989661e-05, 2.29102952e-06)
( 4.14167844e-05, 2.46586829e-06)
( 4.43525400e-05, 2.63616248e-06)
( 4.72004963e-05, 2.80155195e-06)
( 4.99550769e-05, 2.96169018e-06)
( 5.26108807e-05, 3.11624371e-06)
( 5.51626939e-05, 3.26489181e-06)
( 5.76055027e-05, 3.40732654e-06)
( 5.99345043e-05, 3.54325283e-06)
( 6.21451170e-05, 3.67238870e-06)
( 6.42329898e-05, 3.79446559e-06)
( 6.61940120e-05, 3.90922869e-06)
( 6.80243215e-05, 4.01643723e-06)
( 6.97203124e-05, 4.11586494e-06)
( 7.12786430e-05, 4.20730028e-06)
( 7.26962420e-05, 4.29054691e-06)
( 7.39703151e-05, 4.36542394e-06)
( 7.50983508e-05, 4.43176630e-06)
( 7.60781248e-05, 4.48942501e-06)
( 7.69077055e-05, 4.53826749e-06)
( 7.75854568e-05, 4.57817781e-06)
( 7.81100423e-05, 4.60905688e-06)
( 7.84804277e-05, 4.63082272e-06)
( 7.86958828e-05, 4.64341061e-06)
( 7.87559830e-05, 4.64677321e-06)
( 7.86606102e-05, 4.64088074e-06)
( 7.84099534e-05, 4.62572100e-06)
( 7.80045079e-05, 4.60129951e-06)
( 7.74450747e-05, 4.56763945e-06)
( 7.67327585e-05, 4.52478174e-06)
( 7.58689661e-05, 4.47278492e-06)
( 7.48554034e-05, 4.41172517e-06)
( 7.36940720e-05, 4.34169614e-06)
( 7.23872653e-05, 4.26280884e-06)
( 7.09375640e-05, 4.17519150e-06)
( 6.93478309e-05, 4.07898932e-06)
( 6.76212057e-05, 3.97436428e-06)
( 6.57610981e-05, 3.86149489e-06)
( 6.37711818e-05, 3.74057584e-06)
( 6.16553867e-05, 3.61181772e-06)
( 5.94178914e-05, 3.47544663e-06)
( 5.70631150e-05, 3.33170384e-06)
( 5.45957082e-05, 3.18084532e-06)
( 5.20205441e-05, 3.02314130e-06)
( 4.93427088e-05, 2.85887584e-06)
( 4.65674913e-05, 2.68834626e-06)
( 4.37003728e-05, 2.51186264e-06)
( 4.07470161e-05, 2.32974725e-06)
( 3.77132544e-05, 2.14233397e-06)
( 3.46050797e-05, 1.94996767e-06)
( 3.14286309e-05, 1.75300359e-06)
( 2.81901818e-05, 1.55180665e-06)
( 2.48961287e-05, 1.34675079e-06)
( 2.15529775e-05, 1.13821829e-06)
( 1.81673313e-05, 9.26598987e-07)
( 1.47458768e-05, 7.12289603e-07)
( 1.12953716e-05, 4.95692944e-07)
( 7.82263047e-06, 2.77217152e-07)
( 4.33451191e-06, 5.72748986e-08)
( 8.37904811e-07,-1.63717391e-07)
(-2.66028536e-06,-3.85340363e-07)
(-6.15315016e-06,-6.07172554e-07)
(-9.63379183e-06,-8.28791203e-07)
(-1.30953369e-05,-1.04977311e-06)
(-1.65309500e-05,-1.26969545e-06)
(-1.99338469e-05,-1.48813664e-06)
(-2.32973085e-05,-1.70467714e-06)
(-2.66146937e-05,-1.91890034e-06)
(-2.98794527e-05,-2.13039338e-06)
(-3.30851400e-05,-2.33874801e-06)
(-3.62254269e-05,-2.54356136e-06)
(-3.92941144e-05,-2.74443683e-06)
(-4.22851451e-05,-2.94098488e-06)
(-4.51926154e-05,-3.13282382e-06)
(-4.80107871e-05,-3.31958064e-06)
(-5.07340986e-05,-3.50089173e-06)
(-5.33571762e-05,-3.67640370e-06)
(-5.58748445e-05,-3.84577409e-06)
(-5.82821367e-05,-4.00867210e-06)
(-6.05743044e-05,-4.16477930e-06)
(-6.27468269e-05,-4.31379030e-06)
(-6.47954204e-05,-4.45541342e-06)
(-6.67160461e-05,-4.58937132e-06)
(-6.85049185e-05,-4.71540159e-06)
(-7.01585126e-05,-4.83325733e-06)
(-7.16735711e-05,-4.94270772e-06)
(-7.30471109e-05,-5.04353848e-06)
(-7.42764284e-05,-5.13555244e-06)
(-7.53591056e-05,-5.21856986e-06)
(-7.62930143e-05,-5.29242899e-06)
(-7.70763208e-05,-5.35698631e-06)
(-7.77074890e-05,-5.41211696e-06)
(-7.81852836e-05,-5.45771502e-06)
(-7.85087728e-05,-5.49369374e-06)
(-7.86773298e-05,-5.51998581e-06)
(-7.86906340e-05,-5.53654350e-06)
(-7.85486720e-05,-5.54333884e-06)
(-7.82517372e-05,-5.54036369e-06)
(-7.78004293e-05,-5.52762981e-06)
(-7.71956533e-05,-5.50516887e-06)
(-7.64386176e-05,-5.47303244e-06)
(-7.55308312e-05,-5.43129189e-06)
(-7.44741013e-05,-5.38003833e-06)
(-7.32705296e-05,-5.31938238e-06)
(-7.19225075e-05,-5.24945406e-06)
(-7.04327123e-05,-5.17040247e-06)
(-6.88041011e-05,-5.08239556e-06)
(-6.70399054e-05,-4.98561980e-06)
(-6.51436244e-05,-4.88027980e-06)
(-6.31190184e-05,-4.76659792e-06)
(-6.09701010e-05,-4.64481382e-06)
(-5.87011313e-05,-4.51518399e-06)
(-5.63166056e-05,-4.37798120e-06)
(-5.38212482e-05,-4.23349401e-06)
(-5.12200023e-05,-4.08202610e-06)
(-4.85180201e-05,-3.92389568e-06)
(-4.57206526e-05,-3.75943486e-06)
(-4.28334390e-05,-3.58898889e-06)
(-3.98620959e-05,-3.41291552e-06)
(-3.68125057e-05,-3.23158417e-06)
(-3.36907052e-05,-3.04537522e-06)
(-3.05028736e-05,-2.85467918e-06)
(-2.72553203e-05,-2.65989586e-06)
(-2.39544723e-05,-2.46143351e-06)
(-2.06068616e-05,-2.25970800e-06)
(-1.72191123e-05,-2.05514189e-06)
(-1.37979275e-05,-1.84816354e-06)
(-1.03500759e-05,-1.63920620e-06)
(-6.88237860e-06,-1.42870709e-06)
(-3.40169575e-06,-1.21710642e-06)
( 8.50873786e-08,-1.00484651e-06)
( 3.57107371e-06,-7.92370787e-07)
( 7.04936806e-06,-5.80122841e-07)
( 1.05130908e-05,-3.68545485e-07)
( 1.39553913e-05,-1.58079784e-07)
( 1.73694617e-05, 5.08358841e-08)
( 2.07485501e-05, 2.57766796e-07)
( 2.40859740e-05, 4.62282802e-07)
( 2.73751333e-05, 6.63959265e-07)
( 3.06095238e-05, 8.62377979e-07)
( 3.37827495e-05, 1.05712807e-06)
( 3.68885354e-05, 1.24780689e-06)
( 3.99207401e-05, 1.43402088e-06)
( 4.28733676e-05, 1.61538643e-06)
( 4.57405791e-05, 1.79153069e-06)
( 4.85167048e-05, 1.96209240e-06)
( 5.11962549e-05, 2.12672263e-06)
( 5.37739302e-05, 2.28508557e-06)
( 5.62446332e-05, 2.43685923e-06)
( 5.86034772e-05, 2.58173614e-06)
( 6.08457967e-05, 2.71942398e-06)
( 6.29671561e-05, 2.84964625e-06)
( 6.49633590e-05, 2.97214281e-06)
( 6.68304555e-05, 3.08667046e-06)
( 6.85647510e-05, 3.19300344e-06)
( 7.01628128e-05, 3.29093390e-06)
( 7.16214771e-05, 3.38027233e-06)
( 7.29378550e-05, 3.46084797e-06)
( 7.41093385e-05, 3.53250913e-06)
( 7.51336053e-05, 3.59512351e-06)
( 7.60086237e-05, 3.64857845e-06)
( 7.67326560e-05, 3.69278116e-06)
( 7.73042625e-05, 3.72765887e-06)
( 7.77223041e-05, 3.75315897e-06)
( 7.79859442e-05, 3.76924910e-06)
( 7.80946509e-05, 3.77591716e-06)
( 7.80481974e-05, 3.77317129e-06)
( 7.78466630e-05, 3.76103987e-06)
( 7.74904325e-05, 3.73957135e-06)
( 7.69801956e-05, 3.70883414e-06)
( 7.63169453e-05, 3.66891640e-06)
( 7.55019763e-05, 3.61992584e-06)
( 7.45368819e-05, 3.56198937e-06)
( 7.34235514e-05, 3.49525286e-06)
( 7.21641660e-05, 3.41988070e-06)
( 7.07611943e-05, 3.33605547e-06)
( 6.92173880e-05, 3.24397742e-06)
( 6.75357758e-05, 3.14386404e-06)
( 6.57196579e-05, 3.03594951e-06)
( 6.37725992e-05, 2.92048417e-06)
( 6.16984223e-05, 2.79773389e-06)
( 5.95012000e-05, 2.66797949e-06)
( 5.71852473e-05, 2.53151605e-06)
( 5.47551128e-05, 2.38865222e-06)
( 5.22155696e-05, 2.23970955e-06)
( 4.95716063e-05, 2.08502168e-06)
( 4.68284165e-05, 1.92493364e-06)
( 4.39913892e-05, 1.75980103e-06)
( 4.10660979e-05, 1.58998920e-06)
( 3.80582896e-05, 1.41587246e-06)
( 3.49738733e-05, 1.23783318e-06)
( 3.18189087e-05, 1.05626098e-06)
( 2.85995942e-05, 8.71551846e-07)
( 2.53222545e-05, 6.84107227e-07)
( 2.19933281e-05, 4.94333158e-07)
( 1.86193550e-05, 3.02639373e-07)
( 1.52069634e-05, 1.09438373e-07)
( 1.17628569e-05,-8.48554406e-08)
( 8.29380124e-06,-2.79826700e-07)
( 4.80661089e-06,-4.75059953e-07)
( 1.30813580e-06,-6.70140573e-07)
(-2.19475218e-06,-8.64655641e-07)
(-5.69517281e-06,-1.05819483e-06)
(-9.18625098e-06,-1.25035129e-06)
(-1.26611302e-05,-1.44072247e-06)
(-1.61129863e-05,-1.62891101e-06)
(-1.95350405e-05,-1.81452555e-06)
(-2.29205729e-05,-1.99718151e-06)
(-2.62629358e-05,-2.17650195e-06)
(-2.95555668e-05,-2.35211826e-06)
(-3.27920014e-05,-2.52367097e-06)
(-3.59658859e-05,-2.69081044e-06)
(-3.90709901e-05,-2.85319754e-06)
(-4.21012191e-05,-3.01050437e-06)
(-4.50506257e-05,-3.16241483e-06)
(-4.79134216e-05,-3.30862530e-06)
(-5.06839895e-05,-3.44884513e-06)
(-5.33568934e-05,-3.58279727e-06)
(-5.59268896e-05,-3.71021871e-06)
(-5.83889372e-05,-3.83086101e-06)
(-6.07382076e-05,-3.94449070e-06)
(-6.29700944e-05,-4.05088969e-06)
(-6.50802219e-05,-4.14985564e-06)
(-6.70644543e-05,-4.24120229e-06)
(-6.89189035e-05,-4.32475977e-06)
(-7.06399367e-05,-4.40037480e-06)
(-7.22241837e-05,-4.46791097e-06)
(-7.36685435e-05,-4.52724884e-06)
(-7.49701901e-05,-4.57828615e-06)
(-7.61265784e-05,-4.62093787e-06)
(-7.71354492e-05,-4.65513628e-06)
(-7.79948333e-05,-4.68083098e-06)
(-7.87030557e-05,-4.69798888e-06)
(-7.92587387e-05,-4.70659414e-06)
(-7.96608046e-05,-4.70664809e-06)
(-7.99084781e-05,-4.69816907e-06)
(-8.00012872e-05,-4.68119231e-06)
(-7.99390650e-05,-4.65576971e-06)
(-7.97219492e-05,-4.62196956e-06)
(-7.93503822e-05,-4.57987638e-06)
(-7.88251103e-05,-4.52959050e-06)
(-7.81471821e-05,-4.47122782e-06)
(-7.73179464e-05,-4.40491939e-06)
(-7.63390497e-05,-4.33081106e-06)
(-7.52124328e-05,-4.24906301e-06)
(-7.39403271e-05,-4.15984937e-06)
(-7.25252502e-05,-4.06335768e-06)
(-7.09700008e-05,-3.95978847e-06)
(-6.92776534e-05,-3.84935464e-06)
(-6.74515521e-05,-3.73228104e-06)
(-6.54953043e-05,-3.60880379e-06)
(-6.34127733e-05,-3.47916982e-06)
(-6.12080707e-05,-3.34363616e-06)
(-5.88855485e-05,-3.20246941e-06)
(-5.64497906e-05,-3.05594510e-06)
(-5.39056035e-05,-2.90434703e-06)
(-5.12580072e-05,-2.74796664e-06)
(-4.85122249e-05,-2.58710236e-06)
(-4.56736733e-05,-2.42205892e-06)
(-4.27479513e-05,-2.25314671e-06)
(-3.97408295e-05,-2.08068109e-06)
(-3.66582387e-05,-1.90498173e-06)
(-3.35062580e-05,-1.72637190e-06)
(-3.02911033e-05,-1.54517783e-06)
(-2.70191148e-05,-1.36172800e-06)
(-2.36967442e-05,-1.17635248e-06)
(-2.03305428e-05,-9.89382282e-07)
(-1.69271479e-05,-8.01148666e-07)
(-1.34932701e-05,-6.11982497e-07)
(-1.00356800e-05,-4.22213599e-07)
(-6.56119486e-06,-2.32170118e-07)
(-3.07666509e-06,-4.21779007e-08)
( 4.11039020e-07, 1.47440138e-07)
( 3.89504097e-06, 3.36364588e-07)
( 7.36847159e-06, 5.24280158e-07)
( 1.08244825e-05, 7.10876218e-07)
( 1.42562598e-05, 8.95847377e-07)
( 1.76570371e-05, 1.07889401e-06)
( 2.10201094e-05, 1.25972277e-06)
( 2.43388456e-05, 1.43804711e-06)
( 2.76067024e-05, 1.61358772e-06)
( 3.08172366e-05, 1.78607304e-06)
( 3.39641180e-05, 1.95523965e-06)
( 3.70411417e-05, 2.12083273e-06)
( 4.00422409e-05, 2.28260642e-06)
( 4.29614981e-05, 2.44032420e-06)
( 4.57931575e-05, 2.59375924e-06)
( 4.85316358e-05, 2.74269476e-06)
( 5.11715336e-05, 2.88692425e-06)
( 5.37076460e-05, 3.02625184e-06)
( 5.61349726e-05, 3.16049249e-06)
( 5.84487279e-05, 3.28947226e-06)
( 6.06443502e-05, 3.41302848e-06)
( 6.27175112e-05, 3.53100996e-06)
( 6.46641240e-05, 3.64327714e-06)
( 6.64803519e-05, 3.74970221e-06)
( 6.81626151e-05, 3.85016925e-06)
( 6.97075985e-05, 3.94457427e-06)
( 7.11122583e-05, 4.03282534e-06)
( 7.23738276e-05, 4.11484254e-06)
( 7.34898220e-05, 4.19055806e-06)
( 7.44580449e-05, 4.25991616e-06)
( 7.52765918e-05, 4.32287313e-06)
( 7.59438536e-05, 4.37939726e-06)
( 7.64585205e-05, 4.42946876e-06)
( 7.68195842e-05, 4.47307967e-06)
( 7.70263402e-05, 4.51023376e-06)
( 7.70783890e-05, 4.54094637e-06)
( 7.69756374e-05, 4.56524429e-06)
( 7.67182980e-05, 4.58316559e-06)
( 7.63068896e-05, 4.59475940e-06)
( 7.57422357e-05, 4.60008575e-06)
( 7.50254634e-05, 4.59921531e-06)
( 7.41580007e-05, 4.59222920e-06)
( 7.31415742e-05, 4.57921868e-06)
( 7.19782055e-05, 4.56028492e-06)
( 7.06702074e-05, 4.53553874e-06)
( 6.92201793e-05, 4.50510026e-06)
( 6.76310021e-05, 4.46909865e-06)
( 6.59058327e-05, 4.42767176e-06)
( 6.40480978e-05, 4.38096583e-06)
( 6.20614871e-05, 4.32913516e-06)
( 5.99499460e-05, 4.27234169e-06)
( 5.77176681e-05, 4.21075474e-06)
( 5.53690868e-05, 4.14455057e-06)
( 5.29088667e-05, 4.07391203e-06)
( 5.03418942e-05, 3.99902817e-06)
( 4.76732682e-05, 3.92009388e-06)
( 4.49082899e-05, 3.83730947e-06)
( 4.20524522e-05, 3.75088026e-06)
( 3.91114295e-05, 3.66101623e-06)
( 3.60910655e-05, 3.56793156e-06)
( 3.29973629e-05, 3.47184422e-06)
( 2.98364705e-05, 3.37297560e-06)
( 2.66146718e-05, 3.27155008e-06)
( 2.33383721e-05, 3.16779459e-06)
( 2.00140863e-05, 3.06193822e-06)
( 1.66484256e-05, 2.95421179e-06)
( 1.32480850e-05, 2.84484744e-06)
( 9.81982947e-06, 2.73407822e-06)
( 6.37048099e-06, 2.62213768e-06)
( 2.90690491e-06, 2.50925943e-06)
(-5.64003557e-07, 2.39567677e-06)
(-4.03533303e-06, 2.28162226e-06)
(-7.50016959e-06, 2.16732732e-06)
(-1.09516105e-05, 2.05302185e-06)
(-1.43827777e-05, 1.93893382e-06)
(-1.77868319e-05, 1.82528889e-06)
(-2.11569854e-05, 1.71231001e-06)
(-2.44865161e-05, 1.60021707e-06)
(-2.77687807e-05, 1.48922652e-06)
(-3.09972278e-05, 1.37955100e-06)
(-3.41654108e-05, 1.27139899e-06)
(-3.72670009e-05, 1.16497446e-06)
(-4.02957995e-05, 1.06047653e-06)
(-4.32457507e-05, 9.58099145e-07)
(-4.61109529e-05, 8.58030743e-07)
(-4.88856710e-05, 7.60453946e-07)
(-5.15643476e-05, 6.65545257e-07)
(-5.41416140e-05, 5.73474767e-07)
(-5.66123009e-05, 4.84405875e-07)
(-5.89714487e-05, 3.98495007e-07)
(-6.12143174e-05, 3.15891370e-07)
(-6.33363959e-05, 2.36736688e-07)
(-6.53334114e-05, 1.61164979e-07)
(-6.72013373e-05, 8.93023196e-08)
(-6.89364015e-05, 2.12666397e-08)
(-7.05350944e-05,-4.28324777e-08)
(-7.19941751e-05,-1.02893982e-07)
(-7.33106783e-05,-1.58825527e-07)
(-7.44819203e-05,-2.10543631e-07)
(-7.55055044e-05,-2.57973813e-07)
(-7.63793252e-05,-3.01050730e-07)
(-7.71015736e-05,-3.39718286e-07)
(-7.76707400e-05,-3.73929732e-07)
(-7.80856172e-05,-4.03647751e-07)
(-7.83453032e-05,-4.28844522e-07)
(-7.84492031e-05,-4.49501779e-07)
(-7.83970299e-05,-4.65610841e-07)
(-7.81888056e-05,-4.77172633e-07)
(-7.78248609e-05,-4.84197695e-07)
(-7.73058349e-05,-4.86706159e-07)
(-7.66326734e-05,-4.84727731e-07)
(-7.58066276e-05,-4.78301634e-07)
(-7.48292517e-05,-4.67476553e-07)
(-7.37023992e-05,-4.52310550e-07)
(-7.24282201e-05,-4.32870968e-07)
(-7.10091563e-05,-4.09234316e-07)
(-6.94479368e-05,-3.81486141e-07)
(-6.77475722e-05,-3.49720876e-07)
(-6.59113494e-05,-3.14041681e-07)
(-6.39428245e-05,-2.74560248e-07)
(-6.18458159e-05,-2.31396621e-07)
(-5.96243972e-05,-1.84678968e-07)
(-5.72828886e-05,-1.34543353e-07)
(-5.48258488e-05,-8.11334913e-08)
(-5.22580658e-05,-2.46004837e-08)
(-4.95845477e-05, 3.48974590e-08)
(-4.68105124e-05, 9.71953182e-08)
(-4.39413776e-05, 1.62121556e-07)
(-4.09827500e-05, 2.29498466e-07)
(-3.79404144e-05, 2.99142489e-07)
(-3.48203219e-05, 3.70864565e-07)
(-3.16285785e-05, 4.44470506e-07)
(-2.83714328e-05, 5.19761373e-07)
(-2.50552637e-05, 5.96533840e-07)
(-2.16865679e-05, 6.74580630e-07)
(-1.82719469e-05, 7.53690884e-07)
(-1.48180941e-05, 8.33650616e-07)
(-1.13317813e-05, 9.14243119e-07)
(-7.81984563e-06, 9.95249402e-07)
(-4.28917571e-06, 1.07644865e-06)
(-7.46698268e-07, 1.15761865e-06)
( 2.80063569e-06, 1.23853627e-06)
( 6.34586459e-06, 1.31897792e-06)
( 9.88203011e-06, 1.39872000e-06)
( 1.34021909e-05, 1.47753938e-06)
( 1.68994363e-05, 1.55521386e-06)
( 2.03669001e-05, 1.63152268e-06)
( 2.37977740e-05, 1.70624693e-06)
( 2.71853212e-05, 1.77917008e-06)
( 3.05228897e-05, 1.85007843e-06)
( 3.38039254e-05, 1.91876154e-06)
( 3.70219849e-05, 1.98501275e-06)
( 4.01707488e-05, 2.04862962e-06)
( 4.32440335e-05, 2.10941436e-06)
( 4.62358039e-05, 2.16717430e-06)
( 4.91401852e-05, 2.22172229e-06)
( 5.19514743e-05, 2.27287719e-06)
( 5.46641515e-05, 2.32046424e-06)
( 5.72728909e-05, 2.36431546e-06)
( 5.97725714e-05, 2.40427007e-06)
( 6.21582863e-05, 2.44017486e-06)
( 6.44253536e-05, 2.47188455e-06)
( 6.65693246e-05, 2.49926214e-06)
( 6.85859930e-05, 2.52217926e-06)
( 7.04714033e-05, 2.54051647e-06)
( 7.22218582e-05, 2.55416354e-06)
( 7.38339264e-05, 2.56301977e-06)
( 7.53044488e-05, 2.56699423e-06)
( 7.66305451e-05, 2.56600598e-06)
( 7.78096192e-05, 2.55998433e-06)
( 7.88393645e-05, 2.54886900e-06)
( 7.97177682e-05, 2.53261028e-06)
( 8.04431154e-05, 2.51116923e-06)
( 8.10139925e-05, 2.48451776e-06)
( 8.14292896e-05, 2.45263876e-06)
( 8.16882029e-05, 2.41552615e-06)
( 8.17902362e-05, 2.37318494e-06)
( 8.17352018e-05, 2.32563128e-06)
( 8.15232208e-05, 2.27289243e-06)
( 8.11547227e-05, 2.21500674e-06)
( 8.06304448e-05, 2.15202360e-06)
( 7.99514300e-05, 2.08400338e-06)
( 7.91190257e-05, 2.01101729e-06)
( 7.81348800e-05, 1.93314729e-06)
( 7.70009390e-05, 1.85048591e-06)
( 7.57194429e-05, 1.76313608e-06)
( 7.42929210e-05, 1.67121092e-06)
( 7.27241872e-05, 1.57483350e-06)
( 7.10163341e-05, 1.47413662e-06)
( 6.91727267e-05, 1.36926248e-06)
( 6.71969960e-05, 1.26036243e-06)
( 6.50930314e-05, 1.14759662e-06)
( 6.28649732e-05, 1.03113365e-06)
( 6.05172042e-05, 9.11150214e-07)
( 5.80543411e-05, 7.87830719e-07)
( 5.54812253e-05, 6.61366861e-07)
( 5.28029132e-05, 5.31957221e-07)
( 5.00246659e-05, 3.99806807e-07)
( 4.71519395e-05, 2.65126612e-07)
( 4.41903735e-05, 1.28133127e-07)
( 4.11457799e-05,-1.09521280e-08)
( 3.80241317e-05,-1.51903123e-07)
( 3.48315511e-05,-2.94489806e-07)
( 3.15742972e-05,-4.38478641e-07)
( 2.82587539e-05,-5.83633119e-07)
( 2.48914168e-05,-7.29714309e-07)
( 2.14788807e-05,-8.76481394e-07)
( 1.80278265e-05,-1.02369220e-06)
( 1.45450080e-05,-1.17110378e-06)
( 1.10372384e-05,-1.31847293e-06)
( 7.51137702e-06,-1.46555674e-06)
( 3.97431558e-06,-1.61211318e-06)
( 4.32964775e-07,-1.75790160e-06)
(-3.10575945e-06,-1.90268329e-06)
(-6.63494952e-06,-2.04622201e-06)
(-1.01477199e-05,-2.18828454e-06)
(-1.36372205e-05,-2.32864115e-06)
(-1.70966505e-05,-2.46706615e-06)
(-2.05192712e-05,-2.60333838e-06)
(-2.38984199e-05,-2.73724167e-06)
(-2.72275225e-05,-2.86856533e-06)
(-3.05001065e-05,-2.99710460e-06)
(-3.37098142e-05,-3.12266106e-06)
(-3.68504145e-05,-3.24504311e-06)
(-3.99158154e-05,-3.36406628e-06)
(-4.29000761e-05,-3.47955369e-06)
(-4.57974185e-05,-3.59133633e-06)
(-4.86022384e-05,-3.69925349e-06)
(-5.13091166e-05,-3.80315295e-06)
(-5.39128297e-05,-3.90289137e-06)
(-5.64083596e-05,-3.99833450e-06)
(-5.87909042e-05,-4.08935740e-06)
(-6.10558861e-05,-4.17584471e-06)
(-6.31989618e-05,-4.25769076e-06)
(-6.52160300e-05,-4.33479977e-06)
(-6.71032398e-05,-4.40708595e-06)
(-6.88569977e-05,-4.47447362e-06)
(-7.04739751e-05,-4.53689728e-06)
(-7.19511145e-05,-4.59430160e-06)
(-7.32856353e-05,-4.64664151e-06)
(-7.44750392e-05,-4.69388213e-06)
(-7.55171150e-05,-4.73599874e-06)
(-7.64099431e-05,-4.77297671e-06)
(-7.71518983e-05,-4.80481141e-06)
(-7.77416541e-05,-4.83150805e-06)
(-7.81781839e-05,-4.85308157e-06)
(-7.84607638e-05,-4.86955641e-06)
(-7.85889735e-05,-4.88096635e-06)
(-7.85626970e-05,-4.88735426e-06)
(-7.83821227e-05,-4.88877183e-06)
(-7.80477428e-05,-4.88527930e-06)
(-7.75603525e-05,-4.87694519e-06)
(-7.69210479e-05,-4.86384593e-06)
(-7.61312238e-05,-4.84606555e-06)
(-7.51925712e-05,-4.82369529e-06)
(-7.41070730e-05,-4.79683329e-06)
(-7.28770010e-05,-4.76558409e-06)
(-7.15049104e-05,-4.73005831e-06)
(-6.99936350e-05,-4.69037219e-06)
(-6.83462817e-05,-4.64664715e-06)
(-6.65662238e-05,-4.59900936e-06)
(-6.46570945e-05,-4.54758928e-06)
(-6.26227797e-05,-4.49252118e-06)
(-6.04674101e-05,-4.43394271e-06)
(-5.81953529e-05,-4.37199436e-06)
(-5.58112032e-05,-4.30681908e-06)
(-5.33197749e-05,-4.23856171e-06)
(-5.07260909e-05,-4.16736854e-06)
(-4.80353735e-05,-4.09338686e-06)
(-4.52530334e-05,-4.01676444e-06)
(-4.23846597e-05,-3.93764910e-06)
(-3.94360083e-05,-3.85618824e-06)
(-3.64129908e-05,-3.77252837e-06)
(-3.33216625e-05,-3.68681469e-06)
(-3.01682107e-05,-3.59919066e-06)
(-2.69589421e-05,-3.50979757e-06)
(-2.37002709e-05,-3.41877414e-06)
(-2.03987054e-05,-3.32625613e-06)
(-1.70608359e-05,-3.23237597e-06)
(-1.36933210e-05,-3.13726240e-06)
(-1.03028749e-05,-3.04104017e-06)
(-6.89625402e-06,-2.94382966e-06)
(-3.48024360e-06,-2.84574666e-06)
(-6.16444304e-08,-2.74690203e-06)
( 3.35274060e-06,-2.64740151e-06)
( 6.75611992e-06,-2.54734546e-06)
( 1.01417266e-05,-2.44682867e-06)
( 1.35028319e-05,-2.34594022e-06)
( 1.68327580e-05,-2.24476326e-06)
( 2.01248919e-05,-2.14337495e-06)
( 2.33726977e-05,-2.04184634e-06)
( 2.65697300e-05,-1.94024231e-06)
( 2.97096463e-05,-1.83862153e-06)
( 3.27862194e-05,-1.73703644e-06)
( 3.57933501e-05,-1.63553325e-06)
( 3.87250786e-05,-1.53415202e-06)
( 4.15755967e-05,-1.43292667e-06)
( 4.43392588e-05,-1.33188515e-06)
( 4.70105935e-05,-1.23104949e-06)
( 4.95843139e-05,-1.13043596e-06)
( 5.20553282e-05,-1.03005528e-06)
( 5.44187497e-05,-9.29912778e-07)
( 5.66699062e-05,-8.30008601e-07)
( 5.88043497e-05,-7.30337993e-07)
( 6.08178644e-05,-6.30891523e-07)
( 6.27064757e-05,-5.31655393e-07)
( 6.44664575e-05,-4.32611721e-07)
( 6.60943398e-05,-3.33738878e-07)
( 6.75869154e-05,-2.35011816e-07)
( 6.89412462e-05,-1.36402432e-07)
( 7.01546691e-05,-3.78799282e-08)
( 7.12248010e-05, 6.05887987e-08)
( 7.21495437e-05, 1.59038768e-07)
( 7.29270881e-05, 2.57506507e-07)
( 7.35559174e-05, 3.56029643e-07)
( 7.40348105e-05, 4.54646478e-07)
( 7.43628440e-05, 5.53395568e-07)
( 7.45393945e-05, 6.52315292e-07)
( 7.45641393e-05, 7.51443422e-07)
( 7.44370577e-05, 8.50816693e-07)
( 7.41584302e-05, 9.50470368e-07)
( 7.37288388e-05, 1.05043782e-06)
( 7.31491655e-05, 1.15075010e-06)
( 7.24205903e-05, 1.25143552e-06)
( 7.15445896e-05, 1.35251926e-06)
( 7.05229326e-05, 1.45402297e-06)
( 6.93576784e-05, 1.55596435e-06)
( 6.80511714e-05, 1.65835681e-06)
( 6.66060373e-05, 1.76120910e-06)
( 6.50251777e-05, 1.86452497e-06)
( 6.33117644e-05, 1.96830283e-06)
( 6.14692330e-05, 2.07253546e-06)
( 5.95012765e-05, 2.17720971e-06)
( 5.74118381e-05, 2.28230622e-06)
( 5.52051031e-05, 2.38779924e-06)
( 5.28854908e-05, 2.49365630e-06)
( 5.04576461e-05, 2.59983811e-06)
( 4.79264301e-05, 2.70629836e-06)
( 4.52969108e-05, 2.81298355e-06)
( 4.25743526e-05, 2.91983291e-06)
( 3.97642069e-05, 3.02677828e-06)
( 3.68721003e-05, 3.13374408e-06)
( 3.39038244e-05, 3.24064727e-06)
( 3.08653241e-05, 3.34739730e-06)
( 2.77626856e-05, 3.45389622e-06)
( 2.46021251e-05, 3.56003868e-06)
( 2.13899758e-05, 3.66571203e-06)
( 1.81326761e-05, 3.77079645e-06)
( 1.48367564e-05, 3.87516507e-06)
( 1.15088265e-05, 3.97868419e-06)
( 8.15556267e-06, 4.08121343e-06)
( 4.78369409e-06, 4.18260603e-06)
( 1.39998990e-06, 4.28270906e-06)
(-1.98875425e-06, 4.38136373e-06)
(-5.37572969e-06, 4.47840571e-06)
(-8.75412811e-06, 4.57366548e-06)
(-1.21171551e-05, 4.66696870e-06)
(-1.54580434e-05, 4.75813658e-06)
(-1.87700666e-05, 4.84698634e-06)
(-2.20465524e-05, 4.93333160e-06)
(-2.52808954e-05, 5.01698289e-06)
(-2.84665709e-05, 5.09774809e-06)
(-3.15971473e-05, 5.17543296e-06)
(-3.46662992e-05, 5.24984162e-06)
(-3.76678197e-05, 5.32077713e-06)
(-4.05956331e-05, 5.38804199e-06)
(-4.34438065e-05, 5.45143869e-06)
(-4.62065623e-05, 5.51077033e-06)
(-4.88782892e-05, 5.56584114e-06)
(-5.14535534e-05, 5.61645709e-06)
(-5.39271098e-05, 5.66242646e-06)
(-5.62939124e-05, 5.70356046e-06)
(-5.85491241e-05, 5.73967376e-06)
(-6.06881270e-05, 5.77058516e-06)
(-6.27065311e-05, 5.79611812e-06)
(-6.46001834e-05, 5.81610135e-06)
(-6.63651764e-05, 5.83036942e-06)
(-6.79978559e-05, 5.83876330e-06)
(-6.94948282e-05, 5.84113093e-06)
(-7.08529676e-05, 5.83732776e-06)
(-7.20694219e-05, 5.82721732e-06)
(-7.31416191e-05, 5.81067169e-06)
(-7.40672723e-05, 5.78757204e-06)
(-7.48443844e-05, 5.75780911e-06)
(-7.54712523e-05, 5.72128365e-06)
(-7.59464707e-05, 5.67790693e-06)
(-7.62689349e-05, 5.62760107e-06)
(-7.64378432e-05, 5.57029952e-06)
(-7.64526990e-05, 5.50594739e-06)
(-7.63133117e-05, 5.43450179e-06)
(-7.60197974e-05, 5.35593219e-06)
(-7.55725792e-05, 5.27022064e-06)
(-7.49723861e-05, 5.17736211e-06)
(-7.42202523e-05, 5.07736465e-06)
(-7.33175150e-05, 4.97024963e-06)
(-7.22658125e-05, 4.85605186e-06)
(-7.10670804e-05, 4.73481976e-06)
(-6.97235488e-05, 4.60661545e-06)
(-6.82377379e-05, 4.47151480e-06)
(-6.66124530e-05, 4.32960743e-06)
(-6.48507792e-05, 4.18099678e-06)
(-6.29560760e-05, 4.02580001e-06)
(-6.09319704e-05, 3.86414791e-06)
(-5.87823500e-05, 3.69618486e-06)
(-5.65113556e-05, 3.52206861e-06)
(-5.41233733e-05, 3.34197015e-06)
(-5.16230260e-05, 3.15607346e-06)
(-4.90151640e-05, 2.96457531e-06)
(-4.63048563e-05, 2.76768494e-06)
(-4.34973803e-05, 2.56562376e-06)
(-4.05982113e-05, 2.35862502e-06)
(-3.76130126e-05, 2.14693342e-06)
(-3.45476234e-05, 1.93080472e-06)
(-3.14080484e-05, 1.71050531e-06)
(-2.82004452e-05, 1.48631176e-06)
(-2.49311128e-05, 1.25851031e-06)
(-2.16064788e-05, 1.02739637e-06)
(-1.82330871e-05, 7.93274040e-07)
(-1.48175848e-05, 5.56455468e-07)
(-1.13667093e-05, 3.17260343e-07)
(-7.88727472e-06, 7.60152858e-08)
(-4.38615885e-06,-1.66946778e-07)
(-8.70289196e-07,-4.11287223e-07)
( 2.65337052e-06,-6.56662377e-07)
( 6.17783421e-06,-9.02724168e-07)
( 9.69610723e-06,-1.14912080e-06)
( 1.32012003e-05,-1.39549740e-06)
( 1.66861432e-05,-1.64149673e-06)
( 2.01439991e-05,-1.88675985e-06)
( 2.35678776e-05,-2.13092682e-06)
( 2.69509490e-05,-2.37363738e-06)
( 3.02864580e-05,-2.61453168e-06)
( 3.35677365e-05,-2.85325090e-06)
( 3.67882177e-05,-3.08943801e-06)
( 3.99414485e-05,-3.32273841e-06)
( 4.30211031e-05,-3.55280064e-06)
( 4.60209951e-05,-3.77927702e-06)
( 4.89350901e-05,-4.00182431e-06)
( 5.17575178e-05,-4.22010440e-06)
( 5.44825839e-05,-4.43378487e-06)
( 5.71047813e-05,-4.64253971e-06)
( 5.96188013e-05,-4.84604984e-06)
( 6.20195444e-05,-5.04400375e-06)
( 6.43021305e-05,-5.23609803e-06)
( 6.64619086e-05,-5.42203799e-06)
( 6.84944666e-05,-5.60153810e-06)
( 7.03956397e-05,-5.77432260e-06)
( 7.21615194e-05,-5.94012589e-06)
( 7.37884613e-05,-6.09869308e-06)
( 7.52730921e-05,-6.24978037e-06)
( 7.66123172e-05,-6.39315549e-06)
( 7.78033266e-05,-6.52859808e-06)
( 7.88436008e-05,-6.65590006e-06)
( 7.97309159e-05,-6.77486597e-06)
( 8.04633486e-05,-6.88531326e-06)
( 8.10392797e-05,-6.98707260e-06)
( 8.14573979e-05,-7.07998809e-06)
( 8.17167027e-05,-7.16391752e-06)
( 8.18165063e-05,-7.23873255e-06)
( 8.17564353e-05,-7.30431889e-06)
( 8.15364318e-05,-7.36057642e-06)
( 8.11567534e-05,-7.40741931e-06)
( 8.06179732e-05,-7.44477612e-06)
( 7.99209790e-05,-7.47258982e-06)
( 7.90669712e-05,-7.49081785e-06)
( 7.80574612e-05,-7.49943209e-06)
( 7.68942682e-05,-7.49841887e-06)
( 7.55795160e-05,-7.48777889e-06)
( 7.41156289e-05,-7.46752715e-06)
( 7.25053271e-05,-7.43769284e-06)
( 7.07516216e-05,-7.39831924e-06)
( 6.88578080e-05,-7.34946354e-06)
( 6.68274606e-05,-7.29119667e-06)
( 6.46644253e-05,-7.22360313e-06)
( 6.23728121e-05,-7.14678075e-06)
( 5.99569871e-05,-7.06084047e-06)
( 5.74215640e-05,-6.96590605e-06)
( 5.47713951e-05,-6.86211386e-06)
( 5.20115617e-05,-6.74961253e-06)
( 4.91473645e-05,-6.62856269e-06)
( 4.61843128e-05,-6.49913659e-06)
( 4.31281139e-05,-6.36151785e-06)
( 3.99846617e-05,-6.21590100e-06)
( 3.67600255e-05,-6.06249124e-06)
( 3.34604378e-05,-5.90150396e-06)
( 3.00922819e-05,-5.73316442e-06)
( 2.66620795e-05,-5.55770736e-06)
( 2.31764782e-05,-5.37537654e-06)
( 1.96422375e-05,-5.18642441e-06)
( 1.60662165e-05,-4.99111164e-06)
( 1.24553596e-05,-4.78970672e-06)
( 8.81668316e-06,-4.58248554e-06)
( 5.15726168e-06,-4.36973095e-06)
( 1.48421362e-06,-4.15173234e-06)
(-2.19531250e-06,-3.92878521e-06)
(-5.87415226e-06,-3.70119070e-06)
(-9.54513950e-06,-3.46925521e-06)
(-1.32011204e-05,-3.23328993e-06)
(-1.68349678e-05,-2.99361041e-06)
(-2.04395951e-05,-2.75053613e-06)
(-2.40079702e-05,-2.50439006e-06)
(-2.75331296e-05,-2.25549827e-06)
(-3.10081922e-05,-2.00418942e-06)
(-3.44263725e-05,-1.75079443e-06)
(-3.77809944e-05,-1.49564602e-06)
(-4.10655042e-05,-1.23907826e-06)
(-4.42734837e-05,-9.81426222e-07)
(-4.73986625e-05,-7.23025529e-07)
(-5.04349308e-05,-4.64211974e-07)
(-5.33763513e-05,-2.05321109e-07)
(-5.62171707e-05, 5.33121410e-08)
(-5.89518315e-05, 3.11353863e-07)
(-6.15749825e-05, 5.68471544e-07)
(-6.40814895e-05, 8.24334443e-07)
(-6.64664454e-05, 1.07861397e-06)
(-6.87251802e-05, 1.33098403e-06)
(-7.08532694e-05, 1.58112142e-06)
(-7.28465435e-05, 1.82870617e-06)
(-7.47010956e-05, 2.07342186e-06)
(-7.64132895e-05, 2.31495602e-06)
(-7.79797665e-05, 2.55300043e-06)
(-7.93974521e-05, 2.78725149e-06)
(-8.06635620e-05, 3.01741052e-06)
(-8.17756076e-05, 3.24318408e-06)
(-8.27314006e-05, 3.46428435e-06)
(-8.35290574e-05, 3.68042936e-06)
(-8.41670029e-05, 3.89134340e-06)
(-8.46439732e-05, 4.09675723e-06)
(-8.49590182e-05, 4.29640846e-06)
(-8.51115034e-05, 4.49004182e-06)
(-8.51011110e-05, 4.67740945e-06)
(-8.49278402e-05, 4.85827121e-06)
(-8.45920076e-05, 5.03239494e-06)
(-8.40942462e-05, 5.19955679e-06)
(-8.34355039e-05, 5.35954144e-06)
(-8.26170419e-05, 5.51214243e-06)
(-8.16404317e-05, 5.65716240e-06)
(-8.05075523e-05, 5.79441335e-06)
(-7.92205861e-05, 5.92371695e-06)
(-7.77820146e-05, 6.04490471e-06)
(-7.61946134e-05, 6.15781833e-06)
(-7.44614469e-05, 6.26230988e-06)
(-7.25858616e-05, 6.35824205e-06)
(-7.05714800e-05, 6.44548841e-06)
(-6.84221930e-05, 6.52393359e-06)
(-6.61421522e-05, 6.59347357e-06)
(-6.37357621e-05, 6.65401583e-06)
(-6.12076705e-05, 6.70547956e-06)
(-5.85627603e-05, 6.74779591e-06)
(-5.58061389e-05, 6.78090810e-06)
(-5.29431288e-05, 6.80477166e-06)
(-4.99792566e-05, 6.81935457e-06)
(-4.69202424e-05, 6.82463741e-06)
(-4.37719886e-05, 6.82061350e-06)
(-4.05405677e-05, 6.80728905e-06)
(-3.72322110e-05, 6.78468327e-06)
(-3.38532962e-05, 6.75282846e-06)
(-3.04103344e-05, 6.71177012e-06)
(-2.69099582e-05, 6.66156699e-06)
(-2.33589077e-05, 6.60229115e-06)
(-1.97640183e-05, 6.53402801e-06)
(-1.61322063e-05, 6.45687637e-06)
(-1.24704564e-05, 6.37094839e-06)
(-8.78580735e-06, 6.27636961e-06)
(-5.08533848e-06, 6.17327887e-06)
(-1.37615591e-06, 6.06182827e-06)
( 2.33462129e-06, 5.94218309e-06)
( 6.03987494e-06, 5.81452169e-06)
( 9.73250160e-06, 5.67903536e-06)
( 1.34054263e-05, 5.53592820e-06)
( 1.70516163e-05, 5.38541691e-06)
( 2.06640947e-05, 5.22773061e-06)
( 2.42359538e-05, 5.06311063e-06)
( 2.77603686e-05, 4.89181021e-06)
( 3.12306097e-05, 4.71409427e-06)
( 3.46400568e-05, 4.53023905e-06)
( 3.79822108e-05, 4.34053186e-06)
( 4.12507065e-05, 4.14527065e-06)
( 4.44393250e-05, 3.94476362e-06)
( 4.75420053e-05, 3.73932887e-06)
( 5.05528561e-05, 3.52929392e-06)
( 5.34661670e-05, 3.31499523e-06)
( 5.62764191e-05, 3.09677771e-06)
( 5.89782959e-05, 2.87499426e-06)
( 6.15666932e-05, 2.65000514e-06)
( 6.40367285e-05, 2.42217744e-06)
( 6.63837507e-05, 2.19188449e-06)
( 6.86033485e-05, 1.95950523e-06)
( 7.06913588e-05, 1.72542356e-06)
( 7.26438744e-05, 1.49002769e-06)
( 7.44572513e-05, 1.25370946e-06)
( 7.61281156e-05, 1.01686360e-06)
( 7.76533697e-05, 7.79887039e-07)
( 7.90301976e-05, 5.43178150e-07)
( 8.02560707e-05, 3.07135994e-07)
( 8.13287518e-05, 7.21595376e-08)
( 8.22462995e-05,-1.61353119e-07)
( 8.30070712e-05,-3.93005553e-07)
( 8.36097266e-05,-6.22403816e-07)
( 8.40532292e-05,-8.49157256e-07)
( 8.43368485e-05,-1.07287934e-06)
( 8.44601611e-05,-1.29318847e-06)
( 8.44230508e-05,-1.50970882e-06)
( 8.42257088e-05,-1.72207116e-06)
( 8.38686330e-05,-1.92991367e-06)
( 8.33526266e-05,-2.13288280e-06)
( 8.26787964e-05,-2.33063402e-06)
( 8.18485500e-05,-2.52283267e-06)
( 8.08635935e-05,-2.70915475e-06)
( 7.97259269e-05,-2.88928769e-06)
( 7.84378411e-05,-3.06293110e-06)
( 7.70019121e-05,-3.22979756e-06)
( 7.54209967e-05,-3.38961327e-06)
( 7.36982260e-05,-3.54211883e-06)
( 7.18369998e-05,-3.68706987e-06)
( 6.98409790e-05,-3.82423772e-06)
( 6.77140792e-05,-3.95340999e-06)
( 6.54604624e-05,-4.07439122e-06)
( 6.30845286e-05,-4.18700336e-06)
( 6.05909080e-05,-4.29108634e-06)
( 5.79844510e-05,-4.38649852e-06)
( 5.52702191e-05,-4.47311714e-06)
( 5.24534751e-05,-4.55083871e-06)
( 4.95396726e-05,-4.61957933e-06)
( 4.65344457e-05,-4.67927503e-06)
( 4.34435978e-05,-4.72988204e-06)
( 4.02730905e-05,-4.77137694e-06)
( 3.70290318e-05,-4.80375685e-06)
( 3.37176648e-05,-4.82703955e-06)
( 3.03453553e-05,-4.84126351e-06)
( 2.69185797e-05,-4.84648788e-06)
( 2.34439122e-05,-4.84279246e-06)
( 1.99280128e-05,-4.83027757e-06)
( 1.63776140e-05,-4.80906390e-06)
( 1.27995081e-05,-4.77929228e-06)
( 9.20053446e-06,-4.74112337e-06)
( 5.58756583e-06,-4.69473738e-06)
( 1.96749580e-06,-4.64033366e-06)
(-1.65277457e-06,-4.57813022e-06)
(-5.26634987e-06,-4.50836328e-06)
(-8.86635342e-06,-4.43128668e-06)
(-1.24459404e-05,-4.34717128e-06)
(-1.59983107e-05,-4.25630430e-06)
(-1.95167219e-05,-4.15898862e-06)
(-2.29945021e-05,-4.05554200e-06)
(-2.64250625e-05,-3.94629626e-06)
(-2.98019096e-05,-3.83159645e-06)
(-3.31186579e-05,-3.71179994e-06)
(-3.63690416e-05,-3.58727547e-06)
(-3.95469265e-05,-3.45840218e-06)
(-4.26463217e-05,-3.32556856e-06)
(-4.56613906e-05,-3.18917143e-06)
(-4.85864618e-05,-3.04961482e-06)
(-5.14160403e-05,-2.90730890e-06)
(-5.41448172e-05,-2.76266876e-06)
(-5.67676797e-05,-2.61611333e-06)
(-5.92797211e-05,-2.46806412e-06)
(-6.16762495e-05,-2.31894405e-06)
(-6.39527968e-05,-2.16917625e-06)
(-6.61051268e-05,-2.01918280e-06)
(-6.81292434e-05,-1.86938350e-06)
(-7.00213976e-05,-1.72019466e-06)
(-7.17780948e-05,-1.57202785e-06)
(-7.33961013e-05,-1.42528866e-06)
(-7.48724498e-05,-1.28037552e-06)
(-7.62044453e-05,-1.13767845e-06)
(-7.73896700e-05,-9.97577882e-07)
(-7.84259876e-05,-8.60443512e-07)
(-7.93115471e-05,-7.26633133e-07)
(-8.00447863e-05,-5.96491525e-07)
(-8.06244347e-05,-4.70349370e-07)
(-8.10495154e-05,-3.48522204e-07)
(-8.13193471e-05,-2.31309402e-07)
(-8.14335453e-05,-1.18993220e-07)
(-8.13920224e-05,-1.18378631e-08)
(-8.11949883e-05, 8.99113784e-08)
(-8.08429495e-05, 1.86028951e-07)
(-8.03367080e-05, 2.76309799e-07)
(-7.96773599e-05, 3.60570071e-07)
(-7.88662929e-05, 4.38647760e-07)
(-7.79051836e-05, 5.10403281e-07)
(-7.67959945e-05, 5.75719984e-07)
(-7.55409695e-05, 6.34504599e-07)
(-7.41426303e-05, 6.86687596e-07)
(-7.26037708e-05, 7.32223498e-07)
(-7.09274524e-05, 7.71091092e-07)
(-6.91169972e-05, 8.03293583e-07)
(-6.71759825e-05, 8.28858665e-07)
(-6.51082332e-05, 8.47838507e-07)
(-6.29178150e-05, 8.60309669e-07)
(-6.06090261e-05, 8.66372936e-07)
(-5.81863893e-05, 8.66153071e-07)
(-5.56546430e-05, 8.59798491e-07)
(-5.30187326e-05, 8.47480851e-07)
(-5.02838005e-05, 8.29394575e-07)
(-4.74551765e-05, 8.05756283e-07)
(-4.45383676e-05, 7.76804152e-07)
(-4.15390474e-05, 7.42797207e-07)
(-3.84630454e-05, 7.04014521e-07)
(-3.53163354e-05, 6.60754365e-07)
(-3.21050247e-05, 6.13333261e-07)
(-2.88353416e-05, 5.62085006e-07)
(-2.55136244e-05, 5.07359574e-07)
(-2.21463086e-05, 4.49522020e-07)
(-1.87399148e-05, 3.88951269e-07)
(-1.53010359e-05, 3.26038888e-07)
(-1.18363253e-05, 2.61187785e-07)
(-8.35248294e-06, 1.94810858e-07)
(-4.85624355e-06, 1.27329616e-07)
(-1.35436306e-06, 5.91727408e-08)
( 2.14639413e-06,-9.22537590e-09)
( 5.63926821e-06,-7.74261418e-08)
( 9.11751688e-06,-1.44988276e-07)
( 1.25744284e-05,-2.11469371e-07)
( 1.60033345e-05,-2.76427458e-07)
( 1.93976230e-05,-3.39422590e-07)
( 2.27507510e-05,-4.00018428e-07)
( 2.60562571e-05,-4.57783839e-07)
( 2.93077739e-05,-5.12294478e-07)
( 3.24990405e-05,-5.63134382e-07)
( 3.56239145e-05,-6.09897536e-07)
( 3.86763839e-05,-6.52189420e-07)
( 4.16505785e-05,-6.89628552e-07)
( 4.45407817e-05,-7.21847978e-07)
( 4.73414414e-05,-7.48496742e-07)
( 5.00471806e-05,-7.69241317e-07)
( 5.26528081e-05,-7.83766998e-07)
( 5.51533285e-05,-7.91779220e-07)
( 5.75439519e-05,-7.93004856e-07)
( 5.98201035e-05,-7.87193445e-07)
( 6.19774321e-05,-7.74118336e-07)
( 6.40118189e-05,-7.53577807e-07)
( 6.59193856e-05,-7.25396064e-07)
( 6.76965020e-05,-6.89424209e-07)
( 6.93397930e-05,-6.45541096e-07)
( 7.08461453e-05,-5.93654123e-07)
( 7.22127136e-05,-5.33699927e-07)
( 7.34369263e-05,-4.65644996e-07)
( 7.45164905e-05,-3.89486187e-07)
( 7.54493967e-05,-3.05251143e-07)
( 7.62339226e-05,-2.12998626e-07)
( 7.68686367e-05,-1.12818734e-07)
( 7.73524015e-05,-4.83303055e-09)
( 7.76843751e-05, 1.10805434e-07)
( 7.78640139e-05, 2.33912205e-07)
( 7.78910729e-05, 3.64271610e-07)
( 7.77656069e-05, 5.01637050e-07)
( 7.74879702e-05, 6.45731390e-07)
( 7.70588163e-05, 7.96247466e-07)
( 7.64790962e-05, 9.52848688e-07)
( 7.57500573e-05, 1.11516974e-06)
( 7.48732406e-05, 1.28281740e-06)
( 7.38504780e-05, 1.45537144e-06)
( 7.26838887e-05, 1.63238565e-06)
( 7.13758751e-05, 1.81338890e-06)
( 6.99291183e-05, 1.99788640e-06)
( 6.83465728e-05, 2.18536093e-06)
( 6.66314609e-05, 2.37527424e-06)
( 6.47872661e-05, 2.56706853e-06)
( 6.28177267e-05, 2.76016792e-06)
( 6.07268282e-05, 2.95398015e-06)
( 5.85187956e-05, 3.14789819e-06)
( 5.61980851e-05, 3.34130202e-06)
( 5.37693754e-05, 3.53356048e-06)
( 5.12375582e-05, 3.72403304e-06)
( 4.86077288e-05, 3.91207184e-06)
( 4.58851760e-05, 4.09702356e-06)
( 4.30753714e-05, 4.27823144e-06)
( 4.01839590e-05, 4.45503738e-06)
( 3.72167432e-05, 4.62678392e-06)
( 3.41796783e-05, 4.79281636e-06)
( 3.10788555e-05, 4.95248487e-06)
( 2.79204917e-05, 5.10514659e-06)
( 2.47109166e-05, 5.25016771e-06)
( 2.14565599e-05, 5.38692560e-06)
( 1.81639390e-05, 5.51481090e-06)
( 1.48396452e-05, 5.63322958e-06)
( 1.14903310e-05, 5.74160498e-06)
( 8.12269665e-06, 5.83937982e-06)
( 4.74347629e-06, 5.92601821e-06)
( 1.35942484e-06, 6.00100753e-06)
(-2.02269589e-06, 6.06386032e-06)
(-5.39613080e-06, 6.11411614e-06)
(-8.75414513e-06, 6.15134323e-06)
(-1.20900381e-05, 6.17514030e-06)
(-1.53971566e-05, 6.18513805e-06)
(-1.86689086e-05, 6.18100075e-06)
(-2.18987763e-05, 6.16242762e-06)
(-2.50803298e-05, 6.12915425e-06)
(-2.82072400e-05, 6.08095375e-06)
(-3.12732914e-05, 6.01763798e-06)
(-3.42723949e-05, 5.93905854e-06)
(-3.71986000e-05, 5.84510768e-06)
(-4.00461073e-05, 5.73571915e-06)
(-4.28092801e-05, 5.61086886e-06)
(-4.54826559e-05, 5.47057548e-06)
(-4.80609576e-05, 5.31490082e-06)
(-5.05391045e-05, 5.14395026e-06)
(-5.29122224e-05, 4.95787282e-06)
(-5.51756539e-05, 4.75686130e-06)
(-5.73249675e-05, 4.54115220e-06)
(-5.93559672e-05, 4.31102547e-06)
(-6.12647009e-05, 4.06680423e-06)
(-6.30474681e-05, 3.80885430e-06)
(-6.47008282e-05, 3.53758356e-06)
(-6.62216071e-05, 3.25344125e-06)
(-6.76069037e-05, 2.95691713e-06)
(-6.88540960e-05, 2.64854045e-06)
(-6.99608462e-05, 2.32887889e-06)
(-7.09251059e-05, 1.99853729e-06)
(-7.17451198e-05, 1.65815630e-06)
(-7.24194295e-05, 1.30841093e-06)
(-7.29468764e-05, 9.50008952e-07)
(-7.33266038e-05, 5.83689223e-07)
(-7.35580590e-05, 2.10219874e-07)
(-7.36409937e-05,-1.69603570e-07)
(-7.35754651e-05,-5.54960182e-07)
(-7.33618349e-05,-9.45005707e-07)
(-7.30007692e-05,-1.33887472e-06)
(-7.24932362e-05,-1.73568286e-06)
(-7.18405045e-05,-2.13452914e-06)
(-7.10441401e-05,-2.53449829e-06)
(-7.01060029e-05,-2.93466321e-06)
(-6.90282428e-05,-3.33408742e-06)
(-6.78132949e-05,-3.73182759e-06)
(-6.64638743e-05,-4.12693608e-06)
(-6.49829699e-05,-4.51846350e-06)
(-6.33738383e-05,-4.90546132e-06)
(-6.16399967e-05,-5.28698449e-06)
(-5.97852149e-05,-5.66209400e-06)
(-5.78135078e-05,-6.02985952e-06)
(-5.57291260e-05,-6.38936198e-06)
(-5.35365475e-05,-6.73969614e-06)
(-5.12404672e-05,-7.07997311e-06)
(-4.88457872e-05,-7.40932289e-06)
(-4.63576064e-05,-7.72689677e-06)
(-4.37812092e-05,-8.03186980e-06)
(-4.11220540e-05,-8.32344310e-06)
(-3.83857622e-05,-8.60084613e-06)
(-3.55781053e-05,-8.86333892e-06)
(-3.27049927e-05,-9.11021415e-06)
(-2.97724594e-05,-9.34079924e-06)
(-2.67866526e-05,-9.55445824e-06)
(-2.37538186e-05,-9.75059370e-06)
(-2.06802896e-05,-9.92864836e-06)
(-1.75724699e-05,-1.00881068e-05)
(-1.44368221e-05,-1.02284970e-05)
(-1.12798537e-05,-1.03493914e-05)
(-8.10810264e-06,-1.04504088e-05)
(-4.92812359e-06,-1.05312146e-05)
(-1.74647397e-06,-1.05915227e-05)
( 1.43030013e-06,-1.06310956e-05)
( 4.59567787e-06,-1.06497454e-05)
( 7.74317756e-06,-1.06473345e-05)
( 1.08663705e-05,-1.06237757e-05)
( 1.39588944e-05,-1.05790328e-05)
( 1.70144672e-05,-1.05131204e-05)
( 2.00269003e-05,-1.04261039e-05)
( 2.29901113e-05,-1.03180997e-05)
( 2.58981371e-05,-1.01892743e-05)
( 2.87451467e-05,-1.00398443e-05)
( 3.15254526e-05,-9.87007536e-06)
( 3.42335238e-05,-9.68028187e-06)
( 3.68639963e-05,-9.47082566e-06)
( 3.94116850e-05,-9.24211509e-06)
( 4.18715938e-05,-8.99460391e-06)
( 4.42389266e-05,-8.72878982e-06)
( 4.65090965e-05,-8.44521311e-06)
( 4.86777354e-05,-8.14445505e-06)
( 5.07407027e-05,-7.82713620e-06)
( 5.26940940e-05,-7.49391458e-06)
( 5.45342485e-05,-7.14548379e-06)
( 5.62577561e-05,-6.78257096e-06)
( 5.78614646e-05,-6.40593468e-06)
( 5.93424852e-05,-6.01636275e-06)
( 6.06981981e-05,-5.61466994e-06)
( 6.19262576e-05,-5.20169560e-06)
( 6.30245959e-05,-4.77830129e-06)
( 6.39914269e-05,-4.34536824e-06)
( 6.48252491e-05,-3.90379489e-06)
( 6.55248479e-05,-3.45449426e-06)
( 6.60892971e-05,-2.99839142e-06)
( 6.65179601e-05,-2.53642079e-06)
( 6.68104900e-05,-2.06952356e-06)
( 6.69668296e-05,-1.59864500e-06)
( 6.69872098e-05,-1.12473187e-06)
( 6.68721487e-05,-6.48729733e-07)
( 6.66224488e-05,-1.71580379e-07)
( 6.62391943e-05, 3.05780770e-07)
( 6.57237476e-05, 7.82427203e-07)
( 6.50777449e-05, 1.25744382e-06)
( 6.43030918e-05, 1.72992937e-06)
( 6.34019574e-05, 2.19899885e-06)
( 6.23767690e-05, 2.66378578e-06)
( 6.12302050e-05, 3.12344447e-06)
( 5.99651882e-05, 3.57715214e-06)
( 5.85848779e-05, 4.02411099e-06)
( 5.70926622e-05, 4.46355014e-06)
( 5.54921489e-05, 4.89472745e-06)
( 5.37871568e-05, 5.31693127e-06)
( 5.19817061e-05, 5.72948207e-06)
( 5.00800083e-05, 6.13173386e-06)
( 4.80864559e-05, 6.52307560e-06)
( 4.60056118e-05, 6.90293238e-06)
( 4.38421981e-05, 7.27076649e-06)
( 4.16010847e-05, 7.62607840e-06)
( 3.92872778e-05, 7.96840749e-06)
( 3.69059077e-05, 8.29733268e-06)
( 3.44622168e-05, 8.61247299e-06)
( 3.19615472e-05, 8.91348778e-06)
( 2.94093279e-05, 9.20007696e-06)
( 2.68110624e-05, 9.47198101e-06)
( 2.41723161e-05, 9.72898084e-06)
( 2.14987025e-05, 9.97089749e-06)
( 1.87958714e-05, 1.01975917e-05)
( 1.60694951e-05, 1.04089632e-05)
( 1.33252559e-05, 1.06049502e-05)
( 1.05688329e-05, 1.07855282e-05)
( 7.80588948e-06, 1.09507092e-05)
( 5.04206050e-06, 1.11005402e-05)
( 2.28293955e-06, 1.12351022e-05)
(-4.65933288e-07, 1.13545085e-05)
(-3.19908368e-06, 1.14589034e-05)
(-5.91111503e-06, 1.15484600e-05)
(-8.59672022e-06, 1.16233789e-05)
(-1.12506930e-05, 1.16838857e-05)
(-1.38679393e-05, 1.17302297e-05)
(-1.64434876e-05, 1.17626809e-05)
(-1.89725000e-05, 1.17815283e-05)
(-2.14502816e-05, 1.17870777e-05)
(-2.38722907e-05, 1.17796489e-05)
(-2.62341476e-05, 1.17595733e-05)
(-2.85316435e-05, 1.17271917e-05)
(-3.07607490e-05, 1.16828515e-05)
(-3.29176214e-05, 1.16269042e-05)
(-3.49986125e-05, 1.15597025e-05)
(-3.70002749e-05, 1.14815983e-05)
(-3.89193688e-05, 1.13929393e-05)
(-4.07528669e-05, 1.12940666e-05)
(-4.24979601e-05, 1.11853123e-05)
(-4.41520620e-05, 1.10669966e-05)
(-4.57128123e-05, 1.09394252e-05)
(-4.71780807e-05, 1.08028868e-05)
(-4.85459697e-05, 1.06576504e-05)
(-4.98148162e-05, 1.05039630e-05)
(-5.09831935e-05, 1.03420472e-05)
(-5.20499122e-05, 1.01720985e-05)
(-5.30140202e-05, 9.99428336e-06)
(-5.38748030e-05, 9.80873683e-06)
(-5.46317823e-05, 9.61556043e-06)
(-5.52847146e-05, 9.41482013e-06)
(-5.58335894e-05, 9.20654440e-06)
(-5.62786265e-05, 8.99072239e-06)
(-5.66202724e-05, 8.76730217e-06)
(-5.68591969e-05, 8.53618911e-06)
(-5.69962886e-05, 8.29724434e-06)
(-5.70326499e-05, 8.05028340e-06)
(-5.69695917e-05, 7.79507484e-06)
(-5.68086275e-05, 7.53133913e-06)
(-5.65514666e-05, 7.25874746e-06)
(-5.62000076e-05, 6.97692082e-06)
(-5.57563306e-05, 6.68542906e-06)
(-5.52226896e-05, 6.38379008e-06)
(-5.46015041e-05, 6.07146906e-06)
(-5.38953502e-05, 5.74787781e-06)
(-5.31069517e-05, 5.41237409e-06)
(-5.22391705e-05, 5.06426100e-06)
(-5.12949967e-05, 4.70278640e-06)
(-5.02775385e-05, 4.32714221e-06)
(-4.91900114e-05, 3.93646379e-06)
(-4.80357276e-05, 3.52982917e-06)
(-4.68180846e-05, 3.10625809e-06)
(-4.55405538e-05, 2.66471102e-06)
(-4.42066690e-05, 2.20408783e-06)
(-4.28200141e-05, 1.72322621e-06)
(-4.13842108e-05, 1.22089972e-06)
(-3.99029064e-05, 6.95815412e-07)
(-3.83797608e-05, 1.46610863e-07)
(-3.68184332e-05,-4.28149458e-07)
(-3.52225692e-05,-1.02997864e-06)
(-3.35957864e-05,-1.66047280e-06)
(-3.19416609e-05,-2.32131769e-06)
(-3.02637126e-05,-3.01429685e-06)
(-2.85653899e-05,-3.74130144e-06)
(-2.68500543e-05,-4.50434220e-06)
(-2.51209637e-05,-5.30556399e-06)
(-2.33812554e-05,-6.14726344e-06)
(-2.16339274e-05,-7.03191037e-06)
(-1.98818187e-05,-7.96217393e-06)
(-1.81275875e-05,-8.94095440e-06)
(-1.63736874e-05,-9.97142206e-06)
(-1.46223405e-05,-1.10570650e-05)
(-1.28755075e-05,-1.22017480e-05)
(-1.11348521e-05,-1.34097852e-05)
(-9.40170050e-06,-1.46860311e-05)
(-7.67699216e-06,-1.60359939e-05)
(-5.96122066e-06,-1.74659797e-05)
(-4.25436075e-06,-1.89832751e-05)
(-2.55577693e-06,-2.05963826e-05)
(-8.64107067e-07,-2.23153269e-05)
( 8.22888400e-07,-2.41520571e-05)
( 2.50852535e-06,-2.61209837e-05)
( 4.19746316e-06,-2.82397059e-05)
( 5.89607083e-06,-3.05300132e-05)
( 7.61293968e-06,-3.30192931e-05)
( 9.35961844e-06,-3.57425527e-05)
( 1.11516958e-05,-3.87453996e-05)
( 1.30104438e-05,-4.20885671e-05)
( 1.49654026e-05,-4.58550282e-05)
( 1.70586184e-05,-5.01616523e-05)
( 1.93519478e-05,-5.51792798e-05)
( 2.19404486e-05,-6.11694829e-05)
( 2.49789014e-05,-6.85573007e-05)
( 2.87399550e-05,-7.80905241e-05)
( 3.37595561e-05,-9.12376744e-05)
( 4.13125640e-05,-1.11487959e-04)
( 5.43861096e-05,-1.47013887e-04)
( 1.24416498e-04,-3.38115657e-04)
( 1.23251296e-06, 2.53245898e-07)
( 5.02167782e-06, 3.96862213e-07)
( 8.53608359e-06, 5.86168159e-07)
( 1.20245074e-05, 7.79656454e-07)
( 1.54820203e-05, 9.74517355e-07)
( 1.89051324e-05, 1.16911510e-06)
( 2.22885577e-05, 1.36250789e-06)
( 2.56264033e-05, 1.55401600e-06)
( 2.89125447e-05, 1.74308675e-06)
( 3.21407903e-05, 1.92923585e-06)
( 3.53049662e-05, 2.11202129e-06)
( 3.83989661e-05, 2.29102953e-06)
( 4.14167844e-05, 2.46586829e-06)
( 4.43525400e-05, 2.63616249e-06)
( 4.72004962e-05, 2.80155195e-06)
( 4.99550769e-05, 2.96169018e-06)
( 5.26108807e-05, 3.11624371e-06)
( 5.51626939e-05, 3.26489181e-06)
( 5.76055027e-05, 3.40732655e-06)
( 5.99345043e-05, 3.54325283e-06)
( 6.21451169e-05, 3.67238870e-06)
( 6.42329898e-05, 3.79446559e-06)
( 6.61940120e-05, 3.90922869e-06)
( 6.80243215e-05, 4.01643724e-06)
( 6.97203124e-05, 4.11586494e-06)
( 7.12786430e-05, 4.20730028e-06)
( 7.26962420e-05, 4.29054691e-06)
( 7.39703151e-05, 4.36542394e-06)
( 7.50983508e-05, 4.43176630e-06)
( 7.60781248e-05, 4.48942501e-06)
( 7.69077055e-05, 4.53826750e-06)
( 7.75854568e-05, 4.57817781e-06)
( 7.81100423e-05, 4.60905688e-06)
( 7.84804277e-05, 4.63082273e-06)
( 7.86958828e-05, 4.64341061e-06)
( 7.87559830e-05, 4.64677321e-06)
( 7.86606102e-05, 4.64088074e-06)
( 7.84099534e-05, 4.62572101e-06)
( 7.80045079e-05, 4.60129951e-06)
( 7.74450747e-05, 4.56763946e-06)
( 7.67327585e-05, 4.52478174e-06)
( 7.58689661e-05, 4.47278492e-06)
( 7.48554034e-05, 4.41172517e-06)
( 7.36940720e-05, 4.34169614e-06)
( 7.23872653e-05, 4.26280884e-06)
( 7.09375640e-05, 4.17519150e-06)
( 6.93478309e-05, 4.07898932e-06)
( 6.76212057e-05, 3.97436429e-06)
( 6.57610981e-05, 3.86149489e-06)
( 6.37711818e-05, 3.74057584e-06)
( 6.16553867e-05, 3.61181772e-06)
( 5.94178914e-05, 3.47544663e-06)
( 5.70631150e-05, 3.33170384e-06)
( 5.45957082e-05, 3.18084532e-06)
( 5.20205441e-05, 3.02314130e-06)
( 4.93427088e-05, 2.85887584e-06)
( 4.65674913e-05, 2.68834626e-06)
( 4.37003728e-05, 2.51186264e-06)
( 4.07470161e-05, 2.32974725e-06)
( 3.77132544e-05, 2.14233397e-06)
( 3.46050797e-05, 1.94996767e-06)
( 3.14286309e-05, 1.75300359e-06)
( 2.81901818e-05, 1.55180665e-06)
( 2.48961287e-05, 1.34675079e-06)
( 2.15529775e-05, 1.13821829e-06)
( 1.81673313e-05, 9.26598986e-07)
( 1.47458768e-05, 7.12289602e-07)
( 1.12953716e-05, 4.95692942e-07)
( 7.82263047e-06, 2.77217151e-07)
( 4.33451191e-06, 5.72748972e-08)
( 8.37904812e-07,-1.63717392e-07)
(-2.66028536e-06,-3.85340364e-07)
(-6.15315016e-06,-6.07172555e-07)
(-9.63379183e-06,-8.28791205e-07)
(-1.30953369e-05,-1.04977311e-06)
(-1.65309500e-05,-1.26969546e-06)
(-1.99338469e-05,-1.48813664e-06)
(-2.32973085e-05,-1.70467714e-06)
(-2.66146937e-05,-1.91890034e-06)
(-2.98794527e-05,-2.13039339e-06)
(-3.30851400e-05,-2.33874801e-06)
(-3.62254269e-05,-2.54356136e-06)
(-3.92941144e-05,-2.74443683e-06)
(-4.22851451e-05,-2.94098488e-06)
(-4.51926154e-05,-3.13282382e-06)
(-4.80107871e-05,-3.31958064e-06)
(-5.07340986e-05,-3.50089173e-06)
(-5.33571762e-05,-3.67640370e-06)
(-5.58748445e-05,-3.84577409e-06)
(-5.82821367e-05,-4.00867210e-06)
(-6.05743044e-05,-4.16477930e-06)
(-6.27468269e-05,-4.31379030e-06)
(-6.47954204e-05,-4.45541342e-06)
(-6.67160461e-05,-4.58937132e-06)
(-6.85049185e-05,-4.71540159e-06)
(-7.01585126e-05,-4.83325733e-06)
(-7.16735711e-05,-4.94270772e-06)
(-7.30471109e-05,-5.04353849e-06)
(-7.42764284e-05,-5.13555244e-06)
(-7.53591056e-05,-5.21856986e-06)
(-7.62930143e-05,-5.29242899e-06)
(-7.70763208e-05,-5.35698631e-06)
(-7.77074890e-05,-5.41211696e-06)
(-7.81852836e-05,-5.45771502e-06)
(-7.85087728e-05,-5.49369374e-06)
(-7.86773298e-05,-5.51998581e-06)
(-7.86906340e-05,-5.53654350e-06)
(-7.85486720e-05,-5.54333884e-06)
(-7.82517372e-05,-5.54036369e-06)
(-7.78004293e-05,-5.52762981e-06)
(-7.71956533e-05,-5.50516887e-06)
(-7.64386176e-05,-5.47303243e-06)
(-7.55308312e-05,-5.43129189e-06)
(-7.44741014e-05,-5.38003833e-06)
(-7.32705296e-05,-5.31938238e-06)
(-7.19225075e-05,-5.24945406e-06)
(-7.04327123e-05,-5.17040247e-06)
(-6.88041011e-05,-5.08239556e-06)
(-6.70399054e-05,-4.98561980e-06)
(-6.51436244e-05,-4.88027980e-06)
(-6.31190184e-05,-4.76659792e-06)
(-6.09701010e-05,-4.64481382e-06)
(-5.87011313e-05,-4.51518398e-06)
(-5.63166056e-05,-4.37798120e-06)
(-5.38212482e-05,-4.23349401e-06)
(-5.12200023e-05,-4.08202610e-06)
(-4.85180201e-05,-3.92389568e-06)
(-4.57206526e-05,-3.75943486e-06)
(-4.28334390e-05,-3.58898889e-06)
(-3.98620959e-05,-3.41291551e-06)
(-3.68125057e-05,-3.23158417e-06)
(-3.36907052e-05,-3.04537522e-06)
(-3.05028736e-05,-2.85467918e-06)
(-2.72553203e-05,-2.65989585e-06)
(-2.39544723e-05,-2.46143351e-06)
(-2.06068616e-05,-2.25970800e-06)
(-1.72191123e-05,-2.05514189e-06)
(-1.37979275e-05,-1.84816354e-06)
(-1.03500759e-05,-1.63920620e-06)
(-6.88237860e-06,-1.42870709e-06)
(-3.40169575e-06,-1.21710642e-06)
( 8.50873796e-08,-1.00484651e-06)
( 3.57107371e-06,-7.92370787e-07)
( 7.04936807e-06,-5.80122840e-07)
( 1.05130908e-05,-3.68545485e-07)
( 1.39553913e-05,-1.58079784e-07)
( 1.73694617e-05, 5.08358843e-08)
( 2.07485501e-05, 2.57766796e-07)
( 2.40859740e-05, 4.62282802e-07)
( 2.73751333e-05, 6.63959265e-07)
( 3.06095238e-05, 8.62377979e-07)
( 3.37827495e-05, 1.05712807e-06)
( 3.68885354e-05, 1.24780689e-06)
( 3.99207401e-05, 1.43402088e-06)
( 4.28733676e-05, 1.61538643e-06)
( 4.57405791e-05, 1.79153069e-06)
( 4.85167048e-05, 1.96209240e-06)
( 5.11962549e-05, 2.12672263e-06)
( 5.37739302e-05, 2.28508557e-06)
( 5.62446332e-05, 2.43685923e-06)
( 5.86034772e-05, 2.58173613e-06)
( 6.08457967e-05, 2.71942398e-06)
( 6.29671561e-05, 2.84964625e-06)
( 6.49633590e-05, 2.97214281e-06)
( 6.68304555e-05, 3.08667046e-06)
( 6.85647510e-05, 3.19300344e-06)
( 7.01628128e-05, 3.29093390e-06)
( 7.16214771e-05, 3.38027233e-06)
( 7.29378550e-05, 3.46084797e-06)
( 7.41093385e-05, 3.53250913e-06)
( 7.51336053e-05, 3.59512351e-06)
( 7.60086237e-05, 3.64857845e-06)
( 7.67326560e-05, 3.69278116e-06)
( 7.73042625e-05, 3.72765887e-06)
( 7.77223041e-05, 3.75315897e-06)
( 7.79859442e-05, 3.76924910e-06)
( 7.80946509e-05, 3.77591715e-06)
( 7.80481974e-05, 3.77317129e-06)
( 7.78466630e-05, 3.76103987e-06)
( 7.74904325e-05, 3.73957135e-06)
( 7.69801956e-05, 3.70883414e-06)
( 7.63169453e-05, 3.66891640e-06)
( 7.55019763e-05, 3.61992584e-06)
( 7.45368819e-05, 3.56198937e-06)
( 7.34235514e-05, 3.49525286e-06)
( 7.21641660e-05, 3.41988070e-06)
( 7.07611943e-05, 3.33605547e-06)
( 6.92173880e-05, 3.24397742e-06)
( 6.75357758e-05, 3.14386404e-06)
( 6.57196579e-05, 3.03594951e-06)
( 6.37725992e-05, 2.92048417e-06)
( 6.16984223e-05, 2.79773389e-06)
( 5.95012000e-05, 2.66797949e-06)
( 5.71852473e-05, 2.53151605e-06)
( 5.47551128e-05, 2.38865222e-06)
( 5.22155696e-05, 2.23970955e-06)
( 4.95716063e-05, 2.08502168e-06)
( 4.68284165e-05, 1.92493364e-06)
( 4.39913892e-05, 1.75980103e-06)
( 4.10660979e-05, 1.58998920e-06)
( 3.80582896e-05, 1.41587246e-06)
( 3.49738733e-05, 1.23783318e-06)
( 3.18189087e-05, 1.05626098e-06)
( 2.85995942e-05, 8.71551846e-07)
( 2.53222545e-05, 6.84107227e-07)
( 2.19933281e-05, 4.94333159e-07)
( 1.86193550e-05, 3.02639373e-07)
( 1.52069634e-05, 1.09438374e-07)
( 1.17628569e-05,-8.48554401e-08)
( 8.29380124e-06,-2.79826700e-07)
( 4.80661089e-06,-4.75059952e-07)
( 1.30813580e-06,-6.70140573e-07)
(-2.19475218e-06,-8.64655640e-07)
(-5.69517281e-06,-1.05819483e-06)
(-9.18625098e-06,-1.25035129e-06)
(-1.26611303e-05,-1.44072247e-06)
(-1.61129863e-05,-1.62891101e-06)
(-1.95350405e-05,-1.81452555e-06)
(-2.29205729e-05,-1.99718151e-06)
(-2.62629358e-05,-2.17650195e-06)
(-2.95555668e-05,-2.35211826e-06)
(-3.27920014e-05,-2.52367097e-06)
(-3.59658859e-05,-2.69081044e-06)
(-3.90709901e-05,-2.85319754e-06)
(-4.21012191e-05,-3.01050437e-06)
(-4.50506257e-05,-3.16241483e-06)
(-4.79134216e-05,-3.30862529e-06)
(-5.06839895e-05,-3.44884513e-06)
(-5.33568934e-05,-3.58279726e-06)
(-5.59268896e-05,-3.71021871e-06)
(-5.83889372e-05,-3.83086101e-06)
(-6.07382076e-05,-3.94449070e-06)
(-6.29700944e-05,-4.05088969e-06)
(-6.50802219e-05,-4.14985564e-06)
(-6.70644543e-05,-4.24120229e-06)
(-6.89189035e-05,-4.32475977e-06)
(-7.06399367e-05,-4.40037480e-06)
(-7.22241837e-05,-4.46791097e-06)
(-7.36685435e-05,-4.52724884e-06)
(-7.49701901e-05,-4.57828615e-06)
(-7.61265784e-05,-4.62093787e-06)
(-7.71354492e-05,-4.65513628e-06)
(-7.79948333e-05,-4.68083098e-06)
(-7.87030557e-05,-4.69798888e-06)
(-7.92587387e-05,-4.70659414e-06)
(-7.96608046e-05,-4.70664809e-06)
(-7.99084781e-05,-4.69816907e-06)
(-8.00012872e-05,-4.68119231e-06)
(-7.99390650e-05,-4.65576971e-06)
(-7.97219492e-05,-4.62196956e-06)
(-7.93503822e-05,-4.57987638e-06)
(-7.88251103e-05,-4.52959050e-06)
(-7.81471821e-05,-4.47122782e-06)
(-7.73179464e-05,-4.40491939e-06)
(-7.63390497e-05,-4.33081106e-06)
(-7.52124328e-05,-4.24906301e-06)
(-7.39403271e-05,-4.15984937e-06)
(-7.25252502e-05,-4.06335768e-06)
(-7.09700008e-05,-3.95978847e-06)
(-6.92776534e-05,-3.84935464e-06)
(-6.74515521e-05,-3.73228104e-06)
(-6.54953043e-05,-3.60880380e-06)
(-6.34127733e-05,-3.47916982e-06)
(-6.12080707e-05,-3.34363616e-06)
(-5.88855485e-05,-3.20246941e-06)
(-5.64497906e-05,-3.05594510e-06)
(-5.39056035e-05,-2.90434703e-06)
(-5.12580072e-05,-2.74796664e-06)
(-4.85122249e-05,-2.58710236e-06)
(-4.56736733e-05,-2.42205892e-06)
(-4.27479513e-05,-2.25314671e-06)
(-3.97408295e-05,-2.08068109e-06)
(-3.66582387e-05,-1.90498173e-06)
(-3.35062580e-05,-1.72637190e-06)
(-3.02911033e-05,-1.54517783e-06)
(-2.70191148e-05,-1.36172800e-06)
(-2.36967442e-05,-1.17635248e-06)
(-2.03305428e-05,-9.89382283e-07)
(-1.69271479e-05,-8.01148667e-07)
(-1.34932701e-05,-6.11982497e-07)
(-1.00356800e-05,-4.22213600e-07)
(-6.56119486e-06,-2.32170119e-07)
(-3.07666509e-06,-4.21779014e-08)
( 4.11039019e-07, 1.47440137e-07)
( 3.89504097e-06, 3.36364588e-07)
( 7.36847159e-06, 5.24280158e-07)
( 1.08244825e-05, 7.10876218e-07)
( 1.42562598e-05, 8.95847376e-07)
( 1.76570371e-05, 1.07889401e-06)
( 2.10201094e-05, 1.25972277e-06)
( 2.43388456e-05, 1.43804711e-06)
( 2.76067024e-05, 1.61358772e-06)
( 3.08172366e-05, 1.78607304e-06)
( 3.39641180e-05, 1.95523965e-06)
( 3.70411417e-05, 2.12083273e-06)
( 4.00422409e-05, 2.28260642e-06)
( 4.29614981e-05, 2.44032420e-06)
( 4.57931575e-05, 2.59375924e-06)
( 4.85316358e-05, 2.74269476e-06)
( 5.11715336e-05, 2.88692425e-06)
( 5.37076460e-05, 3.02625184e-06)
( 5.61349726e-05, 3.16049249e-06)
( 5.84487279e-05, 3.28947226e-06)
( 6.06443502e-05, 3.41302848e-06)
( 6.27175112e-05, 3.53100996e-06)
( 6.46641240e-05, 3.64327714e-06)
( 6.64803519e-05, 3.74970221e-06)
( 6.81626151e-05, 3.85016925e-06)
( 6.97075985e-05, 3.94457427e-06)
( 7.11122583e-05, 4.03282534e-06)
( 7.23738276e-05, 4.11484254e-06)
( 7.34898220e-05, 4.19055806e-06)
( 7.44580449e-05, 4.25991616e-06)
( 7.52765918e-05, 4.32287313e-06)
( 7.59438536e-05, 4.37939726e-06)
( 7.64585205e-05, 4.42946876e-06)
( 7.68195842e-05, 4.47307967e-06)
( 7.70263402e-05, 4.51023376e-06)
( 7.70783890e-05, 4.54094637e-06)
( 7.69756374e-05, 4.56524429e-06)
( 7.67182980e-05, 4.58316559e-06)
( 7.63068896e-05, 4.59475940e-06)
( 7.57422357e-05, 4.60008575e-06)
( 7.50254634e-05, 4.59921531e-06)
( 7.41580007e-05, 4.59222920e-06)
( 7.31415742e-05, 4.57921868e-06)
( 7.19782055e-05, 4.56028492e-06)
( 7.06702074e-05, 4.53553874e-06)
( 6.92201793e-05, 4.50510027e-06)
( 6.76310021e-05, 4.46909865e-06)
( 6.59058327e-05, 4.42767176e-06)
( 6.40480978e-05, 4.38096584e-06)
( 6.20614871e-05, 4.32913516e-06)
( 5.99499460e-05, 4.27234169e-06)
( 5.77176681e-05, 4.21075474e-06)
( 5.53690868e-05, 4.14455057e-06)
( 5.29088667e-05, 4.07391203e-06)
( 5.03418942e-05, 3.99902817e-06)
( 4.76732682e-05, 3.92009388e-06)
( 4.49082899e-05, 3.83730947e-06)
( 4.20524522e-05, 3.75088027e-06)
( 3.91114295e-05, 3.66101624e-06)
( 3.60910655e-05, 3.56793156e-06)
( 3.29973629e-05, 3.47184422e-06)
( 2.98364705e-05, 3.37297560e-06)
( 2.66146718e-05, 3.27155008e-06)
( 2.33383721e-05, 3.16779459e-06)
( 2.00140863e-05, 3.06193822e-06)
( 1.66484256e-05, 2.95421179e-06)
( 1.32480850e-05, 2.84484744e-06)
( 9.81982947e-06, 2.73407822e-06)
( 6.37048099e-06, 2.62213768e-06)
( 2.90690492e-06, 2.50925943e-06)
(-5.64003557e-07, 2.39567677e-06)
(-4.03533303e-06, 2.28162226e-06)
(-7.50016959e-06, 2.16732732e-06)
(-1.09516105e-05, 2.05302185e-06)
(-1.43827777e-05, 1.93893382e-06)
(-1.77868319e-05, 1.82528889e-06)
(-2.11569854e-05, 1.71231001e-06)
(-2.44865161e-05, 1.60021707e-06)
(-2.77687807e-05, 1.48922652e-06)
(-3.09972278e-05, 1.37955100e-06)
(-3.41654108e-05, 1.27139899e-06)
(-3.72670009e-05, 1.16497446e-06)
(-4.02957995e-05, 1.06047653e-06)
(-4.32457507e-05, 9.58099145e-07)
(-4.61109529e-05, 8.58030742e-07)
(-4.88856710e-05, 7.60453945e-07)
(-5.15643476e-05, 6.65545257e-07)
(-5.41416140e-05, 5.73474766e-07)
(-5.66123009e-05, 4.84405874e-07)
(-5.89714487e-05, 3.98495006e-07)
(-6.12143174e-05, 3.15891369e-07)
(-6.33363959e-05, 2.36736687e-07)
(-6.53334114e-05, 1.61164978e-07)
(-6.72013373e-05, 8.93023189e-08)
(-6.89364016e-05, 2.12666391e-08)
(-7.05350944e-05,-4.28324784e-08)
(-7.19941751e-05,-1.02893982e-07)
(-7.33106783e-05,-1.58825528e-07)
(-7.44819203e-05,-2.10543631e-07)
(-7.55055044e-05,-2.57973814e-07)
(-7.63793252e-05,-3.01050731e-07)
(-7.71015736e-05,-3.39718287e-07)
(-7.76707400e-05,-3.73929733e-07)
(-7.80856172e-05,-4.03647751e-07)
(-7.83453032e-05,-4.28844523e-07)
(-7.84492031e-05,-4.49501779e-07)
(-7.83970299e-05,-4.65610841e-07)
(-7.81888056e-05,-4.77172634e-07)
(-7.78248609e-05,-4.84197695e-07)
(-7.73058349e-05,-4.86706160e-07)
(-7.66326734e-05,-4.84727731e-07)
(-7.58066276e-05,-4.78301635e-07)
(-7.48292517e-05,-4.67476553e-07)
(-7.37023992e-05,-4.52310550e-07)
(-7.24282201e-05,-4.32870968e-07)
(-7.10091563e-05,-4.09234316e-07)
(-6.94479368e-05,-3.81486141e-07)
(-6.77475722e-05,-3.49720876e-07)
(-6.59113494e-05,-3.14041681e-07)
(-6.39428245e-05,-2.74560248e-07)
(-6.18458159e-05,-2.31396621e-07)
(-5.96243972e-05,-1.84678968e-07)
(-5.72828886e-05,-1.34543353e-07)
(-5.48258488e-05,-8.11334910e-08)
(-5.22580658e-05,-2.46004834e-08)
(-4.95845477e-05, 3.48974593e-08)
(-4.68105124e-05, 9.71953186e-08)
(-4.39413776e-05, 1.62121556e-07)
(-4.09827500e-05, 2.29498467e-07)
(-3.79404144e-05, 2.99142489e-07)
(-3.48203219e-05, 3.70864565e-07)
(-3.16285785e-05, 4.44470506e-07)
(-2.83714328e-05, 5.19761373e-07)
(-2.50552637e-05, 5.96533840e-07)
(-2.16865679e-05, 6.74580630e-07)
(-1.82719469e-05, 7.53690885e-07)
(-1.48180941e-05, 8.33650617e-07)
(-1.13317813e-05, 9.14243119e-07)
(-7.81984563e-06, 9.95249403e-07)
(-4.28917571e-06, 1.07644865e-06)
(-7.46698268e-07, 1.15761865e-06)
( 2.80063569e-06, 1.23853627e-06)
( 6.34586459e-06, 1.31897792e-06)
( 9.88203011e-06, 1.39872000e-06)
( 1.34021909e-05, 1.47753938e-06)
( 1.68994363e-05, 1.55521386e-06)
( 2.03669001e-05, 1.63152268e-06)
( 2.37977740e-05, 1.70624693e-06)
( 2.71853212e-05, 1.77917009e-06)
( 3.05228897e-05, 1.85007843e-06)
( 3.38039254e-05, 1.91876154e-06)
( 3.70219849e-05, 1.98501275e-06)
( 4.01707488e-05, 2.04862962e-06)
( 4.32440335e-05, 2.10941436e-06)
( 4.62358039e-05, 2.16717430e-06)
( 4.91401852e-05, 2.22172229e-06)
( 5.19514743e-05, 2.27287719e-06)
( 5.46641515e-05, 2.32046424e-06)
( 5.72728909e-05, 2.36431546e-06)
( 5.97725714e-05, 2.40427007e-06)
( 6.21582863e-05, 2.44017486e-06)
( 6.44253536e-05, 2.47188455e-06)
( 6.65693246e-05, 2.49926214e-06)
( 6.85859930e-05, 2.52217926e-06)
( 7.04714033e-05, 2.54051647e-06)
( 7.22218582e-05, 2.55416354e-06)
( 7.38339264e-05, 2.56301977e-06)
( 7.53044488e-05, 2.56699423e-06)
( 7.66305451e-05, 2.56600598e-06)
( 7.78096192e-05, 2.55998433e-06)
( 7.88393645e-05, 2.54886900e-06)
( 7.97177682e-05, 2.53261028e-06)
( 8.04431154e-05, 2.51116923e-06)
( 8.10139925e-05, 2.48451776e-06)
( 8.14292896e-05, 2.45263876e-06)
( 8.16882029e-05, 2.41552615e-06)
( 8.17902362e-05, 2.37318494e-06)
( 8.17352018e-05, 2.32563128e-06)
( 8.15232208e-05, 2.27289243e-06)
( 8.11547227e-05, 2.21500674e-06)
( 8.06304448e-05, 2.15202360e-06)
( 7.99514300e-05, 2.08400338e-06)
( 7.91190257e-05, 2.01101729e-06)
( 7.81348800e-05, 1.93314729e-06)
( 7.70009390e-05, 1.85048591e-06)
( 7.57194429e-05, 1.76313608e-06)
( 7.42929210e-05, 1.67121092e-06)
( 7.27241872e-05, 1.57483350e-06)
( 7.10163341e-05, 1.47413662e-06)
( 6.91727267e-05, 1.36926248e-06)
( 6.71969960e-05, 1.26036243e-06)
( 6.50930314e-05, 1.14759662e-06)
( 6.28649732e-05, 1.03113365e-06)
( 6.05172042e-05, 9.11150213e-07)
( 5.80543411e-05, 7.87830718e-07)
( 5.54812253e-05, 6.61366860e-07)
( 5.28029132e-05, 5.31957220e-07)
( 5.00246659e-05, 3.99806806e-07)
( 4.71519395e-05, 2.65126612e-07)
( 4.41903735e-05, 1.28133127e-07)
( 4.11457799e-05,-1.09521285e-08)
( 3.80241317e-05,-1.51903123e-07)
( 3.48315511e-05,-2.94489807e-07)
( 3.15742972e-05,-4.38478641e-07)
( 2.82587539e-05,-5.83633119e-07)
( 2.48914168e-05,-7.29714310e-07)
( 2.14788807e-05,-8.76481394e-07)
( 1.80278265e-05,-1.02369220e-06)
( 1.45450080e-05,-1.17110378e-06)
( 1.10372384e-05,-1.31847293e-06)
( 7.51137702e-06,-1.46555674e-06)
( 3.97431558e-06,-1.61211318e-06)
( 4.32964775e-07,-1.75790160e-06)
(-3.10575945e-06,-1.90268329e-06)
(-6.63494953e-06,-2.04622201e-06)
(-1.01477199e-05,-2.18828454e-06)
(-1.36372205e-05,-2.32864115e-06)
(-1.70966505e-05,-2.46706615e-06)
(-2.05192712e-05,-2.60333838e-06)
(-2.38984199e-05,-2.73724167e-06)
(-2.72275225e-05,-2.86856533e-06)
(-3.05001065e-05,-2.99710460e-06)
(-3.37098142e-05,-3.12266106e-06)
(-3.68504145e-05,-3.24504311e-06)
(-3.99158154e-05,-3.36406628e-06)
(-4.29000761e-05,-3.47955369e-06)
(-4.57974185e-05,-3.59133633e-06)
(-4.86022384e-05,-3.69925349e-06)
(-5.13091166e-05,-3.80315295e-06)
(-5.39128297e-05,-3.90289137e-06)
(-5.64083596e-05,-3.99833450e-06)
(-5.87909042e-05,-4.08935740e-06)
(-6.10558861e-05,-4.17584471e-06)
(-6.31989618e-05,-4.25769076e-06)
(-6.52160300e-05,-4.33479977e-06)
(-6.71032398e-05,-4.40708595e-06)
(-6.88569977e-05,-4.47447362e-06)
(-7.04739751e-05,-4.53689728e-06)
(-7.19511145e-05,-4.59430160e-06)
(-7.32856353e-05,-4.64664151e-06)
(-7.44750392e-05,-4.69388213e-06)
(-7.55171150e-05,-4.73599874e-06)
(-7.64099431e-05,-4.77297671e-06)
(-7.71518983e-05,-4.80481141e-06)
(-7.77416541e-05,-4.83150805e-06)
(-7.81781839e-05,-4.85308157e-06)
(-7.84607638e-05,-4.86955641e-06)
(-7.85889735e-05,-4.88096635e-06)
(-7.85626970e-05,-4.88735426e-06)
(-7.83821227e-05,-4.88877183e-06)
(-7.80477428e-05,-4.88527930e-06)
(-7.75603525e-05,-4.87694519e-06)
(-7.69210479e-05,-4.86384593e-06)
(-7.61312238e-05,-4.84606555e-06)
(-7.51925711e-05,-4.82369529e-06)
(-7.41070730e-05,-4.79683329e-06)
(-7.28770010e-05,-4.76558409e-06)
(-7.15049104e-05,-4.73005831e-06)
(-6.99936350e-05,-4.69037219e-06)
(-6.83462817e-05,-4.64664715e-06)
(-6.65662238e-05,-4.59900936e-06)
(-6.46570945e-05,-4.54758928e-06)
(-6.26227797e-05,-4.49252118e-06)
(-6.04674101e-05,-4.43394271e-06)
(-5.81953529e-05,-4.37199436e-06)
(-5.58112032e-05,-4.30681908e-06)
(-5.33197749e-05,-4.23856171e-06)
(-5.07260909e-05,-4.16736854e-06)
(-4.80353735e-05,-4.09338686e-06)
(-4.52530334e-05,-4.01676444e-06)
(-4.23846597e-05,-3.93764910e-06)
(-3.94360083e-05,-3.85618824e-06)
(-3.64129908e-05,-3.77252837e-06)
(-3.33216625e-05,-3.68681469e-06)
(-3.01682107e-05,-3.59919066e-06)
(-2.69589421e-05,-3.50979758e-06)
(-2.37002709e-05,-3.41877414e-06)
(-2.03987054e-05,-3.32625613e-06)
(-1.70608359e-05,-3.23237597e-06)
(-1.36933210e-05,-3.13726240e-06)
(-1.03028749e-05,-3.04104017e-06)
(-6.89625402e-06,-2.94382966e-06)
(-3.48024360e-06,-2.84574666e-06)
(-6.16444302e-08,-2.74690203e-06)
( 3.35274060e-06,-2.64740151e-06)
( 6.75611992e-06,-2.54734546e-06)
( 1.01417266e-05,-2.44682867e-06)
( 1.35028319e-05,-2.34594022e-06)
( 1.68327580e-05,-2.24476326e-06)
( 2.01248919e-05,-2.14337495e-06)
( 2.33726977e-05,-2.04184634e-06)
( 2.65697300e-05,-1.94024231e-06)
( 2.97096463e-05,-1.83862153e-06)
( 3.27862194e-05,-1.73703644e-06)
( 3.57933501e-05,-1.63553325e-06)
( 3.87250786e-05,-1.53415202e-06)
( 4.15755967e-05,-1.43292668e-06)
( 4.43392588e-05,-1.33188516e-06)
( 4.70105935e-05,-1.23104949e-06)
( 4.95843139e-05,-1.13043596e-06)
( 5.20553282e-05,-1.03005528e-06)
( 5.44187497e-05,-9.29912778e-07)
( 5.66699062e-05,-8.30008601e-07)
( 5.88043497e-05,-7.30337993e-07)
( 6.08178644e-05,-6.30891524e-07)
( 6.27064757e-05,-5.31655394e-07)
( 6.44664575e-05,-4.32611721e-07)
( 6.60943398e-05,-3.33738878e-07)
( 6.75869154e-05,-2.35011816e-07)
( 6.89412462e-05,-1.36402433e-07)
( 7.01546691e-05,-3.78799284e-08)
( 7.12248010e-05, 6.05887985e-08)
( 7.21495437e-05, 1.59038768e-07)
( 7.29270881e-05, 2.57506507e-07)
( 7.35559174e-05, 3.56029643e-07)
( 7.40348105e-05, 4.54646478e-07)
( 7.43628440e-05, 5.53395568e-07)
( 7.45393945e-05, 6.52315292e-07)
( 7.45641393e-05, 7.51443422e-07)
( 7.44370577e-05, 8.50816693e-07)
( 7.41584302e-05, 9.50470369e-07)
( 7.37288388e-05, 1.05043782e-06)
( 7.31491655e-05, 1.15075010e-06)
( 7.24205903e-05, 1.25143552e-06)
( 7.15445896e-05, 1.35251926e-06)
( 7.05229326e-05, 1.45402297e-06)
( 6.93576784e-05, 1.55596435e-06)
( 6.80511714e-05, 1.65835681e-06)
( 6.66060373e-05, 1.76120910e-06)
( 6.50251777e-05, 1.86452497e-06)
( 6.33117644e-05, 1.96830283e-06)
( 6.14692330e-05, 2.07253546e-06)
( 5.95012765e-05, 2.17720971e-06)
( 5.74118381e-05, 2.28230622e-06)
( 5.52051031e-05, 2.38779924e-06)
( 5.28854908e-05, 2.49365630e-06)
( 5.04576461e-05, 2.59983811e-06)
( 4.79264301e-05, 2.70629836e-06)
( 4.52969108e-05, 2.81298355e-06)
( 4.25743526e-05, 2.91983291e-06)
( 3.97642069e-05, 3.02677828e-06)
( 3.68721003e-05, 3.13374409e-06)
( 3.39038244e-05, 3.24064727e-06)
( 3.08653241e-05, 3.34739730e-06)
( 2.77626856e-05, 3.45389622e-06)
( 2.46021251e-05, 3.56003868e-06)
( 2.13899758e-05, 3.66571203e-06)
( 1.81326761e-05, 3.77079645e-06)
( 1.48367564e-05, 3.87516507e-06)
( 1.15088265e-05, 3.97868419e-06)
( 8.15556267e-06, 4.08121343e-06)
( 4.78369409e-06, 4.18260603e-06)
( 1.39998990e-06, 4.28270906e-06)
(-1.98875425e-06, 4.38136373e-06)
(-5.37572969e-06, 4.47840571e-06)
(-8.75412811e-06, 4.57366548e-06)
(-1.21171551e-05, 4.66696870e-06)
(-1.54580434e-05, 4.75813658e-06)
(-1.87700666e-05, 4.84698634e-06)
(-2.20465524e-05, 4.93333160e-06)
(-2.52808954e-05, 5.01698289e-06)
(-2.84665709e-05, 5.09774809e-06)
(-3.15971473e-05, 5.17543296e-06)
(-3.46662992e-05, 5.24984162e-06)
(-3.76678197e-05, 5.32077713e-06)
(-4.05956331e-05, 5.38804199e-06)
(-4.34438065e-05, 5.45143869e-06)
(-4.62065623e-05, 5.51077033e-06)
(-4.88782892e-05, 5.56584114e-06)
(-5.14535534e-05, 5.61645709e-06)
(-5.39271098e-05, 5.66242646e-06)
(-5.62939124e-05, 5.70356046e-06)
(-5.85491241e-05, 5.73967376e-06)
(-6.06881270e-05, 5.77058516e-06)
(-6.27065311e-05, 5.79611812e-06)
(-6.46001834e-05, 5.81610135e-06)
(-6.63651764e-05, 5.83036942e-06)
(-6.79978559e-05, 5.83876330e-06)
(-6.94948282e-05, 5.84113093e-06)
(-7.08529675e-05, 5.83732776e-06)
(-7.20694219e-05, 5.82721732e-06)
(-7.31416191e-05, 5.81067169e-06)
(-7.40672723e-05, 5.78757204e-06)
(-7.48443844e-05, 5.75780910e-06)
(-7.54712523e-05, 5.72128365e-06)
(-7.59464707e-05, 5.67790693e-06)
(-7.62689349e-05, 5.62760107e-06)
(-7.64378432e-05, 5.57029952e-06)
(-7.64526990e-05, 5.50594739e-06)
(-7.63133117e-05, 5.43450179e-06)
(-7.60197974e-05, 5.35593218e-06)
(-7.55725792e-05, 5.27022064e-06)
(-7.49723861e-05, 5.17736211e-06)
(-7.42202523e-05, 5.07736465e-06)
(-7.33175150e-05, 4.97024963e-06)
(-7.22658125e-05, 4.85605186e-06)
(-7.10670804e-05, 4.73481976e-06)
(-6.97235488e-05, 4.60661545e-06)
(-6.82377379e-05, 4.47151480e-06)
(-6.66124530e-05, 4.32960743e-06)
(-6.48507792e-05, 4.18099678e-06)
(-6.29560760e-05, 4.02580001e-06)
(-6.09319704e-05, 3.86414791e-06)
(-5.87823500e-05, 3.69618486e-06)
(-5.65113556e-05, 3.52206861e-06)
(-5.41233733e-05, 3.34197015e-06)
(-5.16230260e-05, 3.15607346e-06)
(-4.90151640e-05, 2.96457531e-06)
(-4.63048563e-05, 2.76768494e-06)
(-4.34973803e-05, 2.56562376e-06)
(-4.05982113e-05, 2.35862502e-06)
(-3.76130126e-05, 2.14693342e-06)
(-3.45476234e-05, 1.93080472e-06)
(-3.14080484e-05, 1.71050531e-06)
(-2.82004452e-05, 1.48631176e-06)
(-2.49311128e-05, 1.25851031e-06)
(-2.16064788e-05, 1.02739637e-06)
(-1.82330871e-05, 7.93274040e-07)
(-1.48175848e-05, 5.56455468e-07)
(-1.13667093e-05, 3.17260343e-07)
(-7.88727472e-06, 7.60152859e-08)
(-4.38615885e-06,-1.66946778e-07)
(-8.70289197e-07,-4.11287222e-07)
( 2.65337052e-06,-6.56662376e-07)
( 6.17783421e-06,-9.02724168e-07)
( 9.69610723e-06,-1.14912080e-06)
( 1.32012003e-05,-1.39549740e-06)
( 1.66861432e-05,-1.64149673e-06)
( 2.01439991e-05,-1.88675985e-06)
( 2.35678776e-05,-2.13092682e-06)
( 2.69509490e-05,-2.37363738e-06)
( 3.02864580e-05,-2.61453168e-06)
( 3.35677365e-05,-2.85325090e-06)
( 3.67882177e-05,-3.08943801e-06)
( 3.99414485e-05,-3.32273841e-06)
( 4.30211031e-05,-3.55280064e-06)
( 4.60209951e-05,-3.77927702e-06)
( 4.89350901e-05,-4.00182431e-06)
( 5.17575178e-05,-4.22010439e-06)
( 5.44825839e-05,-4.43378487e-06)
( 5.71047813e-05,-4.64253971e-06)
( 5.96188013e-05,-4.84604984e-06)
( 6.20195444e-05,-5.04400375e-06)
( 6.43021305e-05,-5.23609803e-06)
( 6.64619086e-05,-5.42203798e-06)
( 6.84944666e-05,-5.60153810e-06)
( 7.03956397e-05,-5.77432260e-06)
( 7.21615194e-05,-5.94012589e-06)
( 7.37884613e-05,-6.09869308e-06)
( 7.52730921e-05,-6.24978037e-06)
( 7.66123172e-05,-6.39315549e-06)
( 7.78033266e-05,-6.52859807e-06)
( 7.88436008e-05,-6.65590006e-06)
( 7.97309159e-05,-6.77486597e-06)
( 8.04633486e-05,-6.88531326e-06)
( 8.10392797e-05,-6.98707260e-06)
( 8.14573979e-05,-7.07998809e-06)
( 8.17167027e-05,-7.16391752e-06)
( 8.18165063e-05,-7.23873255e-06)
( 8.17564353e-05,-7.30431889e-06)
( 8.15364318e-05,-7.36057642e-06)
( 8.11567534e-05,-7.40741931e-06)
( 8.06179732e-05,-7.44477612e-06)
( 7.99209790e-05,-7.47258982e-06)
( 7.90669712e-05,-7.49081785e-06)
( 7.80574612e-05,-7.49943209e-06)
( 7.68942682e-05,-7.49841887e-06)
( 7.55795160e-05,-7.48777889e-06)
( 7.41156289e-05,-7.46752715e-06)
( 7.25053271e-05,-7.43769284e-06)
( 7.07516216e-05,-7.39831924e-06)
( 6.88578080e-05,-7.34946354e-06)
( 6.68274606e-05,-7.29119667e-06)
( 6.46644253e-05,-7.22360313e-06)
( 6.23728121e-05,-7.14678075e-06)
( 5.99569871e-05,-7.06084047e-06)
( 5.74215640e-05,-6.96590605e-06)
( 5.47713951e-05,-6.86211386e-06)
( 5.20115617e-05,-6.74961253e-06)
( 4.91473645e-05,-6.62856269e-06)
( 4.61843128e-05,-6.49913659e-06)
( 4.31281139e-05,-6.36151785e-06)
( 3.99846617e-05,-6.21590100e-06)
( 3.67600256e-05,-6.06249124e-06)
( 3.34604378e-05,-5.90150396e-06)
( 3.00922819e-05,-5.73316442e-06)
( 2.66620795e-05,-5.55770736e-06)
( 2.31764782e-05,-5.37537654e-06)
( 1.96422375e-05,-5.18642441e-06)
( 1.60662165e-05,-4.99111164e-06)
( 1.24553596e-05,-4.78970672e-06)
( 8.81668316e-06,-4.58248554e-06)
( 5.15726168e-06,-4.36973095e-06)
( 1.48421362e-06,-4.15173234e-06)
(-2.19531250e-06,-3.92878521e-06)
(-5.87415226e-06,-3.70119070e-06)
(-9.54513950e-06,-3.46925521e-06)
(-1.32011204e-05,-3.23328993e-06)
(-1.68349678e-05,-2.99361041e-06)
(-2.04395951e-05,-2.75053613e-06)
(-2.40079702e-05,-2.50439006e-06)
(-2.75331297e-05,-2.25549827e-06)
(-3.10081922e-05,-2.00418942e-06)
(-3.44263725e-05,-1.75079443e-06)
(-3.77809944e-05,-1.49564602e-06)
(-4.10655042e-05,-1.23907826e-06)
(-4.42734837e-05,-9.81426222e-07)
(-4.73986625e-05,-7.23025529e-07)
(-5.04349308e-05,-4.64211974e-07)
(-5.33763513e-05,-2.05321109e-07)
(-5.62171707e-05, 5.33121408e-08)
(-5.89518315e-05, 3.11353863e-07)
(-6.15749825e-05, 5.68471543e-07)
(-6.40814895e-05, 8.24334443e-07)
(-6.64664454e-05, 1.07861397e-06)
(-6.87251802e-05, 1.33098403e-06)
(-7.08532694e-05, 1.58112142e-06)
(-7.28465435e-05, 1.82870617e-06)
(-7.47010956e-05, 2.07342186e-06)
(-7.64132895e-05, 2.31495602e-06)
(-7.79797665e-05, 2.55300043e-06)
(-7.93974521e-05, 2.78725149e-06)
(-8.06635620e-05, 3.01741052e-06)
(-8.17756076e-05, 3.24318408e-06)
(-8.27314006e-05, 3.46428435e-06)
(-8.35290574e-05, 3.68042936e-06)
(-8.41670029e-05, 3.89134340e-06)
(-8.46439732e-05, 4.09675723e-06)
(-8.49590182e-05, 4.29640846e-06)
(-8.51115034e-05, 4.49004182e-06)
(-8.51011110e-05, 4.67740945e-06)
(-8.49278402e-05, 4.85827121e-06)
(-8.45920076e-05, 5.03239494e-06)
(-8.40942462e-05, 5.19955679e-06)
(-8.34355039e-05, 5.35954144e-06)
(-8.26170419e-05, 5.51214243e-06)
(-8.16404317e-05, 5.65716240e-06)
(-8.05075523e-05, 5.79441335e-06)
(-7.92205861e-05, 5.92371695e-06)
(-7.77820146e-05, 6.04490471e-06)
(-7.61946134e-05, 6.15781834e-06)
(-7.44614469e-05, 6.26230988e-06)
(-7.25858616e-05, 6.35824205e-06)
(-7.05714800e-05, 6.44548841e-06)
(-6.84221930e-05, 6.52393359e-06)
(-6.61421522e-05, 6.59347357e-06)
(-6.37357621e-05, 6.65401583e-06)
(-6.12076705e-05, 6.70547956e-06)
(-5.85627603e-05, 6.74779591e-06)
(-5.58061389e-05, 6.78090810e-06)
(-5.29431288e-05, 6.80477166e-06)
(-4.99792566e-05, 6.81935457e-06)
(-4.69202424e-05, 6.82463741e-06)
(-4.37719886e-05, 6.82061350e-06)
(-4.05405677e-05, 6.80728905e-06)
(-3.72322110e-05, 6.78468327e-06)
(-3.38532962e-05, 6.75282846e-06)
(-3.04103344e-05, 6.71177012e-06)
(-2.69099582e-05, 6.66156699e-06)
(-2.33589077e-05, 6.60229115e-06)
(-1.97640183e-05, 6.53402801e-06)
(-1.61322063e-05, 6.45687637e-06)
(-1.24704564e-05, 6.37094839e-06)
(-8.78580735e-06, 6.27636961e-06)
(-5.08533848e-06, 6.17327887e-06)
(-1.37615591e-06, 6.06182827e-06)
( 2.33462129e-06, 5.94218309e-06)
( 6.03987494e-06, 5.81452169e-06)
( 9.73250160e-06, 5.67903536e-06)
( 1.34054263e-05, 5.53592820e-06)
( 1.70516163e-05, 5.38541691e-06)
( 2.06640947e-05, 5.22773061e-06)
( 2.42359538e-05, 5.06311063e-06)
( 2.77603686e-05, 4.89181021e-06)
( 3.12306097e-05, 4.71409427e-06)
( 3.46400568e-05, 4.53023905e-06)
( 3.79822108e-05, 4.34053186e-06)
( 4.12507065e-05, 4.14527065e-06)
( 4.44393250e-05, 3.94476362e-06)
( 4.75420053e-05, 3.73932887e-06)
( 5.05528561e-05, 3.52929392e-06)
( 5.34661670e-05, 3.31499523e-06)
( 5.62764191e-05, 3.09677771e-06)
( 5.89782959e-05, 2.87499426e-06)
( 6.15666932e-05, 2.65000514e-06)
( 6.40367285e-05, 2.42217744e-06)
( 6.63837507e-05, 2.19188449e-06)
( 6.86033485e-05, 1.95950523e-06)
( 7.06913588e-05, 1.72542356e-06)
( 7.26438744e-05, 1.49002769e-06)
( 7.44572513e-05, 1.25370946e-06)
( 7.61281156e-05, 1.01686360e-06)
( 7.76533697e-05, 7.79887038e-07)
( 7.90301976e-05, 5.43178150e-07)
( 8.02560707e-05, 3.07135994e-07)
( 8.13287518e-05, 7.21595372e-08)
( 8.22462995e-05,-1.61353120e-07)
( 8.30070712e-05,-3.93005553e-07)
( 8.36097266e-05,-6.22403816e-07)
( 8.40532292e-05,-8.49157257e-07)
( 8.43368485e-05,-1.07287934e-06)
( 8.44601611e-05,-1.29318847e-06)
( 8.44230508e-05,-1.50970882e-06)
( 8.42257088e-05,-1.72207116e-06)
( 8.38686330e-05,-1.92991367e-06)
( 8.33526266e-05,-2.13288280e-06)
( 8.26787964e-05,-2.33063402e-06)
( 8.18485500e-05,-2.52283267e-06)
( 8.08635935e-05,-2.70915475e-06)
( 7.97259269e-05,-2.88928769e-06)
( 7.84378411e-05,-3.06293111e-06)
( 7.70019121e-05,-3.22979756e-06)
( 7.54209967e-05,-3.38961327e-06)
( 7.36982260e-05,-3.54211883e-06)
( 7.18369998e-05,-3.68706987e-06)
( 6.98409790e-05,-3.82423772e-06)
( 6.77140792e-05,-3.95340999e-06)
( 6.54604624e-05,-4.07439122e-06)
( 6.30845286e-05,-4.18700336e-06)
( 6.05909080e-05,-4.29108634e-06)
( 5.79844510e-05,-4.38649852e-06)
( 5.52702191e-05,-4.47311714e-06)
( 5.24534751e-05,-4.55083871e-06)
( 4.95396726e-05,-4.61957933e-06)
( 4.65344457e-05,-4.67927503e-06)
( 4.34435978e-05,-4.72988204e-06)
( 4.02730905e-05,-4.77137694e-06)
( 3.70290318e-05,-4.80375685e-06)
( 3.37176648e-05,-4.82703955e-06)
( 3.03453553e-05,-4.84126351e-06)
( 2.69185797e-05,-4.84648788e-06)
( 2.34439122e-05,-4.84279246e-06)
( 1.99280128e-05,-4.83027757e-06)
( 1.63776140e-05,-4.80906390e-06)
( 1.27995081e-05,-4.77929228e-06)
( 9.20053446e-06,-4.74112337e-06)
( 5.58756583e-06,-4.69473738e-06)
( 1.96749580e-06,-4.64033366e-06)
(-1.65277457e-06,-4.57813022e-06)
(-5.26634987e-06,-4.50836327e-06)
(-8.86635342e-06,-4.43128667e-06)
(-1.24459404e-05,-4.34717127e-06)
(-1.59983107e-05,-4.25630430e-06)
(-1.95167219e-05,-4.15898862e-06)
(-2.29945021e-05,-4.05554200e-06)
(-2.64250625e-05,-3.94629626e-06)
(-2.98019096e-05,-3.83159645e-06)
(-3.31186579e-05,-3.71179994e-06)
(-3.63690416e-05,-3.58727547e-06)
(-3.95469265e-05,-3.45840218e-06)
(-4.26463217e-05,-3.32556856e-06)
(-4.56613906e-05,-3.18917143e-06)
(-4.85864618e-05,-3.04961482e-06)
(-5.14160403e-05,-2.90730890e-06)
(-5.41448172e-05,-2.76266876e-06)
(-5.67676797e-05,-2.61611333e-06)
(-5.92797211e-05,-2.46806412e-06)
(-6.16762495e-05,-2.31894405e-06)
(-6.39527968e-05,-2.16917625e-06)
(-6.61051268e-05,-2.01918280e-06)
(-6.81292434e-05,-1.86938350e-06)
(-7.00213976e-05,-1.72019466e-06)
(-7.17780948e-05,-1.57202785e-06)
(-7.33961013e-05,-1.42528866e-06)
(-7.48724498e-05,-1.28037552e-06)
(-7.62044453e-05,-1.13767845e-06)
(-7.73896700e-05,-9.97577882e-07)
(-7.84259876e-05,-8.60443512e-07)
(-7.93115471e-05,-7.26633133e-07)
(-8.00447863e-05,-5.96491525e-07)
(-8.06244347e-05,-4.70349370e-07)
(-8.10495154e-05,-3.48522204e-07)
(-8.13193471e-05,-2.31309403e-07)
(-8.14335453e-05,-1.18993220e-07)
(-8.13920224e-05,-1.18378633e-08)
(-8.11949883e-05, 8.99113782e-08)
(-8.08429495e-05, 1.86028950e-07)
(-8.03367080e-05, 2.76309799e-07)
(-7.96773599e-05, 3.60570070e-07)
(-7.88662929e-05, 4.38647759e-07)
(-7.79051836e-05, 5.10403280e-07)
(-7.67959945e-05, 5.75719984e-07)
(-7.55409695e-05, 6.34504599e-07)
(-7.41426303e-05, 6.86687595e-07)
(-7.26037708e-05, 7.32223497e-07)
(-7.09274524e-05, 7.71091091e-07)
(-6.91169972e-05, 8.03293582e-07)
(-6.71759825e-05, 8.28858665e-07)
(-6.51082332e-05, 8.47838507e-07)
(-6.29178150e-05, 8.60309668e-07)
(-6.06090261e-05, 8.66372936e-07)
(-5.81863893e-05, 8.66153071e-07)
(-5.56546430e-05, 8.59798491e-07)
(-5.30187326e-05, 8.47480850e-07)
(-5.02838005e-05, 8.29394575e-07)
(-4.74551765e-05, 8.05756282e-07)
(-4.45383676e-05, 7.76804152e-07)
(-4.15390474e-05, 7.42797207e-07)
(-3.84630454e-05, 7.04014521e-07)
(-3.53163354e-05, 6.60754365e-07)
(-3.21050247e-05, 6.13333261e-07)
(-2.88353416e-05, 5.62085005e-07)
(-2.55136244e-05, 5.07359574e-07)
(-2.21463086e-05, 4.49522020e-07)
(-1.87399148e-05, 3.88951269e-07)
(-1.53010359e-05, 3.26038888e-07)
(-1.18363253e-05, 2.61187785e-07)
(-8.35248294e-06, 1.94810857e-07)
(-4.85624355e-06, 1.27329616e-07)
(-1.35436306e-06, 5.91727407e-08)
( 2.14639413e-06,-9.22537605e-09)
( 5.63926820e-06,-7.74261419e-08)
( 9.11751688e-06,-1.44988276e-07)
( 1.25744284e-05,-2.11469371e-07)
( 1.60033345e-05,-2.76427458e-07)
( 1.93976230e-05,-3.39422590e-07)
( 2.27507510e-05,-4.00018428e-07)
( 2.60562571e-05,-4.57783839e-07)
( 2.93077739e-05,-5.12294478e-07)
( 3.24990405e-05,-5.63134382e-07)
( 3.56239145e-05,-6.09897536e-07)
( 3.86763839e-05,-6.52189420e-07)
( 4.16505785e-05,-6.89628552e-07)
( 4.45407817e-05,-7.21847978e-07)
( 4.73414414e-05,-7.48496742e-07)
( 5.00471806e-05,-7.69241317e-07)
( 5.26528081e-05,-7.83766998e-07)
( 5.51533285e-05,-7.91779219e-07)
( 5.75439519e-05,-7.93004856e-07)
( 5.98201035e-05,-7.87193445e-07)
( 6.19774321e-05,-7.74118336e-07)
( 6.40118189e-05,-7.53577806e-07)
( 6.59193856e-05,-7.25396064e-07)
( 6.76965020e-05,-6.89424209e-07)
( 6.93397930e-05,-6.45541095e-07)
( 7.08461453e-05,-5.93654122e-07)
( 7.22127136e-05,-5.33699926e-07)
( 7.34369263e-05,-4.65644996e-07)
( 7.45164905e-05,-3.89486186e-07)
( 7.54493967e-05,-3.05251143e-07)
( 7.62339226e-05,-2.12998625e-07)
( 7.68686367e-05,-1.12818733e-07)
( 7.73524015e-05,-4.83303016e-09)
( 7.76843751e-05, 1.10805434e-07)
( 7.78640139e-05, 2.33912205e-07)
( 7.78910729e-05, 3.64271611e-07)
( 7.77656069e-05, 5.01637050e-07)
( 7.74879702e-05, 6.45731390e-07)
( 7.70588163e-05, 7.96247467e-07)
( 7.64790962e-05, 9.52848688e-07)
( 7.57500573e-05, 1.11516974e-06)
( 7.48732406e-05, 1.28281740e-06)
( 7.38504780e-05, 1.45537144e-06)
( 7.26838887e-05, 1.63238565e-06)
( 7.13758751e-05, 1.81338890e-06)
( 6.99291183e-05, 1.99788640e-06)
( 6.83465728e-05, 2.18536093e-06)
( 6.66314609e-05, 2.37527424e-06)
( 6.47872661e-05, 2.56706853e-06)
( 6.28177267e-05, 2.76016792e-06)
( 6.07268282e-05, 2.95398015e-06)
( 5.85187956e-05, 3.14789819e-06)
( 5.61980851e-05, 3.34130203e-06)
( 5.37693754e-05, 3.53356048e-06)
( 5.12375582e-05, 3.72403304e-06)
( 4.86077288e-05, 3.91207184e-06)
( 4.58851760e-05, 4.09702356e-06)
( 4.30753714e-05, 4.27823144e-06)
( 4.01839590e-05, 4.45503738e-06)
( 3.72167432e-05, 4.62678392e-06)
( 3.41796783e-05, 4.79281636e-06)
( 3.10788555e-05, 4.95248487e-06)
( 2.79204917e-05, 5.10514659e-06)
( 2.47109166e-05, 5.25016771e-06)
( 2.14565599e-05, 5.38692560e-06)
( 1.81639390e-05, 5.51481090e-06)
( 1.48396452e-05, 5.63322958e-06)
( 1.14903310e-05, 5.74160498e-06)
( 8.12269665e-06, 5.83937982e-06)
( 4.74347629e-06, 5.92601821e-06)
( 1.35942484e-06, 6.00100753e-06)
(-2.02269589e-06, 6.06386032e-06)
(-5.39613080e-06, 6.11411614e-06)
(-8.75414513e-06, 6.15134323e-06)
(-1.20900381e-05, 6.17514030e-06)
(-1.53971566e-05, 6.18513805e-06)
(-1.86689086e-05, 6.18100075e-06)
(-2.18987763e-05, 6.16242762e-06)
(-2.50803298e-05, 6.12915424e-06)
(-2.82072400e-05, 6.08095375e-06)
(-3.12732914e-05, 6.01763798e-06)
(-3.42723949e-05, 5.93905854e-06)
(-3.71986000e-05, 5.84510768e-06)
(-4.00461073e-05, 5.73571915e-06)
(-4.28092801e-05, 5.61086886e-06)
(-4.54826559e-05, 5.47057548e-06)
(-4.80609576e-05, 5.31490082e-06)
(-5.05391045e-05, 5.14395026e-06)
(-5.29122224e-05, 4.95787282e-06)
(-5.51756539e-05, 4.75686130e-06)
(-5.73249675e-05, 4.54115220e-06)
(-5.93559672e-05, 4.31102547e-06)
(-6.12647009e-05, 4.06680423e-06)
(-6.30474681e-05, 3.80885430e-06)
(-6.47008282e-05, 3.53758356e-06)
(-6.62216071e-05, 3.25344125e-06)
(-6.76069037e-05, 2.95691713e-06)
(-6.88540960e-05, 2.64854045e-06)
(-6.99608462e-05, 2.32887889e-06)
(-7.09251059e-05, 1.99853729e-06)
(-7.17451198e-05, 1.65815630e-06)
(-7.24194295e-05, 1.30841093e-06)
(-7.29468764e-05, 9.50008952e-07)
(-7.33266038e-05, 5.83689223e-07)
(-7.35580590e-05, 2.10219874e-07)
(-7.36409937e-05,-1.69603570e-07)
(-7.35754651e-05,-5.54960182e-07)
(-7.33618349e-05,-9.45005707e-07)
(-7.30007692e-05,-1.33887472e-06)
(-7.24932362e-05,-1.73568286e-06)
(-7.18405045e-05,-2.13452914e-06)
(-7.10441401e-05,-2.53449829e-06)
(-7.01060029e-05,-2.93466321e-06)
(-6.90282428e-05,-3.33408742e-06)
(-6.78132949e-05,-3.73182759e-06)
(-6.64638743e-05,-4.12693608e-06)
(-6.49829699e-05,-4.51846350e-06)
(-6.33738383e-05,-4.90546132e-06)
(-6.16399967e-05,-5.28698449e-06)
(-5.97852149e-05,-5.66209400e-06)
(-5.78135078e-05,-6.02985952e-06)
(-5.57291260e-05,-6.38936198e-06)
(-5.35365475e-05,-6.73969614e-06)
(-5.12404672e-05,-7.07997311e-06)
(-4.88457872e-05,-7.40932289e-06)
(-4.63576064e-05,-7.72689677e-06)
(-4.37812092e-05,-8.03186980e-06)
(-4.11220540e-05,-8.32344310e-06)
(-3.83857622e-05,-8.60084613e-06)
(-3.55781053e-05,-8.86333891e-06)
(-3.27049927e-05,-9.11021415e-06)
(-2.97724594e-05,-9.34079924e-06)
(-2.67866526e-05,-9.55445824e-06)
(-2.37538186e-05,-9.75059370e-06)
(-2.06802896e-05,-9.92864836e-06)
(-1.75724699e-05,-1.00881068e-05)
(-1.44368221e-05,-1.02284970e-05)
(-1.12798537e-05,-1.03493914e-05)
(-8.10810264e-06,-1.04504088e-05)
(-4.92812359e-06,-1.05312146e-05)
(-1.74647396e-06,-1.05915227e-05)
( 1.43030013e-06,-1.06310956e-05)
( 4.59567787e-06,-1.06497454e-05)
( 7.74317756e-06,-1.06473345e-05)
( 1.08663705e-05,-1.06237757e-05)
( 1.39588944e-05,-1.05790328e-05)
( 1.70144672e-05,-1.05131204e-05)
( 2.00269003e-05,-1.04261039e-05)
( 2.29901113e-05,-1.03180997e-05)
( 2.58981371e-05,-1.01892743e-05)
( 2.87451467e-05,-1.00398443e-05)
( 3.15254526e-05,-9.87007536e-06)
( 3.42335238e-05,-9.68028187e-06)
( 3.68639963e-05,-9.47082565e-06)
( 3.94116850e-05,-9.24211509e-06)
( 4.18715938e-05,-8.99460391e-06)
( 4.42389266e-05,-8.72878982e-06)
( 4.65090965e-05,-8.44521311e-06)
( 4.86777354e-05,-8.14445505e-06)
( 5.07407027e-05,-7.82713620e-06)
( 5.26940940e-05,-7.49391458e-06)
( 5.45342485e-05,-7.14548379e-06)
( 5.62577561e-05,-6.78257096e-06)
( 5.78614646e-05,-6.40593468e-06)
( 5.93424852e-05,-6.01636275e-06)
( 6.06981981e-05,-5.61466994e-06)
( 6.19262576e-05,-5.20169560e-06)
( 6.30245959e-05,-4.77830129e-06)
( 6.39914269e-05,-4.34536824e-06)
( 6.48252491e-05,-3.90379489e-06)
( 6.55248479e-05,-3.45449426e-06)
( 6.60892971e-05,-2.99839142e-06)
( 6.65179601e-05,-2.53642079e-06)
( 6.68104900e-05,-2.06952356e-06)
( 6.69668296e-05,-1.59864500e-06)
( 6.69872098e-05,-1.12473187e-06)
( 6.68721487e-05,-6.48729734e-07)
( 6.66224488e-05,-1.71580380e-07)
( 6.62391943e-05, 3.05780769e-07)
( 6.57237476e-05, 7.82427203e-07)
( 6.50777449e-05, 1.25744382e-06)
( 6.43030918e-05, 1.72992937e-06)
( 6.34019574e-05, 2.19899885e-06)
( 6.23767690e-05, 2.66378578e-06)
( 6.12302050e-05, 3.12344447e-06)
( 5.99651882e-05, 3.57715214e-06)
( 5.85848779e-05, 4.02411099e-06)
( 5.70926622e-05, 4.46355014e-06)
( 5.54921489e-05, 4.89472745e-06)
( 5.37871568e-05, 5.31693127e-06)
( 5.19817061e-05, 5.72948207e-06)
( 5.00800083e-05, 6.13173386e-06)
( 4.80864559e-05, 6.52307560e-06)
( 4.60056118e-05, 6.90293238e-06)
( 4.38421981e-05, 7.27076649e-06)
( 4.16010847e-05, 7.62607840e-06)
( 3.92872778e-05, 7.96840749e-06)
( 3.69059077e-05, 8.29733268e-06)
( 3.44622168e-05, 8.61247299e-06)
( 3.19615472e-05, 8.91348778e-06)
( 2.94093279e-05, 9.20007696e-06)
( 2.68110624e-05, 9.47198101e-06)
( 2.41723161e-05, 9.72898084e-06)
( 2.14987025e-05, 9.97089749e-06)
( 1.87958714e-05, 1.01975917e-05)
( 1.60694951e-05, 1.04089632e-05)
( 1.33252559e-05, 1.06049502e-05)
( 1.05688329e-05, 1.07855282e-05)
( 7.80588948e-06, 1.09507092e-05)
( 5.04206050e-06, 1.11005402e-05)
( 2.28293955e-06, 1.12351022e-05)
(-4.65933289e-07, 1.13545085e-05)
(-3.19908368e-06, 1.14589034e-05)
(-5.91111503e-06, 1.15484600e-05)
(-8.59672022e-06, 1.16233789e-05)
(-1.12506930e-05, 1.16838857e-05)
(-1.38679393e-05, 1.17302297e-05)
(-1.64434876e-05, 1.17626809e-05)
(-1.89725000e-05, 1.17815283e-05)
(-2.14502816e-05, 1.17870777e-05)
(-2.38722907e-05, 1.17796489e-05)
(-2.62341476e-05, 1.17595733e-05)
(-2.85316435e-05, 1.17271917e-05)
(-3.07607490e-05, 1.16828515e-05)
(-3.29176214e-05, 1.16269042e-05)
(-3.49986125e-05, 1.15597025e-05)
(-3.70002749e-05, 1.14815983e-05)
(-3.89193688e-05, 1.13929393e-05)
(-4.07528669e-05, 1.12940666e-05)
(-4.24979601e-05, 1.11853123e-05)
(-4.41520620e-05, 1.10669966e-05)
(-4.57128123e-05, 1.09394252e-05)
(-4.71780807e-05, 1.08028868e-05)
(-4.85459697e-05, 1.06576504e-05)
(-4.98148162e-05, 1.05039630e-05)
(-5.09831935e-05, 1.03420472e-05)
(-5.20499122e-05, 1.01720985e-05)
(-5.30140202e-05, 9.99428337e-06)
(-5.38748030e-05, 9.80873683e-06)
(-5.46317823e-05, 9.61556043e-06)
(-5.52847146e-05, 9.41482013e-06)
(-5.58335894e-05, 9.20654440e-06)
(-5.62786265e-05, 8.99072239e-06)
(-5.66202724e-05, 8.76730217e-06)
(-5.68591969e-05, 8.53618911e-06)
(-5.69962886e-05, 8.29724434e-06)
(-5.70326499e-05, 8.05028340e-06)
(-5.69695917e-05, 7.79507485e-06)
(-5.68086275e-05, 7.53133913e-06)
(-5.65514666e-05, 7.25874746e-06)
(-5.62000076e-05, 6.97692082e-06)
(-5.57563306e-05, 6.68542906e-06)
(-5.52226896e-05, 6.38379008e-06)
(-5.46015041e-05, 6.07146906e-06)
(-5.38953502e-05, 5.74787781e-06)
(-5.31069516e-05, 5.41237409e-06)
(-5.22391705e-05, 5.06426100e-06)
(-5.12949967e-05, 4.70278640e-06)
(-5.02775385e-05, 4.32714221e-06)
(-4.91900114e-05, 3.93646379e-06)
(-4.80357276e-05, 3.52982917e-06)
(-4.68180846e-05, 3.10625809e-06)
(-4.55405538e-05, 2.66471102e-06)
(-4.42066690e-05, 2.20408783e-06)
(-4.28200141e-05, 1.72322621e-06)
(-4.13842108e-05, 1.22089972e-06)
(-3.99029064e-05, 6.95815412e-07)
(-3.83797608e-05, 1.46610862e-07)
(-3.68184332e-05,-4.28149458e-07)
(-3.52225692e-05,-1.02997864e-06)
(-3.35957864e-05,-1.66047280e-06)
(-3.19416609e-05,-2.32131769e-06)
(-3.02637126e-05,-3.01429685e-06)
(-2.85653899e-05,-3.74130144e-06)
(-2.68500543e-05,-4.50434221e-06)
(-2.51209637e-05,-5.30556399e-06)
(-2.33812554e-05,-6.14726344e-06)
(-2.16339274e-05,-7.03191037e-06)
(-1.98818187e-05,-7.96217394e-06)
(-1.81275875e-05,-8.94095440e-06)
(-1.63736874e-05,-9.97142206e-06)
(-1.46223405e-05,-1.10570650e-05)
(-1.28755075e-05,-1.22017480e-05)
(-1.11348521e-05,-1.34097852e-05)
(-9.40170050e-06,-1.46860311e-05)
(-7.67699216e-06,-1.60359939e-05)
(-5.96122066e-06,-1.74659797e-05)
(-4.25436075e-06,-1.89832751e-05)
(-2.55577693e-06,-2.05963826e-05)
(-8.64107067e-07,-2.23153269e-05)
( 8.22888399e-07,-2.41520571e-05)
( 2.50852535e-06,-2.61209837e-05)
( 4.19746316e-06,-2.82397059e-05)
( 5.89607083e-06,-3.05300132e-05)
( 7.61293968e-06,-3.30192931e-05)
( 9.35961844e-06,-3.57425527e-05)
( 1.11516958e-05,-3.87453996e-05)
( 1.30104438e-05,-4.20885671e-05)
( 1.49654026e-05,-4.58550282e-05)
( 1.70586184e-05,-5.01616523e-05)
( 1.93519478e-05,-5.51792798e-05)
( 2.19404486e-05,-6.11694829e-05)
( 2.49789014e-05,-6.85573007e-05)
( 2.87399550e-05,-7.80905241e-05)
( 3.37595561e-05,-9.12376744e-05)
( 4.13125640e-05,-1.11487959e-04)
( 5.43861096e-05,-1.47013887e-04)
( 1.24416498e-04,-3.38115657e-04)
