% L-Bracket Geometry
% N_total=534, N_horizontal=267, N_vertical=267
% Resolution: 100 segments per wavelength
% Format: x(m) y(m)
9.36861391e-04 0.00000000e+00
2.81058417e-03 0.00000000e+00
4.68430695e-03 0.00000000e+00
6.55802973e-03 0.00000000e+00
8.43175252e-03 0.00000000e+00
1.03054753e-02 0.00000000e+00
1.21791981e-02 0.00000000e+00
1.40529209e-02 0.00000000e+00
1.59266436e-02 0.00000000e+00
1.78003664e-02 0.00000000e+00
1.96740892e-02 0.00000000e+00
2.15478120e-02 0.00000000e+00
2.34215348e-02 0.00000000e+00
2.52952575e-02 0.00000000e+00
2.71689803e-02 0.00000000e+00
2.90427031e-02 0.00000000e+00
3.09164259e-02 0.00000000e+00
3.27901487e-02 0.00000000e+00
3.46638715e-02 0.00000000e+00
3.65375942e-02 0.00000000e+00
3.84113170e-02 0.00000000e+00
4.02850398e-02 0.00000000e+00
4.21587626e-02 0.00000000e+00
4.40324854e-02 0.00000000e+00
4.59062081e-02 0.00000000e+00
4.77799309e-02 0.00000000e+00
4.96536537e-02 0.00000000e+00
5.15273765e-02 0.00000000e+00
5.34010993e-02 0.00000000e+00
5.52748221e-02 0.00000000e+00
5.71485448e-02 0.00000000e+00
5.90222676e-02 0.00000000e+00
6.08959904e-02 0.00000000e+00
6.27697132e-02 0.00000000e+00
6.46434360e-02 0.00000000e+00
6.65171587e-02 0.00000000e+00
6.83908815e-02 0.00000000e+00
7.02646043e-02 0.00000000e+00
7.21383271e-02 0.00000000e+00
7.40120499e-02 0.00000000e+00
7.58857726e-02 0.00000000e+00
7.77594954e-02 0.00000000e+00
7.96332182e-02 0.00000000e+00
8.15069410e-02 0.00000000e+00
8.33806638e-02 0.00000000e+00
8.52543866e-02 0.00000000e+00
8.71281093e-02 0.00000000e+00
8.90018321e-02 0.00000000e+00
9.08755549e-02 0.00000000e+00
9.27492777e-02 0.00000000e+00
9.46230005e-02 0.00000000e+00
9.64967232e-02 0.00000000e+00
9.83704460e-02 0.00000000e+00
1.00244169e-01 0.00000000e+00
1.02117892e-01 0.00000000e+00
1.03991614e-01 0.00000000e+00
1.05865337e-01 0.00000000e+00
1.07739060e-01 0.00000000e+00
1.09612783e-01 0.00000000e+00
1.11486505e-01 0.00000000e+00
1.13360228e-01 0.00000000e+00
1.15233951e-01 0.00000000e+00
1.17107674e-01 0.00000000e+00
1.18981397e-01 0.00000000e+00
1.20855119e-01 0.00000000e+00
1.22728842e-01 0.00000000e+00
1.24602565e-01 0.00000000e+00
1.26476288e-01 0.00000000e+00
1.28350011e-01 0.00000000e+00
1.30223733e-01 0.00000000e+00
1.32097456e-01 0.00000000e+00
1.33971179e-01 0.00000000e+00
1.35844902e-01 0.00000000e+00
1.37718624e-01 0.00000000e+00
1.39592347e-01 0.00000000e+00
1.41466070e-01 0.00000000e+00
1.43339793e-01 0.00000000e+00
1.45213516e-01 0.00000000e+00
1.47087238e-01 0.00000000e+00
1.48960961e-01 0.00000000e+00
1.50834684e-01 0.00000000e+00
1.52708407e-01 0.00000000e+00
1.54582129e-01 0.00000000e+00
1.56455852e-01 0.00000000e+00
1.58329575e-01 0.00000000e+00
1.60203298e-01 0.00000000e+00
1.62077021e-01 0.00000000e+00
1.63950743e-01 0.00000000e+00
1.65824466e-01 0.00000000e+00
1.67698189e-01 0.00000000e+00
1.69571912e-01 0.00000000e+00
1.71445634e-01 0.00000000e+00
1.73319357e-01 0.00000000e+00
1.75193080e-01 0.00000000e+00
1.77066803e-01 0.00000000e+00
1.78940526e-01 0.00000000e+00
1.80814248e-01 0.00000000e+00
1.82687971e-01 0.00000000e+00
1.84561694e-01 0.00000000e+00
1.86435417e-01 0.00000000e+00
1.88309140e-01 0.00000000e+00
1.90182862e-01 0.00000000e+00
1.92056585e-01 0.00000000e+00
1.93930308e-01 0.00000000e+00
1.95804031e-01 0.00000000e+00
1.97677753e-01 0.00000000e+00
1.99551476e-01 0.00000000e+00
2.01425199e-01 0.00000000e+00
2.03298922e-01 0.00000000e+00
2.05172645e-01 0.00000000e+00
2.07046367e-01 0.00000000e+00
2.08920090e-01 0.00000000e+00
2.10793813e-01 0.00000000e+00
2.12667536e-01 0.00000000e+00
2.14541258e-01 0.00000000e+00
2.16414981e-01 0.00000000e+00
2.18288704e-01 0.00000000e+00
2.20162427e-01 0.00000000e+00
2.22036150e-01 0.00000000e+00
2.23909872e-01 0.00000000e+00
2.25783595e-01 0.00000000e+00
2.27657318e-01 0.00000000e+00
2.29531041e-01 0.00000000e+00
2.31404764e-01 0.00000000e+00
2.33278486e-01 0.00000000e+00
2.35152209e-01 0.00000000e+00
2.37025932e-01 0.00000000e+00
2.38899655e-01 0.00000000e+00
2.40773377e-01 0.00000000e+00
2.42647100e-01 0.00000000e+00
2.44520823e-01 0.00000000e+00
2.46394546e-01 0.00000000e+00
2.48268269e-01 0.00000000e+00
2.50141991e-01 0.00000000e+00
2.52015714e-01 0.00000000e+00
2.53889437e-01 0.00000000e+00
2.55763160e-01 0.00000000e+00
2.57636882e-01 0.00000000e+00
2.59510605e-01 0.00000000e+00
2.61384328e-01 0.00000000e+00
2.63258051e-01 0.00000000e+00
2.65131774e-01 0.00000000e+00
2.67005496e-01 0.00000000e+00
2.68879219e-01 0.00000000e+00
2.70752942e-01 0.00000000e+00
2.72626665e-01 0.00000000e+00
2.74500387e-01 0.00000000e+00
2.76374110e-01 0.00000000e+00
2.78247833e-01 0.00000000e+00
2.80121556e-01 0.00000000e+00
2.81995279e-01 0.00000000e+00
2.83869001e-01 0.00000000e+00
2.85742724e-01 0.00000000e+00
2.87616447e-01 0.00000000e+00
2.89490170e-01 0.00000000e+00
2.91363893e-01 0.00000000e+00
2.93237615e-01 0.00000000e+00
2.95111338e-01 0.00000000e+00
2.96985061e-01 0.00000000e+00
2.98858784e-01 0.00000000e+00
3.00732506e-01 0.00000000e+00
3.02606229e-01 0.00000000e+00
3.04479952e-01 0.00000000e+00
3.06353675e-01 0.00000000e+00
3.08227398e-01 0.00000000e+00
3.10101120e-01 0.00000000e+00
3.11974843e-01 0.00000000e+00
3.13848566e-01 0.00000000e+00
3.15722289e-01 0.00000000e+00
3.17596011e-01 0.00000000e+00
3.19469734e-01 0.00000000e+00
3.21343457e-01 0.00000000e+00
3.23217180e-01 0.00000000e+00
3.25090903e-01 0.00000000e+00
3.26964625e-01 0.00000000e+00
3.28838348e-01 0.00000000e+00
3.30712071e-01 0.00000000e+00
3.32585794e-01 0.00000000e+00
3.34459516e-01 0.00000000e+00
3.36333239e-01 0.00000000e+00
3.38206962e-01 0.00000000e+00
3.40080685e-01 0.00000000e+00
3.41954408e-01 0.00000000e+00
3.43828130e-01 0.00000000e+00
3.45701853e-01 0.00000000e+00
3.47575576e-01 0.00000000e+00
3.49449299e-01 0.00000000e+00
3.51323022e-01 0.00000000e+00
3.53196744e-01 0.00000000e+00
3.55070467e-01 0.00000000e+00
3.56944190e-01 0.00000000e+00
3.58817913e-01 0.00000000e+00
3.60691635e-01 0.00000000e+00
3.62565358e-01 0.00000000e+00
3.64439081e-01 0.00000000e+00
3.66312804e-01 0.00000000e+00
3.68186527e-01 0.00000000e+00
3.70060249e-01 0.00000000e+00
3.71933972e-01 0.00000000e+00
3.73807695e-01 0.00000000e+00
3.75681418e-01 0.00000000e+00
3.77555140e-01 0.00000000e+00
3.79428863e-01 0.00000000e+00
3.81302586e-01 0.00000000e+00
3.83176309e-01 0.00000000e+00
3.85050032e-01 0.00000000e+00
3.86923754e-01 0.00000000e+00
3.88797477e-01 0.00000000e+00
3.90671200e-01 0.00000000e+00
3.92544923e-01 0.00000000e+00
3.94418645e-01 0.00000000e+00
3.96292368e-01 0.00000000e+00
3.98166091e-01 0.00000000e+00
4.00039814e-01 0.00000000e+00
4.01913537e-01 0.00000000e+00
4.03787259e-01 0.00000000e+00
4.05660982e-01 0.00000000e+00
4.07534705e-01 0.00000000e+00
4.09408428e-01 0.00000000e+00
4.11282151e-01 0.00000000e+00
4.13155873e-01 0.00000000e+00
4.15029596e-01 0.00000000e+00
4.16903319e-01 0.00000000e+00
4.18777042e-01 0.00000000e+00
4.20650764e-01 0.00000000e+00
4.22524487e-01 0.00000000e+00
4.24398210e-01 0.00000000e+00
4.26271933e-01 0.00000000e+00
4.28145656e-01 0.00000000e+00
4.30019378e-01 0.00000000e+00
4.31893101e-01 0.00000000e+00
4.33766824e-01 0.00000000e+00
4.35640547e-01 0.00000000e+00
4.37514269e-01 0.00000000e+00
4.39387992e-01 0.00000000e+00
4.41261715e-01 0.00000000e+00
4.43135438e-01 0.00000000e+00
4.45009161e-01 0.00000000e+00
4.46882883e-01 0.00000000e+00
4.48756606e-01 0.00000000e+00
4.50630329e-01 0.00000000e+00
4.52504052e-01 0.00000000e+00
4.54377774e-01 0.00000000e+00
4.56251497e-01 0.00000000e+00
4.58125220e-01 0.00000000e+00
4.59998943e-01 0.00000000e+00
4.61872666e-01 0.00000000e+00
4.63746388e-01 0.00000000e+00
4.65620111e-01 0.00000000e+00
4.67493834e-01 0.00000000e+00
4.69367557e-01 0.00000000e+00
4.71241280e-01 0.00000000e+00
4.73115002e-01 0.00000000e+00
4.74988725e-01 0.00000000e+00
4.76862448e-01 0.00000000e+00
4.78736171e-01 0.00000000e+00
4.80609893e-01 0.00000000e+00
4.82483616e-01 0.00000000e+00
4.84357339e-01 0.00000000e+00
4.86231062e-01 0.00000000e+00
4.88104785e-01 0.00000000e+00
4.89978507e-01 0.00000000e+00
4.91852230e-01 0.00000000e+00
4.93725953e-01 0.00000000e+00
4.95599676e-01 0.00000000e+00
4.97473398e-01 0.00000000e+00
4.99347121e-01 0.00000000e+00
0.00000000e+00 9.36861391e-04
0.00000000e+00 2.81058417e-03
0.00000000e+00 4.68430695e-03
0.00000000e+00 6.55802973e-03
0.00000000e+00 8.43175252e-03
0.00000000e+00 1.03054753e-02
0.00000000e+00 1.21791981e-02
0.00000000e+00 1.40529209e-02
0.00000000e+00 1.59266436e-02
0.00000000e+00 1.78003664e-02
0.00000000e+00 1.96740892e-02
0.00000000e+00 2.15478120e-02
0.00000000e+00 2.34215348e-02
0.00000000e+00 2.52952575e-02
0.00000000e+00 2.71689803e-02
0.00000000e+00 2.90427031e-02
0.00000000e+00 3.09164259e-02
0.00000000e+00 3.27901487e-02
0.00000000e+00 3.46638715e-02
0.00000000e+00 3.65375942e-02
0.00000000e+00 3.84113170e-02
0.00000000e+00 4.02850398e-02
0.00000000e+00 4.21587626e-02
0.00000000e+00 4.40324854e-02
0.00000000e+00 4.59062081e-02
0.00000000e+00 4.77799309e-02
0.00000000e+00 4.96536537e-02
0.00000000e+00 5.15273765e-02
0.00000000e+00 5.34010993e-02
0.00000000e+00 5.52748221e-02
0.00000000e+00 5.71485448e-02
0.00000000e+00 5.90222676e-02
0.00000000e+00 6.08959904e-02
0.00000000e+00 6.27697132e-02
0.00000000e+00 6.46434360e-02
0.00000000e+00 6.65171587e-02
0.00000000e+00 6.83908815e-02
0.00000000e+00 7.02646043e-02
0.00000000e+00 7.21383271e-02
0.00000000e+00 7.40120499e-02
0.00000000e+00 7.58857726e-02
0.00000000e+00 7.77594954e-02
0.00000000e+00 7.96332182e-02
0.00000000e+00 8.15069410e-02
0.00000000e+00 8.33806638e-02
0.00000000e+00 8.52543866e-02
0.00000000e+00 8.71281093e-02
0.00000000e+00 8.90018321e-02
0.00000000e+00 9.08755549e-02
0.00000000e+00 9.27492777e-02
0.00000000e+00 9.46230005e-02
0.00000000e+00 9.64967232e-02
0.00000000e+00 9.83704460e-02
0.00000000e+00 1.00244169e-01
0.00000000e+00 1.02117892e-01
0.00000000e+00 1.03991614e-01
0.00000000e+00 1.05865337e-01
0.00000000e+00 1.07739060e-01
0.00000000e+00 1.09612783e-01
0.00000000e+00 1.11486505e-01
0.00000000e+00 1.13360228e-01
0.00000000e+00 1.15233951e-01
0.00000000e+00 1.17107674e-01
0.00000000e+00 1.18981397e-01
0.00000000e+00 1.20855119e-01
0.00000000e+00 1.22728842e-01
0.00000000e+00 1.24602565e-01
0.00000000e+00 1.26476288e-01
0.00000000e+00 1.28350011e-01
0.00000000e+00 1.30223733e-01
0.00000000e+00 1.32097456e-01
0.00000000e+00 1.33971179e-01
0.00000000e+00 1.35844902e-01
0.00000000e+00 1.37718624e-01
0.00000000e+00 1.39592347e-01
0.00000000e+00 1.41466070e-01
0.00000000e+00 1.43339793e-01
0.00000000e+00 1.45213516e-01
0.00000000e+00 1.47087238e-01
0.00000000e+00 1.48960961e-01
0.00000000e+00 1.50834684e-01
0.00000000e+00 1.52708407e-01
0.00000000e+00 1.54582129e-01
0.00000000e+00 1.56455852e-01
0.00000000e+00 1.58329575e-01
0.00000000e+00 1.60203298e-01
0.00000000e+00 1.62077021e-01
0.00000000e+00 1.63950743e-01
0.00000000e+00 1.65824466e-01
0.00000000e+00 1.67698189e-01
0.00000000e+00 1.69571912e-01
0.00000000e+00 1.71445634e-01
0.00000000e+00 1.73319357e-01
0.00000000e+00 1.75193080e-01
0.00000000e+00 1.77066803e-01
0.00000000e+00 1.78940526e-01
0.00000000e+00 1.80814248e-01
0.00000000e+00 1.82687971e-01
0.00000000e+00 1.84561694e-01
0.00000000e+00 1.86435417e-01
0.00000000e+00 1.88309140e-01
0.00000000e+00 1.90182862e-01
0.00000000e+00 1.92056585e-01
0.00000000e+00 1.93930308e-01
0.00000000e+00 1.95804031e-01
0.00000000e+00 1.97677753e-01
0.00000000e+00 1.99551476e-01
0.00000000e+00 2.01425199e-01
0.00000000e+00 2.03298922e-01
0.00000000e+00 2.05172645e-01
0.00000000e+00 2.07046367e-01
0.00000000e+00 2.08920090e-01
0.00000000e+00 2.10793813e-01
0.00000000e+00 2.12667536e-01
0.00000000e+00 2.14541258e-01
0.00000000e+00 2.16414981e-01
0.00000000e+00 2.18288704e-01
0.00000000e+00 2.20162427e-01
0.00000000e+00 2.22036150e-01
0.00000000e+00 2.23909872e-01
0.00000000e+00 2.25783595e-01
0.00000000e+00 2.27657318e-01
0.00000000e+00 2.29531041e-01
0.00000000e+00 2.31404764e-01
0.00000000e+00 2.33278486e-01
0.00000000e+00 2.35152209e-01
0.00000000e+00 2.37025932e-01
0.00000000e+00 2.38899655e-01
0.00000000e+00 2.40773377e-01
0.00000000e+00 2.42647100e-01
0.00000000e+00 2.44520823e-01
0.00000000e+00 2.46394546e-01
0.00000000e+00 2.48268269e-01
0.00000000e+00 2.50141991e-01
0.00000000e+00 2.52015714e-01
0.00000000e+00 2.53889437e-01
0.00000000e+00 2.55763160e-01
0.00000000e+00 2.57636882e-01
0.00000000e+00 2.59510605e-01
0.00000000e+00 2.61384328e-01
0.00000000e+00 2.63258051e-01
0.00000000e+00 2.65131774e-01
0.00000000e+00 2.67005496e-01
0.00000000e+00 2.68879219e-01
0.00000000e+00 2.70752942e-01
0.00000000e+00 2.72626665e-01
0.00000000e+00 2.74500387e-01
0.00000000e+00 2.76374110e-01
0.00000000e+00 2.78247833e-01
0.00000000e+00 2.80121556e-01
0.00000000e+00 2.81995279e-01
0.00000000e+00 2.83869001e-01
0.00000000e+00 2.85742724e-01
0.00000000e+00 2.87616447e-01
0.00000000e+00 2.89490170e-01
0.00000000e+00 2.91363893e-01
0.00000000e+00 2.93237615e-01
0.00000000e+00 2.95111338e-01
0.00000000e+00 2.96985061e-01
0.00000000e+00 2.98858784e-01
0.00000000e+00 3.00732506e-01
0.00000000e+00 3.02606229e-01
0.00000000e+00 3.04479952e-01
0.00000000e+00 3.06353675e-01
0.00000000e+00 3.08227398e-01
0.00000000e+00 3.10101120e-01
0.00000000e+00 3.11974843e-01
0.00000000e+00 3.13848566e-01
0.00000000e+00 3.15722289e-01
0.00000000e+00 3.17596011e-01
0.00000000e+00 3.19469734e-01
0.00000000e+00 3.21343457e-01
0.00000000e+00 3.23217180e-01
0.00000000e+00 3.25090903e-01
0.00000000e+00 3.26964625e-01
0.00000000e+00 3.28838348e-01
0.00000000e+00 3.30712071e-01
0.00000000e+00 3.32585794e-01
0.00000000e+00 3.34459516e-01
0.00000000e+00 3.36333239e-01
0.00000000e+00 3.38206962e-01
0.00000000e+00 3.40080685e-01
0.00000000e+00 3.41954408e-01
0.00000000e+00 3.43828130e-01
0.00000000e+00 3.45701853e-01
0.00000000e+00 3.47575576e-01
0.00000000e+00 3.49449299e-01
0.00000000e+00 3.51323022e-01
0.00000000e+00 3.53196744e-01
0.00000000e+00 3.55070467e-01
0.00000000e+00 3.56944190e-01
0.00000000e+00 3.58817913e-01
0.00000000e+00 3.60691635e-01
0.00000000e+00 3.62565358e-01
0.00000000e+00 3.64439081e-01
0.00000000e+00 3.66312804e-01
0.00000000e+00 3.68186527e-01
0.00000000e+00 3.70060249e-01
0.00000000e+00 3.71933972e-01
0.00000000e+00 3.73807695e-01
0.00000000e+00 3.75681418e-01
0.00000000e+00 3.77555140e-01
0.00000000e+00 3.79428863e-01
0.00000000e+00 3.81302586e-01
0.00000000e+00 3.83176309e-01
0.00000000e+00 3.85050032e-01
0.00000000e+00 3.86923754e-01
0.00000000e+00 3.88797477e-01
0.00000000e+00 3.90671200e-01
0.00000000e+00 3.92544923e-01
0.00000000e+00 3.94418645e-01
0.00000000e+00 3.96292368e-01
0.00000000e+00 3.98166091e-01
0.00000000e+00 4.00039814e-01
0.00000000e+00 4.01913537e-01
0.00000000e+00 4.03787259e-01
0.00000000e+00 4.05660982e-01
0.00000000e+00 4.07534705e-01
0.00000000e+00 4.09408428e-01
0.00000000e+00 4.11282151e-01
0.00000000e+00 4.13155873e-01
0.00000000e+00 4.15029596e-01
0.00000000e+00 4.16903319e-01
0.00000000e+00 4.18777042e-01
0.00000000e+00 4.20650764e-01
0.00000000e+00 4.22524487e-01
0.00000000e+00 4.24398210e-01
0.00000000e+00 4.26271933e-01
0.00000000e+00 4.28145656e-01
0.00000000e+00 4.30019378e-01
0.00000000e+00 4.31893101e-01
0.00000000e+00 4.33766824e-01
0.00000000e+00 4.35640547e-01
0.00000000e+00 4.37514269e-01
0.00000000e+00 4.39387992e-01
0.00000000e+00 4.41261715e-01
0.00000000e+00 4.43135438e-01
0.00000000e+00 4.45009161e-01
0.00000000e+00 4.46882883e-01
0.00000000e+00 4.48756606e-01
0.00000000e+00 4.50630329e-01
0.00000000e+00 4.52504052e-01
0.00000000e+00 4.54377774e-01
0.00000000e+00 4.56251497e-01
0.00000000e+00 4.58125220e-01
0.00000000e+00 4.59998943e-01
0.00000000e+00 4.61872666e-01
0.00000000e+00 4.63746388e-01
0.00000000e+00 4.65620111e-01
0.00000000e+00 4.67493834e-01
0.00000000e+00 4.69367557e-01
0.00000000e+00 4.71241280e-01
0.00000000e+00 4.73115002e-01
0.00000000e+00 4.74988725e-01
0.00000000e+00 4.76862448e-01
0.00000000e+00 4.78736171e-01
0.00000000e+00 4.80609893e-01
0.00000000e+00 4.82483616e-01
0.00000000e+00 4.84357339e-01
0.00000000e+00 4.86231062e-01
0.00000000e+00 4.88104785e-01
0.00000000e+00 4.89978507e-01
0.00000000e+00 4.91852230e-01
0.00000000e+00 4.93725953e-01
0.00000000e+00 4.95599676e-01
0.00000000e+00 4.97473398e-01
0.00000000e+00 4.99347121e-01
