% L-Bracket Geometry
% N_total=1902, N_horizontal=951, N_vertical=951
% Resolution: 100 segments per wavelength
% Format: x(m) y(m)
2.62978636e-04 0.00000000e+00
7.88935908e-04 0.00000000e+00
1.31489318e-03 0.00000000e+00
1.84085045e-03 0.00000000e+00
2.36680772e-03 0.00000000e+00
2.89276500e-03 0.00000000e+00
3.41872227e-03 0.00000000e+00
3.94467954e-03 0.00000000e+00
4.47063681e-03 0.00000000e+00
4.99659408e-03 0.00000000e+00
5.52255136e-03 0.00000000e+00
6.04850863e-03 0.00000000e+00
6.57446590e-03 0.00000000e+00
7.10042317e-03 0.00000000e+00
7.62638044e-03 0.00000000e+00
8.15233772e-03 0.00000000e+00
8.67829499e-03 0.00000000e+00
9.20425226e-03 0.00000000e+00
9.73020953e-03 0.00000000e+00
1.02561668e-02 0.00000000e+00
1.07821241e-02 0.00000000e+00
1.13080813e-02 0.00000000e+00
1.18340386e-02 0.00000000e+00
1.23599959e-02 0.00000000e+00
1.28859532e-02 0.00000000e+00
1.34119104e-02 0.00000000e+00
1.39378677e-02 0.00000000e+00
1.44638250e-02 0.00000000e+00
1.49897823e-02 0.00000000e+00
1.55157395e-02 0.00000000e+00
1.60416968e-02 0.00000000e+00
1.65676541e-02 0.00000000e+00
1.70936113e-02 0.00000000e+00
1.76195686e-02 0.00000000e+00
1.81455259e-02 0.00000000e+00
1.86714832e-02 0.00000000e+00
1.91974404e-02 0.00000000e+00
1.97233977e-02 0.00000000e+00
2.02493550e-02 0.00000000e+00
2.07753122e-02 0.00000000e+00
2.13012695e-02 0.00000000e+00
2.18272268e-02 0.00000000e+00
2.23531841e-02 0.00000000e+00
2.28791413e-02 0.00000000e+00
2.34050986e-02 0.00000000e+00
2.39310559e-02 0.00000000e+00
2.44570131e-02 0.00000000e+00
2.49829704e-02 0.00000000e+00
2.55089277e-02 0.00000000e+00
2.60348850e-02 0.00000000e+00
2.65608422e-02 0.00000000e+00
2.70867995e-02 0.00000000e+00
2.76127568e-02 0.00000000e+00
2.81387141e-02 0.00000000e+00
2.86646713e-02 0.00000000e+00
2.91906286e-02 0.00000000e+00
2.97165859e-02 0.00000000e+00
3.02425431e-02 0.00000000e+00
3.07685004e-02 0.00000000e+00
3.12944577e-02 0.00000000e+00
3.18204150e-02 0.00000000e+00
3.23463722e-02 0.00000000e+00
3.28723295e-02 0.00000000e+00
3.33982868e-02 0.00000000e+00
3.39242440e-02 0.00000000e+00
3.44502013e-02 0.00000000e+00
3.49761586e-02 0.00000000e+00
3.55021159e-02 0.00000000e+00
3.60280731e-02 0.00000000e+00
3.65540304e-02 0.00000000e+00
3.70799877e-02 0.00000000e+00
3.76059449e-02 0.00000000e+00
3.81319022e-02 0.00000000e+00
3.86578595e-02 0.00000000e+00
3.91838168e-02 0.00000000e+00
3.97097740e-02 0.00000000e+00
4.02357313e-02 0.00000000e+00
4.07616886e-02 0.00000000e+00
4.12876458e-02 0.00000000e+00
4.18136031e-02 0.00000000e+00
4.23395604e-02 0.00000000e+00
4.28655177e-02 0.00000000e+00
4.33914749e-02 0.00000000e+00
4.39174322e-02 0.00000000e+00
4.44433895e-02 0.00000000e+00
4.49693468e-02 0.00000000e+00
4.54953040e-02 0.00000000e+00
4.60212613e-02 0.00000000e+00
4.65472186e-02 0.00000000e+00
4.70731758e-02 0.00000000e+00
4.75991331e-02 0.00000000e+00
4.81250904e-02 0.00000000e+00
4.86510477e-02 0.00000000e+00
4.91770049e-02 0.00000000e+00
4.97029622e-02 0.00000000e+00
5.02289195e-02 0.00000000e+00
5.07548767e-02 0.00000000e+00
5.12808340e-02 0.00000000e+00
5.18067913e-02 0.00000000e+00
5.23327486e-02 0.00000000e+00
5.28587058e-02 0.00000000e+00
5.33846631e-02 0.00000000e+00
5.39106204e-02 0.00000000e+00
5.44365776e-02 0.00000000e+00
5.49625349e-02 0.00000000e+00
5.54884922e-02 0.00000000e+00
5.60144495e-02 0.00000000e+00
5.65404067e-02 0.00000000e+00
5.70663640e-02 0.00000000e+00
5.75923213e-02 0.00000000e+00
5.81182786e-02 0.00000000e+00
5.86442358e-02 0.00000000e+00
5.91701931e-02 0.00000000e+00
5.96961504e-02 0.00000000e+00
6.02221076e-02 0.00000000e+00
6.07480649e-02 0.00000000e+00
6.12740222e-02 0.00000000e+00
6.17999795e-02 0.00000000e+00
6.23259367e-02 0.00000000e+00
6.28518940e-02 0.00000000e+00
6.33778513e-02 0.00000000e+00
6.39038085e-02 0.00000000e+00
6.44297658e-02 0.00000000e+00
6.49557231e-02 0.00000000e+00
6.54816804e-02 0.00000000e+00
6.60076376e-02 0.00000000e+00
6.65335949e-02 0.00000000e+00
6.70595522e-02 0.00000000e+00
6.75855094e-02 0.00000000e+00
6.81114667e-02 0.00000000e+00
6.86374240e-02 0.00000000e+00
6.91633813e-02 0.00000000e+00
6.96893385e-02 0.00000000e+00
7.02152958e-02 0.00000000e+00
7.07412531e-02 0.00000000e+00
7.12672104e-02 0.00000000e+00
7.17931676e-02 0.00000000e+00
7.23191249e-02 0.00000000e+00
7.28450822e-02 0.00000000e+00
7.33710394e-02 0.00000000e+00
7.38969967e-02 0.00000000e+00
7.44229540e-02 0.00000000e+00
7.49489113e-02 0.00000000e+00
7.54748685e-02 0.00000000e+00
7.60008258e-02 0.00000000e+00
7.65267831e-02 0.00000000e+00
7.70527403e-02 0.00000000e+00
7.75786976e-02 0.00000000e+00
7.81046549e-02 0.00000000e+00
7.86306122e-02 0.00000000e+00
7.91565694e-02 0.00000000e+00
7.96825267e-02 0.00000000e+00
8.02084840e-02 0.00000000e+00
8.07344412e-02 0.00000000e+00
8.12603985e-02 0.00000000e+00
8.17863558e-02 0.00000000e+00
8.23123131e-02 0.00000000e+00
8.28382703e-02 0.00000000e+00
8.33642276e-02 0.00000000e+00
8.38901849e-02 0.00000000e+00
8.44161422e-02 0.00000000e+00
8.49420994e-02 0.00000000e+00
8.54680567e-02 0.00000000e+00
8.59940140e-02 0.00000000e+00
8.65199712e-02 0.00000000e+00
8.70459285e-02 0.00000000e+00
8.75718858e-02 0.00000000e+00
8.80978431e-02 0.00000000e+00
8.86238003e-02 0.00000000e+00
8.91497576e-02 0.00000000e+00
8.96757149e-02 0.00000000e+00
9.02016721e-02 0.00000000e+00
9.07276294e-02 0.00000000e+00
9.12535867e-02 0.00000000e+00
9.17795440e-02 0.00000000e+00
9.23055012e-02 0.00000000e+00
9.28314585e-02 0.00000000e+00
9.33574158e-02 0.00000000e+00
9.38833730e-02 0.00000000e+00
9.44093303e-02 0.00000000e+00
9.49352876e-02 0.00000000e+00
9.54612449e-02 0.00000000e+00
9.59872021e-02 0.00000000e+00
9.65131594e-02 0.00000000e+00
9.70391167e-02 0.00000000e+00
9.75650740e-02 0.00000000e+00
9.80910312e-02 0.00000000e+00
9.86169885e-02 0.00000000e+00
9.91429458e-02 0.00000000e+00
9.96689030e-02 0.00000000e+00
1.00194860e-01 0.00000000e+00
1.00720818e-01 0.00000000e+00
1.01246775e-01 0.00000000e+00
1.01772732e-01 0.00000000e+00
1.02298689e-01 0.00000000e+00
1.02824647e-01 0.00000000e+00
1.03350604e-01 0.00000000e+00
1.03876561e-01 0.00000000e+00
1.04402518e-01 0.00000000e+00
1.04928476e-01 0.00000000e+00
1.05454433e-01 0.00000000e+00
1.05980390e-01 0.00000000e+00
1.06506348e-01 0.00000000e+00
1.07032305e-01 0.00000000e+00
1.07558262e-01 0.00000000e+00
1.08084219e-01 0.00000000e+00
1.08610177e-01 0.00000000e+00
1.09136134e-01 0.00000000e+00
1.09662091e-01 0.00000000e+00
1.10188048e-01 0.00000000e+00
1.10714006e-01 0.00000000e+00
1.11239963e-01 0.00000000e+00
1.11765920e-01 0.00000000e+00
1.12291878e-01 0.00000000e+00
1.12817835e-01 0.00000000e+00
1.13343792e-01 0.00000000e+00
1.13869749e-01 0.00000000e+00
1.14395707e-01 0.00000000e+00
1.14921664e-01 0.00000000e+00
1.15447621e-01 0.00000000e+00
1.15973578e-01 0.00000000e+00
1.16499536e-01 0.00000000e+00
1.17025493e-01 0.00000000e+00
1.17551450e-01 0.00000000e+00
1.18077408e-01 0.00000000e+00
1.18603365e-01 0.00000000e+00
1.19129322e-01 0.00000000e+00
1.19655279e-01 0.00000000e+00
1.20181237e-01 0.00000000e+00
1.20707194e-01 0.00000000e+00
1.21233151e-01 0.00000000e+00
1.21759108e-01 0.00000000e+00
1.22285066e-01 0.00000000e+00
1.22811023e-01 0.00000000e+00
1.23336980e-01 0.00000000e+00
1.23862938e-01 0.00000000e+00
1.24388895e-01 0.00000000e+00
1.24914852e-01 0.00000000e+00
1.25440809e-01 0.00000000e+00
1.25966767e-01 0.00000000e+00
1.26492724e-01 0.00000000e+00
1.27018681e-01 0.00000000e+00
1.27544638e-01 0.00000000e+00
1.28070596e-01 0.00000000e+00
1.28596553e-01 0.00000000e+00
1.29122510e-01 0.00000000e+00
1.29648468e-01 0.00000000e+00
1.30174425e-01 0.00000000e+00
1.30700382e-01 0.00000000e+00
1.31226339e-01 0.00000000e+00
1.31752297e-01 0.00000000e+00
1.32278254e-01 0.00000000e+00
1.32804211e-01 0.00000000e+00
1.33330168e-01 0.00000000e+00
1.33856126e-01 0.00000000e+00
1.34382083e-01 0.00000000e+00
1.34908040e-01 0.00000000e+00
1.35433998e-01 0.00000000e+00
1.35959955e-01 0.00000000e+00
1.36485912e-01 0.00000000e+00
1.37011869e-01 0.00000000e+00
1.37537827e-01 0.00000000e+00
1.38063784e-01 0.00000000e+00
1.38589741e-01 0.00000000e+00
1.39115698e-01 0.00000000e+00
1.39641656e-01 0.00000000e+00
1.40167613e-01 0.00000000e+00
1.40693570e-01 0.00000000e+00
1.41219528e-01 0.00000000e+00
1.41745485e-01 0.00000000e+00
1.42271442e-01 0.00000000e+00
1.42797399e-01 0.00000000e+00
1.43323357e-01 0.00000000e+00
1.43849314e-01 0.00000000e+00
1.44375271e-01 0.00000000e+00
1.44901228e-01 0.00000000e+00
1.45427186e-01 0.00000000e+00
1.45953143e-01 0.00000000e+00
1.46479100e-01 0.00000000e+00
1.47005058e-01 0.00000000e+00
1.47531015e-01 0.00000000e+00
1.48056972e-01 0.00000000e+00
1.48582929e-01 0.00000000e+00
1.49108887e-01 0.00000000e+00
1.49634844e-01 0.00000000e+00
1.50160801e-01 0.00000000e+00
1.50686758e-01 0.00000000e+00
1.51212716e-01 0.00000000e+00
1.51738673e-01 0.00000000e+00
1.52264630e-01 0.00000000e+00
1.52790588e-01 0.00000000e+00
1.53316545e-01 0.00000000e+00
1.53842502e-01 0.00000000e+00
1.54368459e-01 0.00000000e+00
1.54894417e-01 0.00000000e+00
1.55420374e-01 0.00000000e+00
1.55946331e-01 0.00000000e+00
1.56472288e-01 0.00000000e+00
1.56998246e-01 0.00000000e+00
1.57524203e-01 0.00000000e+00
1.58050160e-01 0.00000000e+00
1.58576117e-01 0.00000000e+00
1.59102075e-01 0.00000000e+00
1.59628032e-01 0.00000000e+00
1.60153989e-01 0.00000000e+00
1.60679947e-01 0.00000000e+00
1.61205904e-01 0.00000000e+00
1.61731861e-01 0.00000000e+00
1.62257818e-01 0.00000000e+00
1.62783776e-01 0.00000000e+00
1.63309733e-01 0.00000000e+00
1.63835690e-01 0.00000000e+00
1.64361647e-01 0.00000000e+00
1.64887605e-01 0.00000000e+00
1.65413562e-01 0.00000000e+00
1.65939519e-01 0.00000000e+00
1.66465477e-01 0.00000000e+00
1.66991434e-01 0.00000000e+00
1.67517391e-01 0.00000000e+00
1.68043348e-01 0.00000000e+00
1.68569306e-01 0.00000000e+00
1.69095263e-01 0.00000000e+00
1.69621220e-01 0.00000000e+00
1.70147177e-01 0.00000000e+00
1.70673135e-01 0.00000000e+00
1.71199092e-01 0.00000000e+00
1.71725049e-01 0.00000000e+00
1.72251007e-01 0.00000000e+00
1.72776964e-01 0.00000000e+00
1.73302921e-01 0.00000000e+00
1.73828878e-01 0.00000000e+00
1.74354836e-01 0.00000000e+00
1.74880793e-01 0.00000000e+00
1.75406750e-01 0.00000000e+00
1.75932707e-01 0.00000000e+00
1.76458665e-01 0.00000000e+00
1.76984622e-01 0.00000000e+00
1.77510579e-01 0.00000000e+00
1.78036537e-01 0.00000000e+00
1.78562494e-01 0.00000000e+00
1.79088451e-01 0.00000000e+00
1.79614408e-01 0.00000000e+00
1.80140366e-01 0.00000000e+00
1.80666323e-01 0.00000000e+00
1.81192280e-01 0.00000000e+00
1.81718237e-01 0.00000000e+00
1.82244195e-01 0.00000000e+00
1.82770152e-01 0.00000000e+00
1.83296109e-01 0.00000000e+00
1.83822067e-01 0.00000000e+00
1.84348024e-01 0.00000000e+00
1.84873981e-01 0.00000000e+00
1.85399938e-01 0.00000000e+00
1.85925896e-01 0.00000000e+00
1.86451853e-01 0.00000000e+00
1.86977810e-01 0.00000000e+00
1.87503767e-01 0.00000000e+00
1.88029725e-01 0.00000000e+00
1.88555682e-01 0.00000000e+00
1.89081639e-01 0.00000000e+00
1.89607597e-01 0.00000000e+00
1.90133554e-01 0.00000000e+00
1.90659511e-01 0.00000000e+00
1.91185468e-01 0.00000000e+00
1.91711426e-01 0.00000000e+00
1.92237383e-01 0.00000000e+00
1.92763340e-01 0.00000000e+00
1.93289297e-01 0.00000000e+00
1.93815255e-01 0.00000000e+00
1.94341212e-01 0.00000000e+00
1.94867169e-01 0.00000000e+00
1.95393127e-01 0.00000000e+00
1.95919084e-01 0.00000000e+00
1.96445041e-01 0.00000000e+00
1.96970998e-01 0.00000000e+00
1.97496956e-01 0.00000000e+00
1.98022913e-01 0.00000000e+00
1.98548870e-01 0.00000000e+00
1.99074827e-01 0.00000000e+00
1.99600785e-01 0.00000000e+00
2.00126742e-01 0.00000000e+00
2.00652699e-01 0.00000000e+00
2.01178657e-01 0.00000000e+00
2.01704614e-01 0.00000000e+00
2.02230571e-01 0.00000000e+00
2.02756528e-01 0.00000000e+00
2.03282486e-01 0.00000000e+00
2.03808443e-01 0.00000000e+00
2.04334400e-01 0.00000000e+00
2.04860357e-01 0.00000000e+00
2.05386315e-01 0.00000000e+00
2.05912272e-01 0.00000000e+00
2.06438229e-01 0.00000000e+00
2.06964187e-01 0.00000000e+00
2.07490144e-01 0.00000000e+00
2.08016101e-01 0.00000000e+00
2.08542058e-01 0.00000000e+00
2.09068016e-01 0.00000000e+00
2.09593973e-01 0.00000000e+00
2.10119930e-01 0.00000000e+00
2.10645887e-01 0.00000000e+00
2.11171845e-01 0.00000000e+00
2.11697802e-01 0.00000000e+00
2.12223759e-01 0.00000000e+00
2.12749717e-01 0.00000000e+00
2.13275674e-01 0.00000000e+00
2.13801631e-01 0.00000000e+00
2.14327588e-01 0.00000000e+00
2.14853546e-01 0.00000000e+00
2.15379503e-01 0.00000000e+00
2.15905460e-01 0.00000000e+00
2.16431417e-01 0.00000000e+00
2.16957375e-01 0.00000000e+00
2.17483332e-01 0.00000000e+00
2.18009289e-01 0.00000000e+00
2.18535247e-01 0.00000000e+00
2.19061204e-01 0.00000000e+00
2.19587161e-01 0.00000000e+00
2.20113118e-01 0.00000000e+00
2.20639076e-01 0.00000000e+00
2.21165033e-01 0.00000000e+00
2.21690990e-01 0.00000000e+00
2.22216947e-01 0.00000000e+00
2.22742905e-01 0.00000000e+00
2.23268862e-01 0.00000000e+00
2.23794819e-01 0.00000000e+00
2.24320776e-01 0.00000000e+00
2.24846734e-01 0.00000000e+00
2.25372691e-01 0.00000000e+00
2.25898648e-01 0.00000000e+00
2.26424606e-01 0.00000000e+00
2.26950563e-01 0.00000000e+00
2.27476520e-01 0.00000000e+00
2.28002477e-01 0.00000000e+00
2.28528435e-01 0.00000000e+00
2.29054392e-01 0.00000000e+00
2.29580349e-01 0.00000000e+00
2.30106306e-01 0.00000000e+00
2.30632264e-01 0.00000000e+00
2.31158221e-01 0.00000000e+00
2.31684178e-01 0.00000000e+00
2.32210136e-01 0.00000000e+00
2.32736093e-01 0.00000000e+00
2.33262050e-01 0.00000000e+00
2.33788007e-01 0.00000000e+00
2.34313965e-01 0.00000000e+00
2.34839922e-01 0.00000000e+00
2.35365879e-01 0.00000000e+00
2.35891836e-01 0.00000000e+00
2.36417794e-01 0.00000000e+00
2.36943751e-01 0.00000000e+00
2.37469708e-01 0.00000000e+00
2.37995666e-01 0.00000000e+00
2.38521623e-01 0.00000000e+00
2.39047580e-01 0.00000000e+00
2.39573537e-01 0.00000000e+00
2.40099495e-01 0.00000000e+00
2.40625452e-01 0.00000000e+00
2.41151409e-01 0.00000000e+00
2.41677366e-01 0.00000000e+00
2.42203324e-01 0.00000000e+00
2.42729281e-01 0.00000000e+00
2.43255238e-01 0.00000000e+00
2.43781196e-01 0.00000000e+00
2.44307153e-01 0.00000000e+00
2.44833110e-01 0.00000000e+00
2.45359067e-01 0.00000000e+00
2.45885025e-01 0.00000000e+00
2.46410982e-01 0.00000000e+00
2.46936939e-01 0.00000000e+00
2.47462896e-01 0.00000000e+00
2.47988854e-01 0.00000000e+00
2.48514811e-01 0.00000000e+00
2.49040768e-01 0.00000000e+00
2.49566726e-01 0.00000000e+00
2.50092683e-01 0.00000000e+00
2.50618640e-01 0.00000000e+00
2.51144597e-01 0.00000000e+00
2.51670555e-01 0.00000000e+00
2.52196512e-01 0.00000000e+00
2.52722469e-01 0.00000000e+00
2.53248426e-01 0.00000000e+00
2.53774384e-01 0.00000000e+00
2.54300341e-01 0.00000000e+00
2.54826298e-01 0.00000000e+00
2.55352256e-01 0.00000000e+00
2.55878213e-01 0.00000000e+00
2.56404170e-01 0.00000000e+00
2.56930127e-01 0.00000000e+00
2.57456085e-01 0.00000000e+00
2.57982042e-01 0.00000000e+00
2.58507999e-01 0.00000000e+00
2.59033956e-01 0.00000000e+00
2.59559914e-01 0.00000000e+00
2.60085871e-01 0.00000000e+00
2.60611828e-01 0.00000000e+00
2.61137786e-01 0.00000000e+00
2.61663743e-01 0.00000000e+00
2.62189700e-01 0.00000000e+00
2.62715657e-01 0.00000000e+00
2.63241615e-01 0.00000000e+00
2.63767572e-01 0.00000000e+00
2.64293529e-01 0.00000000e+00
2.64819486e-01 0.00000000e+00
2.65345444e-01 0.00000000e+00
2.65871401e-01 0.00000000e+00
2.66397358e-01 0.00000000e+00
2.66923316e-01 0.00000000e+00
2.67449273e-01 0.00000000e+00
2.67975230e-01 0.00000000e+00
2.68501187e-01 0.00000000e+00
2.69027145e-01 0.00000000e+00
2.69553102e-01 0.00000000e+00
2.70079059e-01 0.00000000e+00
2.70605016e-01 0.00000000e+00
2.71130974e-01 0.00000000e+00
2.71656931e-01 0.00000000e+00
2.72182888e-01 0.00000000e+00
2.72708846e-01 0.00000000e+00
2.73234803e-01 0.00000000e+00
2.73760760e-01 0.00000000e+00
2.74286717e-01 0.00000000e+00
2.74812675e-01 0.00000000e+00
2.75338632e-01 0.00000000e+00
2.75864589e-01 0.00000000e+00
2.76390546e-01 0.00000000e+00
2.76916504e-01 0.00000000e+00
2.77442461e-01 0.00000000e+00
2.77968418e-01 0.00000000e+00
2.78494376e-01 0.00000000e+00
2.79020333e-01 0.00000000e+00
2.79546290e-01 0.00000000e+00
2.80072247e-01 0.00000000e+00
2.80598205e-01 0.00000000e+00
2.81124162e-01 0.00000000e+00
2.81650119e-01 0.00000000e+00
2.82176076e-01 0.00000000e+00
2.82702034e-01 0.00000000e+00
2.83227991e-01 0.00000000e+00
2.83753948e-01 0.00000000e+00
2.84279905e-01 0.00000000e+00
2.84805863e-01 0.00000000e+00
2.85331820e-01 0.00000000e+00
2.85857777e-01 0.00000000e+00
2.86383735e-01 0.00000000e+00
2.86909692e-01 0.00000000e+00
2.87435649e-01 0.00000000e+00
2.87961606e-01 0.00000000e+00
2.88487564e-01 0.00000000e+00
2.89013521e-01 0.00000000e+00
2.89539478e-01 0.00000000e+00
2.90065435e-01 0.00000000e+00
2.90591393e-01 0.00000000e+00
2.91117350e-01 0.00000000e+00
2.91643307e-01 0.00000000e+00
2.92169265e-01 0.00000000e+00
2.92695222e-01 0.00000000e+00
2.93221179e-01 0.00000000e+00
2.93747136e-01 0.00000000e+00
2.94273094e-01 0.00000000e+00
2.94799051e-01 0.00000000e+00
2.95325008e-01 0.00000000e+00
2.95850965e-01 0.00000000e+00
2.96376923e-01 0.00000000e+00
2.96902880e-01 0.00000000e+00
2.97428837e-01 0.00000000e+00
2.97954795e-01 0.00000000e+00
2.98480752e-01 0.00000000e+00
2.99006709e-01 0.00000000e+00
2.99532666e-01 0.00000000e+00
3.00058624e-01 0.00000000e+00
3.00584581e-01 0.00000000e+00
3.01110538e-01 0.00000000e+00
3.01636495e-01 0.00000000e+00
3.02162453e-01 0.00000000e+00
3.02688410e-01 0.00000000e+00
3.03214367e-01 0.00000000e+00
3.03740325e-01 0.00000000e+00
3.04266282e-01 0.00000000e+00
3.04792239e-01 0.00000000e+00
3.05318196e-01 0.00000000e+00
3.05844154e-01 0.00000000e+00
3.06370111e-01 0.00000000e+00
3.06896068e-01 0.00000000e+00
3.07422025e-01 0.00000000e+00
3.07947983e-01 0.00000000e+00
3.08473940e-01 0.00000000e+00
3.08999897e-01 0.00000000e+00
3.09525855e-01 0.00000000e+00
3.10051812e-01 0.00000000e+00
3.10577769e-01 0.00000000e+00
3.11103726e-01 0.00000000e+00
3.11629684e-01 0.00000000e+00
3.12155641e-01 0.00000000e+00
3.12681598e-01 0.00000000e+00
3.13207555e-01 0.00000000e+00
3.13733513e-01 0.00000000e+00
3.14259470e-01 0.00000000e+00
3.14785427e-01 0.00000000e+00
3.15311385e-01 0.00000000e+00
3.15837342e-01 0.00000000e+00
3.16363299e-01 0.00000000e+00
3.16889256e-01 0.00000000e+00
3.17415214e-01 0.00000000e+00
3.17941171e-01 0.00000000e+00
3.18467128e-01 0.00000000e+00
3.18993085e-01 0.00000000e+00
3.19519043e-01 0.00000000e+00
3.20045000e-01 0.00000000e+00
3.20570957e-01 0.00000000e+00
3.21096915e-01 0.00000000e+00
3.21622872e-01 0.00000000e+00
3.22148829e-01 0.00000000e+00
3.22674786e-01 0.00000000e+00
3.23200744e-01 0.00000000e+00
3.23726701e-01 0.00000000e+00
3.24252658e-01 0.00000000e+00
3.24778615e-01 0.00000000e+00
3.25304573e-01 0.00000000e+00
3.25830530e-01 0.00000000e+00
3.26356487e-01 0.00000000e+00
3.26882445e-01 0.00000000e+00
3.27408402e-01 0.00000000e+00
3.27934359e-01 0.00000000e+00
3.28460316e-01 0.00000000e+00
3.28986274e-01 0.00000000e+00
3.29512231e-01 0.00000000e+00
3.30038188e-01 0.00000000e+00
3.30564145e-01 0.00000000e+00
3.31090103e-01 0.00000000e+00
3.31616060e-01 0.00000000e+00
3.32142017e-01 0.00000000e+00
3.32667975e-01 0.00000000e+00
3.33193932e-01 0.00000000e+00
3.33719889e-01 0.00000000e+00
3.34245846e-01 0.00000000e+00
3.34771804e-01 0.00000000e+00
3.35297761e-01 0.00000000e+00
3.35823718e-01 0.00000000e+00
3.36349675e-01 0.00000000e+00
3.36875633e-01 0.00000000e+00
3.37401590e-01 0.00000000e+00
3.37927547e-01 0.00000000e+00
3.38453505e-01 0.00000000e+00
3.38979462e-01 0.00000000e+00
3.39505419e-01 0.00000000e+00
3.40031376e-01 0.00000000e+00
3.40557334e-01 0.00000000e+00
3.41083291e-01 0.00000000e+00
3.41609248e-01 0.00000000e+00
3.42135205e-01 0.00000000e+00
3.42661163e-01 0.00000000e+00
3.43187120e-01 0.00000000e+00
3.43713077e-01 0.00000000e+00
3.44239035e-01 0.00000000e+00
3.44764992e-01 0.00000000e+00
3.45290949e-01 0.00000000e+00
3.45816906e-01 0.00000000e+00
3.46342864e-01 0.00000000e+00
3.46868821e-01 0.00000000e+00
3.47394778e-01 0.00000000e+00
3.47920735e-01 0.00000000e+00
3.48446693e-01 0.00000000e+00
3.48972650e-01 0.00000000e+00
3.49498607e-01 0.00000000e+00
3.50024564e-01 0.00000000e+00
3.50550522e-01 0.00000000e+00
3.51076479e-01 0.00000000e+00
3.51602436e-01 0.00000000e+00
3.52128394e-01 0.00000000e+00
3.52654351e-01 0.00000000e+00
3.53180308e-01 0.00000000e+00
3.53706265e-01 0.00000000e+00
3.54232223e-01 0.00000000e+00
3.54758180e-01 0.00000000e+00
3.55284137e-01 0.00000000e+00
3.55810094e-01 0.00000000e+00
3.56336052e-01 0.00000000e+00
3.56862009e-01 0.00000000e+00
3.57387966e-01 0.00000000e+00
3.57913924e-01 0.00000000e+00
3.58439881e-01 0.00000000e+00
3.58965838e-01 0.00000000e+00
3.59491795e-01 0.00000000e+00
3.60017753e-01 0.00000000e+00
3.60543710e-01 0.00000000e+00
3.61069667e-01 0.00000000e+00
3.61595624e-01 0.00000000e+00
3.62121582e-01 0.00000000e+00
3.62647539e-01 0.00000000e+00
3.63173496e-01 0.00000000e+00
3.63699454e-01 0.00000000e+00
3.64225411e-01 0.00000000e+00
3.64751368e-01 0.00000000e+00
3.65277325e-01 0.00000000e+00
3.65803283e-01 0.00000000e+00
3.66329240e-01 0.00000000e+00
3.66855197e-01 0.00000000e+00
3.67381154e-01 0.00000000e+00
3.67907112e-01 0.00000000e+00
3.68433069e-01 0.00000000e+00
3.68959026e-01 0.00000000e+00
3.69484984e-01 0.00000000e+00
3.70010941e-01 0.00000000e+00
3.70536898e-01 0.00000000e+00
3.71062855e-01 0.00000000e+00
3.71588813e-01 0.00000000e+00
3.72114770e-01 0.00000000e+00
3.72640727e-01 0.00000000e+00
3.73166684e-01 0.00000000e+00
3.73692642e-01 0.00000000e+00
3.74218599e-01 0.00000000e+00
3.74744556e-01 0.00000000e+00
3.75270514e-01 0.00000000e+00
3.75796471e-01 0.00000000e+00
3.76322428e-01 0.00000000e+00
3.76848385e-01 0.00000000e+00
3.77374343e-01 0.00000000e+00
3.77900300e-01 0.00000000e+00
3.78426257e-01 0.00000000e+00
3.78952214e-01 0.00000000e+00
3.79478172e-01 0.00000000e+00
3.80004129e-01 0.00000000e+00
3.80530086e-01 0.00000000e+00
3.81056044e-01 0.00000000e+00
3.81582001e-01 0.00000000e+00
3.82107958e-01 0.00000000e+00
3.82633915e-01 0.00000000e+00
3.83159873e-01 0.00000000e+00
3.83685830e-01 0.00000000e+00
3.84211787e-01 0.00000000e+00
3.84737744e-01 0.00000000e+00
3.85263702e-01 0.00000000e+00
3.85789659e-01 0.00000000e+00
3.86315616e-01 0.00000000e+00
3.86841574e-01 0.00000000e+00
3.87367531e-01 0.00000000e+00
3.87893488e-01 0.00000000e+00
3.88419445e-01 0.00000000e+00
3.88945403e-01 0.00000000e+00
3.89471360e-01 0.00000000e+00
3.89997317e-01 0.00000000e+00
3.90523274e-01 0.00000000e+00
3.91049232e-01 0.00000000e+00
3.91575189e-01 0.00000000e+00
3.92101146e-01 0.00000000e+00
3.92627104e-01 0.00000000e+00
3.93153061e-01 0.00000000e+00
3.93679018e-01 0.00000000e+00
3.94204975e-01 0.00000000e+00
3.94730933e-01 0.00000000e+00
3.95256890e-01 0.00000000e+00
3.95782847e-01 0.00000000e+00
3.96308804e-01 0.00000000e+00
3.96834762e-01 0.00000000e+00
3.97360719e-01 0.00000000e+00
3.97886676e-01 0.00000000e+00
3.98412634e-01 0.00000000e+00
3.98938591e-01 0.00000000e+00
3.99464548e-01 0.00000000e+00
3.99990505e-01 0.00000000e+00
4.00516463e-01 0.00000000e+00
4.01042420e-01 0.00000000e+00
4.01568377e-01 0.00000000e+00
4.02094334e-01 0.00000000e+00
4.02620292e-01 0.00000000e+00
4.03146249e-01 0.00000000e+00
4.03672206e-01 0.00000000e+00
4.04198164e-01 0.00000000e+00
4.04724121e-01 0.00000000e+00
4.05250078e-01 0.00000000e+00
4.05776035e-01 0.00000000e+00
4.06301993e-01 0.00000000e+00
4.06827950e-01 0.00000000e+00
4.07353907e-01 0.00000000e+00
4.07879864e-01 0.00000000e+00
4.08405822e-01 0.00000000e+00
4.08931779e-01 0.00000000e+00
4.09457736e-01 0.00000000e+00
4.09983693e-01 0.00000000e+00
4.10509651e-01 0.00000000e+00
4.11035608e-01 0.00000000e+00
4.11561565e-01 0.00000000e+00
4.12087523e-01 0.00000000e+00
4.12613480e-01 0.00000000e+00
4.13139437e-01 0.00000000e+00
4.13665394e-01 0.00000000e+00
4.14191352e-01 0.00000000e+00
4.14717309e-01 0.00000000e+00
4.15243266e-01 0.00000000e+00
4.15769223e-01 0.00000000e+00
4.16295181e-01 0.00000000e+00
4.16821138e-01 0.00000000e+00
4.17347095e-01 0.00000000e+00
4.17873053e-01 0.00000000e+00
4.18399010e-01 0.00000000e+00
4.18924967e-01 0.00000000e+00
4.19450924e-01 0.00000000e+00
4.19976882e-01 0.00000000e+00
4.20502839e-01 0.00000000e+00
4.21028796e-01 0.00000000e+00
4.21554753e-01 0.00000000e+00
4.22080711e-01 0.00000000e+00
4.22606668e-01 0.00000000e+00
4.23132625e-01 0.00000000e+00
4.23658583e-01 0.00000000e+00
4.24184540e-01 0.00000000e+00
4.24710497e-01 0.00000000e+00
4.25236454e-01 0.00000000e+00
4.25762412e-01 0.00000000e+00
4.26288369e-01 0.00000000e+00
4.26814326e-01 0.00000000e+00
4.27340283e-01 0.00000000e+00
4.27866241e-01 0.00000000e+00
4.28392198e-01 0.00000000e+00
4.28918155e-01 0.00000000e+00
4.29444113e-01 0.00000000e+00
4.29970070e-01 0.00000000e+00
4.30496027e-01 0.00000000e+00
4.31021984e-01 0.00000000e+00
4.31547942e-01 0.00000000e+00
4.32073899e-01 0.00000000e+00
4.32599856e-01 0.00000000e+00
4.33125813e-01 0.00000000e+00
4.33651771e-01 0.00000000e+00
4.34177728e-01 0.00000000e+00
4.34703685e-01 0.00000000e+00
4.35229643e-01 0.00000000e+00
4.35755600e-01 0.00000000e+00
4.36281557e-01 0.00000000e+00
4.36807514e-01 0.00000000e+00
4.37333472e-01 0.00000000e+00
4.37859429e-01 0.00000000e+00
4.38385386e-01 0.00000000e+00
4.38911343e-01 0.00000000e+00
4.39437301e-01 0.00000000e+00
4.39963258e-01 0.00000000e+00
4.40489215e-01 0.00000000e+00
4.41015173e-01 0.00000000e+00
4.41541130e-01 0.00000000e+00
4.42067087e-01 0.00000000e+00
4.42593044e-01 0.00000000e+00
4.43119002e-01 0.00000000e+00
4.43644959e-01 0.00000000e+00
4.44170916e-01 0.00000000e+00
4.44696873e-01 0.00000000e+00
4.45222831e-01 0.00000000e+00
4.45748788e-01 0.00000000e+00
4.46274745e-01 0.00000000e+00
4.46800703e-01 0.00000000e+00
4.47326660e-01 0.00000000e+00
4.47852617e-01 0.00000000e+00
4.48378574e-01 0.00000000e+00
4.48904532e-01 0.00000000e+00
4.49430489e-01 0.00000000e+00
4.49956446e-01 0.00000000e+00
4.50482403e-01 0.00000000e+00
4.51008361e-01 0.00000000e+00
4.51534318e-01 0.00000000e+00
4.52060275e-01 0.00000000e+00
4.52586233e-01 0.00000000e+00
4.53112190e-01 0.00000000e+00
4.53638147e-01 0.00000000e+00
4.54164104e-01 0.00000000e+00
4.54690062e-01 0.00000000e+00
4.55216019e-01 0.00000000e+00
4.55741976e-01 0.00000000e+00
4.56267933e-01 0.00000000e+00
4.56793891e-01 0.00000000e+00
4.57319848e-01 0.00000000e+00
4.57845805e-01 0.00000000e+00
4.58371763e-01 0.00000000e+00
4.58897720e-01 0.00000000e+00
4.59423677e-01 0.00000000e+00
4.59949634e-01 0.00000000e+00
4.60475592e-01 0.00000000e+00
4.61001549e-01 0.00000000e+00
4.61527506e-01 0.00000000e+00
4.62053463e-01 0.00000000e+00
4.62579421e-01 0.00000000e+00
4.63105378e-01 0.00000000e+00
4.63631335e-01 0.00000000e+00
4.64157293e-01 0.00000000e+00
4.64683250e-01 0.00000000e+00
4.65209207e-01 0.00000000e+00
4.65735164e-01 0.00000000e+00
4.66261122e-01 0.00000000e+00
4.66787079e-01 0.00000000e+00
4.67313036e-01 0.00000000e+00
4.67838993e-01 0.00000000e+00
4.68364951e-01 0.00000000e+00
4.68890908e-01 0.00000000e+00
4.69416865e-01 0.00000000e+00
4.69942823e-01 0.00000000e+00
4.70468780e-01 0.00000000e+00
4.70994737e-01 0.00000000e+00
4.71520694e-01 0.00000000e+00
4.72046652e-01 0.00000000e+00
4.72572609e-01 0.00000000e+00
4.73098566e-01 0.00000000e+00
4.73624523e-01 0.00000000e+00
4.74150481e-01 0.00000000e+00
4.74676438e-01 0.00000000e+00
4.75202395e-01 0.00000000e+00
4.75728352e-01 0.00000000e+00
4.76254310e-01 0.00000000e+00
4.76780267e-01 0.00000000e+00
4.77306224e-01 0.00000000e+00
4.77832182e-01 0.00000000e+00
4.78358139e-01 0.00000000e+00
4.78884096e-01 0.00000000e+00
4.79410053e-01 0.00000000e+00
4.79936011e-01 0.00000000e+00
4.80461968e-01 0.00000000e+00
4.80987925e-01 0.00000000e+00
4.81513882e-01 0.00000000e+00
4.82039840e-01 0.00000000e+00
4.82565797e-01 0.00000000e+00
4.83091754e-01 0.00000000e+00
4.83617712e-01 0.00000000e+00
4.84143669e-01 0.00000000e+00
4.84669626e-01 0.00000000e+00
4.85195583e-01 0.00000000e+00
4.85721541e-01 0.00000000e+00
4.86247498e-01 0.00000000e+00
4.86773455e-01 0.00000000e+00
4.87299412e-01 0.00000000e+00
4.87825370e-01 0.00000000e+00
4.88351327e-01 0.00000000e+00
4.88877284e-01 0.00000000e+00
4.89403242e-01 0.00000000e+00
4.89929199e-01 0.00000000e+00
4.90455156e-01 0.00000000e+00
4.90981113e-01 0.00000000e+00
4.91507071e-01 0.00000000e+00
4.92033028e-01 0.00000000e+00
4.92558985e-01 0.00000000e+00
4.93084942e-01 0.00000000e+00
4.93610900e-01 0.00000000e+00
4.94136857e-01 0.00000000e+00
4.94662814e-01 0.00000000e+00
4.95188772e-01 0.00000000e+00
4.95714729e-01 0.00000000e+00
4.96240686e-01 0.00000000e+00
4.96766643e-01 0.00000000e+00
4.97292601e-01 0.00000000e+00
4.97818558e-01 0.00000000e+00
4.98344515e-01 0.00000000e+00
4.98870472e-01 0.00000000e+00
4.99396430e-01 0.00000000e+00
4.99922387e-01 0.00000000e+00
0.00000000e+00 2.62978636e-04
0.00000000e+00 7.88935908e-04
0.00000000e+00 1.31489318e-03
0.00000000e+00 1.84085045e-03
0.00000000e+00 2.36680772e-03
0.00000000e+00 2.89276500e-03
0.00000000e+00 3.41872227e-03
0.00000000e+00 3.94467954e-03
0.00000000e+00 4.47063681e-03
0.00000000e+00 4.99659408e-03
0.00000000e+00 5.52255136e-03
0.00000000e+00 6.04850863e-03
0.00000000e+00 6.57446590e-03
0.00000000e+00 7.10042317e-03
0.00000000e+00 7.62638044e-03
0.00000000e+00 8.15233772e-03
0.00000000e+00 8.67829499e-03
0.00000000e+00 9.20425226e-03
0.00000000e+00 9.73020953e-03
0.00000000e+00 1.02561668e-02
0.00000000e+00 1.07821241e-02
0.00000000e+00 1.13080813e-02
0.00000000e+00 1.18340386e-02
0.00000000e+00 1.23599959e-02
0.00000000e+00 1.28859532e-02
0.00000000e+00 1.34119104e-02
0.00000000e+00 1.39378677e-02
0.00000000e+00 1.44638250e-02
0.00000000e+00 1.49897823e-02
0.00000000e+00 1.55157395e-02
0.00000000e+00 1.60416968e-02
0.00000000e+00 1.65676541e-02
0.00000000e+00 1.70936113e-02
0.00000000e+00 1.76195686e-02
0.00000000e+00 1.81455259e-02
0.00000000e+00 1.86714832e-02
0.00000000e+00 1.91974404e-02
0.00000000e+00 1.97233977e-02
0.00000000e+00 2.02493550e-02
0.00000000e+00 2.07753122e-02
0.00000000e+00 2.13012695e-02
0.00000000e+00 2.18272268e-02
0.00000000e+00 2.23531841e-02
0.00000000e+00 2.28791413e-02
0.00000000e+00 2.34050986e-02
0.00000000e+00 2.39310559e-02
0.00000000e+00 2.44570131e-02
0.00000000e+00 2.49829704e-02
0.00000000e+00 2.55089277e-02
0.00000000e+00 2.60348850e-02
0.00000000e+00 2.65608422e-02
0.00000000e+00 2.70867995e-02
0.00000000e+00 2.76127568e-02
0.00000000e+00 2.81387141e-02
0.00000000e+00 2.86646713e-02
0.00000000e+00 2.91906286e-02
0.00000000e+00 2.97165859e-02
0.00000000e+00 3.02425431e-02
0.00000000e+00 3.07685004e-02
0.00000000e+00 3.12944577e-02
0.00000000e+00 3.18204150e-02
0.00000000e+00 3.23463722e-02
0.00000000e+00 3.28723295e-02
0.00000000e+00 3.33982868e-02
0.00000000e+00 3.39242440e-02
0.00000000e+00 3.44502013e-02
0.00000000e+00 3.49761586e-02
0.00000000e+00 3.55021159e-02
0.00000000e+00 3.60280731e-02
0.00000000e+00 3.65540304e-02
0.00000000e+00 3.70799877e-02
0.00000000e+00 3.76059449e-02
0.00000000e+00 3.81319022e-02
0.00000000e+00 3.86578595e-02
0.00000000e+00 3.91838168e-02
0.00000000e+00 3.97097740e-02
0.00000000e+00 4.02357313e-02
0.00000000e+00 4.07616886e-02
0.00000000e+00 4.12876458e-02
0.00000000e+00 4.18136031e-02
0.00000000e+00 4.23395604e-02
0.00000000e+00 4.28655177e-02
0.00000000e+00 4.33914749e-02
0.00000000e+00 4.39174322e-02
0.00000000e+00 4.44433895e-02
0.00000000e+00 4.49693468e-02
0.00000000e+00 4.54953040e-02
0.00000000e+00 4.60212613e-02
0.00000000e+00 4.65472186e-02
0.00000000e+00 4.70731758e-02
0.00000000e+00 4.75991331e-02
0.00000000e+00 4.81250904e-02
0.00000000e+00 4.86510477e-02
0.00000000e+00 4.91770049e-02
0.00000000e+00 4.97029622e-02
0.00000000e+00 5.02289195e-02
0.00000000e+00 5.07548767e-02
0.00000000e+00 5.12808340e-02
0.00000000e+00 5.18067913e-02
0.00000000e+00 5.23327486e-02
0.00000000e+00 5.28587058e-02
0.00000000e+00 5.33846631e-02
0.00000000e+00 5.39106204e-02
0.00000000e+00 5.44365776e-02
0.00000000e+00 5.49625349e-02
0.00000000e+00 5.54884922e-02
0.00000000e+00 5.60144495e-02
0.00000000e+00 5.65404067e-02
0.00000000e+00 5.70663640e-02
0.00000000e+00 5.75923213e-02
0.00000000e+00 5.81182786e-02
0.00000000e+00 5.86442358e-02
0.00000000e+00 5.91701931e-02
0.00000000e+00 5.96961504e-02
0.00000000e+00 6.02221076e-02
0.00000000e+00 6.07480649e-02
0.00000000e+00 6.12740222e-02
0.00000000e+00 6.17999795e-02
0.00000000e+00 6.23259367e-02
0.00000000e+00 6.28518940e-02
0.00000000e+00 6.33778513e-02
0.00000000e+00 6.39038085e-02
0.00000000e+00 6.44297658e-02
0.00000000e+00 6.49557231e-02
0.00000000e+00 6.54816804e-02
0.00000000e+00 6.60076376e-02
0.00000000e+00 6.65335949e-02
0.00000000e+00 6.70595522e-02
0.00000000e+00 6.75855094e-02
0.00000000e+00 6.81114667e-02
0.00000000e+00 6.86374240e-02
0.00000000e+00 6.91633813e-02
0.00000000e+00 6.96893385e-02
0.00000000e+00 7.02152958e-02
0.00000000e+00 7.07412531e-02
0.00000000e+00 7.12672104e-02
0.00000000e+00 7.17931676e-02
0.00000000e+00 7.23191249e-02
0.00000000e+00 7.28450822e-02
0.00000000e+00 7.33710394e-02
0.00000000e+00 7.38969967e-02
0.00000000e+00 7.44229540e-02
0.00000000e+00 7.49489113e-02
0.00000000e+00 7.54748685e-02
0.00000000e+00 7.60008258e-02
0.00000000e+00 7.65267831e-02
0.00000000e+00 7.70527403e-02
0.00000000e+00 7.75786976e-02
0.00000000e+00 7.81046549e-02
0.00000000e+00 7.86306122e-02
0.00000000e+00 7.91565694e-02
0.00000000e+00 7.96825267e-02
0.00000000e+00 8.02084840e-02
0.00000000e+00 8.07344412e-02
0.00000000e+00 8.12603985e-02
0.00000000e+00 8.17863558e-02
0.00000000e+00 8.23123131e-02
0.00000000e+00 8.28382703e-02
0.00000000e+00 8.33642276e-02
0.00000000e+00 8.38901849e-02
0.00000000e+00 8.44161422e-02
0.00000000e+00 8.49420994e-02
0.00000000e+00 8.54680567e-02
0.00000000e+00 8.59940140e-02
0.00000000e+00 8.65199712e-02
0.00000000e+00 8.70459285e-02
0.00000000e+00 8.75718858e-02
0.00000000e+00 8.80978431e-02
0.00000000e+00 8.86238003e-02
0.00000000e+00 8.91497576e-02
0.00000000e+00 8.96757149e-02
0.00000000e+00 9.02016721e-02
0.00000000e+00 9.07276294e-02
0.00000000e+00 9.12535867e-02
0.00000000e+00 9.17795440e-02
0.00000000e+00 9.23055012e-02
0.00000000e+00 9.28314585e-02
0.00000000e+00 9.33574158e-02
0.00000000e+00 9.38833730e-02
0.00000000e+00 9.44093303e-02
0.00000000e+00 9.49352876e-02
0.00000000e+00 9.54612449e-02
0.00000000e+00 9.59872021e-02
0.00000000e+00 9.65131594e-02
0.00000000e+00 9.70391167e-02
0.00000000e+00 9.75650740e-02
0.00000000e+00 9.80910312e-02
0.00000000e+00 9.86169885e-02
0.00000000e+00 9.91429458e-02
0.00000000e+00 9.96689030e-02
0.00000000e+00 1.00194860e-01
0.00000000e+00 1.00720818e-01
0.00000000e+00 1.01246775e-01
0.00000000e+00 1.01772732e-01
0.00000000e+00 1.02298689e-01
0.00000000e+00 1.02824647e-01
0.00000000e+00 1.03350604e-01
0.00000000e+00 1.03876561e-01
0.00000000e+00 1.04402518e-01
0.00000000e+00 1.04928476e-01
0.00000000e+00 1.05454433e-01
0.00000000e+00 1.05980390e-01
0.00000000e+00 1.06506348e-01
0.00000000e+00 1.07032305e-01
0.00000000e+00 1.07558262e-01
0.00000000e+00 1.08084219e-01
0.00000000e+00 1.08610177e-01
0.00000000e+00 1.09136134e-01
0.00000000e+00 1.09662091e-01
0.00000000e+00 1.10188048e-01
0.00000000e+00 1.10714006e-01
0.00000000e+00 1.11239963e-01
0.00000000e+00 1.11765920e-01
0.00000000e+00 1.12291878e-01
0.00000000e+00 1.12817835e-01
0.00000000e+00 1.13343792e-01
0.00000000e+00 1.13869749e-01
0.00000000e+00 1.14395707e-01
0.00000000e+00 1.14921664e-01
0.00000000e+00 1.15447621e-01
0.00000000e+00 1.15973578e-01
0.00000000e+00 1.16499536e-01
0.00000000e+00 1.17025493e-01
0.00000000e+00 1.17551450e-01
0.00000000e+00 1.18077408e-01
0.00000000e+00 1.18603365e-01
0.00000000e+00 1.19129322e-01
0.00000000e+00 1.19655279e-01
0.00000000e+00 1.20181237e-01
0.00000000e+00 1.20707194e-01
0.00000000e+00 1.21233151e-01
0.00000000e+00 1.21759108e-01
0.00000000e+00 1.22285066e-01
0.00000000e+00 1.22811023e-01
0.00000000e+00 1.23336980e-01
0.00000000e+00 1.23862938e-01
0.00000000e+00 1.24388895e-01
0.00000000e+00 1.24914852e-01
0.00000000e+00 1.25440809e-01
0.00000000e+00 1.25966767e-01
0.00000000e+00 1.26492724e-01
0.00000000e+00 1.27018681e-01
0.00000000e+00 1.27544638e-01
0.00000000e+00 1.28070596e-01
0.00000000e+00 1.28596553e-01
0.00000000e+00 1.29122510e-01
0.00000000e+00 1.29648468e-01
0.00000000e+00 1.30174425e-01
0.00000000e+00 1.30700382e-01
0.00000000e+00 1.31226339e-01
0.00000000e+00 1.31752297e-01
0.00000000e+00 1.32278254e-01
0.00000000e+00 1.32804211e-01
0.00000000e+00 1.33330168e-01
0.00000000e+00 1.33856126e-01
0.00000000e+00 1.34382083e-01
0.00000000e+00 1.34908040e-01
0.00000000e+00 1.35433998e-01
0.00000000e+00 1.35959955e-01
0.00000000e+00 1.36485912e-01
0.00000000e+00 1.37011869e-01
0.00000000e+00 1.37537827e-01
0.00000000e+00 1.38063784e-01
0.00000000e+00 1.38589741e-01
0.00000000e+00 1.39115698e-01
0.00000000e+00 1.39641656e-01
0.00000000e+00 1.40167613e-01
0.00000000e+00 1.40693570e-01
0.00000000e+00 1.41219528e-01
0.00000000e+00 1.41745485e-01
0.00000000e+00 1.42271442e-01
0.00000000e+00 1.42797399e-01
0.00000000e+00 1.43323357e-01
0.00000000e+00 1.43849314e-01
0.00000000e+00 1.44375271e-01
0.00000000e+00 1.44901228e-01
0.00000000e+00 1.45427186e-01
0.00000000e+00 1.45953143e-01
0.00000000e+00 1.46479100e-01
0.00000000e+00 1.47005058e-01
0.00000000e+00 1.47531015e-01
0.00000000e+00 1.48056972e-01
0.00000000e+00 1.48582929e-01
0.00000000e+00 1.49108887e-01
0.00000000e+00 1.49634844e-01
0.00000000e+00 1.50160801e-01
0.00000000e+00 1.50686758e-01
0.00000000e+00 1.51212716e-01
0.00000000e+00 1.51738673e-01
0.00000000e+00 1.52264630e-01
0.00000000e+00 1.52790588e-01
0.00000000e+00 1.53316545e-01
0.00000000e+00 1.53842502e-01
0.00000000e+00 1.54368459e-01
0.00000000e+00 1.54894417e-01
0.00000000e+00 1.55420374e-01
0.00000000e+00 1.55946331e-01
0.00000000e+00 1.56472288e-01
0.00000000e+00 1.56998246e-01
0.00000000e+00 1.57524203e-01
0.00000000e+00 1.58050160e-01
0.00000000e+00 1.58576117e-01
0.00000000e+00 1.59102075e-01
0.00000000e+00 1.59628032e-01
0.00000000e+00 1.60153989e-01
0.00000000e+00 1.60679947e-01
0.00000000e+00 1.61205904e-01
0.00000000e+00 1.61731861e-01
0.00000000e+00 1.62257818e-01
0.00000000e+00 1.62783776e-01
0.00000000e+00 1.63309733e-01
0.00000000e+00 1.63835690e-01
0.00000000e+00 1.64361647e-01
0.00000000e+00 1.64887605e-01
0.00000000e+00 1.65413562e-01
0.00000000e+00 1.65939519e-01
0.00000000e+00 1.66465477e-01
0.00000000e+00 1.66991434e-01
0.00000000e+00 1.67517391e-01
0.00000000e+00 1.68043348e-01
0.00000000e+00 1.68569306e-01
0.00000000e+00 1.69095263e-01
0.00000000e+00 1.69621220e-01
0.00000000e+00 1.70147177e-01
0.00000000e+00 1.70673135e-01
0.00000000e+00 1.71199092e-01
0.00000000e+00 1.71725049e-01
0.00000000e+00 1.72251007e-01
0.00000000e+00 1.72776964e-01
0.00000000e+00 1.73302921e-01
0.00000000e+00 1.73828878e-01
0.00000000e+00 1.74354836e-01
0.00000000e+00 1.74880793e-01
0.00000000e+00 1.75406750e-01
0.00000000e+00 1.75932707e-01
0.00000000e+00 1.76458665e-01
0.00000000e+00 1.76984622e-01
0.00000000e+00 1.77510579e-01
0.00000000e+00 1.78036537e-01
0.00000000e+00 1.78562494e-01
0.00000000e+00 1.79088451e-01
0.00000000e+00 1.79614408e-01
0.00000000e+00 1.80140366e-01
0.00000000e+00 1.80666323e-01
0.00000000e+00 1.81192280e-01
0.00000000e+00 1.81718237e-01
0.00000000e+00 1.82244195e-01
0.00000000e+00 1.82770152e-01
0.00000000e+00 1.83296109e-01
0.00000000e+00 1.83822067e-01
0.00000000e+00 1.84348024e-01
0.00000000e+00 1.84873981e-01
0.00000000e+00 1.85399938e-01
0.00000000e+00 1.85925896e-01
0.00000000e+00 1.86451853e-01
0.00000000e+00 1.86977810e-01
0.00000000e+00 1.87503767e-01
0.00000000e+00 1.88029725e-01
0.00000000e+00 1.88555682e-01
0.00000000e+00 1.89081639e-01
0.00000000e+00 1.89607597e-01
0.00000000e+00 1.90133554e-01
0.00000000e+00 1.90659511e-01
0.00000000e+00 1.91185468e-01
0.00000000e+00 1.91711426e-01
0.00000000e+00 1.92237383e-01
0.00000000e+00 1.92763340e-01
0.00000000e+00 1.93289297e-01
0.00000000e+00 1.93815255e-01
0.00000000e+00 1.94341212e-01
0.00000000e+00 1.94867169e-01
0.00000000e+00 1.95393127e-01
0.00000000e+00 1.95919084e-01
0.00000000e+00 1.96445041e-01
0.00000000e+00 1.96970998e-01
0.00000000e+00 1.97496956e-01
0.00000000e+00 1.98022913e-01
0.00000000e+00 1.98548870e-01
0.00000000e+00 1.99074827e-01
0.00000000e+00 1.99600785e-01
0.00000000e+00 2.00126742e-01
0.00000000e+00 2.00652699e-01
0.00000000e+00 2.01178657e-01
0.00000000e+00 2.01704614e-01
0.00000000e+00 2.02230571e-01
0.00000000e+00 2.02756528e-01
0.00000000e+00 2.03282486e-01
0.00000000e+00 2.03808443e-01
0.00000000e+00 2.04334400e-01
0.00000000e+00 2.04860357e-01
0.00000000e+00 2.05386315e-01
0.00000000e+00 2.05912272e-01
0.00000000e+00 2.06438229e-01
0.00000000e+00 2.06964187e-01
0.00000000e+00 2.07490144e-01
0.00000000e+00 2.08016101e-01
0.00000000e+00 2.08542058e-01
0.00000000e+00 2.09068016e-01
0.00000000e+00 2.09593973e-01
0.00000000e+00 2.10119930e-01
0.00000000e+00 2.10645887e-01
0.00000000e+00 2.11171845e-01
0.00000000e+00 2.11697802e-01
0.00000000e+00 2.12223759e-01
0.00000000e+00 2.12749717e-01
0.00000000e+00 2.13275674e-01
0.00000000e+00 2.13801631e-01
0.00000000e+00 2.14327588e-01
0.00000000e+00 2.14853546e-01
0.00000000e+00 2.15379503e-01
0.00000000e+00 2.15905460e-01
0.00000000e+00 2.16431417e-01
0.00000000e+00 2.16957375e-01
0.00000000e+00 2.17483332e-01
0.00000000e+00 2.18009289e-01
0.00000000e+00 2.18535247e-01
0.00000000e+00 2.19061204e-01
0.00000000e+00 2.19587161e-01
0.00000000e+00 2.20113118e-01
0.00000000e+00 2.20639076e-01
0.00000000e+00 2.21165033e-01
0.00000000e+00 2.21690990e-01
0.00000000e+00 2.22216947e-01
0.00000000e+00 2.22742905e-01
0.00000000e+00 2.23268862e-01
0.00000000e+00 2.23794819e-01
0.00000000e+00 2.24320776e-01
0.00000000e+00 2.24846734e-01
0.00000000e+00 2.25372691e-01
0.00000000e+00 2.25898648e-01
0.00000000e+00 2.26424606e-01
0.00000000e+00 2.26950563e-01
0.00000000e+00 2.27476520e-01
0.00000000e+00 2.28002477e-01
0.00000000e+00 2.28528435e-01
0.00000000e+00 2.29054392e-01
0.00000000e+00 2.29580349e-01
0.00000000e+00 2.30106306e-01
0.00000000e+00 2.30632264e-01
0.00000000e+00 2.31158221e-01
0.00000000e+00 2.31684178e-01
0.00000000e+00 2.32210136e-01
0.00000000e+00 2.32736093e-01
0.00000000e+00 2.33262050e-01
0.00000000e+00 2.33788007e-01
0.00000000e+00 2.34313965e-01
0.00000000e+00 2.34839922e-01
0.00000000e+00 2.35365879e-01
0.00000000e+00 2.35891836e-01
0.00000000e+00 2.36417794e-01
0.00000000e+00 2.36943751e-01
0.00000000e+00 2.37469708e-01
0.00000000e+00 2.37995666e-01
0.00000000e+00 2.38521623e-01
0.00000000e+00 2.39047580e-01
0.00000000e+00 2.39573537e-01
0.00000000e+00 2.40099495e-01
0.00000000e+00 2.40625452e-01
0.00000000e+00 2.41151409e-01
0.00000000e+00 2.41677366e-01
0.00000000e+00 2.42203324e-01
0.00000000e+00 2.42729281e-01
0.00000000e+00 2.43255238e-01
0.00000000e+00 2.43781196e-01
0.00000000e+00 2.44307153e-01
0.00000000e+00 2.44833110e-01
0.00000000e+00 2.45359067e-01
0.00000000e+00 2.45885025e-01
0.00000000e+00 2.46410982e-01
0.00000000e+00 2.46936939e-01
0.00000000e+00 2.47462896e-01
0.00000000e+00 2.47988854e-01
0.00000000e+00 2.48514811e-01
0.00000000e+00 2.49040768e-01
0.00000000e+00 2.49566726e-01
0.00000000e+00 2.50092683e-01
0.00000000e+00 2.50618640e-01
0.00000000e+00 2.51144597e-01
0.00000000e+00 2.51670555e-01
0.00000000e+00 2.52196512e-01
0.00000000e+00 2.52722469e-01
0.00000000e+00 2.53248426e-01
0.00000000e+00 2.53774384e-01
0.00000000e+00 2.54300341e-01
0.00000000e+00 2.54826298e-01
0.00000000e+00 2.55352256e-01
0.00000000e+00 2.55878213e-01
0.00000000e+00 2.56404170e-01
0.00000000e+00 2.56930127e-01
0.00000000e+00 2.57456085e-01
0.00000000e+00 2.57982042e-01
0.00000000e+00 2.58507999e-01
0.00000000e+00 2.59033956e-01
0.00000000e+00 2.59559914e-01
0.00000000e+00 2.60085871e-01
0.00000000e+00 2.60611828e-01
0.00000000e+00 2.61137786e-01
0.00000000e+00 2.61663743e-01
0.00000000e+00 2.62189700e-01
0.00000000e+00 2.62715657e-01
0.00000000e+00 2.63241615e-01
0.00000000e+00 2.63767572e-01
0.00000000e+00 2.64293529e-01
0.00000000e+00 2.64819486e-01
0.00000000e+00 2.65345444e-01
0.00000000e+00 2.65871401e-01
0.00000000e+00 2.66397358e-01
0.00000000e+00 2.66923316e-01
0.00000000e+00 2.67449273e-01
0.00000000e+00 2.67975230e-01
0.00000000e+00 2.68501187e-01
0.00000000e+00 2.69027145e-01
0.00000000e+00 2.69553102e-01
0.00000000e+00 2.70079059e-01
0.00000000e+00 2.70605016e-01
0.00000000e+00 2.71130974e-01
0.00000000e+00 2.71656931e-01
0.00000000e+00 2.72182888e-01
0.00000000e+00 2.72708846e-01
0.00000000e+00 2.73234803e-01
0.00000000e+00 2.73760760e-01
0.00000000e+00 2.74286717e-01
0.00000000e+00 2.74812675e-01
0.00000000e+00 2.75338632e-01
0.00000000e+00 2.75864589e-01
0.00000000e+00 2.76390546e-01
0.00000000e+00 2.76916504e-01
0.00000000e+00 2.77442461e-01
0.00000000e+00 2.77968418e-01
0.00000000e+00 2.78494376e-01
0.00000000e+00 2.79020333e-01
0.00000000e+00 2.79546290e-01
0.00000000e+00 2.80072247e-01
0.00000000e+00 2.80598205e-01
0.00000000e+00 2.81124162e-01
0.00000000e+00 2.81650119e-01
0.00000000e+00 2.82176076e-01
0.00000000e+00 2.82702034e-01
0.00000000e+00 2.83227991e-01
0.00000000e+00 2.83753948e-01
0.00000000e+00 2.84279905e-01
0.00000000e+00 2.84805863e-01
0.00000000e+00 2.85331820e-01
0.00000000e+00 2.85857777e-01
0.00000000e+00 2.86383735e-01
0.00000000e+00 2.86909692e-01
0.00000000e+00 2.87435649e-01
0.00000000e+00 2.87961606e-01
0.00000000e+00 2.88487564e-01
0.00000000e+00 2.89013521e-01
0.00000000e+00 2.89539478e-01
0.00000000e+00 2.90065435e-01
0.00000000e+00 2.90591393e-01
0.00000000e+00 2.91117350e-01
0.00000000e+00 2.91643307e-01
0.00000000e+00 2.92169265e-01
0.00000000e+00 2.92695222e-01
0.00000000e+00 2.93221179e-01
0.00000000e+00 2.93747136e-01
0.00000000e+00 2.94273094e-01
0.00000000e+00 2.94799051e-01
0.00000000e+00 2.95325008e-01
0.00000000e+00 2.95850965e-01
0.00000000e+00 2.96376923e-01
0.00000000e+00 2.96902880e-01
0.00000000e+00 2.97428837e-01
0.00000000e+00 2.97954795e-01
0.00000000e+00 2.98480752e-01
0.00000000e+00 2.99006709e-01
0.00000000e+00 2.99532666e-01
0.00000000e+00 3.00058624e-01
0.00000000e+00 3.00584581e-01
0.00000000e+00 3.01110538e-01
0.00000000e+00 3.01636495e-01
0.00000000e+00 3.02162453e-01
0.00000000e+00 3.02688410e-01
0.00000000e+00 3.03214367e-01
0.00000000e+00 3.03740325e-01
0.00000000e+00 3.04266282e-01
0.00000000e+00 3.04792239e-01
0.00000000e+00 3.05318196e-01
0.00000000e+00 3.05844154e-01
0.00000000e+00 3.06370111e-01
0.00000000e+00 3.06896068e-01
0.00000000e+00 3.07422025e-01
0.00000000e+00 3.07947983e-01
0.00000000e+00 3.08473940e-01
0.00000000e+00 3.08999897e-01
0.00000000e+00 3.09525855e-01
0.00000000e+00 3.10051812e-01
0.00000000e+00 3.10577769e-01
0.00000000e+00 3.11103726e-01
0.00000000e+00 3.11629684e-01
0.00000000e+00 3.12155641e-01
0.00000000e+00 3.12681598e-01
0.00000000e+00 3.13207555e-01
0.00000000e+00 3.13733513e-01
0.00000000e+00 3.14259470e-01
0.00000000e+00 3.14785427e-01
0.00000000e+00 3.15311385e-01
0.00000000e+00 3.15837342e-01
0.00000000e+00 3.16363299e-01
0.00000000e+00 3.16889256e-01
0.00000000e+00 3.17415214e-01
0.00000000e+00 3.17941171e-01
0.00000000e+00 3.18467128e-01
0.00000000e+00 3.18993085e-01
0.00000000e+00 3.19519043e-01
0.00000000e+00 3.20045000e-01
0.00000000e+00 3.20570957e-01
0.00000000e+00 3.21096915e-01
0.00000000e+00 3.21622872e-01
0.00000000e+00 3.22148829e-01
0.00000000e+00 3.22674786e-01
0.00000000e+00 3.23200744e-01
0.00000000e+00 3.23726701e-01
0.00000000e+00 3.24252658e-01
0.00000000e+00 3.24778615e-01
0.00000000e+00 3.25304573e-01
0.00000000e+00 3.25830530e-01
0.00000000e+00 3.26356487e-01
0.00000000e+00 3.26882445e-01
0.00000000e+00 3.27408402e-01
0.00000000e+00 3.27934359e-01
0.00000000e+00 3.28460316e-01
0.00000000e+00 3.28986274e-01
0.00000000e+00 3.29512231e-01
0.00000000e+00 3.30038188e-01
0.00000000e+00 3.30564145e-01
0.00000000e+00 3.31090103e-01
0.00000000e+00 3.31616060e-01
0.00000000e+00 3.32142017e-01
0.00000000e+00 3.32667975e-01
0.00000000e+00 3.33193932e-01
0.00000000e+00 3.33719889e-01
0.00000000e+00 3.34245846e-01
0.00000000e+00 3.34771804e-01
0.00000000e+00 3.35297761e-01
0.00000000e+00 3.35823718e-01
0.00000000e+00 3.36349675e-01
0.00000000e+00 3.36875633e-01
0.00000000e+00 3.37401590e-01
0.00000000e+00 3.37927547e-01
0.00000000e+00 3.38453505e-01
0.00000000e+00 3.38979462e-01
0.00000000e+00 3.39505419e-01
0.00000000e+00 3.40031376e-01
0.00000000e+00 3.40557334e-01
0.00000000e+00 3.41083291e-01
0.00000000e+00 3.41609248e-01
0.00000000e+00 3.42135205e-01
0.00000000e+00 3.42661163e-01
0.00000000e+00 3.43187120e-01
0.00000000e+00 3.43713077e-01
0.00000000e+00 3.44239035e-01
0.00000000e+00 3.44764992e-01
0.00000000e+00 3.45290949e-01
0.00000000e+00 3.45816906e-01
0.00000000e+00 3.46342864e-01
0.00000000e+00 3.46868821e-01
0.00000000e+00 3.47394778e-01
0.00000000e+00 3.47920735e-01
0.00000000e+00 3.48446693e-01
0.00000000e+00 3.48972650e-01
0.00000000e+00 3.49498607e-01
0.00000000e+00 3.50024564e-01
0.00000000e+00 3.50550522e-01
0.00000000e+00 3.51076479e-01
0.00000000e+00 3.51602436e-01
0.00000000e+00 3.52128394e-01
0.00000000e+00 3.52654351e-01
0.00000000e+00 3.53180308e-01
0.00000000e+00 3.53706265e-01
0.00000000e+00 3.54232223e-01
0.00000000e+00 3.54758180e-01
0.00000000e+00 3.55284137e-01
0.00000000e+00 3.55810094e-01
0.00000000e+00 3.56336052e-01
0.00000000e+00 3.56862009e-01
0.00000000e+00 3.57387966e-01
0.00000000e+00 3.57913924e-01
0.00000000e+00 3.58439881e-01
0.00000000e+00 3.58965838e-01
0.00000000e+00 3.59491795e-01
0.00000000e+00 3.60017753e-01
0.00000000e+00 3.60543710e-01
0.00000000e+00 3.61069667e-01
0.00000000e+00 3.61595624e-01
0.00000000e+00 3.62121582e-01
0.00000000e+00 3.62647539e-01
0.00000000e+00 3.63173496e-01
0.00000000e+00 3.63699454e-01
0.00000000e+00 3.64225411e-01
0.00000000e+00 3.64751368e-01
0.00000000e+00 3.65277325e-01
0.00000000e+00 3.65803283e-01
0.00000000e+00 3.66329240e-01
0.00000000e+00 3.66855197e-01
0.00000000e+00 3.67381154e-01
0.00000000e+00 3.67907112e-01
0.00000000e+00 3.68433069e-01
0.00000000e+00 3.68959026e-01
0.00000000e+00 3.69484984e-01
0.00000000e+00 3.70010941e-01
0.00000000e+00 3.70536898e-01
0.00000000e+00 3.71062855e-01
0.00000000e+00 3.71588813e-01
0.00000000e+00 3.72114770e-01
0.00000000e+00 3.72640727e-01
0.00000000e+00 3.73166684e-01
0.00000000e+00 3.73692642e-01
0.00000000e+00 3.74218599e-01
0.00000000e+00 3.74744556e-01
0.00000000e+00 3.75270514e-01
0.00000000e+00 3.75796471e-01
0.00000000e+00 3.76322428e-01
0.00000000e+00 3.76848385e-01
0.00000000e+00 3.77374343e-01
0.00000000e+00 3.77900300e-01
0.00000000e+00 3.78426257e-01
0.00000000e+00 3.78952214e-01
0.00000000e+00 3.79478172e-01
0.00000000e+00 3.80004129e-01
0.00000000e+00 3.80530086e-01
0.00000000e+00 3.81056044e-01
0.00000000e+00 3.81582001e-01
0.00000000e+00 3.82107958e-01
0.00000000e+00 3.82633915e-01
0.00000000e+00 3.83159873e-01
0.00000000e+00 3.83685830e-01
0.00000000e+00 3.84211787e-01
0.00000000e+00 3.84737744e-01
0.00000000e+00 3.85263702e-01
0.00000000e+00 3.85789659e-01
0.00000000e+00 3.86315616e-01
0.00000000e+00 3.86841574e-01
0.00000000e+00 3.87367531e-01
0.00000000e+00 3.87893488e-01
0.00000000e+00 3.88419445e-01
0.00000000e+00 3.88945403e-01
0.00000000e+00 3.89471360e-01
0.00000000e+00 3.89997317e-01
0.00000000e+00 3.90523274e-01
0.00000000e+00 3.91049232e-01
0.00000000e+00 3.91575189e-01
0.00000000e+00 3.92101146e-01
0.00000000e+00 3.92627104e-01
0.00000000e+00 3.93153061e-01
0.00000000e+00 3.93679018e-01
0.00000000e+00 3.94204975e-01
0.00000000e+00 3.94730933e-01
0.00000000e+00 3.95256890e-01
0.00000000e+00 3.95782847e-01
0.00000000e+00 3.96308804e-01
0.00000000e+00 3.96834762e-01
0.00000000e+00 3.97360719e-01
0.00000000e+00 3.97886676e-01
0.00000000e+00 3.98412634e-01
0.00000000e+00 3.98938591e-01
0.00000000e+00 3.99464548e-01
0.00000000e+00 3.99990505e-01
0.00000000e+00 4.00516463e-01
0.00000000e+00 4.01042420e-01
0.00000000e+00 4.01568377e-01
0.00000000e+00 4.02094334e-01
0.00000000e+00 4.02620292e-01
0.00000000e+00 4.03146249e-01
0.00000000e+00 4.03672206e-01
0.00000000e+00 4.04198164e-01
0.00000000e+00 4.04724121e-01
0.00000000e+00 4.05250078e-01
0.00000000e+00 4.05776035e-01
0.00000000e+00 4.06301993e-01
0.00000000e+00 4.06827950e-01
0.00000000e+00 4.07353907e-01
0.00000000e+00 4.07879864e-01
0.00000000e+00 4.08405822e-01
0.00000000e+00 4.08931779e-01
0.00000000e+00 4.09457736e-01
0.00000000e+00 4.09983693e-01
0.00000000e+00 4.10509651e-01
0.00000000e+00 4.11035608e-01
0.00000000e+00 4.11561565e-01
0.00000000e+00 4.12087523e-01
0.00000000e+00 4.12613480e-01
0.00000000e+00 4.13139437e-01
0.00000000e+00 4.13665394e-01
0.00000000e+00 4.14191352e-01
0.00000000e+00 4.14717309e-01
0.00000000e+00 4.15243266e-01
0.00000000e+00 4.15769223e-01
0.00000000e+00 4.16295181e-01
0.00000000e+00 4.16821138e-01
0.00000000e+00 4.17347095e-01
0.00000000e+00 4.17873053e-01
0.00000000e+00 4.18399010e-01
0.00000000e+00 4.18924967e-01
0.00000000e+00 4.19450924e-01
0.00000000e+00 4.19976882e-01
0.00000000e+00 4.20502839e-01
0.00000000e+00 4.21028796e-01
0.00000000e+00 4.21554753e-01
0.00000000e+00 4.22080711e-01
0.00000000e+00 4.22606668e-01
0.00000000e+00 4.23132625e-01
0.00000000e+00 4.23658583e-01
0.00000000e+00 4.24184540e-01
0.00000000e+00 4.24710497e-01
0.00000000e+00 4.25236454e-01
0.00000000e+00 4.25762412e-01
0.00000000e+00 4.26288369e-01
0.00000000e+00 4.26814326e-01
0.00000000e+00 4.27340283e-01
0.00000000e+00 4.27866241e-01
0.00000000e+00 4.28392198e-01
0.00000000e+00 4.28918155e-01
0.00000000e+00 4.29444113e-01
0.00000000e+00 4.29970070e-01
0.00000000e+00 4.30496027e-01
0.00000000e+00 4.31021984e-01
0.00000000e+00 4.31547942e-01
0.00000000e+00 4.32073899e-01
0.00000000e+00 4.32599856e-01
0.00000000e+00 4.33125813e-01
0.00000000e+00 4.33651771e-01
0.00000000e+00 4.34177728e-01
0.00000000e+00 4.34703685e-01
0.00000000e+00 4.35229643e-01
0.00000000e+00 4.35755600e-01
0.00000000e+00 4.36281557e-01
0.00000000e+00 4.36807514e-01
0.00000000e+00 4.37333472e-01
0.00000000e+00 4.37859429e-01
0.00000000e+00 4.38385386e-01
0.00000000e+00 4.38911343e-01
0.00000000e+00 4.39437301e-01
0.00000000e+00 4.39963258e-01
0.00000000e+00 4.40489215e-01
0.00000000e+00 4.41015173e-01
0.00000000e+00 4.41541130e-01
0.00000000e+00 4.42067087e-01
0.00000000e+00 4.42593044e-01
0.00000000e+00 4.43119002e-01
0.00000000e+00 4.43644959e-01
0.00000000e+00 4.44170916e-01
0.00000000e+00 4.44696873e-01
0.00000000e+00 4.45222831e-01
0.00000000e+00 4.45748788e-01
0.00000000e+00 4.46274745e-01
0.00000000e+00 4.46800703e-01
0.00000000e+00 4.47326660e-01
0.00000000e+00 4.47852617e-01
0.00000000e+00 4.48378574e-01
0.00000000e+00 4.48904532e-01
0.00000000e+00 4.49430489e-01
0.00000000e+00 4.49956446e-01
0.00000000e+00 4.50482403e-01
0.00000000e+00 4.51008361e-01
0.00000000e+00 4.51534318e-01
0.00000000e+00 4.52060275e-01
0.00000000e+00 4.52586233e-01
0.00000000e+00 4.53112190e-01
0.00000000e+00 4.53638147e-01
0.00000000e+00 4.54164104e-01
0.00000000e+00 4.54690062e-01
0.00000000e+00 4.55216019e-01
0.00000000e+00 4.55741976e-01
0.00000000e+00 4.56267933e-01
0.00000000e+00 4.56793891e-01
0.00000000e+00 4.57319848e-01
0.00000000e+00 4.57845805e-01
0.00000000e+00 4.58371763e-01
0.00000000e+00 4.58897720e-01
0.00000000e+00 4.59423677e-01
0.00000000e+00 4.59949634e-01
0.00000000e+00 4.60475592e-01
0.00000000e+00 4.61001549e-01
0.00000000e+00 4.61527506e-01
0.00000000e+00 4.62053463e-01
0.00000000e+00 4.62579421e-01
0.00000000e+00 4.63105378e-01
0.00000000e+00 4.63631335e-01
0.00000000e+00 4.64157293e-01
0.00000000e+00 4.64683250e-01
0.00000000e+00 4.65209207e-01
0.00000000e+00 4.65735164e-01
0.00000000e+00 4.66261122e-01
0.00000000e+00 4.66787079e-01
0.00000000e+00 4.67313036e-01
0.00000000e+00 4.67838993e-01
0.00000000e+00 4.68364951e-01
0.00000000e+00 4.68890908e-01
0.00000000e+00 4.69416865e-01
0.00000000e+00 4.69942823e-01
0.00000000e+00 4.70468780e-01
0.00000000e+00 4.70994737e-01
0.00000000e+00 4.71520694e-01
0.00000000e+00 4.72046652e-01
0.00000000e+00 4.72572609e-01
0.00000000e+00 4.73098566e-01
0.00000000e+00 4.73624523e-01
0.00000000e+00 4.74150481e-01
0.00000000e+00 4.74676438e-01
0.00000000e+00 4.75202395e-01
0.00000000e+00 4.75728352e-01
0.00000000e+00 4.76254310e-01
0.00000000e+00 4.76780267e-01
0.00000000e+00 4.77306224e-01
0.00000000e+00 4.77832182e-01
0.00000000e+00 4.78358139e-01
0.00000000e+00 4.78884096e-01
0.00000000e+00 4.79410053e-01
0.00000000e+00 4.79936011e-01
0.00000000e+00 4.80461968e-01
0.00000000e+00 4.80987925e-01
0.00000000e+00 4.81513882e-01
0.00000000e+00 4.82039840e-01
0.00000000e+00 4.82565797e-01
0.00000000e+00 4.83091754e-01
0.00000000e+00 4.83617712e-01
0.00000000e+00 4.84143669e-01
0.00000000e+00 4.84669626e-01
0.00000000e+00 4.85195583e-01
0.00000000e+00 4.85721541e-01
0.00000000e+00 4.86247498e-01
0.00000000e+00 4.86773455e-01
0.00000000e+00 4.87299412e-01
0.00000000e+00 4.87825370e-01
0.00000000e+00 4.88351327e-01
0.00000000e+00 4.88877284e-01
0.00000000e+00 4.89403242e-01
0.00000000e+00 4.89929199e-01
0.00000000e+00 4.90455156e-01
0.00000000e+00 4.90981113e-01
0.00000000e+00 4.91507071e-01
0.00000000e+00 4.92033028e-01
0.00000000e+00 4.92558985e-01
0.00000000e+00 4.93084942e-01
0.00000000e+00 4.93610900e-01
0.00000000e+00 4.94136857e-01
0.00000000e+00 4.94662814e-01
0.00000000e+00 4.95188772e-01
0.00000000e+00 4.95714729e-01
0.00000000e+00 4.96240686e-01
0.00000000e+00 4.96766643e-01
0.00000000e+00 4.97292601e-01
0.00000000e+00 4.97818558e-01
0.00000000e+00 4.98344515e-01
0.00000000e+00 4.98870472e-01
0.00000000e+00 4.99396430e-01
0.00000000e+00 4.99922387e-01
