% L-Bracket Geometry
% N_total=1768, N_horizontal=884, N_vertical=884
% Resolution: 100 segments per wavelength
% Format: x(m) y(m)
2.82826080e-04 0.00000000e+00
8.48478241e-04 0.00000000e+00
1.41413040e-03 0.00000000e+00
1.97978256e-03 0.00000000e+00
2.54543472e-03 0.00000000e+00
3.11108688e-03 0.00000000e+00
3.67673904e-03 0.00000000e+00
4.24239120e-03 0.00000000e+00
4.80804336e-03 0.00000000e+00
5.37369552e-03 0.00000000e+00
5.93934768e-03 0.00000000e+00
6.50499984e-03 0.00000000e+00
7.07065201e-03 0.00000000e+00
7.63630417e-03 0.00000000e+00
8.20195633e-03 0.00000000e+00
8.76760849e-03 0.00000000e+00
9.33326065e-03 0.00000000e+00
9.89891281e-03 0.00000000e+00
1.04645650e-02 0.00000000e+00
1.10302171e-02 0.00000000e+00
1.15958693e-02 0.00000000e+00
1.21615214e-02 0.00000000e+00
1.27271736e-02 0.00000000e+00
1.32928258e-02 0.00000000e+00
1.38584779e-02 0.00000000e+00
1.44241301e-02 0.00000000e+00
1.49897823e-02 0.00000000e+00
1.55554344e-02 0.00000000e+00
1.61210866e-02 0.00000000e+00
1.66867387e-02 0.00000000e+00
1.72523909e-02 0.00000000e+00
1.78180431e-02 0.00000000e+00
1.83836952e-02 0.00000000e+00
1.89493474e-02 0.00000000e+00
1.95149995e-02 0.00000000e+00
2.00806517e-02 0.00000000e+00
2.06463039e-02 0.00000000e+00
2.12119560e-02 0.00000000e+00
2.17776082e-02 0.00000000e+00
2.23432603e-02 0.00000000e+00
2.29089125e-02 0.00000000e+00
2.34745647e-02 0.00000000e+00
2.40402168e-02 0.00000000e+00
2.46058690e-02 0.00000000e+00
2.51715211e-02 0.00000000e+00
2.57371733e-02 0.00000000e+00
2.63028255e-02 0.00000000e+00
2.68684776e-02 0.00000000e+00
2.74341298e-02 0.00000000e+00
2.79997819e-02 0.00000000e+00
2.85654341e-02 0.00000000e+00
2.91310863e-02 0.00000000e+00
2.96967384e-02 0.00000000e+00
3.02623906e-02 0.00000000e+00
3.08280427e-02 0.00000000e+00
3.13936949e-02 0.00000000e+00
3.19593471e-02 0.00000000e+00
3.25249992e-02 0.00000000e+00
3.30906514e-02 0.00000000e+00
3.36563035e-02 0.00000000e+00
3.42219557e-02 0.00000000e+00
3.47876079e-02 0.00000000e+00
3.53532600e-02 0.00000000e+00
3.59189122e-02 0.00000000e+00
3.64845643e-02 0.00000000e+00
3.70502165e-02 0.00000000e+00
3.76158687e-02 0.00000000e+00
3.81815208e-02 0.00000000e+00
3.87471730e-02 0.00000000e+00
3.93128251e-02 0.00000000e+00
3.98784773e-02 0.00000000e+00
4.04441295e-02 0.00000000e+00
4.10097816e-02 0.00000000e+00
4.15754338e-02 0.00000000e+00
4.21410860e-02 0.00000000e+00
4.27067381e-02 0.00000000e+00
4.32723903e-02 0.00000000e+00
4.38380424e-02 0.00000000e+00
4.44036946e-02 0.00000000e+00
4.49693468e-02 0.00000000e+00
4.55349989e-02 0.00000000e+00
4.61006511e-02 0.00000000e+00
4.66663032e-02 0.00000000e+00
4.72319554e-02 0.00000000e+00
4.77976076e-02 0.00000000e+00
4.83632597e-02 0.00000000e+00
4.89289119e-02 0.00000000e+00
4.94945640e-02 0.00000000e+00
5.00602162e-02 0.00000000e+00
5.06258684e-02 0.00000000e+00
5.11915205e-02 0.00000000e+00
5.17571727e-02 0.00000000e+00
5.23228248e-02 0.00000000e+00
5.28884770e-02 0.00000000e+00
5.34541292e-02 0.00000000e+00
5.40197813e-02 0.00000000e+00
5.45854335e-02 0.00000000e+00
5.51510856e-02 0.00000000e+00
5.57167378e-02 0.00000000e+00
5.62823900e-02 0.00000000e+00
5.68480421e-02 0.00000000e+00
5.74136943e-02 0.00000000e+00
5.79793464e-02 0.00000000e+00
5.85449986e-02 0.00000000e+00
5.91106508e-02 0.00000000e+00
5.96763029e-02 0.00000000e+00
6.02419551e-02 0.00000000e+00
6.08076072e-02 0.00000000e+00
6.13732594e-02 0.00000000e+00
6.19389116e-02 0.00000000e+00
6.25045637e-02 0.00000000e+00
6.30702159e-02 0.00000000e+00
6.36358680e-02 0.00000000e+00
6.42015202e-02 0.00000000e+00
6.47671724e-02 0.00000000e+00
6.53328245e-02 0.00000000e+00
6.58984767e-02 0.00000000e+00
6.64641288e-02 0.00000000e+00
6.70297810e-02 0.00000000e+00
6.75954332e-02 0.00000000e+00
6.81610853e-02 0.00000000e+00
6.87267375e-02 0.00000000e+00
6.92923897e-02 0.00000000e+00
6.98580418e-02 0.00000000e+00
7.04236940e-02 0.00000000e+00
7.09893461e-02 0.00000000e+00
7.15549983e-02 0.00000000e+00
7.21206505e-02 0.00000000e+00
7.26863026e-02 0.00000000e+00
7.32519548e-02 0.00000000e+00
7.38176069e-02 0.00000000e+00
7.43832591e-02 0.00000000e+00
7.49489113e-02 0.00000000e+00
7.55145634e-02 0.00000000e+00
7.60802156e-02 0.00000000e+00
7.66458677e-02 0.00000000e+00
7.72115199e-02 0.00000000e+00
7.77771721e-02 0.00000000e+00
7.83428242e-02 0.00000000e+00
7.89084764e-02 0.00000000e+00
7.94741285e-02 0.00000000e+00
8.00397807e-02 0.00000000e+00
8.06054329e-02 0.00000000e+00
8.11710850e-02 0.00000000e+00
8.17367372e-02 0.00000000e+00
8.23023893e-02 0.00000000e+00
8.28680415e-02 0.00000000e+00
8.34336937e-02 0.00000000e+00
8.39993458e-02 0.00000000e+00
8.45649980e-02 0.00000000e+00
8.51306501e-02 0.00000000e+00
8.56963023e-02 0.00000000e+00
8.62619545e-02 0.00000000e+00
8.68276066e-02 0.00000000e+00
8.73932588e-02 0.00000000e+00
8.79589109e-02 0.00000000e+00
8.85245631e-02 0.00000000e+00
8.90902153e-02 0.00000000e+00
8.96558674e-02 0.00000000e+00
9.02215196e-02 0.00000000e+00
9.07871717e-02 0.00000000e+00
9.13528239e-02 0.00000000e+00
9.19184761e-02 0.00000000e+00
9.24841282e-02 0.00000000e+00
9.30497804e-02 0.00000000e+00
9.36154325e-02 0.00000000e+00
9.41810847e-02 0.00000000e+00
9.47467369e-02 0.00000000e+00
9.53123890e-02 0.00000000e+00
9.58780412e-02 0.00000000e+00
9.64436934e-02 0.00000000e+00
9.70093455e-02 0.00000000e+00
9.75749977e-02 0.00000000e+00
9.81406498e-02 0.00000000e+00
9.87063020e-02 0.00000000e+00
9.92719542e-02 0.00000000e+00
9.98376063e-02 0.00000000e+00
1.00403258e-01 0.00000000e+00
1.00968911e-01 0.00000000e+00
1.01534563e-01 0.00000000e+00
1.02100215e-01 0.00000000e+00
1.02665867e-01 0.00000000e+00
1.03231519e-01 0.00000000e+00
1.03797171e-01 0.00000000e+00
1.04362824e-01 0.00000000e+00
1.04928476e-01 0.00000000e+00
1.05494128e-01 0.00000000e+00
1.06059780e-01 0.00000000e+00
1.06625432e-01 0.00000000e+00
1.07191084e-01 0.00000000e+00
1.07756737e-01 0.00000000e+00
1.08322389e-01 0.00000000e+00
1.08888041e-01 0.00000000e+00
1.09453693e-01 0.00000000e+00
1.10019345e-01 0.00000000e+00
1.10584997e-01 0.00000000e+00
1.11150650e-01 0.00000000e+00
1.11716302e-01 0.00000000e+00
1.12281954e-01 0.00000000e+00
1.12847606e-01 0.00000000e+00
1.13413258e-01 0.00000000e+00
1.13978910e-01 0.00000000e+00
1.14544562e-01 0.00000000e+00
1.15110215e-01 0.00000000e+00
1.15675867e-01 0.00000000e+00
1.16241519e-01 0.00000000e+00
1.16807171e-01 0.00000000e+00
1.17372823e-01 0.00000000e+00
1.17938475e-01 0.00000000e+00
1.18504128e-01 0.00000000e+00
1.19069780e-01 0.00000000e+00
1.19635432e-01 0.00000000e+00
1.20201084e-01 0.00000000e+00
1.20766736e-01 0.00000000e+00
1.21332388e-01 0.00000000e+00
1.21898041e-01 0.00000000e+00
1.22463693e-01 0.00000000e+00
1.23029345e-01 0.00000000e+00
1.23594997e-01 0.00000000e+00
1.24160649e-01 0.00000000e+00
1.24726301e-01 0.00000000e+00
1.25291954e-01 0.00000000e+00
1.25857606e-01 0.00000000e+00
1.26423258e-01 0.00000000e+00
1.26988910e-01 0.00000000e+00
1.27554562e-01 0.00000000e+00
1.28120214e-01 0.00000000e+00
1.28685866e-01 0.00000000e+00
1.29251519e-01 0.00000000e+00
1.29817171e-01 0.00000000e+00
1.30382823e-01 0.00000000e+00
1.30948475e-01 0.00000000e+00
1.31514127e-01 0.00000000e+00
1.32079779e-01 0.00000000e+00
1.32645432e-01 0.00000000e+00
1.33211084e-01 0.00000000e+00
1.33776736e-01 0.00000000e+00
1.34342388e-01 0.00000000e+00
1.34908040e-01 0.00000000e+00
1.35473692e-01 0.00000000e+00
1.36039345e-01 0.00000000e+00
1.36604997e-01 0.00000000e+00
1.37170649e-01 0.00000000e+00
1.37736301e-01 0.00000000e+00
1.38301953e-01 0.00000000e+00
1.38867605e-01 0.00000000e+00
1.39433258e-01 0.00000000e+00
1.39998910e-01 0.00000000e+00
1.40564562e-01 0.00000000e+00
1.41130214e-01 0.00000000e+00
1.41695866e-01 0.00000000e+00
1.42261518e-01 0.00000000e+00
1.42827171e-01 0.00000000e+00
1.43392823e-01 0.00000000e+00
1.43958475e-01 0.00000000e+00
1.44524127e-01 0.00000000e+00
1.45089779e-01 0.00000000e+00
1.45655431e-01 0.00000000e+00
1.46221083e-01 0.00000000e+00
1.46786736e-01 0.00000000e+00
1.47352388e-01 0.00000000e+00
1.47918040e-01 0.00000000e+00
1.48483692e-01 0.00000000e+00
1.49049344e-01 0.00000000e+00
1.49614996e-01 0.00000000e+00
1.50180649e-01 0.00000000e+00
1.50746301e-01 0.00000000e+00
1.51311953e-01 0.00000000e+00
1.51877605e-01 0.00000000e+00
1.52443257e-01 0.00000000e+00
1.53008909e-01 0.00000000e+00
1.53574562e-01 0.00000000e+00
1.54140214e-01 0.00000000e+00
1.54705866e-01 0.00000000e+00
1.55271518e-01 0.00000000e+00
1.55837170e-01 0.00000000e+00
1.56402822e-01 0.00000000e+00
1.56968475e-01 0.00000000e+00
1.57534127e-01 0.00000000e+00
1.58099779e-01 0.00000000e+00
1.58665431e-01 0.00000000e+00
1.59231083e-01 0.00000000e+00
1.59796735e-01 0.00000000e+00
1.60362387e-01 0.00000000e+00
1.60928040e-01 0.00000000e+00
1.61493692e-01 0.00000000e+00
1.62059344e-01 0.00000000e+00
1.62624996e-01 0.00000000e+00
1.63190648e-01 0.00000000e+00
1.63756300e-01 0.00000000e+00
1.64321953e-01 0.00000000e+00
1.64887605e-01 0.00000000e+00
1.65453257e-01 0.00000000e+00
1.66018909e-01 0.00000000e+00
1.66584561e-01 0.00000000e+00
1.67150213e-01 0.00000000e+00
1.67715866e-01 0.00000000e+00
1.68281518e-01 0.00000000e+00
1.68847170e-01 0.00000000e+00
1.69412822e-01 0.00000000e+00
1.69978474e-01 0.00000000e+00
1.70544126e-01 0.00000000e+00
1.71109779e-01 0.00000000e+00
1.71675431e-01 0.00000000e+00
1.72241083e-01 0.00000000e+00
1.72806735e-01 0.00000000e+00
1.73372387e-01 0.00000000e+00
1.73938039e-01 0.00000000e+00
1.74503691e-01 0.00000000e+00
1.75069344e-01 0.00000000e+00
1.75634996e-01 0.00000000e+00
1.76200648e-01 0.00000000e+00
1.76766300e-01 0.00000000e+00
1.77331952e-01 0.00000000e+00
1.77897604e-01 0.00000000e+00
1.78463257e-01 0.00000000e+00
1.79028909e-01 0.00000000e+00
1.79594561e-01 0.00000000e+00
1.80160213e-01 0.00000000e+00
1.80725865e-01 0.00000000e+00
1.81291517e-01 0.00000000e+00
1.81857170e-01 0.00000000e+00
1.82422822e-01 0.00000000e+00
1.82988474e-01 0.00000000e+00
1.83554126e-01 0.00000000e+00
1.84119778e-01 0.00000000e+00
1.84685430e-01 0.00000000e+00
1.85251083e-01 0.00000000e+00
1.85816735e-01 0.00000000e+00
1.86382387e-01 0.00000000e+00
1.86948039e-01 0.00000000e+00
1.87513691e-01 0.00000000e+00
1.88079343e-01 0.00000000e+00
1.88644995e-01 0.00000000e+00
1.89210648e-01 0.00000000e+00
1.89776300e-01 0.00000000e+00
1.90341952e-01 0.00000000e+00
1.90907604e-01 0.00000000e+00
1.91473256e-01 0.00000000e+00
1.92038908e-01 0.00000000e+00
1.92604561e-01 0.00000000e+00
1.93170213e-01 0.00000000e+00
1.93735865e-01 0.00000000e+00
1.94301517e-01 0.00000000e+00
1.94867169e-01 0.00000000e+00
1.95432821e-01 0.00000000e+00
1.95998474e-01 0.00000000e+00
1.96564126e-01 0.00000000e+00
1.97129778e-01 0.00000000e+00
1.97695430e-01 0.00000000e+00
1.98261082e-01 0.00000000e+00
1.98826734e-01 0.00000000e+00
1.99392387e-01 0.00000000e+00
1.99958039e-01 0.00000000e+00
2.00523691e-01 0.00000000e+00
2.01089343e-01 0.00000000e+00
2.01654995e-01 0.00000000e+00
2.02220647e-01 0.00000000e+00
2.02786300e-01 0.00000000e+00
2.03351952e-01 0.00000000e+00
2.03917604e-01 0.00000000e+00
2.04483256e-01 0.00000000e+00
2.05048908e-01 0.00000000e+00
2.05614560e-01 0.00000000e+00
2.06180212e-01 0.00000000e+00
2.06745865e-01 0.00000000e+00
2.07311517e-01 0.00000000e+00
2.07877169e-01 0.00000000e+00
2.08442821e-01 0.00000000e+00
2.09008473e-01 0.00000000e+00
2.09574125e-01 0.00000000e+00
2.10139778e-01 0.00000000e+00
2.10705430e-01 0.00000000e+00
2.11271082e-01 0.00000000e+00
2.11836734e-01 0.00000000e+00
2.12402386e-01 0.00000000e+00
2.12968038e-01 0.00000000e+00
2.13533691e-01 0.00000000e+00
2.14099343e-01 0.00000000e+00
2.14664995e-01 0.00000000e+00
2.15230647e-01 0.00000000e+00
2.15796299e-01 0.00000000e+00
2.16361951e-01 0.00000000e+00
2.16927604e-01 0.00000000e+00
2.17493256e-01 0.00000000e+00
2.18058908e-01 0.00000000e+00
2.18624560e-01 0.00000000e+00
2.19190212e-01 0.00000000e+00
2.19755864e-01 0.00000000e+00
2.20321516e-01 0.00000000e+00
2.20887169e-01 0.00000000e+00
2.21452821e-01 0.00000000e+00
2.22018473e-01 0.00000000e+00
2.22584125e-01 0.00000000e+00
2.23149777e-01 0.00000000e+00
2.23715429e-01 0.00000000e+00
2.24281082e-01 0.00000000e+00
2.24846734e-01 0.00000000e+00
2.25412386e-01 0.00000000e+00
2.25978038e-01 0.00000000e+00
2.26543690e-01 0.00000000e+00
2.27109342e-01 0.00000000e+00
2.27674995e-01 0.00000000e+00
2.28240647e-01 0.00000000e+00
2.28806299e-01 0.00000000e+00
2.29371951e-01 0.00000000e+00
2.29937603e-01 0.00000000e+00
2.30503255e-01 0.00000000e+00
2.31068908e-01 0.00000000e+00
2.31634560e-01 0.00000000e+00
2.32200212e-01 0.00000000e+00
2.32765864e-01 0.00000000e+00
2.33331516e-01 0.00000000e+00
2.33897168e-01 0.00000000e+00
2.34462820e-01 0.00000000e+00
2.35028473e-01 0.00000000e+00
2.35594125e-01 0.00000000e+00
2.36159777e-01 0.00000000e+00
2.36725429e-01 0.00000000e+00
2.37291081e-01 0.00000000e+00
2.37856733e-01 0.00000000e+00
2.38422386e-01 0.00000000e+00
2.38988038e-01 0.00000000e+00
2.39553690e-01 0.00000000e+00
2.40119342e-01 0.00000000e+00
2.40684994e-01 0.00000000e+00
2.41250646e-01 0.00000000e+00
2.41816299e-01 0.00000000e+00
2.42381951e-01 0.00000000e+00
2.42947603e-01 0.00000000e+00
2.43513255e-01 0.00000000e+00
2.44078907e-01 0.00000000e+00
2.44644559e-01 0.00000000e+00
2.45210212e-01 0.00000000e+00
2.45775864e-01 0.00000000e+00
2.46341516e-01 0.00000000e+00
2.46907168e-01 0.00000000e+00
2.47472820e-01 0.00000000e+00
2.48038472e-01 0.00000000e+00
2.48604125e-01 0.00000000e+00
2.49169777e-01 0.00000000e+00
2.49735429e-01 0.00000000e+00
2.50301081e-01 0.00000000e+00
2.50866733e-01 0.00000000e+00
2.51432385e-01 0.00000000e+00
2.51998037e-01 0.00000000e+00
2.52563690e-01 0.00000000e+00
2.53129342e-01 0.00000000e+00
2.53694994e-01 0.00000000e+00
2.54260646e-01 0.00000000e+00
2.54826298e-01 0.00000000e+00
2.55391950e-01 0.00000000e+00
2.55957603e-01 0.00000000e+00
2.56523255e-01 0.00000000e+00
2.57088907e-01 0.00000000e+00
2.57654559e-01 0.00000000e+00
2.58220211e-01 0.00000000e+00
2.58785863e-01 0.00000000e+00
2.59351516e-01 0.00000000e+00
2.59917168e-01 0.00000000e+00
2.60482820e-01 0.00000000e+00
2.61048472e-01 0.00000000e+00
2.61614124e-01 0.00000000e+00
2.62179776e-01 0.00000000e+00
2.62745429e-01 0.00000000e+00
2.63311081e-01 0.00000000e+00
2.63876733e-01 0.00000000e+00
2.64442385e-01 0.00000000e+00
2.65008037e-01 0.00000000e+00
2.65573689e-01 0.00000000e+00
2.66139341e-01 0.00000000e+00
2.66704994e-01 0.00000000e+00
2.67270646e-01 0.00000000e+00
2.67836298e-01 0.00000000e+00
2.68401950e-01 0.00000000e+00
2.68967602e-01 0.00000000e+00
2.69533254e-01 0.00000000e+00
2.70098907e-01 0.00000000e+00
2.70664559e-01 0.00000000e+00
2.71230211e-01 0.00000000e+00
2.71795863e-01 0.00000000e+00
2.72361515e-01 0.00000000e+00
2.72927167e-01 0.00000000e+00
2.73492820e-01 0.00000000e+00
2.74058472e-01 0.00000000e+00
2.74624124e-01 0.00000000e+00
2.75189776e-01 0.00000000e+00
2.75755428e-01 0.00000000e+00
2.76321080e-01 0.00000000e+00
2.76886733e-01 0.00000000e+00
2.77452385e-01 0.00000000e+00
2.78018037e-01 0.00000000e+00
2.78583689e-01 0.00000000e+00
2.79149341e-01 0.00000000e+00
2.79714993e-01 0.00000000e+00
2.80280645e-01 0.00000000e+00
2.80846298e-01 0.00000000e+00
2.81411950e-01 0.00000000e+00
2.81977602e-01 0.00000000e+00
2.82543254e-01 0.00000000e+00
2.83108906e-01 0.00000000e+00
2.83674558e-01 0.00000000e+00
2.84240211e-01 0.00000000e+00
2.84805863e-01 0.00000000e+00
2.85371515e-01 0.00000000e+00
2.85937167e-01 0.00000000e+00
2.86502819e-01 0.00000000e+00
2.87068471e-01 0.00000000e+00
2.87634124e-01 0.00000000e+00
2.88199776e-01 0.00000000e+00
2.88765428e-01 0.00000000e+00
2.89331080e-01 0.00000000e+00
2.89896732e-01 0.00000000e+00
2.90462384e-01 0.00000000e+00
2.91028037e-01 0.00000000e+00
2.91593689e-01 0.00000000e+00
2.92159341e-01 0.00000000e+00
2.92724993e-01 0.00000000e+00
2.93290645e-01 0.00000000e+00
2.93856297e-01 0.00000000e+00
2.94421949e-01 0.00000000e+00
2.94987602e-01 0.00000000e+00
2.95553254e-01 0.00000000e+00
2.96118906e-01 0.00000000e+00
2.96684558e-01 0.00000000e+00
2.97250210e-01 0.00000000e+00
2.97815862e-01 0.00000000e+00
2.98381515e-01 0.00000000e+00
2.98947167e-01 0.00000000e+00
2.99512819e-01 0.00000000e+00
3.00078471e-01 0.00000000e+00
3.00644123e-01 0.00000000e+00
3.01209775e-01 0.00000000e+00
3.01775428e-01 0.00000000e+00
3.02341080e-01 0.00000000e+00
3.02906732e-01 0.00000000e+00
3.03472384e-01 0.00000000e+00
3.04038036e-01 0.00000000e+00
3.04603688e-01 0.00000000e+00
3.05169341e-01 0.00000000e+00
3.05734993e-01 0.00000000e+00
3.06300645e-01 0.00000000e+00
3.06866297e-01 0.00000000e+00
3.07431949e-01 0.00000000e+00
3.07997601e-01 0.00000000e+00
3.08563254e-01 0.00000000e+00
3.09128906e-01 0.00000000e+00
3.09694558e-01 0.00000000e+00
3.10260210e-01 0.00000000e+00
3.10825862e-01 0.00000000e+00
3.11391514e-01 0.00000000e+00
3.11957166e-01 0.00000000e+00
3.12522819e-01 0.00000000e+00
3.13088471e-01 0.00000000e+00
3.13654123e-01 0.00000000e+00
3.14219775e-01 0.00000000e+00
3.14785427e-01 0.00000000e+00
3.15351079e-01 0.00000000e+00
3.15916732e-01 0.00000000e+00
3.16482384e-01 0.00000000e+00
3.17048036e-01 0.00000000e+00
3.17613688e-01 0.00000000e+00
3.18179340e-01 0.00000000e+00
3.18744992e-01 0.00000000e+00
3.19310645e-01 0.00000000e+00
3.19876297e-01 0.00000000e+00
3.20441949e-01 0.00000000e+00
3.21007601e-01 0.00000000e+00
3.21573253e-01 0.00000000e+00
3.22138905e-01 0.00000000e+00
3.22704558e-01 0.00000000e+00
3.23270210e-01 0.00000000e+00
3.23835862e-01 0.00000000e+00
3.24401514e-01 0.00000000e+00
3.24967166e-01 0.00000000e+00
3.25532818e-01 0.00000000e+00
3.26098470e-01 0.00000000e+00
3.26664123e-01 0.00000000e+00
3.27229775e-01 0.00000000e+00
3.27795427e-01 0.00000000e+00
3.28361079e-01 0.00000000e+00
3.28926731e-01 0.00000000e+00
3.29492383e-01 0.00000000e+00
3.30058036e-01 0.00000000e+00
3.30623688e-01 0.00000000e+00
3.31189340e-01 0.00000000e+00
3.31754992e-01 0.00000000e+00
3.32320644e-01 0.00000000e+00
3.32886296e-01 0.00000000e+00
3.33451949e-01 0.00000000e+00
3.34017601e-01 0.00000000e+00
3.34583253e-01 0.00000000e+00
3.35148905e-01 0.00000000e+00
3.35714557e-01 0.00000000e+00
3.36280209e-01 0.00000000e+00
3.36845862e-01 0.00000000e+00
3.37411514e-01 0.00000000e+00
3.37977166e-01 0.00000000e+00
3.38542818e-01 0.00000000e+00
3.39108470e-01 0.00000000e+00
3.39674122e-01 0.00000000e+00
3.40239774e-01 0.00000000e+00
3.40805427e-01 0.00000000e+00
3.41371079e-01 0.00000000e+00
3.41936731e-01 0.00000000e+00
3.42502383e-01 0.00000000e+00
3.43068035e-01 0.00000000e+00
3.43633687e-01 0.00000000e+00
3.44199340e-01 0.00000000e+00
3.44764992e-01 0.00000000e+00
3.45330644e-01 0.00000000e+00
3.45896296e-01 0.00000000e+00
3.46461948e-01 0.00000000e+00
3.47027600e-01 0.00000000e+00
3.47593253e-01 0.00000000e+00
3.48158905e-01 0.00000000e+00
3.48724557e-01 0.00000000e+00
3.49290209e-01 0.00000000e+00
3.49855861e-01 0.00000000e+00
3.50421513e-01 0.00000000e+00
3.50987166e-01 0.00000000e+00
3.51552818e-01 0.00000000e+00
3.52118470e-01 0.00000000e+00
3.52684122e-01 0.00000000e+00
3.53249774e-01 0.00000000e+00
3.53815426e-01 0.00000000e+00
3.54381079e-01 0.00000000e+00
3.54946731e-01 0.00000000e+00
3.55512383e-01 0.00000000e+00
3.56078035e-01 0.00000000e+00
3.56643687e-01 0.00000000e+00
3.57209339e-01 0.00000000e+00
3.57774991e-01 0.00000000e+00
3.58340644e-01 0.00000000e+00
3.58906296e-01 0.00000000e+00
3.59471948e-01 0.00000000e+00
3.60037600e-01 0.00000000e+00
3.60603252e-01 0.00000000e+00
3.61168904e-01 0.00000000e+00
3.61734557e-01 0.00000000e+00
3.62300209e-01 0.00000000e+00
3.62865861e-01 0.00000000e+00
3.63431513e-01 0.00000000e+00
3.63997165e-01 0.00000000e+00
3.64562817e-01 0.00000000e+00
3.65128470e-01 0.00000000e+00
3.65694122e-01 0.00000000e+00
3.66259774e-01 0.00000000e+00
3.66825426e-01 0.00000000e+00
3.67391078e-01 0.00000000e+00
3.67956730e-01 0.00000000e+00
3.68522383e-01 0.00000000e+00
3.69088035e-01 0.00000000e+00
3.69653687e-01 0.00000000e+00
3.70219339e-01 0.00000000e+00
3.70784991e-01 0.00000000e+00
3.71350643e-01 0.00000000e+00
3.71916295e-01 0.00000000e+00
3.72481948e-01 0.00000000e+00
3.73047600e-01 0.00000000e+00
3.73613252e-01 0.00000000e+00
3.74178904e-01 0.00000000e+00
3.74744556e-01 0.00000000e+00
3.75310208e-01 0.00000000e+00
3.75875861e-01 0.00000000e+00
3.76441513e-01 0.00000000e+00
3.77007165e-01 0.00000000e+00
3.77572817e-01 0.00000000e+00
3.78138469e-01 0.00000000e+00
3.78704121e-01 0.00000000e+00
3.79269774e-01 0.00000000e+00
3.79835426e-01 0.00000000e+00
3.80401078e-01 0.00000000e+00
3.80966730e-01 0.00000000e+00
3.81532382e-01 0.00000000e+00
3.82098034e-01 0.00000000e+00
3.82663687e-01 0.00000000e+00
3.83229339e-01 0.00000000e+00
3.83794991e-01 0.00000000e+00
3.84360643e-01 0.00000000e+00
3.84926295e-01 0.00000000e+00
3.85491947e-01 0.00000000e+00
3.86057599e-01 0.00000000e+00
3.86623252e-01 0.00000000e+00
3.87188904e-01 0.00000000e+00
3.87754556e-01 0.00000000e+00
3.88320208e-01 0.00000000e+00
3.88885860e-01 0.00000000e+00
3.89451512e-01 0.00000000e+00
3.90017165e-01 0.00000000e+00
3.90582817e-01 0.00000000e+00
3.91148469e-01 0.00000000e+00
3.91714121e-01 0.00000000e+00
3.92279773e-01 0.00000000e+00
3.92845425e-01 0.00000000e+00
3.93411078e-01 0.00000000e+00
3.93976730e-01 0.00000000e+00
3.94542382e-01 0.00000000e+00
3.95108034e-01 0.00000000e+00
3.95673686e-01 0.00000000e+00
3.96239338e-01 0.00000000e+00
3.96804991e-01 0.00000000e+00
3.97370643e-01 0.00000000e+00
3.97936295e-01 0.00000000e+00
3.98501947e-01 0.00000000e+00
3.99067599e-01 0.00000000e+00
3.99633251e-01 0.00000000e+00
4.00198903e-01 0.00000000e+00
4.00764556e-01 0.00000000e+00
4.01330208e-01 0.00000000e+00
4.01895860e-01 0.00000000e+00
4.02461512e-01 0.00000000e+00
4.03027164e-01 0.00000000e+00
4.03592816e-01 0.00000000e+00
4.04158469e-01 0.00000000e+00
4.04724121e-01 0.00000000e+00
4.05289773e-01 0.00000000e+00
4.05855425e-01 0.00000000e+00
4.06421077e-01 0.00000000e+00
4.06986729e-01 0.00000000e+00
4.07552382e-01 0.00000000e+00
4.08118034e-01 0.00000000e+00
4.08683686e-01 0.00000000e+00
4.09249338e-01 0.00000000e+00
4.09814990e-01 0.00000000e+00
4.10380642e-01 0.00000000e+00
4.10946295e-01 0.00000000e+00
4.11511947e-01 0.00000000e+00
4.12077599e-01 0.00000000e+00
4.12643251e-01 0.00000000e+00
4.13208903e-01 0.00000000e+00
4.13774555e-01 0.00000000e+00
4.14340208e-01 0.00000000e+00
4.14905860e-01 0.00000000e+00
4.15471512e-01 0.00000000e+00
4.16037164e-01 0.00000000e+00
4.16602816e-01 0.00000000e+00
4.17168468e-01 0.00000000e+00
4.17734120e-01 0.00000000e+00
4.18299773e-01 0.00000000e+00
4.18865425e-01 0.00000000e+00
4.19431077e-01 0.00000000e+00
4.19996729e-01 0.00000000e+00
4.20562381e-01 0.00000000e+00
4.21128033e-01 0.00000000e+00
4.21693686e-01 0.00000000e+00
4.22259338e-01 0.00000000e+00
4.22824990e-01 0.00000000e+00
4.23390642e-01 0.00000000e+00
4.23956294e-01 0.00000000e+00
4.24521946e-01 0.00000000e+00
4.25087599e-01 0.00000000e+00
4.25653251e-01 0.00000000e+00
4.26218903e-01 0.00000000e+00
4.26784555e-01 0.00000000e+00
4.27350207e-01 0.00000000e+00
4.27915859e-01 0.00000000e+00
4.28481512e-01 0.00000000e+00
4.29047164e-01 0.00000000e+00
4.29612816e-01 0.00000000e+00
4.30178468e-01 0.00000000e+00
4.30744120e-01 0.00000000e+00
4.31309772e-01 0.00000000e+00
4.31875424e-01 0.00000000e+00
4.32441077e-01 0.00000000e+00
4.33006729e-01 0.00000000e+00
4.33572381e-01 0.00000000e+00
4.34138033e-01 0.00000000e+00
4.34703685e-01 0.00000000e+00
4.35269337e-01 0.00000000e+00
4.35834990e-01 0.00000000e+00
4.36400642e-01 0.00000000e+00
4.36966294e-01 0.00000000e+00
4.37531946e-01 0.00000000e+00
4.38097598e-01 0.00000000e+00
4.38663250e-01 0.00000000e+00
4.39228903e-01 0.00000000e+00
4.39794555e-01 0.00000000e+00
4.40360207e-01 0.00000000e+00
4.40925859e-01 0.00000000e+00
4.41491511e-01 0.00000000e+00
4.42057163e-01 0.00000000e+00
4.42622816e-01 0.00000000e+00
4.43188468e-01 0.00000000e+00
4.43754120e-01 0.00000000e+00
4.44319772e-01 0.00000000e+00
4.44885424e-01 0.00000000e+00
4.45451076e-01 0.00000000e+00
4.46016728e-01 0.00000000e+00
4.46582381e-01 0.00000000e+00
4.47148033e-01 0.00000000e+00
4.47713685e-01 0.00000000e+00
4.48279337e-01 0.00000000e+00
4.48844989e-01 0.00000000e+00
4.49410641e-01 0.00000000e+00
4.49976294e-01 0.00000000e+00
4.50541946e-01 0.00000000e+00
4.51107598e-01 0.00000000e+00
4.51673250e-01 0.00000000e+00
4.52238902e-01 0.00000000e+00
4.52804554e-01 0.00000000e+00
4.53370207e-01 0.00000000e+00
4.53935859e-01 0.00000000e+00
4.54501511e-01 0.00000000e+00
4.55067163e-01 0.00000000e+00
4.55632815e-01 0.00000000e+00
4.56198467e-01 0.00000000e+00
4.56764120e-01 0.00000000e+00
4.57329772e-01 0.00000000e+00
4.57895424e-01 0.00000000e+00
4.58461076e-01 0.00000000e+00
4.59026728e-01 0.00000000e+00
4.59592380e-01 0.00000000e+00
4.60158033e-01 0.00000000e+00
4.60723685e-01 0.00000000e+00
4.61289337e-01 0.00000000e+00
4.61854989e-01 0.00000000e+00
4.62420641e-01 0.00000000e+00
4.62986293e-01 0.00000000e+00
4.63551945e-01 0.00000000e+00
4.64117598e-01 0.00000000e+00
4.64683250e-01 0.00000000e+00
4.65248902e-01 0.00000000e+00
4.65814554e-01 0.00000000e+00
4.66380206e-01 0.00000000e+00
4.66945858e-01 0.00000000e+00
4.67511511e-01 0.00000000e+00
4.68077163e-01 0.00000000e+00
4.68642815e-01 0.00000000e+00
4.69208467e-01 0.00000000e+00
4.69774119e-01 0.00000000e+00
4.70339771e-01 0.00000000e+00
4.70905424e-01 0.00000000e+00
4.71471076e-01 0.00000000e+00
4.72036728e-01 0.00000000e+00
4.72602380e-01 0.00000000e+00
4.73168032e-01 0.00000000e+00
4.73733684e-01 0.00000000e+00
4.74299337e-01 0.00000000e+00
4.74864989e-01 0.00000000e+00
4.75430641e-01 0.00000000e+00
4.75996293e-01 0.00000000e+00
4.76561945e-01 0.00000000e+00
4.77127597e-01 0.00000000e+00
4.77693249e-01 0.00000000e+00
4.78258902e-01 0.00000000e+00
4.78824554e-01 0.00000000e+00
4.79390206e-01 0.00000000e+00
4.79955858e-01 0.00000000e+00
4.80521510e-01 0.00000000e+00
4.81087162e-01 0.00000000e+00
4.81652815e-01 0.00000000e+00
4.82218467e-01 0.00000000e+00
4.82784119e-01 0.00000000e+00
4.83349771e-01 0.00000000e+00
4.83915423e-01 0.00000000e+00
4.84481075e-01 0.00000000e+00
4.85046728e-01 0.00000000e+00
4.85612380e-01 0.00000000e+00
4.86178032e-01 0.00000000e+00
4.86743684e-01 0.00000000e+00
4.87309336e-01 0.00000000e+00
4.87874988e-01 0.00000000e+00
4.88440641e-01 0.00000000e+00
4.89006293e-01 0.00000000e+00
4.89571945e-01 0.00000000e+00
4.90137597e-01 0.00000000e+00
4.90703249e-01 0.00000000e+00
4.91268901e-01 0.00000000e+00
4.91834553e-01 0.00000000e+00
4.92400206e-01 0.00000000e+00
4.92965858e-01 0.00000000e+00
4.93531510e-01 0.00000000e+00
4.94097162e-01 0.00000000e+00
4.94662814e-01 0.00000000e+00
4.95228466e-01 0.00000000e+00
4.95794119e-01 0.00000000e+00
4.96359771e-01 0.00000000e+00
4.96925423e-01 0.00000000e+00
4.97491075e-01 0.00000000e+00
4.98056727e-01 0.00000000e+00
4.98622379e-01 0.00000000e+00
4.99188032e-01 0.00000000e+00
4.99753684e-01 0.00000000e+00
0.00000000e+00 2.82826080e-04
0.00000000e+00 8.48478241e-04
0.00000000e+00 1.41413040e-03
0.00000000e+00 1.97978256e-03
0.00000000e+00 2.54543472e-03
0.00000000e+00 3.11108688e-03
0.00000000e+00 3.67673904e-03
0.00000000e+00 4.24239120e-03
0.00000000e+00 4.80804336e-03
0.00000000e+00 5.37369552e-03
0.00000000e+00 5.93934768e-03
0.00000000e+00 6.50499984e-03
0.00000000e+00 7.07065201e-03
0.00000000e+00 7.63630417e-03
0.00000000e+00 8.20195633e-03
0.00000000e+00 8.76760849e-03
0.00000000e+00 9.33326065e-03
0.00000000e+00 9.89891281e-03
0.00000000e+00 1.04645650e-02
0.00000000e+00 1.10302171e-02
0.00000000e+00 1.15958693e-02
0.00000000e+00 1.21615214e-02
0.00000000e+00 1.27271736e-02
0.00000000e+00 1.32928258e-02
0.00000000e+00 1.38584779e-02
0.00000000e+00 1.44241301e-02
0.00000000e+00 1.49897823e-02
0.00000000e+00 1.55554344e-02
0.00000000e+00 1.61210866e-02
0.00000000e+00 1.66867387e-02
0.00000000e+00 1.72523909e-02
0.00000000e+00 1.78180431e-02
0.00000000e+00 1.83836952e-02
0.00000000e+00 1.89493474e-02
0.00000000e+00 1.95149995e-02
0.00000000e+00 2.00806517e-02
0.00000000e+00 2.06463039e-02
0.00000000e+00 2.12119560e-02
0.00000000e+00 2.17776082e-02
0.00000000e+00 2.23432603e-02
0.00000000e+00 2.29089125e-02
0.00000000e+00 2.34745647e-02
0.00000000e+00 2.40402168e-02
0.00000000e+00 2.46058690e-02
0.00000000e+00 2.51715211e-02
0.00000000e+00 2.57371733e-02
0.00000000e+00 2.63028255e-02
0.00000000e+00 2.68684776e-02
0.00000000e+00 2.74341298e-02
0.00000000e+00 2.79997819e-02
0.00000000e+00 2.85654341e-02
0.00000000e+00 2.91310863e-02
0.00000000e+00 2.96967384e-02
0.00000000e+00 3.02623906e-02
0.00000000e+00 3.08280427e-02
0.00000000e+00 3.13936949e-02
0.00000000e+00 3.19593471e-02
0.00000000e+00 3.25249992e-02
0.00000000e+00 3.30906514e-02
0.00000000e+00 3.36563035e-02
0.00000000e+00 3.42219557e-02
0.00000000e+00 3.47876079e-02
0.00000000e+00 3.53532600e-02
0.00000000e+00 3.59189122e-02
0.00000000e+00 3.64845643e-02
0.00000000e+00 3.70502165e-02
0.00000000e+00 3.76158687e-02
0.00000000e+00 3.81815208e-02
0.00000000e+00 3.87471730e-02
0.00000000e+00 3.93128251e-02
0.00000000e+00 3.98784773e-02
0.00000000e+00 4.04441295e-02
0.00000000e+00 4.10097816e-02
0.00000000e+00 4.15754338e-02
0.00000000e+00 4.21410860e-02
0.00000000e+00 4.27067381e-02
0.00000000e+00 4.32723903e-02
0.00000000e+00 4.38380424e-02
0.00000000e+00 4.44036946e-02
0.00000000e+00 4.49693468e-02
0.00000000e+00 4.55349989e-02
0.00000000e+00 4.61006511e-02
0.00000000e+00 4.66663032e-02
0.00000000e+00 4.72319554e-02
0.00000000e+00 4.77976076e-02
0.00000000e+00 4.83632597e-02
0.00000000e+00 4.89289119e-02
0.00000000e+00 4.94945640e-02
0.00000000e+00 5.00602162e-02
0.00000000e+00 5.06258684e-02
0.00000000e+00 5.11915205e-02
0.00000000e+00 5.17571727e-02
0.00000000e+00 5.23228248e-02
0.00000000e+00 5.28884770e-02
0.00000000e+00 5.34541292e-02
0.00000000e+00 5.40197813e-02
0.00000000e+00 5.45854335e-02
0.00000000e+00 5.51510856e-02
0.00000000e+00 5.57167378e-02
0.00000000e+00 5.62823900e-02
0.00000000e+00 5.68480421e-02
0.00000000e+00 5.74136943e-02
0.00000000e+00 5.79793464e-02
0.00000000e+00 5.85449986e-02
0.00000000e+00 5.91106508e-02
0.00000000e+00 5.96763029e-02
0.00000000e+00 6.02419551e-02
0.00000000e+00 6.08076072e-02
0.00000000e+00 6.13732594e-02
0.00000000e+00 6.19389116e-02
0.00000000e+00 6.25045637e-02
0.00000000e+00 6.30702159e-02
0.00000000e+00 6.36358680e-02
0.00000000e+00 6.42015202e-02
0.00000000e+00 6.47671724e-02
0.00000000e+00 6.53328245e-02
0.00000000e+00 6.58984767e-02
0.00000000e+00 6.64641288e-02
0.00000000e+00 6.70297810e-02
0.00000000e+00 6.75954332e-02
0.00000000e+00 6.81610853e-02
0.00000000e+00 6.87267375e-02
0.00000000e+00 6.92923897e-02
0.00000000e+00 6.98580418e-02
0.00000000e+00 7.04236940e-02
0.00000000e+00 7.09893461e-02
0.00000000e+00 7.15549983e-02
0.00000000e+00 7.21206505e-02
0.00000000e+00 7.26863026e-02
0.00000000e+00 7.32519548e-02
0.00000000e+00 7.38176069e-02
0.00000000e+00 7.43832591e-02
0.00000000e+00 7.49489113e-02
0.00000000e+00 7.55145634e-02
0.00000000e+00 7.60802156e-02
0.00000000e+00 7.66458677e-02
0.00000000e+00 7.72115199e-02
0.00000000e+00 7.77771721e-02
0.00000000e+00 7.83428242e-02
0.00000000e+00 7.89084764e-02
0.00000000e+00 7.94741285e-02
0.00000000e+00 8.00397807e-02
0.00000000e+00 8.06054329e-02
0.00000000e+00 8.11710850e-02
0.00000000e+00 8.17367372e-02
0.00000000e+00 8.23023893e-02
0.00000000e+00 8.28680415e-02
0.00000000e+00 8.34336937e-02
0.00000000e+00 8.39993458e-02
0.00000000e+00 8.45649980e-02
0.00000000e+00 8.51306501e-02
0.00000000e+00 8.56963023e-02
0.00000000e+00 8.62619545e-02
0.00000000e+00 8.68276066e-02
0.00000000e+00 8.73932588e-02
0.00000000e+00 8.79589109e-02
0.00000000e+00 8.85245631e-02
0.00000000e+00 8.90902153e-02
0.00000000e+00 8.96558674e-02
0.00000000e+00 9.02215196e-02
0.00000000e+00 9.07871717e-02
0.00000000e+00 9.13528239e-02
0.00000000e+00 9.19184761e-02
0.00000000e+00 9.24841282e-02
0.00000000e+00 9.30497804e-02
0.00000000e+00 9.36154325e-02
0.00000000e+00 9.41810847e-02
0.00000000e+00 9.47467369e-02
0.00000000e+00 9.53123890e-02
0.00000000e+00 9.58780412e-02
0.00000000e+00 9.64436934e-02
0.00000000e+00 9.70093455e-02
0.00000000e+00 9.75749977e-02
0.00000000e+00 9.81406498e-02
0.00000000e+00 9.87063020e-02
0.00000000e+00 9.92719542e-02
0.00000000e+00 9.98376063e-02
0.00000000e+00 1.00403258e-01
0.00000000e+00 1.00968911e-01
0.00000000e+00 1.01534563e-01
0.00000000e+00 1.02100215e-01
0.00000000e+00 1.02665867e-01
0.00000000e+00 1.03231519e-01
0.00000000e+00 1.03797171e-01
0.00000000e+00 1.04362824e-01
0.00000000e+00 1.04928476e-01
0.00000000e+00 1.05494128e-01
0.00000000e+00 1.06059780e-01
0.00000000e+00 1.06625432e-01
0.00000000e+00 1.07191084e-01
0.00000000e+00 1.07756737e-01
0.00000000e+00 1.08322389e-01
0.00000000e+00 1.08888041e-01
0.00000000e+00 1.09453693e-01
0.00000000e+00 1.10019345e-01
0.00000000e+00 1.10584997e-01
0.00000000e+00 1.11150650e-01
0.00000000e+00 1.11716302e-01
0.00000000e+00 1.12281954e-01
0.00000000e+00 1.12847606e-01
0.00000000e+00 1.13413258e-01
0.00000000e+00 1.13978910e-01
0.00000000e+00 1.14544562e-01
0.00000000e+00 1.15110215e-01
0.00000000e+00 1.15675867e-01
0.00000000e+00 1.16241519e-01
0.00000000e+00 1.16807171e-01
0.00000000e+00 1.17372823e-01
0.00000000e+00 1.17938475e-01
0.00000000e+00 1.18504128e-01
0.00000000e+00 1.19069780e-01
0.00000000e+00 1.19635432e-01
0.00000000e+00 1.20201084e-01
0.00000000e+00 1.20766736e-01
0.00000000e+00 1.21332388e-01
0.00000000e+00 1.21898041e-01
0.00000000e+00 1.22463693e-01
0.00000000e+00 1.23029345e-01
0.00000000e+00 1.23594997e-01
0.00000000e+00 1.24160649e-01
0.00000000e+00 1.24726301e-01
0.00000000e+00 1.25291954e-01
0.00000000e+00 1.25857606e-01
0.00000000e+00 1.26423258e-01
0.00000000e+00 1.26988910e-01
0.00000000e+00 1.27554562e-01
0.00000000e+00 1.28120214e-01
0.00000000e+00 1.28685866e-01
0.00000000e+00 1.29251519e-01
0.00000000e+00 1.29817171e-01
0.00000000e+00 1.30382823e-01
0.00000000e+00 1.30948475e-01
0.00000000e+00 1.31514127e-01
0.00000000e+00 1.32079779e-01
0.00000000e+00 1.32645432e-01
0.00000000e+00 1.33211084e-01
0.00000000e+00 1.33776736e-01
0.00000000e+00 1.34342388e-01
0.00000000e+00 1.34908040e-01
0.00000000e+00 1.35473692e-01
0.00000000e+00 1.36039345e-01
0.00000000e+00 1.36604997e-01
0.00000000e+00 1.37170649e-01
0.00000000e+00 1.37736301e-01
0.00000000e+00 1.38301953e-01
0.00000000e+00 1.38867605e-01
0.00000000e+00 1.39433258e-01
0.00000000e+00 1.39998910e-01
0.00000000e+00 1.40564562e-01
0.00000000e+00 1.41130214e-01
0.00000000e+00 1.41695866e-01
0.00000000e+00 1.42261518e-01
0.00000000e+00 1.42827171e-01
0.00000000e+00 1.43392823e-01
0.00000000e+00 1.43958475e-01
0.00000000e+00 1.44524127e-01
0.00000000e+00 1.45089779e-01
0.00000000e+00 1.45655431e-01
0.00000000e+00 1.46221083e-01
0.00000000e+00 1.46786736e-01
0.00000000e+00 1.47352388e-01
0.00000000e+00 1.47918040e-01
0.00000000e+00 1.48483692e-01
0.00000000e+00 1.49049344e-01
0.00000000e+00 1.49614996e-01
0.00000000e+00 1.50180649e-01
0.00000000e+00 1.50746301e-01
0.00000000e+00 1.51311953e-01
0.00000000e+00 1.51877605e-01
0.00000000e+00 1.52443257e-01
0.00000000e+00 1.53008909e-01
0.00000000e+00 1.53574562e-01
0.00000000e+00 1.54140214e-01
0.00000000e+00 1.54705866e-01
0.00000000e+00 1.55271518e-01
0.00000000e+00 1.55837170e-01
0.00000000e+00 1.56402822e-01
0.00000000e+00 1.56968475e-01
0.00000000e+00 1.57534127e-01
0.00000000e+00 1.58099779e-01
0.00000000e+00 1.58665431e-01
0.00000000e+00 1.59231083e-01
0.00000000e+00 1.59796735e-01
0.00000000e+00 1.60362387e-01
0.00000000e+00 1.60928040e-01
0.00000000e+00 1.61493692e-01
0.00000000e+00 1.62059344e-01
0.00000000e+00 1.62624996e-01
0.00000000e+00 1.63190648e-01
0.00000000e+00 1.63756300e-01
0.00000000e+00 1.64321953e-01
0.00000000e+00 1.64887605e-01
0.00000000e+00 1.65453257e-01
0.00000000e+00 1.66018909e-01
0.00000000e+00 1.66584561e-01
0.00000000e+00 1.67150213e-01
0.00000000e+00 1.67715866e-01
0.00000000e+00 1.68281518e-01
0.00000000e+00 1.68847170e-01
0.00000000e+00 1.69412822e-01
0.00000000e+00 1.69978474e-01
0.00000000e+00 1.70544126e-01
0.00000000e+00 1.71109779e-01
0.00000000e+00 1.71675431e-01
0.00000000e+00 1.72241083e-01
0.00000000e+00 1.72806735e-01
0.00000000e+00 1.73372387e-01
0.00000000e+00 1.73938039e-01
0.00000000e+00 1.74503691e-01
0.00000000e+00 1.75069344e-01
0.00000000e+00 1.75634996e-01
0.00000000e+00 1.76200648e-01
0.00000000e+00 1.76766300e-01
0.00000000e+00 1.77331952e-01
0.00000000e+00 1.77897604e-01
0.00000000e+00 1.78463257e-01
0.00000000e+00 1.79028909e-01
0.00000000e+00 1.79594561e-01
0.00000000e+00 1.80160213e-01
0.00000000e+00 1.80725865e-01
0.00000000e+00 1.81291517e-01
0.00000000e+00 1.81857170e-01
0.00000000e+00 1.82422822e-01
0.00000000e+00 1.82988474e-01
0.00000000e+00 1.83554126e-01
0.00000000e+00 1.84119778e-01
0.00000000e+00 1.84685430e-01
0.00000000e+00 1.85251083e-01
0.00000000e+00 1.85816735e-01
0.00000000e+00 1.86382387e-01
0.00000000e+00 1.86948039e-01
0.00000000e+00 1.87513691e-01
0.00000000e+00 1.88079343e-01
0.00000000e+00 1.88644995e-01
0.00000000e+00 1.89210648e-01
0.00000000e+00 1.89776300e-01
0.00000000e+00 1.90341952e-01
0.00000000e+00 1.90907604e-01
0.00000000e+00 1.91473256e-01
0.00000000e+00 1.92038908e-01
0.00000000e+00 1.92604561e-01
0.00000000e+00 1.93170213e-01
0.00000000e+00 1.93735865e-01
0.00000000e+00 1.94301517e-01
0.00000000e+00 1.94867169e-01
0.00000000e+00 1.95432821e-01
0.00000000e+00 1.95998474e-01
0.00000000e+00 1.96564126e-01
0.00000000e+00 1.97129778e-01
0.00000000e+00 1.97695430e-01
0.00000000e+00 1.98261082e-01
0.00000000e+00 1.98826734e-01
0.00000000e+00 1.99392387e-01
0.00000000e+00 1.99958039e-01
0.00000000e+00 2.00523691e-01
0.00000000e+00 2.01089343e-01
0.00000000e+00 2.01654995e-01
0.00000000e+00 2.02220647e-01
0.00000000e+00 2.02786300e-01
0.00000000e+00 2.03351952e-01
0.00000000e+00 2.03917604e-01
0.00000000e+00 2.04483256e-01
0.00000000e+00 2.05048908e-01
0.00000000e+00 2.05614560e-01
0.00000000e+00 2.06180212e-01
0.00000000e+00 2.06745865e-01
0.00000000e+00 2.07311517e-01
0.00000000e+00 2.07877169e-01
0.00000000e+00 2.08442821e-01
0.00000000e+00 2.09008473e-01
0.00000000e+00 2.09574125e-01
0.00000000e+00 2.10139778e-01
0.00000000e+00 2.10705430e-01
0.00000000e+00 2.11271082e-01
0.00000000e+00 2.11836734e-01
0.00000000e+00 2.12402386e-01
0.00000000e+00 2.12968038e-01
0.00000000e+00 2.13533691e-01
0.00000000e+00 2.14099343e-01
0.00000000e+00 2.14664995e-01
0.00000000e+00 2.15230647e-01
0.00000000e+00 2.15796299e-01
0.00000000e+00 2.16361951e-01
0.00000000e+00 2.16927604e-01
0.00000000e+00 2.17493256e-01
0.00000000e+00 2.18058908e-01
0.00000000e+00 2.18624560e-01
0.00000000e+00 2.19190212e-01
0.00000000e+00 2.19755864e-01
0.00000000e+00 2.20321516e-01
0.00000000e+00 2.20887169e-01
0.00000000e+00 2.21452821e-01
0.00000000e+00 2.22018473e-01
0.00000000e+00 2.22584125e-01
0.00000000e+00 2.23149777e-01
0.00000000e+00 2.23715429e-01
0.00000000e+00 2.24281082e-01
0.00000000e+00 2.24846734e-01
0.00000000e+00 2.25412386e-01
0.00000000e+00 2.25978038e-01
0.00000000e+00 2.26543690e-01
0.00000000e+00 2.27109342e-01
0.00000000e+00 2.27674995e-01
0.00000000e+00 2.28240647e-01
0.00000000e+00 2.28806299e-01
0.00000000e+00 2.29371951e-01
0.00000000e+00 2.29937603e-01
0.00000000e+00 2.30503255e-01
0.00000000e+00 2.31068908e-01
0.00000000e+00 2.31634560e-01
0.00000000e+00 2.32200212e-01
0.00000000e+00 2.32765864e-01
0.00000000e+00 2.33331516e-01
0.00000000e+00 2.33897168e-01
0.00000000e+00 2.34462820e-01
0.00000000e+00 2.35028473e-01
0.00000000e+00 2.35594125e-01
0.00000000e+00 2.36159777e-01
0.00000000e+00 2.36725429e-01
0.00000000e+00 2.37291081e-01
0.00000000e+00 2.37856733e-01
0.00000000e+00 2.38422386e-01
0.00000000e+00 2.38988038e-01
0.00000000e+00 2.39553690e-01
0.00000000e+00 2.40119342e-01
0.00000000e+00 2.40684994e-01
0.00000000e+00 2.41250646e-01
0.00000000e+00 2.41816299e-01
0.00000000e+00 2.42381951e-01
0.00000000e+00 2.42947603e-01
0.00000000e+00 2.43513255e-01
0.00000000e+00 2.44078907e-01
0.00000000e+00 2.44644559e-01
0.00000000e+00 2.45210212e-01
0.00000000e+00 2.45775864e-01
0.00000000e+00 2.46341516e-01
0.00000000e+00 2.46907168e-01
0.00000000e+00 2.47472820e-01
0.00000000e+00 2.48038472e-01
0.00000000e+00 2.48604125e-01
0.00000000e+00 2.49169777e-01
0.00000000e+00 2.49735429e-01
0.00000000e+00 2.50301081e-01
0.00000000e+00 2.50866733e-01
0.00000000e+00 2.51432385e-01
0.00000000e+00 2.51998037e-01
0.00000000e+00 2.52563690e-01
0.00000000e+00 2.53129342e-01
0.00000000e+00 2.53694994e-01
0.00000000e+00 2.54260646e-01
0.00000000e+00 2.54826298e-01
0.00000000e+00 2.55391950e-01
0.00000000e+00 2.55957603e-01
0.00000000e+00 2.56523255e-01
0.00000000e+00 2.57088907e-01
0.00000000e+00 2.57654559e-01
0.00000000e+00 2.58220211e-01
0.00000000e+00 2.58785863e-01
0.00000000e+00 2.59351516e-01
0.00000000e+00 2.59917168e-01
0.00000000e+00 2.60482820e-01
0.00000000e+00 2.61048472e-01
0.00000000e+00 2.61614124e-01
0.00000000e+00 2.62179776e-01
0.00000000e+00 2.62745429e-01
0.00000000e+00 2.63311081e-01
0.00000000e+00 2.63876733e-01
0.00000000e+00 2.64442385e-01
0.00000000e+00 2.65008037e-01
0.00000000e+00 2.65573689e-01
0.00000000e+00 2.66139341e-01
0.00000000e+00 2.66704994e-01
0.00000000e+00 2.67270646e-01
0.00000000e+00 2.67836298e-01
0.00000000e+00 2.68401950e-01
0.00000000e+00 2.68967602e-01
0.00000000e+00 2.69533254e-01
0.00000000e+00 2.70098907e-01
0.00000000e+00 2.70664559e-01
0.00000000e+00 2.71230211e-01
0.00000000e+00 2.71795863e-01
0.00000000e+00 2.72361515e-01
0.00000000e+00 2.72927167e-01
0.00000000e+00 2.73492820e-01
0.00000000e+00 2.74058472e-01
0.00000000e+00 2.74624124e-01
0.00000000e+00 2.75189776e-01
0.00000000e+00 2.75755428e-01
0.00000000e+00 2.76321080e-01
0.00000000e+00 2.76886733e-01
0.00000000e+00 2.77452385e-01
0.00000000e+00 2.78018037e-01
0.00000000e+00 2.78583689e-01
0.00000000e+00 2.79149341e-01
0.00000000e+00 2.79714993e-01
0.00000000e+00 2.80280645e-01
0.00000000e+00 2.80846298e-01
0.00000000e+00 2.81411950e-01
0.00000000e+00 2.81977602e-01
0.00000000e+00 2.82543254e-01
0.00000000e+00 2.83108906e-01
0.00000000e+00 2.83674558e-01
0.00000000e+00 2.84240211e-01
0.00000000e+00 2.84805863e-01
0.00000000e+00 2.85371515e-01
0.00000000e+00 2.85937167e-01
0.00000000e+00 2.86502819e-01
0.00000000e+00 2.87068471e-01
0.00000000e+00 2.87634124e-01
0.00000000e+00 2.88199776e-01
0.00000000e+00 2.88765428e-01
0.00000000e+00 2.89331080e-01
0.00000000e+00 2.89896732e-01
0.00000000e+00 2.90462384e-01
0.00000000e+00 2.91028037e-01
0.00000000e+00 2.91593689e-01
0.00000000e+00 2.92159341e-01
0.00000000e+00 2.92724993e-01
0.00000000e+00 2.93290645e-01
0.00000000e+00 2.93856297e-01
0.00000000e+00 2.94421949e-01
0.00000000e+00 2.94987602e-01
0.00000000e+00 2.95553254e-01
0.00000000e+00 2.96118906e-01
0.00000000e+00 2.96684558e-01
0.00000000e+00 2.97250210e-01
0.00000000e+00 2.97815862e-01
0.00000000e+00 2.98381515e-01
0.00000000e+00 2.98947167e-01
0.00000000e+00 2.99512819e-01
0.00000000e+00 3.00078471e-01
0.00000000e+00 3.00644123e-01
0.00000000e+00 3.01209775e-01
0.00000000e+00 3.01775428e-01
0.00000000e+00 3.02341080e-01
0.00000000e+00 3.02906732e-01
0.00000000e+00 3.03472384e-01
0.00000000e+00 3.04038036e-01
0.00000000e+00 3.04603688e-01
0.00000000e+00 3.05169341e-01
0.00000000e+00 3.05734993e-01
0.00000000e+00 3.06300645e-01
0.00000000e+00 3.06866297e-01
0.00000000e+00 3.07431949e-01
0.00000000e+00 3.07997601e-01
0.00000000e+00 3.08563254e-01
0.00000000e+00 3.09128906e-01
0.00000000e+00 3.09694558e-01
0.00000000e+00 3.10260210e-01
0.00000000e+00 3.10825862e-01
0.00000000e+00 3.11391514e-01
0.00000000e+00 3.11957166e-01
0.00000000e+00 3.12522819e-01
0.00000000e+00 3.13088471e-01
0.00000000e+00 3.13654123e-01
0.00000000e+00 3.14219775e-01
0.00000000e+00 3.14785427e-01
0.00000000e+00 3.15351079e-01
0.00000000e+00 3.15916732e-01
0.00000000e+00 3.16482384e-01
0.00000000e+00 3.17048036e-01
0.00000000e+00 3.17613688e-01
0.00000000e+00 3.18179340e-01
0.00000000e+00 3.18744992e-01
0.00000000e+00 3.19310645e-01
0.00000000e+00 3.19876297e-01
0.00000000e+00 3.20441949e-01
0.00000000e+00 3.21007601e-01
0.00000000e+00 3.21573253e-01
0.00000000e+00 3.22138905e-01
0.00000000e+00 3.22704558e-01
0.00000000e+00 3.23270210e-01
0.00000000e+00 3.23835862e-01
0.00000000e+00 3.24401514e-01
0.00000000e+00 3.24967166e-01
0.00000000e+00 3.25532818e-01
0.00000000e+00 3.26098470e-01
0.00000000e+00 3.26664123e-01
0.00000000e+00 3.27229775e-01
0.00000000e+00 3.27795427e-01
0.00000000e+00 3.28361079e-01
0.00000000e+00 3.28926731e-01
0.00000000e+00 3.29492383e-01
0.00000000e+00 3.30058036e-01
0.00000000e+00 3.30623688e-01
0.00000000e+00 3.31189340e-01
0.00000000e+00 3.31754992e-01
0.00000000e+00 3.32320644e-01
0.00000000e+00 3.32886296e-01
0.00000000e+00 3.33451949e-01
0.00000000e+00 3.34017601e-01
0.00000000e+00 3.34583253e-01
0.00000000e+00 3.35148905e-01
0.00000000e+00 3.35714557e-01
0.00000000e+00 3.36280209e-01
0.00000000e+00 3.36845862e-01
0.00000000e+00 3.37411514e-01
0.00000000e+00 3.37977166e-01
0.00000000e+00 3.38542818e-01
0.00000000e+00 3.39108470e-01
0.00000000e+00 3.39674122e-01
0.00000000e+00 3.40239774e-01
0.00000000e+00 3.40805427e-01
0.00000000e+00 3.41371079e-01
0.00000000e+00 3.41936731e-01
0.00000000e+00 3.42502383e-01
0.00000000e+00 3.43068035e-01
0.00000000e+00 3.43633687e-01
0.00000000e+00 3.44199340e-01
0.00000000e+00 3.44764992e-01
0.00000000e+00 3.45330644e-01
0.00000000e+00 3.45896296e-01
0.00000000e+00 3.46461948e-01
0.00000000e+00 3.47027600e-01
0.00000000e+00 3.47593253e-01
0.00000000e+00 3.48158905e-01
0.00000000e+00 3.48724557e-01
0.00000000e+00 3.49290209e-01
0.00000000e+00 3.49855861e-01
0.00000000e+00 3.50421513e-01
0.00000000e+00 3.50987166e-01
0.00000000e+00 3.51552818e-01
0.00000000e+00 3.52118470e-01
0.00000000e+00 3.52684122e-01
0.00000000e+00 3.53249774e-01
0.00000000e+00 3.53815426e-01
0.00000000e+00 3.54381079e-01
0.00000000e+00 3.54946731e-01
0.00000000e+00 3.55512383e-01
0.00000000e+00 3.56078035e-01
0.00000000e+00 3.56643687e-01
0.00000000e+00 3.57209339e-01
0.00000000e+00 3.57774991e-01
0.00000000e+00 3.58340644e-01
0.00000000e+00 3.58906296e-01
0.00000000e+00 3.59471948e-01
0.00000000e+00 3.60037600e-01
0.00000000e+00 3.60603252e-01
0.00000000e+00 3.61168904e-01
0.00000000e+00 3.61734557e-01
0.00000000e+00 3.62300209e-01
0.00000000e+00 3.62865861e-01
0.00000000e+00 3.63431513e-01
0.00000000e+00 3.63997165e-01
0.00000000e+00 3.64562817e-01
0.00000000e+00 3.65128470e-01
0.00000000e+00 3.65694122e-01
0.00000000e+00 3.66259774e-01
0.00000000e+00 3.66825426e-01
0.00000000e+00 3.67391078e-01
0.00000000e+00 3.67956730e-01
0.00000000e+00 3.68522383e-01
0.00000000e+00 3.69088035e-01
0.00000000e+00 3.69653687e-01
0.00000000e+00 3.70219339e-01
0.00000000e+00 3.70784991e-01
0.00000000e+00 3.71350643e-01
0.00000000e+00 3.71916295e-01
0.00000000e+00 3.72481948e-01
0.00000000e+00 3.73047600e-01
0.00000000e+00 3.73613252e-01
0.00000000e+00 3.74178904e-01
0.00000000e+00 3.74744556e-01
0.00000000e+00 3.75310208e-01
0.00000000e+00 3.75875861e-01
0.00000000e+00 3.76441513e-01
0.00000000e+00 3.77007165e-01
0.00000000e+00 3.77572817e-01
0.00000000e+00 3.78138469e-01
0.00000000e+00 3.78704121e-01
0.00000000e+00 3.79269774e-01
0.00000000e+00 3.79835426e-01
0.00000000e+00 3.80401078e-01
0.00000000e+00 3.80966730e-01
0.00000000e+00 3.81532382e-01
0.00000000e+00 3.82098034e-01
0.00000000e+00 3.82663687e-01
0.00000000e+00 3.83229339e-01
0.00000000e+00 3.83794991e-01
0.00000000e+00 3.84360643e-01
0.00000000e+00 3.84926295e-01
0.00000000e+00 3.85491947e-01
0.00000000e+00 3.86057599e-01
0.00000000e+00 3.86623252e-01
0.00000000e+00 3.87188904e-01
0.00000000e+00 3.87754556e-01
0.00000000e+00 3.88320208e-01
0.00000000e+00 3.88885860e-01
0.00000000e+00 3.89451512e-01
0.00000000e+00 3.90017165e-01
0.00000000e+00 3.90582817e-01
0.00000000e+00 3.91148469e-01
0.00000000e+00 3.91714121e-01
0.00000000e+00 3.92279773e-01
0.00000000e+00 3.92845425e-01
0.00000000e+00 3.93411078e-01
0.00000000e+00 3.93976730e-01
0.00000000e+00 3.94542382e-01
0.00000000e+00 3.95108034e-01
0.00000000e+00 3.95673686e-01
0.00000000e+00 3.96239338e-01
0.00000000e+00 3.96804991e-01
0.00000000e+00 3.97370643e-01
0.00000000e+00 3.97936295e-01
0.00000000e+00 3.98501947e-01
0.00000000e+00 3.99067599e-01
0.00000000e+00 3.99633251e-01
0.00000000e+00 4.00198903e-01
0.00000000e+00 4.00764556e-01
0.00000000e+00 4.01330208e-01
0.00000000e+00 4.01895860e-01
0.00000000e+00 4.02461512e-01
0.00000000e+00 4.03027164e-01
0.00000000e+00 4.03592816e-01
0.00000000e+00 4.04158469e-01
0.00000000e+00 4.04724121e-01
0.00000000e+00 4.05289773e-01
0.00000000e+00 4.05855425e-01
0.00000000e+00 4.06421077e-01
0.00000000e+00 4.06986729e-01
0.00000000e+00 4.07552382e-01
0.00000000e+00 4.08118034e-01
0.00000000e+00 4.08683686e-01
0.00000000e+00 4.09249338e-01
0.00000000e+00 4.09814990e-01
0.00000000e+00 4.10380642e-01
0.00000000e+00 4.10946295e-01
0.00000000e+00 4.11511947e-01
0.00000000e+00 4.12077599e-01
0.00000000e+00 4.12643251e-01
0.00000000e+00 4.13208903e-01
0.00000000e+00 4.13774555e-01
0.00000000e+00 4.14340208e-01
0.00000000e+00 4.14905860e-01
0.00000000e+00 4.15471512e-01
0.00000000e+00 4.16037164e-01
0.00000000e+00 4.16602816e-01
0.00000000e+00 4.17168468e-01
0.00000000e+00 4.17734120e-01
0.00000000e+00 4.18299773e-01
0.00000000e+00 4.18865425e-01
0.00000000e+00 4.19431077e-01
0.00000000e+00 4.19996729e-01
0.00000000e+00 4.20562381e-01
0.00000000e+00 4.21128033e-01
0.00000000e+00 4.21693686e-01
0.00000000e+00 4.22259338e-01
0.00000000e+00 4.22824990e-01
0.00000000e+00 4.23390642e-01
0.00000000e+00 4.23956294e-01
0.00000000e+00 4.24521946e-01
0.00000000e+00 4.25087599e-01
0.00000000e+00 4.25653251e-01
0.00000000e+00 4.26218903e-01
0.00000000e+00 4.26784555e-01
0.00000000e+00 4.27350207e-01
0.00000000e+00 4.27915859e-01
0.00000000e+00 4.28481512e-01
0.00000000e+00 4.29047164e-01
0.00000000e+00 4.29612816e-01
0.00000000e+00 4.30178468e-01
0.00000000e+00 4.30744120e-01
0.00000000e+00 4.31309772e-01
0.00000000e+00 4.31875424e-01
0.00000000e+00 4.32441077e-01
0.00000000e+00 4.33006729e-01
0.00000000e+00 4.33572381e-01
0.00000000e+00 4.34138033e-01
0.00000000e+00 4.34703685e-01
0.00000000e+00 4.35269337e-01
0.00000000e+00 4.35834990e-01
0.00000000e+00 4.36400642e-01
0.00000000e+00 4.36966294e-01
0.00000000e+00 4.37531946e-01
0.00000000e+00 4.38097598e-01
0.00000000e+00 4.38663250e-01
0.00000000e+00 4.39228903e-01
0.00000000e+00 4.39794555e-01
0.00000000e+00 4.40360207e-01
0.00000000e+00 4.40925859e-01
0.00000000e+00 4.41491511e-01
0.00000000e+00 4.42057163e-01
0.00000000e+00 4.42622816e-01
0.00000000e+00 4.43188468e-01
0.00000000e+00 4.43754120e-01
0.00000000e+00 4.44319772e-01
0.00000000e+00 4.44885424e-01
0.00000000e+00 4.45451076e-01
0.00000000e+00 4.46016728e-01
0.00000000e+00 4.46582381e-01
0.00000000e+00 4.47148033e-01
0.00000000e+00 4.47713685e-01
0.00000000e+00 4.48279337e-01
0.00000000e+00 4.48844989e-01
0.00000000e+00 4.49410641e-01
0.00000000e+00 4.49976294e-01
0.00000000e+00 4.50541946e-01
0.00000000e+00 4.51107598e-01
0.00000000e+00 4.51673250e-01
0.00000000e+00 4.52238902e-01
0.00000000e+00 4.52804554e-01
0.00000000e+00 4.53370207e-01
0.00000000e+00 4.53935859e-01
0.00000000e+00 4.54501511e-01
0.00000000e+00 4.55067163e-01
0.00000000e+00 4.55632815e-01
0.00000000e+00 4.56198467e-01
0.00000000e+00 4.56764120e-01
0.00000000e+00 4.57329772e-01
0.00000000e+00 4.57895424e-01
0.00000000e+00 4.58461076e-01
0.00000000e+00 4.59026728e-01
0.00000000e+00 4.59592380e-01
0.00000000e+00 4.60158033e-01
0.00000000e+00 4.60723685e-01
0.00000000e+00 4.61289337e-01
0.00000000e+00 4.61854989e-01
0.00000000e+00 4.62420641e-01
0.00000000e+00 4.62986293e-01
0.00000000e+00 4.63551945e-01
0.00000000e+00 4.64117598e-01
0.00000000e+00 4.64683250e-01
0.00000000e+00 4.65248902e-01
0.00000000e+00 4.65814554e-01
0.00000000e+00 4.66380206e-01
0.00000000e+00 4.66945858e-01
0.00000000e+00 4.67511511e-01
0.00000000e+00 4.68077163e-01
0.00000000e+00 4.68642815e-01
0.00000000e+00 4.69208467e-01
0.00000000e+00 4.69774119e-01
0.00000000e+00 4.70339771e-01
0.00000000e+00 4.70905424e-01
0.00000000e+00 4.71471076e-01
0.00000000e+00 4.72036728e-01
0.00000000e+00 4.72602380e-01
0.00000000e+00 4.73168032e-01
0.00000000e+00 4.73733684e-01
0.00000000e+00 4.74299337e-01
0.00000000e+00 4.74864989e-01
0.00000000e+00 4.75430641e-01
0.00000000e+00 4.75996293e-01
0.00000000e+00 4.76561945e-01
0.00000000e+00 4.77127597e-01
0.00000000e+00 4.77693249e-01
0.00000000e+00 4.78258902e-01
0.00000000e+00 4.78824554e-01
0.00000000e+00 4.79390206e-01
0.00000000e+00 4.79955858e-01
0.00000000e+00 4.80521510e-01
0.00000000e+00 4.81087162e-01
0.00000000e+00 4.81652815e-01
0.00000000e+00 4.82218467e-01
0.00000000e+00 4.82784119e-01
0.00000000e+00 4.83349771e-01
0.00000000e+00 4.83915423e-01
0.00000000e+00 4.84481075e-01
0.00000000e+00 4.85046728e-01
0.00000000e+00 4.85612380e-01
0.00000000e+00 4.86178032e-01
0.00000000e+00 4.86743684e-01
0.00000000e+00 4.87309336e-01
0.00000000e+00 4.87874988e-01
0.00000000e+00 4.88440641e-01
0.00000000e+00 4.89006293e-01
0.00000000e+00 4.89571945e-01
0.00000000e+00 4.90137597e-01
0.00000000e+00 4.90703249e-01
0.00000000e+00 4.91268901e-01
0.00000000e+00 4.91834553e-01
0.00000000e+00 4.92400206e-01
0.00000000e+00 4.92965858e-01
0.00000000e+00 4.93531510e-01
0.00000000e+00 4.94097162e-01
0.00000000e+00 4.94662814e-01
0.00000000e+00 4.95228466e-01
0.00000000e+00 4.95794119e-01
0.00000000e+00 4.96359771e-01
0.00000000e+00 4.96925423e-01
0.00000000e+00 4.97491075e-01
0.00000000e+00 4.98056727e-01
0.00000000e+00 4.98622379e-01
0.00000000e+00 4.99188032e-01
0.00000000e+00 4.99753684e-01
