% L-Bracket Geometry
% N_total=1702, N_horizontal=851, N_vertical=851
% Resolution: 100 segments per wavelength
% Format: x(m) y(m)
2.93917299e-04 0.00000000e+00
8.81751897e-04 0.00000000e+00
1.46958650e-03 0.00000000e+00
2.05742109e-03 0.00000000e+00
2.64525569e-03 0.00000000e+00
3.23309029e-03 0.00000000e+00
3.82092489e-03 0.00000000e+00
4.40875949e-03 0.00000000e+00
4.99659408e-03 0.00000000e+00
5.58442868e-03 0.00000000e+00
6.17226328e-03 0.00000000e+00
6.76009788e-03 0.00000000e+00
7.34793248e-03 0.00000000e+00
7.93576707e-03 0.00000000e+00
8.52360167e-03 0.00000000e+00
9.11143627e-03 0.00000000e+00
9.69927087e-03 0.00000000e+00
1.02871055e-02 0.00000000e+00
1.08749401e-02 0.00000000e+00
1.14627747e-02 0.00000000e+00
1.20506093e-02 0.00000000e+00
1.26384439e-02 0.00000000e+00
1.32262785e-02 0.00000000e+00
1.38141131e-02 0.00000000e+00
1.44019477e-02 0.00000000e+00
1.49897823e-02 0.00000000e+00
1.55776168e-02 0.00000000e+00
1.61654514e-02 0.00000000e+00
1.67532860e-02 0.00000000e+00
1.73411206e-02 0.00000000e+00
1.79289552e-02 0.00000000e+00
1.85167898e-02 0.00000000e+00
1.91046244e-02 0.00000000e+00
1.96924590e-02 0.00000000e+00
2.02802936e-02 0.00000000e+00
2.08681282e-02 0.00000000e+00
2.14559628e-02 0.00000000e+00
2.20437974e-02 0.00000000e+00
2.26316320e-02 0.00000000e+00
2.32194666e-02 0.00000000e+00
2.38073012e-02 0.00000000e+00
2.43951358e-02 0.00000000e+00
2.49829704e-02 0.00000000e+00
2.55708050e-02 0.00000000e+00
2.61586396e-02 0.00000000e+00
2.67464742e-02 0.00000000e+00
2.73343088e-02 0.00000000e+00
2.79221434e-02 0.00000000e+00
2.85099780e-02 0.00000000e+00
2.90978126e-02 0.00000000e+00
2.96856472e-02 0.00000000e+00
3.02734818e-02 0.00000000e+00
3.08613164e-02 0.00000000e+00
3.14491510e-02 0.00000000e+00
3.20369856e-02 0.00000000e+00
3.26248202e-02 0.00000000e+00
3.32126548e-02 0.00000000e+00
3.38004894e-02 0.00000000e+00
3.43883240e-02 0.00000000e+00
3.49761586e-02 0.00000000e+00
3.55639932e-02 0.00000000e+00
3.61518278e-02 0.00000000e+00
3.67396624e-02 0.00000000e+00
3.73274970e-02 0.00000000e+00
3.79153316e-02 0.00000000e+00
3.85031662e-02 0.00000000e+00
3.90910008e-02 0.00000000e+00
3.96788354e-02 0.00000000e+00
4.02666700e-02 0.00000000e+00
4.08545046e-02 0.00000000e+00
4.14423392e-02 0.00000000e+00
4.20301738e-02 0.00000000e+00
4.26180084e-02 0.00000000e+00
4.32058430e-02 0.00000000e+00
4.37936776e-02 0.00000000e+00
4.43815122e-02 0.00000000e+00
4.49693468e-02 0.00000000e+00
4.55571814e-02 0.00000000e+00
4.61450159e-02 0.00000000e+00
4.67328505e-02 0.00000000e+00
4.73206851e-02 0.00000000e+00
4.79085197e-02 0.00000000e+00
4.84963543e-02 0.00000000e+00
4.90841889e-02 0.00000000e+00
4.96720235e-02 0.00000000e+00
5.02598581e-02 0.00000000e+00
5.08476927e-02 0.00000000e+00
5.14355273e-02 0.00000000e+00
5.20233619e-02 0.00000000e+00
5.26111965e-02 0.00000000e+00
5.31990311e-02 0.00000000e+00
5.37868657e-02 0.00000000e+00
5.43747003e-02 0.00000000e+00
5.49625349e-02 0.00000000e+00
5.55503695e-02 0.00000000e+00
5.61382041e-02 0.00000000e+00
5.67260387e-02 0.00000000e+00
5.73138733e-02 0.00000000e+00
5.79017079e-02 0.00000000e+00
5.84895425e-02 0.00000000e+00
5.90773771e-02 0.00000000e+00
5.96652117e-02 0.00000000e+00
6.02530463e-02 0.00000000e+00
6.08408809e-02 0.00000000e+00
6.14287155e-02 0.00000000e+00
6.20165501e-02 0.00000000e+00
6.26043847e-02 0.00000000e+00
6.31922193e-02 0.00000000e+00
6.37800539e-02 0.00000000e+00
6.43678885e-02 0.00000000e+00
6.49557231e-02 0.00000000e+00
6.55435577e-02 0.00000000e+00
6.61313923e-02 0.00000000e+00
6.67192269e-02 0.00000000e+00
6.73070615e-02 0.00000000e+00
6.78948961e-02 0.00000000e+00
6.84827307e-02 0.00000000e+00
6.90705653e-02 0.00000000e+00
6.96583999e-02 0.00000000e+00
7.02462345e-02 0.00000000e+00
7.08340691e-02 0.00000000e+00
7.14219037e-02 0.00000000e+00
7.20097383e-02 0.00000000e+00
7.25975729e-02 0.00000000e+00
7.31854075e-02 0.00000000e+00
7.37732421e-02 0.00000000e+00
7.43610767e-02 0.00000000e+00
7.49489113e-02 0.00000000e+00
7.55367459e-02 0.00000000e+00
7.61245805e-02 0.00000000e+00
7.67124150e-02 0.00000000e+00
7.73002496e-02 0.00000000e+00
7.78880842e-02 0.00000000e+00
7.84759188e-02 0.00000000e+00
7.90637534e-02 0.00000000e+00
7.96515880e-02 0.00000000e+00
8.02394226e-02 0.00000000e+00
8.08272572e-02 0.00000000e+00
8.14150918e-02 0.00000000e+00
8.20029264e-02 0.00000000e+00
8.25907610e-02 0.00000000e+00
8.31785956e-02 0.00000000e+00
8.37664302e-02 0.00000000e+00
8.43542648e-02 0.00000000e+00
8.49420994e-02 0.00000000e+00
8.55299340e-02 0.00000000e+00
8.61177686e-02 0.00000000e+00
8.67056032e-02 0.00000000e+00
8.72934378e-02 0.00000000e+00
8.78812724e-02 0.00000000e+00
8.84691070e-02 0.00000000e+00
8.90569416e-02 0.00000000e+00
8.96447762e-02 0.00000000e+00
9.02326108e-02 0.00000000e+00
9.08204454e-02 0.00000000e+00
9.14082800e-02 0.00000000e+00
9.19961146e-02 0.00000000e+00
9.25839492e-02 0.00000000e+00
9.31717838e-02 0.00000000e+00
9.37596184e-02 0.00000000e+00
9.43474530e-02 0.00000000e+00
9.49352876e-02 0.00000000e+00
9.55231222e-02 0.00000000e+00
9.61109568e-02 0.00000000e+00
9.66987914e-02 0.00000000e+00
9.72866260e-02 0.00000000e+00
9.78744606e-02 0.00000000e+00
9.84622952e-02 0.00000000e+00
9.90501298e-02 0.00000000e+00
9.96379644e-02 0.00000000e+00
1.00225799e-01 0.00000000e+00
1.00813634e-01 0.00000000e+00
1.01401468e-01 0.00000000e+00
1.01989303e-01 0.00000000e+00
1.02577137e-01 0.00000000e+00
1.03164972e-01 0.00000000e+00
1.03752807e-01 0.00000000e+00
1.04340641e-01 0.00000000e+00
1.04928476e-01 0.00000000e+00
1.05516310e-01 0.00000000e+00
1.06104145e-01 0.00000000e+00
1.06691980e-01 0.00000000e+00
1.07279814e-01 0.00000000e+00
1.07867649e-01 0.00000000e+00
1.08455483e-01 0.00000000e+00
1.09043318e-01 0.00000000e+00
1.09631153e-01 0.00000000e+00
1.10218987e-01 0.00000000e+00
1.10806822e-01 0.00000000e+00
1.11394656e-01 0.00000000e+00
1.11982491e-01 0.00000000e+00
1.12570326e-01 0.00000000e+00
1.13158160e-01 0.00000000e+00
1.13745995e-01 0.00000000e+00
1.14333829e-01 0.00000000e+00
1.14921664e-01 0.00000000e+00
1.15509499e-01 0.00000000e+00
1.16097333e-01 0.00000000e+00
1.16685168e-01 0.00000000e+00
1.17273002e-01 0.00000000e+00
1.17860837e-01 0.00000000e+00
1.18448672e-01 0.00000000e+00
1.19036506e-01 0.00000000e+00
1.19624341e-01 0.00000000e+00
1.20212175e-01 0.00000000e+00
1.20800010e-01 0.00000000e+00
1.21387845e-01 0.00000000e+00
1.21975679e-01 0.00000000e+00
1.22563514e-01 0.00000000e+00
1.23151348e-01 0.00000000e+00
1.23739183e-01 0.00000000e+00
1.24327017e-01 0.00000000e+00
1.24914852e-01 0.00000000e+00
1.25502687e-01 0.00000000e+00
1.26090521e-01 0.00000000e+00
1.26678356e-01 0.00000000e+00
1.27266190e-01 0.00000000e+00
1.27854025e-01 0.00000000e+00
1.28441860e-01 0.00000000e+00
1.29029694e-01 0.00000000e+00
1.29617529e-01 0.00000000e+00
1.30205363e-01 0.00000000e+00
1.30793198e-01 0.00000000e+00
1.31381033e-01 0.00000000e+00
1.31968867e-01 0.00000000e+00
1.32556702e-01 0.00000000e+00
1.33144536e-01 0.00000000e+00
1.33732371e-01 0.00000000e+00
1.34320206e-01 0.00000000e+00
1.34908040e-01 0.00000000e+00
1.35495875e-01 0.00000000e+00
1.36083709e-01 0.00000000e+00
1.36671544e-01 0.00000000e+00
1.37259379e-01 0.00000000e+00
1.37847213e-01 0.00000000e+00
1.38435048e-01 0.00000000e+00
1.39022882e-01 0.00000000e+00
1.39610717e-01 0.00000000e+00
1.40198552e-01 0.00000000e+00
1.40786386e-01 0.00000000e+00
1.41374221e-01 0.00000000e+00
1.41962055e-01 0.00000000e+00
1.42549890e-01 0.00000000e+00
1.43137725e-01 0.00000000e+00
1.43725559e-01 0.00000000e+00
1.44313394e-01 0.00000000e+00
1.44901228e-01 0.00000000e+00
1.45489063e-01 0.00000000e+00
1.46076898e-01 0.00000000e+00
1.46664732e-01 0.00000000e+00
1.47252567e-01 0.00000000e+00
1.47840401e-01 0.00000000e+00
1.48428236e-01 0.00000000e+00
1.49016071e-01 0.00000000e+00
1.49603905e-01 0.00000000e+00
1.50191740e-01 0.00000000e+00
1.50779574e-01 0.00000000e+00
1.51367409e-01 0.00000000e+00
1.51955244e-01 0.00000000e+00
1.52543078e-01 0.00000000e+00
1.53130913e-01 0.00000000e+00
1.53718747e-01 0.00000000e+00
1.54306582e-01 0.00000000e+00
1.54894417e-01 0.00000000e+00
1.55482251e-01 0.00000000e+00
1.56070086e-01 0.00000000e+00
1.56657920e-01 0.00000000e+00
1.57245755e-01 0.00000000e+00
1.57833590e-01 0.00000000e+00
1.58421424e-01 0.00000000e+00
1.59009259e-01 0.00000000e+00
1.59597093e-01 0.00000000e+00
1.60184928e-01 0.00000000e+00
1.60772763e-01 0.00000000e+00
1.61360597e-01 0.00000000e+00
1.61948432e-01 0.00000000e+00
1.62536266e-01 0.00000000e+00
1.63124101e-01 0.00000000e+00
1.63711936e-01 0.00000000e+00
1.64299770e-01 0.00000000e+00
1.64887605e-01 0.00000000e+00
1.65475439e-01 0.00000000e+00
1.66063274e-01 0.00000000e+00
1.66651109e-01 0.00000000e+00
1.67238943e-01 0.00000000e+00
1.67826778e-01 0.00000000e+00
1.68414612e-01 0.00000000e+00
1.69002447e-01 0.00000000e+00
1.69590282e-01 0.00000000e+00
1.70178116e-01 0.00000000e+00
1.70765951e-01 0.00000000e+00
1.71353785e-01 0.00000000e+00
1.71941620e-01 0.00000000e+00
1.72529455e-01 0.00000000e+00
1.73117289e-01 0.00000000e+00
1.73705124e-01 0.00000000e+00
1.74292958e-01 0.00000000e+00
1.74880793e-01 0.00000000e+00
1.75468628e-01 0.00000000e+00
1.76056462e-01 0.00000000e+00
1.76644297e-01 0.00000000e+00
1.77232131e-01 0.00000000e+00
1.77819966e-01 0.00000000e+00
1.78407801e-01 0.00000000e+00
1.78995635e-01 0.00000000e+00
1.79583470e-01 0.00000000e+00
1.80171304e-01 0.00000000e+00
1.80759139e-01 0.00000000e+00
1.81346974e-01 0.00000000e+00
1.81934808e-01 0.00000000e+00
1.82522643e-01 0.00000000e+00
1.83110477e-01 0.00000000e+00
1.83698312e-01 0.00000000e+00
1.84286146e-01 0.00000000e+00
1.84873981e-01 0.00000000e+00
1.85461816e-01 0.00000000e+00
1.86049650e-01 0.00000000e+00
1.86637485e-01 0.00000000e+00
1.87225319e-01 0.00000000e+00
1.87813154e-01 0.00000000e+00
1.88400989e-01 0.00000000e+00
1.88988823e-01 0.00000000e+00
1.89576658e-01 0.00000000e+00
1.90164492e-01 0.00000000e+00
1.90752327e-01 0.00000000e+00
1.91340162e-01 0.00000000e+00
1.91927996e-01 0.00000000e+00
1.92515831e-01 0.00000000e+00
1.93103665e-01 0.00000000e+00
1.93691500e-01 0.00000000e+00
1.94279335e-01 0.00000000e+00
1.94867169e-01 0.00000000e+00
1.95455004e-01 0.00000000e+00
1.96042838e-01 0.00000000e+00
1.96630673e-01 0.00000000e+00
1.97218508e-01 0.00000000e+00
1.97806342e-01 0.00000000e+00
1.98394177e-01 0.00000000e+00
1.98982011e-01 0.00000000e+00
1.99569846e-01 0.00000000e+00
2.00157681e-01 0.00000000e+00
2.00745515e-01 0.00000000e+00
2.01333350e-01 0.00000000e+00
2.01921184e-01 0.00000000e+00
2.02509019e-01 0.00000000e+00
2.03096854e-01 0.00000000e+00
2.03684688e-01 0.00000000e+00
2.04272523e-01 0.00000000e+00
2.04860357e-01 0.00000000e+00
2.05448192e-01 0.00000000e+00
2.06036027e-01 0.00000000e+00
2.06623861e-01 0.00000000e+00
2.07211696e-01 0.00000000e+00
2.07799530e-01 0.00000000e+00
2.08387365e-01 0.00000000e+00
2.08975200e-01 0.00000000e+00
2.09563034e-01 0.00000000e+00
2.10150869e-01 0.00000000e+00
2.10738703e-01 0.00000000e+00
2.11326538e-01 0.00000000e+00
2.11914373e-01 0.00000000e+00
2.12502207e-01 0.00000000e+00
2.13090042e-01 0.00000000e+00
2.13677876e-01 0.00000000e+00
2.14265711e-01 0.00000000e+00
2.14853546e-01 0.00000000e+00
2.15441380e-01 0.00000000e+00
2.16029215e-01 0.00000000e+00
2.16617049e-01 0.00000000e+00
2.17204884e-01 0.00000000e+00
2.17792719e-01 0.00000000e+00
2.18380553e-01 0.00000000e+00
2.18968388e-01 0.00000000e+00
2.19556222e-01 0.00000000e+00
2.20144057e-01 0.00000000e+00
2.20731892e-01 0.00000000e+00
2.21319726e-01 0.00000000e+00
2.21907561e-01 0.00000000e+00
2.22495395e-01 0.00000000e+00
2.23083230e-01 0.00000000e+00
2.23671065e-01 0.00000000e+00
2.24258899e-01 0.00000000e+00
2.24846734e-01 0.00000000e+00
2.25434568e-01 0.00000000e+00
2.26022403e-01 0.00000000e+00
2.26610238e-01 0.00000000e+00
2.27198072e-01 0.00000000e+00
2.27785907e-01 0.00000000e+00
2.28373741e-01 0.00000000e+00
2.28961576e-01 0.00000000e+00
2.29549411e-01 0.00000000e+00
2.30137245e-01 0.00000000e+00
2.30725080e-01 0.00000000e+00
2.31312914e-01 0.00000000e+00
2.31900749e-01 0.00000000e+00
2.32488584e-01 0.00000000e+00
2.33076418e-01 0.00000000e+00
2.33664253e-01 0.00000000e+00
2.34252087e-01 0.00000000e+00
2.34839922e-01 0.00000000e+00
2.35427757e-01 0.00000000e+00
2.36015591e-01 0.00000000e+00
2.36603426e-01 0.00000000e+00
2.37191260e-01 0.00000000e+00
2.37779095e-01 0.00000000e+00
2.38366930e-01 0.00000000e+00
2.38954764e-01 0.00000000e+00
2.39542599e-01 0.00000000e+00
2.40130433e-01 0.00000000e+00
2.40718268e-01 0.00000000e+00
2.41306103e-01 0.00000000e+00
2.41893937e-01 0.00000000e+00
2.42481772e-01 0.00000000e+00
2.43069606e-01 0.00000000e+00
2.43657441e-01 0.00000000e+00
2.44245276e-01 0.00000000e+00
2.44833110e-01 0.00000000e+00
2.45420945e-01 0.00000000e+00
2.46008779e-01 0.00000000e+00
2.46596614e-01 0.00000000e+00
2.47184448e-01 0.00000000e+00
2.47772283e-01 0.00000000e+00
2.48360118e-01 0.00000000e+00
2.48947952e-01 0.00000000e+00
2.49535787e-01 0.00000000e+00
2.50123621e-01 0.00000000e+00
2.50711456e-01 0.00000000e+00
2.51299291e-01 0.00000000e+00
2.51887125e-01 0.00000000e+00
2.52474960e-01 0.00000000e+00
2.53062794e-01 0.00000000e+00
2.53650629e-01 0.00000000e+00
2.54238464e-01 0.00000000e+00
2.54826298e-01 0.00000000e+00
2.55414133e-01 0.00000000e+00
2.56001967e-01 0.00000000e+00
2.56589802e-01 0.00000000e+00
2.57177637e-01 0.00000000e+00
2.57765471e-01 0.00000000e+00
2.58353306e-01 0.00000000e+00
2.58941140e-01 0.00000000e+00
2.59528975e-01 0.00000000e+00
2.60116810e-01 0.00000000e+00
2.60704644e-01 0.00000000e+00
2.61292479e-01 0.00000000e+00
2.61880313e-01 0.00000000e+00
2.62468148e-01 0.00000000e+00
2.63055983e-01 0.00000000e+00
2.63643817e-01 0.00000000e+00
2.64231652e-01 0.00000000e+00
2.64819486e-01 0.00000000e+00
2.65407321e-01 0.00000000e+00
2.65995156e-01 0.00000000e+00
2.66582990e-01 0.00000000e+00
2.67170825e-01 0.00000000e+00
2.67758659e-01 0.00000000e+00
2.68346494e-01 0.00000000e+00
2.68934329e-01 0.00000000e+00
2.69522163e-01 0.00000000e+00
2.70109998e-01 0.00000000e+00
2.70697832e-01 0.00000000e+00
2.71285667e-01 0.00000000e+00
2.71873502e-01 0.00000000e+00
2.72461336e-01 0.00000000e+00
2.73049171e-01 0.00000000e+00
2.73637005e-01 0.00000000e+00
2.74224840e-01 0.00000000e+00
2.74812675e-01 0.00000000e+00
2.75400509e-01 0.00000000e+00
2.75988344e-01 0.00000000e+00
2.76576178e-01 0.00000000e+00
2.77164013e-01 0.00000000e+00
2.77751848e-01 0.00000000e+00
2.78339682e-01 0.00000000e+00
2.78927517e-01 0.00000000e+00
2.79515351e-01 0.00000000e+00
2.80103186e-01 0.00000000e+00
2.80691021e-01 0.00000000e+00
2.81278855e-01 0.00000000e+00
2.81866690e-01 0.00000000e+00
2.82454524e-01 0.00000000e+00
2.83042359e-01 0.00000000e+00
2.83630194e-01 0.00000000e+00
2.84218028e-01 0.00000000e+00
2.84805863e-01 0.00000000e+00
2.85393697e-01 0.00000000e+00
2.85981532e-01 0.00000000e+00
2.86569367e-01 0.00000000e+00
2.87157201e-01 0.00000000e+00
2.87745036e-01 0.00000000e+00
2.88332870e-01 0.00000000e+00
2.88920705e-01 0.00000000e+00
2.89508540e-01 0.00000000e+00
2.90096374e-01 0.00000000e+00
2.90684209e-01 0.00000000e+00
2.91272043e-01 0.00000000e+00
2.91859878e-01 0.00000000e+00
2.92447713e-01 0.00000000e+00
2.93035547e-01 0.00000000e+00
2.93623382e-01 0.00000000e+00
2.94211216e-01 0.00000000e+00
2.94799051e-01 0.00000000e+00
2.95386886e-01 0.00000000e+00
2.95974720e-01 0.00000000e+00
2.96562555e-01 0.00000000e+00
2.97150389e-01 0.00000000e+00
2.97738224e-01 0.00000000e+00
2.98326059e-01 0.00000000e+00
2.98913893e-01 0.00000000e+00
2.99501728e-01 0.00000000e+00
3.00089562e-01 0.00000000e+00
3.00677397e-01 0.00000000e+00
3.01265232e-01 0.00000000e+00
3.01853066e-01 0.00000000e+00
3.02440901e-01 0.00000000e+00
3.03028735e-01 0.00000000e+00
3.03616570e-01 0.00000000e+00
3.04204405e-01 0.00000000e+00
3.04792239e-01 0.00000000e+00
3.05380074e-01 0.00000000e+00
3.05967908e-01 0.00000000e+00
3.06555743e-01 0.00000000e+00
3.07143577e-01 0.00000000e+00
3.07731412e-01 0.00000000e+00
3.08319247e-01 0.00000000e+00
3.08907081e-01 0.00000000e+00
3.09494916e-01 0.00000000e+00
3.10082750e-01 0.00000000e+00
3.10670585e-01 0.00000000e+00
3.11258420e-01 0.00000000e+00
3.11846254e-01 0.00000000e+00
3.12434089e-01 0.00000000e+00
3.13021923e-01 0.00000000e+00
3.13609758e-01 0.00000000e+00
3.14197593e-01 0.00000000e+00
3.14785427e-01 0.00000000e+00
3.15373262e-01 0.00000000e+00
3.15961096e-01 0.00000000e+00
3.16548931e-01 0.00000000e+00
3.17136766e-01 0.00000000e+00
3.17724600e-01 0.00000000e+00
3.18312435e-01 0.00000000e+00
3.18900269e-01 0.00000000e+00
3.19488104e-01 0.00000000e+00
3.20075939e-01 0.00000000e+00
3.20663773e-01 0.00000000e+00
3.21251608e-01 0.00000000e+00
3.21839442e-01 0.00000000e+00
3.22427277e-01 0.00000000e+00
3.23015112e-01 0.00000000e+00
3.23602946e-01 0.00000000e+00
3.24190781e-01 0.00000000e+00
3.24778615e-01 0.00000000e+00
3.25366450e-01 0.00000000e+00
3.25954285e-01 0.00000000e+00
3.26542119e-01 0.00000000e+00
3.27129954e-01 0.00000000e+00
3.27717788e-01 0.00000000e+00
3.28305623e-01 0.00000000e+00
3.28893458e-01 0.00000000e+00
3.29481292e-01 0.00000000e+00
3.30069127e-01 0.00000000e+00
3.30656961e-01 0.00000000e+00
3.31244796e-01 0.00000000e+00
3.31832631e-01 0.00000000e+00
3.32420465e-01 0.00000000e+00
3.33008300e-01 0.00000000e+00
3.33596134e-01 0.00000000e+00
3.34183969e-01 0.00000000e+00
3.34771804e-01 0.00000000e+00
3.35359638e-01 0.00000000e+00
3.35947473e-01 0.00000000e+00
3.36535307e-01 0.00000000e+00
3.37123142e-01 0.00000000e+00
3.37710977e-01 0.00000000e+00
3.38298811e-01 0.00000000e+00
3.38886646e-01 0.00000000e+00
3.39474480e-01 0.00000000e+00
3.40062315e-01 0.00000000e+00
3.40650150e-01 0.00000000e+00
3.41237984e-01 0.00000000e+00
3.41825819e-01 0.00000000e+00
3.42413653e-01 0.00000000e+00
3.43001488e-01 0.00000000e+00
3.43589323e-01 0.00000000e+00
3.44177157e-01 0.00000000e+00
3.44764992e-01 0.00000000e+00
3.45352826e-01 0.00000000e+00
3.45940661e-01 0.00000000e+00
3.46528496e-01 0.00000000e+00
3.47116330e-01 0.00000000e+00
3.47704165e-01 0.00000000e+00
3.48291999e-01 0.00000000e+00
3.48879834e-01 0.00000000e+00
3.49467669e-01 0.00000000e+00
3.50055503e-01 0.00000000e+00
3.50643338e-01 0.00000000e+00
3.51231172e-01 0.00000000e+00
3.51819007e-01 0.00000000e+00
3.52406842e-01 0.00000000e+00
3.52994676e-01 0.00000000e+00
3.53582511e-01 0.00000000e+00
3.54170345e-01 0.00000000e+00
3.54758180e-01 0.00000000e+00
3.55346015e-01 0.00000000e+00
3.55933849e-01 0.00000000e+00
3.56521684e-01 0.00000000e+00
3.57109518e-01 0.00000000e+00
3.57697353e-01 0.00000000e+00
3.58285188e-01 0.00000000e+00
3.58873022e-01 0.00000000e+00
3.59460857e-01 0.00000000e+00
3.60048691e-01 0.00000000e+00
3.60636526e-01 0.00000000e+00
3.61224361e-01 0.00000000e+00
3.61812195e-01 0.00000000e+00
3.62400030e-01 0.00000000e+00
3.62987864e-01 0.00000000e+00
3.63575699e-01 0.00000000e+00
3.64163534e-01 0.00000000e+00
3.64751368e-01 0.00000000e+00
3.65339203e-01 0.00000000e+00
3.65927037e-01 0.00000000e+00
3.66514872e-01 0.00000000e+00
3.67102707e-01 0.00000000e+00
3.67690541e-01 0.00000000e+00
3.68278376e-01 0.00000000e+00
3.68866210e-01 0.00000000e+00
3.69454045e-01 0.00000000e+00
3.70041879e-01 0.00000000e+00
3.70629714e-01 0.00000000e+00
3.71217549e-01 0.00000000e+00
3.71805383e-01 0.00000000e+00
3.72393218e-01 0.00000000e+00
3.72981052e-01 0.00000000e+00
3.73568887e-01 0.00000000e+00
3.74156722e-01 0.00000000e+00
3.74744556e-01 0.00000000e+00
3.75332391e-01 0.00000000e+00
3.75920225e-01 0.00000000e+00
3.76508060e-01 0.00000000e+00
3.77095895e-01 0.00000000e+00
3.77683729e-01 0.00000000e+00
3.78271564e-01 0.00000000e+00
3.78859398e-01 0.00000000e+00
3.79447233e-01 0.00000000e+00
3.80035068e-01 0.00000000e+00
3.80622902e-01 0.00000000e+00
3.81210737e-01 0.00000000e+00
3.81798571e-01 0.00000000e+00
3.82386406e-01 0.00000000e+00
3.82974241e-01 0.00000000e+00
3.83562075e-01 0.00000000e+00
3.84149910e-01 0.00000000e+00
3.84737744e-01 0.00000000e+00
3.85325579e-01 0.00000000e+00
3.85913414e-01 0.00000000e+00
3.86501248e-01 0.00000000e+00
3.87089083e-01 0.00000000e+00
3.87676917e-01 0.00000000e+00
3.88264752e-01 0.00000000e+00
3.88852587e-01 0.00000000e+00
3.89440421e-01 0.00000000e+00
3.90028256e-01 0.00000000e+00
3.90616090e-01 0.00000000e+00
3.91203925e-01 0.00000000e+00
3.91791760e-01 0.00000000e+00
3.92379594e-01 0.00000000e+00
3.92967429e-01 0.00000000e+00
3.93555263e-01 0.00000000e+00
3.94143098e-01 0.00000000e+00
3.94730933e-01 0.00000000e+00
3.95318767e-01 0.00000000e+00
3.95906602e-01 0.00000000e+00
3.96494436e-01 0.00000000e+00
3.97082271e-01 0.00000000e+00
3.97670106e-01 0.00000000e+00
3.98257940e-01 0.00000000e+00
3.98845775e-01 0.00000000e+00
3.99433609e-01 0.00000000e+00
4.00021444e-01 0.00000000e+00
4.00609279e-01 0.00000000e+00
4.01197113e-01 0.00000000e+00
4.01784948e-01 0.00000000e+00
4.02372782e-01 0.00000000e+00
4.02960617e-01 0.00000000e+00
4.03548452e-01 0.00000000e+00
4.04136286e-01 0.00000000e+00
4.04724121e-01 0.00000000e+00
4.05311955e-01 0.00000000e+00
4.05899790e-01 0.00000000e+00
4.06487625e-01 0.00000000e+00
4.07075459e-01 0.00000000e+00
4.07663294e-01 0.00000000e+00
4.08251128e-01 0.00000000e+00
4.08838963e-01 0.00000000e+00
4.09426798e-01 0.00000000e+00
4.10014632e-01 0.00000000e+00
4.10602467e-01 0.00000000e+00
4.11190301e-01 0.00000000e+00
4.11778136e-01 0.00000000e+00
4.12365971e-01 0.00000000e+00
4.12953805e-01 0.00000000e+00
4.13541640e-01 0.00000000e+00
4.14129474e-01 0.00000000e+00
4.14717309e-01 0.00000000e+00
4.15305144e-01 0.00000000e+00
4.15892978e-01 0.00000000e+00
4.16480813e-01 0.00000000e+00
4.17068647e-01 0.00000000e+00
4.17656482e-01 0.00000000e+00
4.18244317e-01 0.00000000e+00
4.18832151e-01 0.00000000e+00
4.19419986e-01 0.00000000e+00
4.20007820e-01 0.00000000e+00
4.20595655e-01 0.00000000e+00
4.21183490e-01 0.00000000e+00
4.21771324e-01 0.00000000e+00
4.22359159e-01 0.00000000e+00
4.22946993e-01 0.00000000e+00
4.23534828e-01 0.00000000e+00
4.24122663e-01 0.00000000e+00
4.24710497e-01 0.00000000e+00
4.25298332e-01 0.00000000e+00
4.25886166e-01 0.00000000e+00
4.26474001e-01 0.00000000e+00
4.27061836e-01 0.00000000e+00
4.27649670e-01 0.00000000e+00
4.28237505e-01 0.00000000e+00
4.28825339e-01 0.00000000e+00
4.29413174e-01 0.00000000e+00
4.30001008e-01 0.00000000e+00
4.30588843e-01 0.00000000e+00
4.31176678e-01 0.00000000e+00
4.31764512e-01 0.00000000e+00
4.32352347e-01 0.00000000e+00
4.32940181e-01 0.00000000e+00
4.33528016e-01 0.00000000e+00
4.34115851e-01 0.00000000e+00
4.34703685e-01 0.00000000e+00
4.35291520e-01 0.00000000e+00
4.35879354e-01 0.00000000e+00
4.36467189e-01 0.00000000e+00
4.37055024e-01 0.00000000e+00
4.37642858e-01 0.00000000e+00
4.38230693e-01 0.00000000e+00
4.38818527e-01 0.00000000e+00
4.39406362e-01 0.00000000e+00
4.39994197e-01 0.00000000e+00
4.40582031e-01 0.00000000e+00
4.41169866e-01 0.00000000e+00
4.41757700e-01 0.00000000e+00
4.42345535e-01 0.00000000e+00
4.42933370e-01 0.00000000e+00
4.43521204e-01 0.00000000e+00
4.44109039e-01 0.00000000e+00
4.44696873e-01 0.00000000e+00
4.45284708e-01 0.00000000e+00
4.45872543e-01 0.00000000e+00
4.46460377e-01 0.00000000e+00
4.47048212e-01 0.00000000e+00
4.47636046e-01 0.00000000e+00
4.48223881e-01 0.00000000e+00
4.48811716e-01 0.00000000e+00
4.49399550e-01 0.00000000e+00
4.49987385e-01 0.00000000e+00
4.50575219e-01 0.00000000e+00
4.51163054e-01 0.00000000e+00
4.51750889e-01 0.00000000e+00
4.52338723e-01 0.00000000e+00
4.52926558e-01 0.00000000e+00
4.53514392e-01 0.00000000e+00
4.54102227e-01 0.00000000e+00
4.54690062e-01 0.00000000e+00
4.55277896e-01 0.00000000e+00
4.55865731e-01 0.00000000e+00
4.56453565e-01 0.00000000e+00
4.57041400e-01 0.00000000e+00
4.57629235e-01 0.00000000e+00
4.58217069e-01 0.00000000e+00
4.58804904e-01 0.00000000e+00
4.59392738e-01 0.00000000e+00
4.59980573e-01 0.00000000e+00
4.60568408e-01 0.00000000e+00
4.61156242e-01 0.00000000e+00
4.61744077e-01 0.00000000e+00
4.62331911e-01 0.00000000e+00
4.62919746e-01 0.00000000e+00
4.63507581e-01 0.00000000e+00
4.64095415e-01 0.00000000e+00
4.64683250e-01 0.00000000e+00
4.65271084e-01 0.00000000e+00
4.65858919e-01 0.00000000e+00
4.66446754e-01 0.00000000e+00
4.67034588e-01 0.00000000e+00
4.67622423e-01 0.00000000e+00
4.68210257e-01 0.00000000e+00
4.68798092e-01 0.00000000e+00
4.69385927e-01 0.00000000e+00
4.69973761e-01 0.00000000e+00
4.70561596e-01 0.00000000e+00
4.71149430e-01 0.00000000e+00
4.71737265e-01 0.00000000e+00
4.72325100e-01 0.00000000e+00
4.72912934e-01 0.00000000e+00
4.73500769e-01 0.00000000e+00
4.74088603e-01 0.00000000e+00
4.74676438e-01 0.00000000e+00
4.75264273e-01 0.00000000e+00
4.75852107e-01 0.00000000e+00
4.76439942e-01 0.00000000e+00
4.77027776e-01 0.00000000e+00
4.77615611e-01 0.00000000e+00
4.78203446e-01 0.00000000e+00
4.78791280e-01 0.00000000e+00
4.79379115e-01 0.00000000e+00
4.79966949e-01 0.00000000e+00
4.80554784e-01 0.00000000e+00
4.81142619e-01 0.00000000e+00
4.81730453e-01 0.00000000e+00
4.82318288e-01 0.00000000e+00
4.82906122e-01 0.00000000e+00
4.83493957e-01 0.00000000e+00
4.84081792e-01 0.00000000e+00
4.84669626e-01 0.00000000e+00
4.85257461e-01 0.00000000e+00
4.85845295e-01 0.00000000e+00
4.86433130e-01 0.00000000e+00
4.87020965e-01 0.00000000e+00
4.87608799e-01 0.00000000e+00
4.88196634e-01 0.00000000e+00
4.88784468e-01 0.00000000e+00
4.89372303e-01 0.00000000e+00
4.89960138e-01 0.00000000e+00
4.90547972e-01 0.00000000e+00
4.91135807e-01 0.00000000e+00
4.91723641e-01 0.00000000e+00
4.92311476e-01 0.00000000e+00
4.92899310e-01 0.00000000e+00
4.93487145e-01 0.00000000e+00
4.94074980e-01 0.00000000e+00
4.94662814e-01 0.00000000e+00
4.95250649e-01 0.00000000e+00
4.95838483e-01 0.00000000e+00
4.96426318e-01 0.00000000e+00
4.97014153e-01 0.00000000e+00
4.97601987e-01 0.00000000e+00
4.98189822e-01 0.00000000e+00
4.98777656e-01 0.00000000e+00
4.99365491e-01 0.00000000e+00
4.99953326e-01 0.00000000e+00
0.00000000e+00 2.93917299e-04
0.00000000e+00 8.81751897e-04
0.00000000e+00 1.46958650e-03
0.00000000e+00 2.05742109e-03
0.00000000e+00 2.64525569e-03
0.00000000e+00 3.23309029e-03
0.00000000e+00 3.82092489e-03
0.00000000e+00 4.40875949e-03
0.00000000e+00 4.99659408e-03
0.00000000e+00 5.58442868e-03
0.00000000e+00 6.17226328e-03
0.00000000e+00 6.76009788e-03
0.00000000e+00 7.34793248e-03
0.00000000e+00 7.93576707e-03
0.00000000e+00 8.52360167e-03
0.00000000e+00 9.11143627e-03
0.00000000e+00 9.69927087e-03
0.00000000e+00 1.02871055e-02
0.00000000e+00 1.08749401e-02
0.00000000e+00 1.14627747e-02
0.00000000e+00 1.20506093e-02
0.00000000e+00 1.26384439e-02
0.00000000e+00 1.32262785e-02
0.00000000e+00 1.38141131e-02
0.00000000e+00 1.44019477e-02
0.00000000e+00 1.49897823e-02
0.00000000e+00 1.55776168e-02
0.00000000e+00 1.61654514e-02
0.00000000e+00 1.67532860e-02
0.00000000e+00 1.73411206e-02
0.00000000e+00 1.79289552e-02
0.00000000e+00 1.85167898e-02
0.00000000e+00 1.91046244e-02
0.00000000e+00 1.96924590e-02
0.00000000e+00 2.02802936e-02
0.00000000e+00 2.08681282e-02
0.00000000e+00 2.14559628e-02
0.00000000e+00 2.20437974e-02
0.00000000e+00 2.26316320e-02
0.00000000e+00 2.32194666e-02
0.00000000e+00 2.38073012e-02
0.00000000e+00 2.43951358e-02
0.00000000e+00 2.49829704e-02
0.00000000e+00 2.55708050e-02
0.00000000e+00 2.61586396e-02
0.00000000e+00 2.67464742e-02
0.00000000e+00 2.73343088e-02
0.00000000e+00 2.79221434e-02
0.00000000e+00 2.85099780e-02
0.00000000e+00 2.90978126e-02
0.00000000e+00 2.96856472e-02
0.00000000e+00 3.02734818e-02
0.00000000e+00 3.08613164e-02
0.00000000e+00 3.14491510e-02
0.00000000e+00 3.20369856e-02
0.00000000e+00 3.26248202e-02
0.00000000e+00 3.32126548e-02
0.00000000e+00 3.38004894e-02
0.00000000e+00 3.43883240e-02
0.00000000e+00 3.49761586e-02
0.00000000e+00 3.55639932e-02
0.00000000e+00 3.61518278e-02
0.00000000e+00 3.67396624e-02
0.00000000e+00 3.73274970e-02
0.00000000e+00 3.79153316e-02
0.00000000e+00 3.85031662e-02
0.00000000e+00 3.90910008e-02
0.00000000e+00 3.96788354e-02
0.00000000e+00 4.02666700e-02
0.00000000e+00 4.08545046e-02
0.00000000e+00 4.14423392e-02
0.00000000e+00 4.20301738e-02
0.00000000e+00 4.26180084e-02
0.00000000e+00 4.32058430e-02
0.00000000e+00 4.37936776e-02
0.00000000e+00 4.43815122e-02
0.00000000e+00 4.49693468e-02
0.00000000e+00 4.55571814e-02
0.00000000e+00 4.61450159e-02
0.00000000e+00 4.67328505e-02
0.00000000e+00 4.73206851e-02
0.00000000e+00 4.79085197e-02
0.00000000e+00 4.84963543e-02
0.00000000e+00 4.90841889e-02
0.00000000e+00 4.96720235e-02
0.00000000e+00 5.02598581e-02
0.00000000e+00 5.08476927e-02
0.00000000e+00 5.14355273e-02
0.00000000e+00 5.20233619e-02
0.00000000e+00 5.26111965e-02
0.00000000e+00 5.31990311e-02
0.00000000e+00 5.37868657e-02
0.00000000e+00 5.43747003e-02
0.00000000e+00 5.49625349e-02
0.00000000e+00 5.55503695e-02
0.00000000e+00 5.61382041e-02
0.00000000e+00 5.67260387e-02
0.00000000e+00 5.73138733e-02
0.00000000e+00 5.79017079e-02
0.00000000e+00 5.84895425e-02
0.00000000e+00 5.90773771e-02
0.00000000e+00 5.96652117e-02
0.00000000e+00 6.02530463e-02
0.00000000e+00 6.08408809e-02
0.00000000e+00 6.14287155e-02
0.00000000e+00 6.20165501e-02
0.00000000e+00 6.26043847e-02
0.00000000e+00 6.31922193e-02
0.00000000e+00 6.37800539e-02
0.00000000e+00 6.43678885e-02
0.00000000e+00 6.49557231e-02
0.00000000e+00 6.55435577e-02
0.00000000e+00 6.61313923e-02
0.00000000e+00 6.67192269e-02
0.00000000e+00 6.73070615e-02
0.00000000e+00 6.78948961e-02
0.00000000e+00 6.84827307e-02
0.00000000e+00 6.90705653e-02
0.00000000e+00 6.96583999e-02
0.00000000e+00 7.02462345e-02
0.00000000e+00 7.08340691e-02
0.00000000e+00 7.14219037e-02
0.00000000e+00 7.20097383e-02
0.00000000e+00 7.25975729e-02
0.00000000e+00 7.31854075e-02
0.00000000e+00 7.37732421e-02
0.00000000e+00 7.43610767e-02
0.00000000e+00 7.49489113e-02
0.00000000e+00 7.55367459e-02
0.00000000e+00 7.61245805e-02
0.00000000e+00 7.67124150e-02
0.00000000e+00 7.73002496e-02
0.00000000e+00 7.78880842e-02
0.00000000e+00 7.84759188e-02
0.00000000e+00 7.90637534e-02
0.00000000e+00 7.96515880e-02
0.00000000e+00 8.02394226e-02
0.00000000e+00 8.08272572e-02
0.00000000e+00 8.14150918e-02
0.00000000e+00 8.20029264e-02
0.00000000e+00 8.25907610e-02
0.00000000e+00 8.31785956e-02
0.00000000e+00 8.37664302e-02
0.00000000e+00 8.43542648e-02
0.00000000e+00 8.49420994e-02
0.00000000e+00 8.55299340e-02
0.00000000e+00 8.61177686e-02
0.00000000e+00 8.67056032e-02
0.00000000e+00 8.72934378e-02
0.00000000e+00 8.78812724e-02
0.00000000e+00 8.84691070e-02
0.00000000e+00 8.90569416e-02
0.00000000e+00 8.96447762e-02
0.00000000e+00 9.02326108e-02
0.00000000e+00 9.08204454e-02
0.00000000e+00 9.14082800e-02
0.00000000e+00 9.19961146e-02
0.00000000e+00 9.25839492e-02
0.00000000e+00 9.31717838e-02
0.00000000e+00 9.37596184e-02
0.00000000e+00 9.43474530e-02
0.00000000e+00 9.49352876e-02
0.00000000e+00 9.55231222e-02
0.00000000e+00 9.61109568e-02
0.00000000e+00 9.66987914e-02
0.00000000e+00 9.72866260e-02
0.00000000e+00 9.78744606e-02
0.00000000e+00 9.84622952e-02
0.00000000e+00 9.90501298e-02
0.00000000e+00 9.96379644e-02
0.00000000e+00 1.00225799e-01
0.00000000e+00 1.00813634e-01
0.00000000e+00 1.01401468e-01
0.00000000e+00 1.01989303e-01
0.00000000e+00 1.02577137e-01
0.00000000e+00 1.03164972e-01
0.00000000e+00 1.03752807e-01
0.00000000e+00 1.04340641e-01
0.00000000e+00 1.04928476e-01
0.00000000e+00 1.05516310e-01
0.00000000e+00 1.06104145e-01
0.00000000e+00 1.06691980e-01
0.00000000e+00 1.07279814e-01
0.00000000e+00 1.07867649e-01
0.00000000e+00 1.08455483e-01
0.00000000e+00 1.09043318e-01
0.00000000e+00 1.09631153e-01
0.00000000e+00 1.10218987e-01
0.00000000e+00 1.10806822e-01
0.00000000e+00 1.11394656e-01
0.00000000e+00 1.11982491e-01
0.00000000e+00 1.12570326e-01
0.00000000e+00 1.13158160e-01
0.00000000e+00 1.13745995e-01
0.00000000e+00 1.14333829e-01
0.00000000e+00 1.14921664e-01
0.00000000e+00 1.15509499e-01
0.00000000e+00 1.16097333e-01
0.00000000e+00 1.16685168e-01
0.00000000e+00 1.17273002e-01
0.00000000e+00 1.17860837e-01
0.00000000e+00 1.18448672e-01
0.00000000e+00 1.19036506e-01
0.00000000e+00 1.19624341e-01
0.00000000e+00 1.20212175e-01
0.00000000e+00 1.20800010e-01
0.00000000e+00 1.21387845e-01
0.00000000e+00 1.21975679e-01
0.00000000e+00 1.22563514e-01
0.00000000e+00 1.23151348e-01
0.00000000e+00 1.23739183e-01
0.00000000e+00 1.24327017e-01
0.00000000e+00 1.24914852e-01
0.00000000e+00 1.25502687e-01
0.00000000e+00 1.26090521e-01
0.00000000e+00 1.26678356e-01
0.00000000e+00 1.27266190e-01
0.00000000e+00 1.27854025e-01
0.00000000e+00 1.28441860e-01
0.00000000e+00 1.29029694e-01
0.00000000e+00 1.29617529e-01
0.00000000e+00 1.30205363e-01
0.00000000e+00 1.30793198e-01
0.00000000e+00 1.31381033e-01
0.00000000e+00 1.31968867e-01
0.00000000e+00 1.32556702e-01
0.00000000e+00 1.33144536e-01
0.00000000e+00 1.33732371e-01
0.00000000e+00 1.34320206e-01
0.00000000e+00 1.34908040e-01
0.00000000e+00 1.35495875e-01
0.00000000e+00 1.36083709e-01
0.00000000e+00 1.36671544e-01
0.00000000e+00 1.37259379e-01
0.00000000e+00 1.37847213e-01
0.00000000e+00 1.38435048e-01
0.00000000e+00 1.39022882e-01
0.00000000e+00 1.39610717e-01
0.00000000e+00 1.40198552e-01
0.00000000e+00 1.40786386e-01
0.00000000e+00 1.41374221e-01
0.00000000e+00 1.41962055e-01
0.00000000e+00 1.42549890e-01
0.00000000e+00 1.43137725e-01
0.00000000e+00 1.43725559e-01
0.00000000e+00 1.44313394e-01
0.00000000e+00 1.44901228e-01
0.00000000e+00 1.45489063e-01
0.00000000e+00 1.46076898e-01
0.00000000e+00 1.46664732e-01
0.00000000e+00 1.47252567e-01
0.00000000e+00 1.47840401e-01
0.00000000e+00 1.48428236e-01
0.00000000e+00 1.49016071e-01
0.00000000e+00 1.49603905e-01
0.00000000e+00 1.50191740e-01
0.00000000e+00 1.50779574e-01
0.00000000e+00 1.51367409e-01
0.00000000e+00 1.51955244e-01
0.00000000e+00 1.52543078e-01
0.00000000e+00 1.53130913e-01
0.00000000e+00 1.53718747e-01
0.00000000e+00 1.54306582e-01
0.00000000e+00 1.54894417e-01
0.00000000e+00 1.55482251e-01
0.00000000e+00 1.56070086e-01
0.00000000e+00 1.56657920e-01
0.00000000e+00 1.57245755e-01
0.00000000e+00 1.57833590e-01
0.00000000e+00 1.58421424e-01
0.00000000e+00 1.59009259e-01
0.00000000e+00 1.59597093e-01
0.00000000e+00 1.60184928e-01
0.00000000e+00 1.60772763e-01
0.00000000e+00 1.61360597e-01
0.00000000e+00 1.61948432e-01
0.00000000e+00 1.62536266e-01
0.00000000e+00 1.63124101e-01
0.00000000e+00 1.63711936e-01
0.00000000e+00 1.64299770e-01
0.00000000e+00 1.64887605e-01
0.00000000e+00 1.65475439e-01
0.00000000e+00 1.66063274e-01
0.00000000e+00 1.66651109e-01
0.00000000e+00 1.67238943e-01
0.00000000e+00 1.67826778e-01
0.00000000e+00 1.68414612e-01
0.00000000e+00 1.69002447e-01
0.00000000e+00 1.69590282e-01
0.00000000e+00 1.70178116e-01
0.00000000e+00 1.70765951e-01
0.00000000e+00 1.71353785e-01
0.00000000e+00 1.71941620e-01
0.00000000e+00 1.72529455e-01
0.00000000e+00 1.73117289e-01
0.00000000e+00 1.73705124e-01
0.00000000e+00 1.74292958e-01
0.00000000e+00 1.74880793e-01
0.00000000e+00 1.75468628e-01
0.00000000e+00 1.76056462e-01
0.00000000e+00 1.76644297e-01
0.00000000e+00 1.77232131e-01
0.00000000e+00 1.77819966e-01
0.00000000e+00 1.78407801e-01
0.00000000e+00 1.78995635e-01
0.00000000e+00 1.79583470e-01
0.00000000e+00 1.80171304e-01
0.00000000e+00 1.80759139e-01
0.00000000e+00 1.81346974e-01
0.00000000e+00 1.81934808e-01
0.00000000e+00 1.82522643e-01
0.00000000e+00 1.83110477e-01
0.00000000e+00 1.83698312e-01
0.00000000e+00 1.84286146e-01
0.00000000e+00 1.84873981e-01
0.00000000e+00 1.85461816e-01
0.00000000e+00 1.86049650e-01
0.00000000e+00 1.86637485e-01
0.00000000e+00 1.87225319e-01
0.00000000e+00 1.87813154e-01
0.00000000e+00 1.88400989e-01
0.00000000e+00 1.88988823e-01
0.00000000e+00 1.89576658e-01
0.00000000e+00 1.90164492e-01
0.00000000e+00 1.90752327e-01
0.00000000e+00 1.91340162e-01
0.00000000e+00 1.91927996e-01
0.00000000e+00 1.92515831e-01
0.00000000e+00 1.93103665e-01
0.00000000e+00 1.93691500e-01
0.00000000e+00 1.94279335e-01
0.00000000e+00 1.94867169e-01
0.00000000e+00 1.95455004e-01
0.00000000e+00 1.96042838e-01
0.00000000e+00 1.96630673e-01
0.00000000e+00 1.97218508e-01
0.00000000e+00 1.97806342e-01
0.00000000e+00 1.98394177e-01
0.00000000e+00 1.98982011e-01
0.00000000e+00 1.99569846e-01
0.00000000e+00 2.00157681e-01
0.00000000e+00 2.00745515e-01
0.00000000e+00 2.01333350e-01
0.00000000e+00 2.01921184e-01
0.00000000e+00 2.02509019e-01
0.00000000e+00 2.03096854e-01
0.00000000e+00 2.03684688e-01
0.00000000e+00 2.04272523e-01
0.00000000e+00 2.04860357e-01
0.00000000e+00 2.05448192e-01
0.00000000e+00 2.06036027e-01
0.00000000e+00 2.06623861e-01
0.00000000e+00 2.07211696e-01
0.00000000e+00 2.07799530e-01
0.00000000e+00 2.08387365e-01
0.00000000e+00 2.08975200e-01
0.00000000e+00 2.09563034e-01
0.00000000e+00 2.10150869e-01
0.00000000e+00 2.10738703e-01
0.00000000e+00 2.11326538e-01
0.00000000e+00 2.11914373e-01
0.00000000e+00 2.12502207e-01
0.00000000e+00 2.13090042e-01
0.00000000e+00 2.13677876e-01
0.00000000e+00 2.14265711e-01
0.00000000e+00 2.14853546e-01
0.00000000e+00 2.15441380e-01
0.00000000e+00 2.16029215e-01
0.00000000e+00 2.16617049e-01
0.00000000e+00 2.17204884e-01
0.00000000e+00 2.17792719e-01
0.00000000e+00 2.18380553e-01
0.00000000e+00 2.18968388e-01
0.00000000e+00 2.19556222e-01
0.00000000e+00 2.20144057e-01
0.00000000e+00 2.20731892e-01
0.00000000e+00 2.21319726e-01
0.00000000e+00 2.21907561e-01
0.00000000e+00 2.22495395e-01
0.00000000e+00 2.23083230e-01
0.00000000e+00 2.23671065e-01
0.00000000e+00 2.24258899e-01
0.00000000e+00 2.24846734e-01
0.00000000e+00 2.25434568e-01
0.00000000e+00 2.26022403e-01
0.00000000e+00 2.26610238e-01
0.00000000e+00 2.27198072e-01
0.00000000e+00 2.27785907e-01
0.00000000e+00 2.28373741e-01
0.00000000e+00 2.28961576e-01
0.00000000e+00 2.29549411e-01
0.00000000e+00 2.30137245e-01
0.00000000e+00 2.30725080e-01
0.00000000e+00 2.31312914e-01
0.00000000e+00 2.31900749e-01
0.00000000e+00 2.32488584e-01
0.00000000e+00 2.33076418e-01
0.00000000e+00 2.33664253e-01
0.00000000e+00 2.34252087e-01
0.00000000e+00 2.34839922e-01
0.00000000e+00 2.35427757e-01
0.00000000e+00 2.36015591e-01
0.00000000e+00 2.36603426e-01
0.00000000e+00 2.37191260e-01
0.00000000e+00 2.37779095e-01
0.00000000e+00 2.38366930e-01
0.00000000e+00 2.38954764e-01
0.00000000e+00 2.39542599e-01
0.00000000e+00 2.40130433e-01
0.00000000e+00 2.40718268e-01
0.00000000e+00 2.41306103e-01
0.00000000e+00 2.41893937e-01
0.00000000e+00 2.42481772e-01
0.00000000e+00 2.43069606e-01
0.00000000e+00 2.43657441e-01
0.00000000e+00 2.44245276e-01
0.00000000e+00 2.44833110e-01
0.00000000e+00 2.45420945e-01
0.00000000e+00 2.46008779e-01
0.00000000e+00 2.46596614e-01
0.00000000e+00 2.47184448e-01
0.00000000e+00 2.47772283e-01
0.00000000e+00 2.48360118e-01
0.00000000e+00 2.48947952e-01
0.00000000e+00 2.49535787e-01
0.00000000e+00 2.50123621e-01
0.00000000e+00 2.50711456e-01
0.00000000e+00 2.51299291e-01
0.00000000e+00 2.51887125e-01
0.00000000e+00 2.52474960e-01
0.00000000e+00 2.53062794e-01
0.00000000e+00 2.53650629e-01
0.00000000e+00 2.54238464e-01
0.00000000e+00 2.54826298e-01
0.00000000e+00 2.55414133e-01
0.00000000e+00 2.56001967e-01
0.00000000e+00 2.56589802e-01
0.00000000e+00 2.57177637e-01
0.00000000e+00 2.57765471e-01
0.00000000e+00 2.58353306e-01
0.00000000e+00 2.58941140e-01
0.00000000e+00 2.59528975e-01
0.00000000e+00 2.60116810e-01
0.00000000e+00 2.60704644e-01
0.00000000e+00 2.61292479e-01
0.00000000e+00 2.61880313e-01
0.00000000e+00 2.62468148e-01
0.00000000e+00 2.63055983e-01
0.00000000e+00 2.63643817e-01
0.00000000e+00 2.64231652e-01
0.00000000e+00 2.64819486e-01
0.00000000e+00 2.65407321e-01
0.00000000e+00 2.65995156e-01
0.00000000e+00 2.66582990e-01
0.00000000e+00 2.67170825e-01
0.00000000e+00 2.67758659e-01
0.00000000e+00 2.68346494e-01
0.00000000e+00 2.68934329e-01
0.00000000e+00 2.69522163e-01
0.00000000e+00 2.70109998e-01
0.00000000e+00 2.70697832e-01
0.00000000e+00 2.71285667e-01
0.00000000e+00 2.71873502e-01
0.00000000e+00 2.72461336e-01
0.00000000e+00 2.73049171e-01
0.00000000e+00 2.73637005e-01
0.00000000e+00 2.74224840e-01
0.00000000e+00 2.74812675e-01
0.00000000e+00 2.75400509e-01
0.00000000e+00 2.75988344e-01
0.00000000e+00 2.76576178e-01
0.00000000e+00 2.77164013e-01
0.00000000e+00 2.77751848e-01
0.00000000e+00 2.78339682e-01
0.00000000e+00 2.78927517e-01
0.00000000e+00 2.79515351e-01
0.00000000e+00 2.80103186e-01
0.00000000e+00 2.80691021e-01
0.00000000e+00 2.81278855e-01
0.00000000e+00 2.81866690e-01
0.00000000e+00 2.82454524e-01
0.00000000e+00 2.83042359e-01
0.00000000e+00 2.83630194e-01
0.00000000e+00 2.84218028e-01
0.00000000e+00 2.84805863e-01
0.00000000e+00 2.85393697e-01
0.00000000e+00 2.85981532e-01
0.00000000e+00 2.86569367e-01
0.00000000e+00 2.87157201e-01
0.00000000e+00 2.87745036e-01
0.00000000e+00 2.88332870e-01
0.00000000e+00 2.88920705e-01
0.00000000e+00 2.89508540e-01
0.00000000e+00 2.90096374e-01
0.00000000e+00 2.90684209e-01
0.00000000e+00 2.91272043e-01
0.00000000e+00 2.91859878e-01
0.00000000e+00 2.92447713e-01
0.00000000e+00 2.93035547e-01
0.00000000e+00 2.93623382e-01
0.00000000e+00 2.94211216e-01
0.00000000e+00 2.94799051e-01
0.00000000e+00 2.95386886e-01
0.00000000e+00 2.95974720e-01
0.00000000e+00 2.96562555e-01
0.00000000e+00 2.97150389e-01
0.00000000e+00 2.97738224e-01
0.00000000e+00 2.98326059e-01
0.00000000e+00 2.98913893e-01
0.00000000e+00 2.99501728e-01
0.00000000e+00 3.00089562e-01
0.00000000e+00 3.00677397e-01
0.00000000e+00 3.01265232e-01
0.00000000e+00 3.01853066e-01
0.00000000e+00 3.02440901e-01
0.00000000e+00 3.03028735e-01
0.00000000e+00 3.03616570e-01
0.00000000e+00 3.04204405e-01
0.00000000e+00 3.04792239e-01
0.00000000e+00 3.05380074e-01
0.00000000e+00 3.05967908e-01
0.00000000e+00 3.06555743e-01
0.00000000e+00 3.07143577e-01
0.00000000e+00 3.07731412e-01
0.00000000e+00 3.08319247e-01
0.00000000e+00 3.08907081e-01
0.00000000e+00 3.09494916e-01
0.00000000e+00 3.10082750e-01
0.00000000e+00 3.10670585e-01
0.00000000e+00 3.11258420e-01
0.00000000e+00 3.11846254e-01
0.00000000e+00 3.12434089e-01
0.00000000e+00 3.13021923e-01
0.00000000e+00 3.13609758e-01
0.00000000e+00 3.14197593e-01
0.00000000e+00 3.14785427e-01
0.00000000e+00 3.15373262e-01
0.00000000e+00 3.15961096e-01
0.00000000e+00 3.16548931e-01
0.00000000e+00 3.17136766e-01
0.00000000e+00 3.17724600e-01
0.00000000e+00 3.18312435e-01
0.00000000e+00 3.18900269e-01
0.00000000e+00 3.19488104e-01
0.00000000e+00 3.20075939e-01
0.00000000e+00 3.20663773e-01
0.00000000e+00 3.21251608e-01
0.00000000e+00 3.21839442e-01
0.00000000e+00 3.22427277e-01
0.00000000e+00 3.23015112e-01
0.00000000e+00 3.23602946e-01
0.00000000e+00 3.24190781e-01
0.00000000e+00 3.24778615e-01
0.00000000e+00 3.25366450e-01
0.00000000e+00 3.25954285e-01
0.00000000e+00 3.26542119e-01
0.00000000e+00 3.27129954e-01
0.00000000e+00 3.27717788e-01
0.00000000e+00 3.28305623e-01
0.00000000e+00 3.28893458e-01
0.00000000e+00 3.29481292e-01
0.00000000e+00 3.30069127e-01
0.00000000e+00 3.30656961e-01
0.00000000e+00 3.31244796e-01
0.00000000e+00 3.31832631e-01
0.00000000e+00 3.32420465e-01
0.00000000e+00 3.33008300e-01
0.00000000e+00 3.33596134e-01
0.00000000e+00 3.34183969e-01
0.00000000e+00 3.34771804e-01
0.00000000e+00 3.35359638e-01
0.00000000e+00 3.35947473e-01
0.00000000e+00 3.36535307e-01
0.00000000e+00 3.37123142e-01
0.00000000e+00 3.37710977e-01
0.00000000e+00 3.38298811e-01
0.00000000e+00 3.38886646e-01
0.00000000e+00 3.39474480e-01
0.00000000e+00 3.40062315e-01
0.00000000e+00 3.40650150e-01
0.00000000e+00 3.41237984e-01
0.00000000e+00 3.41825819e-01
0.00000000e+00 3.42413653e-01
0.00000000e+00 3.43001488e-01
0.00000000e+00 3.43589323e-01
0.00000000e+00 3.44177157e-01
0.00000000e+00 3.44764992e-01
0.00000000e+00 3.45352826e-01
0.00000000e+00 3.45940661e-01
0.00000000e+00 3.46528496e-01
0.00000000e+00 3.47116330e-01
0.00000000e+00 3.47704165e-01
0.00000000e+00 3.48291999e-01
0.00000000e+00 3.48879834e-01
0.00000000e+00 3.49467669e-01
0.00000000e+00 3.50055503e-01
0.00000000e+00 3.50643338e-01
0.00000000e+00 3.51231172e-01
0.00000000e+00 3.51819007e-01
0.00000000e+00 3.52406842e-01
0.00000000e+00 3.52994676e-01
0.00000000e+00 3.53582511e-01
0.00000000e+00 3.54170345e-01
0.00000000e+00 3.54758180e-01
0.00000000e+00 3.55346015e-01
0.00000000e+00 3.55933849e-01
0.00000000e+00 3.56521684e-01
0.00000000e+00 3.57109518e-01
0.00000000e+00 3.57697353e-01
0.00000000e+00 3.58285188e-01
0.00000000e+00 3.58873022e-01
0.00000000e+00 3.59460857e-01
0.00000000e+00 3.60048691e-01
0.00000000e+00 3.60636526e-01
0.00000000e+00 3.61224361e-01
0.00000000e+00 3.61812195e-01
0.00000000e+00 3.62400030e-01
0.00000000e+00 3.62987864e-01
0.00000000e+00 3.63575699e-01
0.00000000e+00 3.64163534e-01
0.00000000e+00 3.64751368e-01
0.00000000e+00 3.65339203e-01
0.00000000e+00 3.65927037e-01
0.00000000e+00 3.66514872e-01
0.00000000e+00 3.67102707e-01
0.00000000e+00 3.67690541e-01
0.00000000e+00 3.68278376e-01
0.00000000e+00 3.68866210e-01
0.00000000e+00 3.69454045e-01
0.00000000e+00 3.70041879e-01
0.00000000e+00 3.70629714e-01
0.00000000e+00 3.71217549e-01
0.00000000e+00 3.71805383e-01
0.00000000e+00 3.72393218e-01
0.00000000e+00 3.72981052e-01
0.00000000e+00 3.73568887e-01
0.00000000e+00 3.74156722e-01
0.00000000e+00 3.74744556e-01
0.00000000e+00 3.75332391e-01
0.00000000e+00 3.75920225e-01
0.00000000e+00 3.76508060e-01
0.00000000e+00 3.77095895e-01
0.00000000e+00 3.77683729e-01
0.00000000e+00 3.78271564e-01
0.00000000e+00 3.78859398e-01
0.00000000e+00 3.79447233e-01
0.00000000e+00 3.80035068e-01
0.00000000e+00 3.80622902e-01
0.00000000e+00 3.81210737e-01
0.00000000e+00 3.81798571e-01
0.00000000e+00 3.82386406e-01
0.00000000e+00 3.82974241e-01
0.00000000e+00 3.83562075e-01
0.00000000e+00 3.84149910e-01
0.00000000e+00 3.84737744e-01
0.00000000e+00 3.85325579e-01
0.00000000e+00 3.85913414e-01
0.00000000e+00 3.86501248e-01
0.00000000e+00 3.87089083e-01
0.00000000e+00 3.87676917e-01
0.00000000e+00 3.88264752e-01
0.00000000e+00 3.88852587e-01
0.00000000e+00 3.89440421e-01
0.00000000e+00 3.90028256e-01
0.00000000e+00 3.90616090e-01
0.00000000e+00 3.91203925e-01
0.00000000e+00 3.91791760e-01
0.00000000e+00 3.92379594e-01
0.00000000e+00 3.92967429e-01
0.00000000e+00 3.93555263e-01
0.00000000e+00 3.94143098e-01
0.00000000e+00 3.94730933e-01
0.00000000e+00 3.95318767e-01
0.00000000e+00 3.95906602e-01
0.00000000e+00 3.96494436e-01
0.00000000e+00 3.97082271e-01
0.00000000e+00 3.97670106e-01
0.00000000e+00 3.98257940e-01
0.00000000e+00 3.98845775e-01
0.00000000e+00 3.99433609e-01
0.00000000e+00 4.00021444e-01
0.00000000e+00 4.00609279e-01
0.00000000e+00 4.01197113e-01
0.00000000e+00 4.01784948e-01
0.00000000e+00 4.02372782e-01
0.00000000e+00 4.02960617e-01
0.00000000e+00 4.03548452e-01
0.00000000e+00 4.04136286e-01
0.00000000e+00 4.04724121e-01
0.00000000e+00 4.05311955e-01
0.00000000e+00 4.05899790e-01
0.00000000e+00 4.06487625e-01
0.00000000e+00 4.07075459e-01
0.00000000e+00 4.07663294e-01
0.00000000e+00 4.08251128e-01
0.00000000e+00 4.08838963e-01
0.00000000e+00 4.09426798e-01
0.00000000e+00 4.10014632e-01
0.00000000e+00 4.10602467e-01
0.00000000e+00 4.11190301e-01
0.00000000e+00 4.11778136e-01
0.00000000e+00 4.12365971e-01
0.00000000e+00 4.12953805e-01
0.00000000e+00 4.13541640e-01
0.00000000e+00 4.14129474e-01
0.00000000e+00 4.14717309e-01
0.00000000e+00 4.15305144e-01
0.00000000e+00 4.15892978e-01
0.00000000e+00 4.16480813e-01
0.00000000e+00 4.17068647e-01
0.00000000e+00 4.17656482e-01
0.00000000e+00 4.18244317e-01
0.00000000e+00 4.18832151e-01
0.00000000e+00 4.19419986e-01
0.00000000e+00 4.20007820e-01
0.00000000e+00 4.20595655e-01
0.00000000e+00 4.21183490e-01
0.00000000e+00 4.21771324e-01
0.00000000e+00 4.22359159e-01
0.00000000e+00 4.22946993e-01
0.00000000e+00 4.23534828e-01
0.00000000e+00 4.24122663e-01
0.00000000e+00 4.24710497e-01
0.00000000e+00 4.25298332e-01
0.00000000e+00 4.25886166e-01
0.00000000e+00 4.26474001e-01
0.00000000e+00 4.27061836e-01
0.00000000e+00 4.27649670e-01
0.00000000e+00 4.28237505e-01
0.00000000e+00 4.28825339e-01
0.00000000e+00 4.29413174e-01
0.00000000e+00 4.30001008e-01
0.00000000e+00 4.30588843e-01
0.00000000e+00 4.31176678e-01
0.00000000e+00 4.31764512e-01
0.00000000e+00 4.32352347e-01
0.00000000e+00 4.32940181e-01
0.00000000e+00 4.33528016e-01
0.00000000e+00 4.34115851e-01
0.00000000e+00 4.34703685e-01
0.00000000e+00 4.35291520e-01
0.00000000e+00 4.35879354e-01
0.00000000e+00 4.36467189e-01
0.00000000e+00 4.37055024e-01
0.00000000e+00 4.37642858e-01
0.00000000e+00 4.38230693e-01
0.00000000e+00 4.38818527e-01
0.00000000e+00 4.39406362e-01
0.00000000e+00 4.39994197e-01
0.00000000e+00 4.40582031e-01
0.00000000e+00 4.41169866e-01
0.00000000e+00 4.41757700e-01
0.00000000e+00 4.42345535e-01
0.00000000e+00 4.42933370e-01
0.00000000e+00 4.43521204e-01
0.00000000e+00 4.44109039e-01
0.00000000e+00 4.44696873e-01
0.00000000e+00 4.45284708e-01
0.00000000e+00 4.45872543e-01
0.00000000e+00 4.46460377e-01
0.00000000e+00 4.47048212e-01
0.00000000e+00 4.47636046e-01
0.00000000e+00 4.48223881e-01
0.00000000e+00 4.48811716e-01
0.00000000e+00 4.49399550e-01
0.00000000e+00 4.49987385e-01
0.00000000e+00 4.50575219e-01
0.00000000e+00 4.51163054e-01
0.00000000e+00 4.51750889e-01
0.00000000e+00 4.52338723e-01
0.00000000e+00 4.52926558e-01
0.00000000e+00 4.53514392e-01
0.00000000e+00 4.54102227e-01
0.00000000e+00 4.54690062e-01
0.00000000e+00 4.55277896e-01
0.00000000e+00 4.55865731e-01
0.00000000e+00 4.56453565e-01
0.00000000e+00 4.57041400e-01
0.00000000e+00 4.57629235e-01
0.00000000e+00 4.58217069e-01
0.00000000e+00 4.58804904e-01
0.00000000e+00 4.59392738e-01
0.00000000e+00 4.59980573e-01
0.00000000e+00 4.60568408e-01
0.00000000e+00 4.61156242e-01
0.00000000e+00 4.61744077e-01
0.00000000e+00 4.62331911e-01
0.00000000e+00 4.62919746e-01
0.00000000e+00 4.63507581e-01
0.00000000e+00 4.64095415e-01
0.00000000e+00 4.64683250e-01
0.00000000e+00 4.65271084e-01
0.00000000e+00 4.65858919e-01
0.00000000e+00 4.66446754e-01
0.00000000e+00 4.67034588e-01
0.00000000e+00 4.67622423e-01
0.00000000e+00 4.68210257e-01
0.00000000e+00 4.68798092e-01
0.00000000e+00 4.69385927e-01
0.00000000e+00 4.69973761e-01
0.00000000e+00 4.70561596e-01
0.00000000e+00 4.71149430e-01
0.00000000e+00 4.71737265e-01
0.00000000e+00 4.72325100e-01
0.00000000e+00 4.72912934e-01
0.00000000e+00 4.73500769e-01
0.00000000e+00 4.74088603e-01
0.00000000e+00 4.74676438e-01
0.00000000e+00 4.75264273e-01
0.00000000e+00 4.75852107e-01
0.00000000e+00 4.76439942e-01
0.00000000e+00 4.77027776e-01
0.00000000e+00 4.77615611e-01
0.00000000e+00 4.78203446e-01
0.00000000e+00 4.78791280e-01
0.00000000e+00 4.79379115e-01
0.00000000e+00 4.79966949e-01
0.00000000e+00 4.80554784e-01
0.00000000e+00 4.81142619e-01
0.00000000e+00 4.81730453e-01
0.00000000e+00 4.82318288e-01
0.00000000e+00 4.82906122e-01
0.00000000e+00 4.83493957e-01
0.00000000e+00 4.84081792e-01
0.00000000e+00 4.84669626e-01
0.00000000e+00 4.85257461e-01
0.00000000e+00 4.85845295e-01
0.00000000e+00 4.86433130e-01
0.00000000e+00 4.87020965e-01
0.00000000e+00 4.87608799e-01
0.00000000e+00 4.88196634e-01
0.00000000e+00 4.88784468e-01
0.00000000e+00 4.89372303e-01
0.00000000e+00 4.89960138e-01
0.00000000e+00 4.90547972e-01
0.00000000e+00 4.91135807e-01
0.00000000e+00 4.91723641e-01
0.00000000e+00 4.92311476e-01
0.00000000e+00 4.92899310e-01
0.00000000e+00 4.93487145e-01
0.00000000e+00 4.94074980e-01
0.00000000e+00 4.94662814e-01
0.00000000e+00 4.95250649e-01
0.00000000e+00 4.95838483e-01
0.00000000e+00 4.96426318e-01
0.00000000e+00 4.97014153e-01
0.00000000e+00 4.97601987e-01
0.00000000e+00 4.98189822e-01
0.00000000e+00 4.98777656e-01
0.00000000e+00 4.99365491e-01
0.00000000e+00 4.99953326e-01
