% L-Bracket Geometry
% N_total=3170, N_horizontal=1585, N_vertical=1585
% Resolution: 100 segments per wavelength
% Format: x(m) y(m)
1.57787182e-04 0.00000000e+00
4.73361545e-04 0.00000000e+00
7.88935908e-04 0.00000000e+00
1.10451027e-03 0.00000000e+00
1.42008463e-03 0.00000000e+00
1.73565900e-03 0.00000000e+00
2.05123336e-03 0.00000000e+00
2.36680772e-03 0.00000000e+00
2.68238209e-03 0.00000000e+00
2.99795645e-03 0.00000000e+00
3.31353081e-03 0.00000000e+00
3.62910518e-03 0.00000000e+00
3.94467954e-03 0.00000000e+00
4.26025390e-03 0.00000000e+00
4.57582827e-03 0.00000000e+00
4.89140263e-03 0.00000000e+00
5.20697699e-03 0.00000000e+00
5.52255136e-03 0.00000000e+00
5.83812572e-03 0.00000000e+00
6.15370008e-03 0.00000000e+00
6.46927445e-03 0.00000000e+00
6.78484881e-03 0.00000000e+00
7.10042317e-03 0.00000000e+00
7.41599753e-03 0.00000000e+00
7.73157190e-03 0.00000000e+00
8.04714626e-03 0.00000000e+00
8.36272062e-03 0.00000000e+00
8.67829499e-03 0.00000000e+00
8.99386935e-03 0.00000000e+00
9.30944371e-03 0.00000000e+00
9.62501808e-03 0.00000000e+00
9.94059244e-03 0.00000000e+00
1.02561668e-02 0.00000000e+00
1.05717412e-02 0.00000000e+00
1.08873155e-02 0.00000000e+00
1.12028899e-02 0.00000000e+00
1.15184643e-02 0.00000000e+00
1.18340386e-02 0.00000000e+00
1.21496130e-02 0.00000000e+00
1.24651873e-02 0.00000000e+00
1.27807617e-02 0.00000000e+00
1.30963361e-02 0.00000000e+00
1.34119104e-02 0.00000000e+00
1.37274848e-02 0.00000000e+00
1.40430592e-02 0.00000000e+00
1.43586335e-02 0.00000000e+00
1.46742079e-02 0.00000000e+00
1.49897823e-02 0.00000000e+00
1.53053566e-02 0.00000000e+00
1.56209310e-02 0.00000000e+00
1.59365053e-02 0.00000000e+00
1.62520797e-02 0.00000000e+00
1.65676541e-02 0.00000000e+00
1.68832284e-02 0.00000000e+00
1.71988028e-02 0.00000000e+00
1.75143772e-02 0.00000000e+00
1.78299515e-02 0.00000000e+00
1.81455259e-02 0.00000000e+00
1.84611002e-02 0.00000000e+00
1.87766746e-02 0.00000000e+00
1.90922490e-02 0.00000000e+00
1.94078233e-02 0.00000000e+00
1.97233977e-02 0.00000000e+00
2.00389721e-02 0.00000000e+00
2.03545464e-02 0.00000000e+00
2.06701208e-02 0.00000000e+00
2.09856952e-02 0.00000000e+00
2.13012695e-02 0.00000000e+00
2.16168439e-02 0.00000000e+00
2.19324182e-02 0.00000000e+00
2.22479926e-02 0.00000000e+00
2.25635670e-02 0.00000000e+00
2.28791413e-02 0.00000000e+00
2.31947157e-02 0.00000000e+00
2.35102901e-02 0.00000000e+00
2.38258644e-02 0.00000000e+00
2.41414388e-02 0.00000000e+00
2.44570131e-02 0.00000000e+00
2.47725875e-02 0.00000000e+00
2.50881619e-02 0.00000000e+00
2.54037362e-02 0.00000000e+00
2.57193106e-02 0.00000000e+00
2.60348850e-02 0.00000000e+00
2.63504593e-02 0.00000000e+00
2.66660337e-02 0.00000000e+00
2.69816081e-02 0.00000000e+00
2.72971824e-02 0.00000000e+00
2.76127568e-02 0.00000000e+00
2.79283311e-02 0.00000000e+00
2.82439055e-02 0.00000000e+00
2.85594799e-02 0.00000000e+00
2.88750542e-02 0.00000000e+00
2.91906286e-02 0.00000000e+00
2.95062030e-02 0.00000000e+00
2.98217773e-02 0.00000000e+00
3.01373517e-02 0.00000000e+00
3.04529260e-02 0.00000000e+00
3.07685004e-02 0.00000000e+00
3.10840748e-02 0.00000000e+00
3.13996491e-02 0.00000000e+00
3.17152235e-02 0.00000000e+00
3.20307979e-02 0.00000000e+00
3.23463722e-02 0.00000000e+00
3.26619466e-02 0.00000000e+00
3.29775210e-02 0.00000000e+00
3.32930953e-02 0.00000000e+00
3.36086697e-02 0.00000000e+00
3.39242440e-02 0.00000000e+00
3.42398184e-02 0.00000000e+00
3.45553928e-02 0.00000000e+00
3.48709671e-02 0.00000000e+00
3.51865415e-02 0.00000000e+00
3.55021159e-02 0.00000000e+00
3.58176902e-02 0.00000000e+00
3.61332646e-02 0.00000000e+00
3.64488389e-02 0.00000000e+00
3.67644133e-02 0.00000000e+00
3.70799877e-02 0.00000000e+00
3.73955620e-02 0.00000000e+00
3.77111364e-02 0.00000000e+00
3.80267108e-02 0.00000000e+00
3.83422851e-02 0.00000000e+00
3.86578595e-02 0.00000000e+00
3.89734339e-02 0.00000000e+00
3.92890082e-02 0.00000000e+00
3.96045826e-02 0.00000000e+00
3.99201569e-02 0.00000000e+00
4.02357313e-02 0.00000000e+00
4.05513057e-02 0.00000000e+00
4.08668800e-02 0.00000000e+00
4.11824544e-02 0.00000000e+00
4.14980288e-02 0.00000000e+00
4.18136031e-02 0.00000000e+00
4.21291775e-02 0.00000000e+00
4.24447518e-02 0.00000000e+00
4.27603262e-02 0.00000000e+00
4.30759006e-02 0.00000000e+00
4.33914749e-02 0.00000000e+00
4.37070493e-02 0.00000000e+00
4.40226237e-02 0.00000000e+00
4.43381980e-02 0.00000000e+00
4.46537724e-02 0.00000000e+00
4.49693468e-02 0.00000000e+00
4.52849211e-02 0.00000000e+00
4.56004955e-02 0.00000000e+00
4.59160698e-02 0.00000000e+00
4.62316442e-02 0.00000000e+00
4.65472186e-02 0.00000000e+00
4.68627929e-02 0.00000000e+00
4.71783673e-02 0.00000000e+00
4.74939417e-02 0.00000000e+00
4.78095160e-02 0.00000000e+00
4.81250904e-02 0.00000000e+00
4.84406647e-02 0.00000000e+00
4.87562391e-02 0.00000000e+00
4.90718135e-02 0.00000000e+00
4.93873878e-02 0.00000000e+00
4.97029622e-02 0.00000000e+00
5.00185366e-02 0.00000000e+00
5.03341109e-02 0.00000000e+00
5.06496853e-02 0.00000000e+00
5.09652597e-02 0.00000000e+00
5.12808340e-02 0.00000000e+00
5.15964084e-02 0.00000000e+00
5.19119827e-02 0.00000000e+00
5.22275571e-02 0.00000000e+00
5.25431315e-02 0.00000000e+00
5.28587058e-02 0.00000000e+00
5.31742802e-02 0.00000000e+00
5.34898546e-02 0.00000000e+00
5.38054289e-02 0.00000000e+00
5.41210033e-02 0.00000000e+00
5.44365776e-02 0.00000000e+00
5.47521520e-02 0.00000000e+00
5.50677264e-02 0.00000000e+00
5.53833007e-02 0.00000000e+00
5.56988751e-02 0.00000000e+00
5.60144495e-02 0.00000000e+00
5.63300238e-02 0.00000000e+00
5.66455982e-02 0.00000000e+00
5.69611726e-02 0.00000000e+00
5.72767469e-02 0.00000000e+00
5.75923213e-02 0.00000000e+00
5.79078956e-02 0.00000000e+00
5.82234700e-02 0.00000000e+00
5.85390444e-02 0.00000000e+00
5.88546187e-02 0.00000000e+00
5.91701931e-02 0.00000000e+00
5.94857675e-02 0.00000000e+00
5.98013418e-02 0.00000000e+00
6.01169162e-02 0.00000000e+00
6.04324905e-02 0.00000000e+00
6.07480649e-02 0.00000000e+00
6.10636393e-02 0.00000000e+00
6.13792136e-02 0.00000000e+00
6.16947880e-02 0.00000000e+00
6.20103624e-02 0.00000000e+00
6.23259367e-02 0.00000000e+00
6.26415111e-02 0.00000000e+00
6.29570855e-02 0.00000000e+00
6.32726598e-02 0.00000000e+00
6.35882342e-02 0.00000000e+00
6.39038085e-02 0.00000000e+00
6.42193829e-02 0.00000000e+00
6.45349573e-02 0.00000000e+00
6.48505316e-02 0.00000000e+00
6.51661060e-02 0.00000000e+00
6.54816804e-02 0.00000000e+00
6.57972547e-02 0.00000000e+00
6.61128291e-02 0.00000000e+00
6.64284034e-02 0.00000000e+00
6.67439778e-02 0.00000000e+00
6.70595522e-02 0.00000000e+00
6.73751265e-02 0.00000000e+00
6.76907009e-02 0.00000000e+00
6.80062753e-02 0.00000000e+00
6.83218496e-02 0.00000000e+00
6.86374240e-02 0.00000000e+00
6.89529984e-02 0.00000000e+00
6.92685727e-02 0.00000000e+00
6.95841471e-02 0.00000000e+00
6.98997214e-02 0.00000000e+00
7.02152958e-02 0.00000000e+00
7.05308702e-02 0.00000000e+00
7.08464445e-02 0.00000000e+00
7.11620189e-02 0.00000000e+00
7.14775933e-02 0.00000000e+00
7.17931676e-02 0.00000000e+00
7.21087420e-02 0.00000000e+00
7.24243163e-02 0.00000000e+00
7.27398907e-02 0.00000000e+00
7.30554651e-02 0.00000000e+00
7.33710394e-02 0.00000000e+00
7.36866138e-02 0.00000000e+00
7.40021882e-02 0.00000000e+00
7.43177625e-02 0.00000000e+00
7.46333369e-02 0.00000000e+00
7.49489113e-02 0.00000000e+00
7.52644856e-02 0.00000000e+00
7.55800600e-02 0.00000000e+00
7.58956343e-02 0.00000000e+00
7.62112087e-02 0.00000000e+00
7.65267831e-02 0.00000000e+00
7.68423574e-02 0.00000000e+00
7.71579318e-02 0.00000000e+00
7.74735062e-02 0.00000000e+00
7.77890805e-02 0.00000000e+00
7.81046549e-02 0.00000000e+00
7.84202293e-02 0.00000000e+00
7.87358036e-02 0.00000000e+00
7.90513780e-02 0.00000000e+00
7.93669523e-02 0.00000000e+00
7.96825267e-02 0.00000000e+00
7.99981011e-02 0.00000000e+00
8.03136754e-02 0.00000000e+00
8.06292498e-02 0.00000000e+00
8.09448242e-02 0.00000000e+00
8.12603985e-02 0.00000000e+00
8.15759729e-02 0.00000000e+00
8.18915472e-02 0.00000000e+00
8.22071216e-02 0.00000000e+00
8.25226960e-02 0.00000000e+00
8.28382703e-02 0.00000000e+00
8.31538447e-02 0.00000000e+00
8.34694191e-02 0.00000000e+00
8.37849934e-02 0.00000000e+00
8.41005678e-02 0.00000000e+00
8.44161422e-02 0.00000000e+00
8.47317165e-02 0.00000000e+00
8.50472909e-02 0.00000000e+00
8.53628652e-02 0.00000000e+00
8.56784396e-02 0.00000000e+00
8.59940140e-02 0.00000000e+00
8.63095883e-02 0.00000000e+00
8.66251627e-02 0.00000000e+00
8.69407371e-02 0.00000000e+00
8.72563114e-02 0.00000000e+00
8.75718858e-02 0.00000000e+00
8.78874601e-02 0.00000000e+00
8.82030345e-02 0.00000000e+00
8.85186089e-02 0.00000000e+00
8.88341832e-02 0.00000000e+00
8.91497576e-02 0.00000000e+00
8.94653320e-02 0.00000000e+00
8.97809063e-02 0.00000000e+00
9.00964807e-02 0.00000000e+00
9.04120551e-02 0.00000000e+00
9.07276294e-02 0.00000000e+00
9.10432038e-02 0.00000000e+00
9.13587781e-02 0.00000000e+00
9.16743525e-02 0.00000000e+00
9.19899269e-02 0.00000000e+00
9.23055012e-02 0.00000000e+00
9.26210756e-02 0.00000000e+00
9.29366500e-02 0.00000000e+00
9.32522243e-02 0.00000000e+00
9.35677987e-02 0.00000000e+00
9.38833730e-02 0.00000000e+00
9.41989474e-02 0.00000000e+00
9.45145218e-02 0.00000000e+00
9.48300961e-02 0.00000000e+00
9.51456705e-02 0.00000000e+00
9.54612449e-02 0.00000000e+00
9.57768192e-02 0.00000000e+00
9.60923936e-02 0.00000000e+00
9.64079680e-02 0.00000000e+00
9.67235423e-02 0.00000000e+00
9.70391167e-02 0.00000000e+00
9.73546910e-02 0.00000000e+00
9.76702654e-02 0.00000000e+00
9.79858398e-02 0.00000000e+00
9.83014141e-02 0.00000000e+00
9.86169885e-02 0.00000000e+00
9.89325629e-02 0.00000000e+00
9.92481372e-02 0.00000000e+00
9.95637116e-02 0.00000000e+00
9.98792859e-02 0.00000000e+00
1.00194860e-01 0.00000000e+00
1.00510435e-01 0.00000000e+00
1.00826009e-01 0.00000000e+00
1.01141583e-01 0.00000000e+00
1.01457158e-01 0.00000000e+00
1.01772732e-01 0.00000000e+00
1.02088306e-01 0.00000000e+00
1.02403881e-01 0.00000000e+00
1.02719455e-01 0.00000000e+00
1.03035030e-01 0.00000000e+00
1.03350604e-01 0.00000000e+00
1.03666178e-01 0.00000000e+00
1.03981753e-01 0.00000000e+00
1.04297327e-01 0.00000000e+00
1.04612901e-01 0.00000000e+00
1.04928476e-01 0.00000000e+00
1.05244050e-01 0.00000000e+00
1.05559624e-01 0.00000000e+00
1.05875199e-01 0.00000000e+00
1.06190773e-01 0.00000000e+00
1.06506348e-01 0.00000000e+00
1.06821922e-01 0.00000000e+00
1.07137496e-01 0.00000000e+00
1.07453071e-01 0.00000000e+00
1.07768645e-01 0.00000000e+00
1.08084219e-01 0.00000000e+00
1.08399794e-01 0.00000000e+00
1.08715368e-01 0.00000000e+00
1.09030942e-01 0.00000000e+00
1.09346517e-01 0.00000000e+00
1.09662091e-01 0.00000000e+00
1.09977666e-01 0.00000000e+00
1.10293240e-01 0.00000000e+00
1.10608814e-01 0.00000000e+00
1.10924389e-01 0.00000000e+00
1.11239963e-01 0.00000000e+00
1.11555537e-01 0.00000000e+00
1.11871112e-01 0.00000000e+00
1.12186686e-01 0.00000000e+00
1.12502260e-01 0.00000000e+00
1.12817835e-01 0.00000000e+00
1.13133409e-01 0.00000000e+00
1.13448984e-01 0.00000000e+00
1.13764558e-01 0.00000000e+00
1.14080132e-01 0.00000000e+00
1.14395707e-01 0.00000000e+00
1.14711281e-01 0.00000000e+00
1.15026855e-01 0.00000000e+00
1.15342430e-01 0.00000000e+00
1.15658004e-01 0.00000000e+00
1.15973578e-01 0.00000000e+00
1.16289153e-01 0.00000000e+00
1.16604727e-01 0.00000000e+00
1.16920302e-01 0.00000000e+00
1.17235876e-01 0.00000000e+00
1.17551450e-01 0.00000000e+00
1.17867025e-01 0.00000000e+00
1.18182599e-01 0.00000000e+00
1.18498173e-01 0.00000000e+00
1.18813748e-01 0.00000000e+00
1.19129322e-01 0.00000000e+00
1.19444896e-01 0.00000000e+00
1.19760471e-01 0.00000000e+00
1.20076045e-01 0.00000000e+00
1.20391620e-01 0.00000000e+00
1.20707194e-01 0.00000000e+00
1.21022768e-01 0.00000000e+00
1.21338343e-01 0.00000000e+00
1.21653917e-01 0.00000000e+00
1.21969491e-01 0.00000000e+00
1.22285066e-01 0.00000000e+00
1.22600640e-01 0.00000000e+00
1.22916214e-01 0.00000000e+00
1.23231789e-01 0.00000000e+00
1.23547363e-01 0.00000000e+00
1.23862938e-01 0.00000000e+00
1.24178512e-01 0.00000000e+00
1.24494086e-01 0.00000000e+00
1.24809661e-01 0.00000000e+00
1.25125235e-01 0.00000000e+00
1.25440809e-01 0.00000000e+00
1.25756384e-01 0.00000000e+00
1.26071958e-01 0.00000000e+00
1.26387532e-01 0.00000000e+00
1.26703107e-01 0.00000000e+00
1.27018681e-01 0.00000000e+00
1.27334256e-01 0.00000000e+00
1.27649830e-01 0.00000000e+00
1.27965404e-01 0.00000000e+00
1.28280979e-01 0.00000000e+00
1.28596553e-01 0.00000000e+00
1.28912127e-01 0.00000000e+00
1.29227702e-01 0.00000000e+00
1.29543276e-01 0.00000000e+00
1.29858850e-01 0.00000000e+00
1.30174425e-01 0.00000000e+00
1.30489999e-01 0.00000000e+00
1.30805574e-01 0.00000000e+00
1.31121148e-01 0.00000000e+00
1.31436722e-01 0.00000000e+00
1.31752297e-01 0.00000000e+00
1.32067871e-01 0.00000000e+00
1.32383445e-01 0.00000000e+00
1.32699020e-01 0.00000000e+00
1.33014594e-01 0.00000000e+00
1.33330168e-01 0.00000000e+00
1.33645743e-01 0.00000000e+00
1.33961317e-01 0.00000000e+00
1.34276892e-01 0.00000000e+00
1.34592466e-01 0.00000000e+00
1.34908040e-01 0.00000000e+00
1.35223615e-01 0.00000000e+00
1.35539189e-01 0.00000000e+00
1.35854763e-01 0.00000000e+00
1.36170338e-01 0.00000000e+00
1.36485912e-01 0.00000000e+00
1.36801486e-01 0.00000000e+00
1.37117061e-01 0.00000000e+00
1.37432635e-01 0.00000000e+00
1.37748210e-01 0.00000000e+00
1.38063784e-01 0.00000000e+00
1.38379358e-01 0.00000000e+00
1.38694933e-01 0.00000000e+00
1.39010507e-01 0.00000000e+00
1.39326081e-01 0.00000000e+00
1.39641656e-01 0.00000000e+00
1.39957230e-01 0.00000000e+00
1.40272804e-01 0.00000000e+00
1.40588379e-01 0.00000000e+00
1.40903953e-01 0.00000000e+00
1.41219528e-01 0.00000000e+00
1.41535102e-01 0.00000000e+00
1.41850676e-01 0.00000000e+00
1.42166251e-01 0.00000000e+00
1.42481825e-01 0.00000000e+00
1.42797399e-01 0.00000000e+00
1.43112974e-01 0.00000000e+00
1.43428548e-01 0.00000000e+00
1.43744122e-01 0.00000000e+00
1.44059697e-01 0.00000000e+00
1.44375271e-01 0.00000000e+00
1.44690846e-01 0.00000000e+00
1.45006420e-01 0.00000000e+00
1.45321994e-01 0.00000000e+00
1.45637569e-01 0.00000000e+00
1.45953143e-01 0.00000000e+00
1.46268717e-01 0.00000000e+00
1.46584292e-01 0.00000000e+00
1.46899866e-01 0.00000000e+00
1.47215440e-01 0.00000000e+00
1.47531015e-01 0.00000000e+00
1.47846589e-01 0.00000000e+00
1.48162164e-01 0.00000000e+00
1.48477738e-01 0.00000000e+00
1.48793312e-01 0.00000000e+00
1.49108887e-01 0.00000000e+00
1.49424461e-01 0.00000000e+00
1.49740035e-01 0.00000000e+00
1.50055610e-01 0.00000000e+00
1.50371184e-01 0.00000000e+00
1.50686758e-01 0.00000000e+00
1.51002333e-01 0.00000000e+00
1.51317907e-01 0.00000000e+00
1.51633482e-01 0.00000000e+00
1.51949056e-01 0.00000000e+00
1.52264630e-01 0.00000000e+00
1.52580205e-01 0.00000000e+00
1.52895779e-01 0.00000000e+00
1.53211353e-01 0.00000000e+00
1.53526928e-01 0.00000000e+00
1.53842502e-01 0.00000000e+00
1.54158076e-01 0.00000000e+00
1.54473651e-01 0.00000000e+00
1.54789225e-01 0.00000000e+00
1.55104800e-01 0.00000000e+00
1.55420374e-01 0.00000000e+00
1.55735948e-01 0.00000000e+00
1.56051523e-01 0.00000000e+00
1.56367097e-01 0.00000000e+00
1.56682671e-01 0.00000000e+00
1.56998246e-01 0.00000000e+00
1.57313820e-01 0.00000000e+00
1.57629394e-01 0.00000000e+00
1.57944969e-01 0.00000000e+00
1.58260543e-01 0.00000000e+00
1.58576117e-01 0.00000000e+00
1.58891692e-01 0.00000000e+00
1.59207266e-01 0.00000000e+00
1.59522841e-01 0.00000000e+00
1.59838415e-01 0.00000000e+00
1.60153989e-01 0.00000000e+00
1.60469564e-01 0.00000000e+00
1.60785138e-01 0.00000000e+00
1.61100712e-01 0.00000000e+00
1.61416287e-01 0.00000000e+00
1.61731861e-01 0.00000000e+00
1.62047435e-01 0.00000000e+00
1.62363010e-01 0.00000000e+00
1.62678584e-01 0.00000000e+00
1.62994159e-01 0.00000000e+00
1.63309733e-01 0.00000000e+00
1.63625307e-01 0.00000000e+00
1.63940882e-01 0.00000000e+00
1.64256456e-01 0.00000000e+00
1.64572030e-01 0.00000000e+00
1.64887605e-01 0.00000000e+00
1.65203179e-01 0.00000000e+00
1.65518753e-01 0.00000000e+00
1.65834328e-01 0.00000000e+00
1.66149902e-01 0.00000000e+00
1.66465477e-01 0.00000000e+00
1.66781051e-01 0.00000000e+00
1.67096625e-01 0.00000000e+00
1.67412200e-01 0.00000000e+00
1.67727774e-01 0.00000000e+00
1.68043348e-01 0.00000000e+00
1.68358923e-01 0.00000000e+00
1.68674497e-01 0.00000000e+00
1.68990071e-01 0.00000000e+00
1.69305646e-01 0.00000000e+00
1.69621220e-01 0.00000000e+00
1.69936795e-01 0.00000000e+00
1.70252369e-01 0.00000000e+00
1.70567943e-01 0.00000000e+00
1.70883518e-01 0.00000000e+00
1.71199092e-01 0.00000000e+00
1.71514666e-01 0.00000000e+00
1.71830241e-01 0.00000000e+00
1.72145815e-01 0.00000000e+00
1.72461389e-01 0.00000000e+00
1.72776964e-01 0.00000000e+00
1.73092538e-01 0.00000000e+00
1.73408113e-01 0.00000000e+00
1.73723687e-01 0.00000000e+00
1.74039261e-01 0.00000000e+00
1.74354836e-01 0.00000000e+00
1.74670410e-01 0.00000000e+00
1.74985984e-01 0.00000000e+00
1.75301559e-01 0.00000000e+00
1.75617133e-01 0.00000000e+00
1.75932707e-01 0.00000000e+00
1.76248282e-01 0.00000000e+00
1.76563856e-01 0.00000000e+00
1.76879431e-01 0.00000000e+00
1.77195005e-01 0.00000000e+00
1.77510579e-01 0.00000000e+00
1.77826154e-01 0.00000000e+00
1.78141728e-01 0.00000000e+00
1.78457302e-01 0.00000000e+00
1.78772877e-01 0.00000000e+00
1.79088451e-01 0.00000000e+00
1.79404025e-01 0.00000000e+00
1.79719600e-01 0.00000000e+00
1.80035174e-01 0.00000000e+00
1.80350749e-01 0.00000000e+00
1.80666323e-01 0.00000000e+00
1.80981897e-01 0.00000000e+00
1.81297472e-01 0.00000000e+00
1.81613046e-01 0.00000000e+00
1.81928620e-01 0.00000000e+00
1.82244195e-01 0.00000000e+00
1.82559769e-01 0.00000000e+00
1.82875343e-01 0.00000000e+00
1.83190918e-01 0.00000000e+00
1.83506492e-01 0.00000000e+00
1.83822067e-01 0.00000000e+00
1.84137641e-01 0.00000000e+00
1.84453215e-01 0.00000000e+00
1.84768790e-01 0.00000000e+00
1.85084364e-01 0.00000000e+00
1.85399938e-01 0.00000000e+00
1.85715513e-01 0.00000000e+00
1.86031087e-01 0.00000000e+00
1.86346661e-01 0.00000000e+00
1.86662236e-01 0.00000000e+00
1.86977810e-01 0.00000000e+00
1.87293385e-01 0.00000000e+00
1.87608959e-01 0.00000000e+00
1.87924533e-01 0.00000000e+00
1.88240108e-01 0.00000000e+00
1.88555682e-01 0.00000000e+00
1.88871256e-01 0.00000000e+00
1.89186831e-01 0.00000000e+00
1.89502405e-01 0.00000000e+00
1.89817979e-01 0.00000000e+00
1.90133554e-01 0.00000000e+00
1.90449128e-01 0.00000000e+00
1.90764703e-01 0.00000000e+00
1.91080277e-01 0.00000000e+00
1.91395851e-01 0.00000000e+00
1.91711426e-01 0.00000000e+00
1.92027000e-01 0.00000000e+00
1.92342574e-01 0.00000000e+00
1.92658149e-01 0.00000000e+00
1.92973723e-01 0.00000000e+00
1.93289297e-01 0.00000000e+00
1.93604872e-01 0.00000000e+00
1.93920446e-01 0.00000000e+00
1.94236021e-01 0.00000000e+00
1.94551595e-01 0.00000000e+00
1.94867169e-01 0.00000000e+00
1.95182744e-01 0.00000000e+00
1.95498318e-01 0.00000000e+00
1.95813892e-01 0.00000000e+00
1.96129467e-01 0.00000000e+00
1.96445041e-01 0.00000000e+00
1.96760615e-01 0.00000000e+00
1.97076190e-01 0.00000000e+00
1.97391764e-01 0.00000000e+00
1.97707339e-01 0.00000000e+00
1.98022913e-01 0.00000000e+00
1.98338487e-01 0.00000000e+00
1.98654062e-01 0.00000000e+00
1.98969636e-01 0.00000000e+00
1.99285210e-01 0.00000000e+00
1.99600785e-01 0.00000000e+00
1.99916359e-01 0.00000000e+00
2.00231933e-01 0.00000000e+00
2.00547508e-01 0.00000000e+00
2.00863082e-01 0.00000000e+00
2.01178657e-01 0.00000000e+00
2.01494231e-01 0.00000000e+00
2.01809805e-01 0.00000000e+00
2.02125380e-01 0.00000000e+00
2.02440954e-01 0.00000000e+00
2.02756528e-01 0.00000000e+00
2.03072103e-01 0.00000000e+00
2.03387677e-01 0.00000000e+00
2.03703251e-01 0.00000000e+00
2.04018826e-01 0.00000000e+00
2.04334400e-01 0.00000000e+00
2.04649975e-01 0.00000000e+00
2.04965549e-01 0.00000000e+00
2.05281123e-01 0.00000000e+00
2.05596698e-01 0.00000000e+00
2.05912272e-01 0.00000000e+00
2.06227846e-01 0.00000000e+00
2.06543421e-01 0.00000000e+00
2.06858995e-01 0.00000000e+00
2.07174569e-01 0.00000000e+00
2.07490144e-01 0.00000000e+00
2.07805718e-01 0.00000000e+00
2.08121293e-01 0.00000000e+00
2.08436867e-01 0.00000000e+00
2.08752441e-01 0.00000000e+00
2.09068016e-01 0.00000000e+00
2.09383590e-01 0.00000000e+00
2.09699164e-01 0.00000000e+00
2.10014739e-01 0.00000000e+00
2.10330313e-01 0.00000000e+00
2.10645887e-01 0.00000000e+00
2.10961462e-01 0.00000000e+00
2.11277036e-01 0.00000000e+00
2.11592611e-01 0.00000000e+00
2.11908185e-01 0.00000000e+00
2.12223759e-01 0.00000000e+00
2.12539334e-01 0.00000000e+00
2.12854908e-01 0.00000000e+00
2.13170482e-01 0.00000000e+00
2.13486057e-01 0.00000000e+00
2.13801631e-01 0.00000000e+00
2.14117205e-01 0.00000000e+00
2.14432780e-01 0.00000000e+00
2.14748354e-01 0.00000000e+00
2.15063929e-01 0.00000000e+00
2.15379503e-01 0.00000000e+00
2.15695077e-01 0.00000000e+00
2.16010652e-01 0.00000000e+00
2.16326226e-01 0.00000000e+00
2.16641800e-01 0.00000000e+00
2.16957375e-01 0.00000000e+00
2.17272949e-01 0.00000000e+00
2.17588523e-01 0.00000000e+00
2.17904098e-01 0.00000000e+00
2.18219672e-01 0.00000000e+00
2.18535247e-01 0.00000000e+00
2.18850821e-01 0.00000000e+00
2.19166395e-01 0.00000000e+00
2.19481970e-01 0.00000000e+00
2.19797544e-01 0.00000000e+00
2.20113118e-01 0.00000000e+00
2.20428693e-01 0.00000000e+00
2.20744267e-01 0.00000000e+00
2.21059841e-01 0.00000000e+00
2.21375416e-01 0.00000000e+00
2.21690990e-01 0.00000000e+00
2.22006564e-01 0.00000000e+00
2.22322139e-01 0.00000000e+00
2.22637713e-01 0.00000000e+00
2.22953288e-01 0.00000000e+00
2.23268862e-01 0.00000000e+00
2.23584436e-01 0.00000000e+00
2.23900011e-01 0.00000000e+00
2.24215585e-01 0.00000000e+00
2.24531159e-01 0.00000000e+00
2.24846734e-01 0.00000000e+00
2.25162308e-01 0.00000000e+00
2.25477882e-01 0.00000000e+00
2.25793457e-01 0.00000000e+00
2.26109031e-01 0.00000000e+00
2.26424606e-01 0.00000000e+00
2.26740180e-01 0.00000000e+00
2.27055754e-01 0.00000000e+00
2.27371329e-01 0.00000000e+00
2.27686903e-01 0.00000000e+00
2.28002477e-01 0.00000000e+00
2.28318052e-01 0.00000000e+00
2.28633626e-01 0.00000000e+00
2.28949200e-01 0.00000000e+00
2.29264775e-01 0.00000000e+00
2.29580349e-01 0.00000000e+00
2.29895924e-01 0.00000000e+00
2.30211498e-01 0.00000000e+00
2.30527072e-01 0.00000000e+00
2.30842647e-01 0.00000000e+00
2.31158221e-01 0.00000000e+00
2.31473795e-01 0.00000000e+00
2.31789370e-01 0.00000000e+00
2.32104944e-01 0.00000000e+00
2.32420518e-01 0.00000000e+00
2.32736093e-01 0.00000000e+00
2.33051667e-01 0.00000000e+00
2.33367242e-01 0.00000000e+00
2.33682816e-01 0.00000000e+00
2.33998390e-01 0.00000000e+00
2.34313965e-01 0.00000000e+00
2.34629539e-01 0.00000000e+00
2.34945113e-01 0.00000000e+00
2.35260688e-01 0.00000000e+00
2.35576262e-01 0.00000000e+00
2.35891836e-01 0.00000000e+00
2.36207411e-01 0.00000000e+00
2.36522985e-01 0.00000000e+00
2.36838560e-01 0.00000000e+00
2.37154134e-01 0.00000000e+00
2.37469708e-01 0.00000000e+00
2.37785283e-01 0.00000000e+00
2.38100857e-01 0.00000000e+00
2.38416431e-01 0.00000000e+00
2.38732006e-01 0.00000000e+00
2.39047580e-01 0.00000000e+00
2.39363154e-01 0.00000000e+00
2.39678729e-01 0.00000000e+00
2.39994303e-01 0.00000000e+00
2.40309878e-01 0.00000000e+00
2.40625452e-01 0.00000000e+00
2.40941026e-01 0.00000000e+00
2.41256601e-01 0.00000000e+00
2.41572175e-01 0.00000000e+00
2.41887749e-01 0.00000000e+00
2.42203324e-01 0.00000000e+00
2.42518898e-01 0.00000000e+00
2.42834472e-01 0.00000000e+00
2.43150047e-01 0.00000000e+00
2.43465621e-01 0.00000000e+00
2.43781196e-01 0.00000000e+00
2.44096770e-01 0.00000000e+00
2.44412344e-01 0.00000000e+00
2.44727919e-01 0.00000000e+00
2.45043493e-01 0.00000000e+00
2.45359067e-01 0.00000000e+00
2.45674642e-01 0.00000000e+00
2.45990216e-01 0.00000000e+00
2.46305790e-01 0.00000000e+00
2.46621365e-01 0.00000000e+00
2.46936939e-01 0.00000000e+00
2.47252514e-01 0.00000000e+00
2.47568088e-01 0.00000000e+00
2.47883662e-01 0.00000000e+00
2.48199237e-01 0.00000000e+00
2.48514811e-01 0.00000000e+00
2.48830385e-01 0.00000000e+00
2.49145960e-01 0.00000000e+00
2.49461534e-01 0.00000000e+00
2.49777108e-01 0.00000000e+00
2.50092683e-01 0.00000000e+00
2.50408257e-01 0.00000000e+00
2.50723832e-01 0.00000000e+00
2.51039406e-01 0.00000000e+00
2.51354980e-01 0.00000000e+00
2.51670555e-01 0.00000000e+00
2.51986129e-01 0.00000000e+00
2.52301703e-01 0.00000000e+00
2.52617278e-01 0.00000000e+00
2.52932852e-01 0.00000000e+00
2.53248426e-01 0.00000000e+00
2.53564001e-01 0.00000000e+00
2.53879575e-01 0.00000000e+00
2.54195150e-01 0.00000000e+00
2.54510724e-01 0.00000000e+00
2.54826298e-01 0.00000000e+00
2.55141873e-01 0.00000000e+00
2.55457447e-01 0.00000000e+00
2.55773021e-01 0.00000000e+00
2.56088596e-01 0.00000000e+00
2.56404170e-01 0.00000000e+00
2.56719744e-01 0.00000000e+00
2.57035319e-01 0.00000000e+00
2.57350893e-01 0.00000000e+00
2.57666468e-01 0.00000000e+00
2.57982042e-01 0.00000000e+00
2.58297616e-01 0.00000000e+00
2.58613191e-01 0.00000000e+00
2.58928765e-01 0.00000000e+00
2.59244339e-01 0.00000000e+00
2.59559914e-01 0.00000000e+00
2.59875488e-01 0.00000000e+00
2.60191062e-01 0.00000000e+00
2.60506637e-01 0.00000000e+00
2.60822211e-01 0.00000000e+00
2.61137786e-01 0.00000000e+00
2.61453360e-01 0.00000000e+00
2.61768934e-01 0.00000000e+00
2.62084509e-01 0.00000000e+00
2.62400083e-01 0.00000000e+00
2.62715657e-01 0.00000000e+00
2.63031232e-01 0.00000000e+00
2.63346806e-01 0.00000000e+00
2.63662380e-01 0.00000000e+00
2.63977955e-01 0.00000000e+00
2.64293529e-01 0.00000000e+00
2.64609104e-01 0.00000000e+00
2.64924678e-01 0.00000000e+00
2.65240252e-01 0.00000000e+00
2.65555827e-01 0.00000000e+00
2.65871401e-01 0.00000000e+00
2.66186975e-01 0.00000000e+00
2.66502550e-01 0.00000000e+00
2.66818124e-01 0.00000000e+00
2.67133698e-01 0.00000000e+00
2.67449273e-01 0.00000000e+00
2.67764847e-01 0.00000000e+00
2.68080422e-01 0.00000000e+00
2.68395996e-01 0.00000000e+00
2.68711570e-01 0.00000000e+00
2.69027145e-01 0.00000000e+00
2.69342719e-01 0.00000000e+00
2.69658293e-01 0.00000000e+00
2.69973868e-01 0.00000000e+00
2.70289442e-01 0.00000000e+00
2.70605016e-01 0.00000000e+00
2.70920591e-01 0.00000000e+00
2.71236165e-01 0.00000000e+00
2.71551740e-01 0.00000000e+00
2.71867314e-01 0.00000000e+00
2.72182888e-01 0.00000000e+00
2.72498463e-01 0.00000000e+00
2.72814037e-01 0.00000000e+00
2.73129611e-01 0.00000000e+00
2.73445186e-01 0.00000000e+00
2.73760760e-01 0.00000000e+00
2.74076334e-01 0.00000000e+00
2.74391909e-01 0.00000000e+00
2.74707483e-01 0.00000000e+00
2.75023058e-01 0.00000000e+00
2.75338632e-01 0.00000000e+00
2.75654206e-01 0.00000000e+00
2.75969781e-01 0.00000000e+00
2.76285355e-01 0.00000000e+00
2.76600929e-01 0.00000000e+00
2.76916504e-01 0.00000000e+00
2.77232078e-01 0.00000000e+00
2.77547652e-01 0.00000000e+00
2.77863227e-01 0.00000000e+00
2.78178801e-01 0.00000000e+00
2.78494376e-01 0.00000000e+00
2.78809950e-01 0.00000000e+00
2.79125524e-01 0.00000000e+00
2.79441099e-01 0.00000000e+00
2.79756673e-01 0.00000000e+00
2.80072247e-01 0.00000000e+00
2.80387822e-01 0.00000000e+00
2.80703396e-01 0.00000000e+00
2.81018970e-01 0.00000000e+00
2.81334545e-01 0.00000000e+00
2.81650119e-01 0.00000000e+00
2.81965694e-01 0.00000000e+00
2.82281268e-01 0.00000000e+00
2.82596842e-01 0.00000000e+00
2.82912417e-01 0.00000000e+00
2.83227991e-01 0.00000000e+00
2.83543565e-01 0.00000000e+00
2.83859140e-01 0.00000000e+00
2.84174714e-01 0.00000000e+00
2.84490288e-01 0.00000000e+00
2.84805863e-01 0.00000000e+00
2.85121437e-01 0.00000000e+00
2.85437011e-01 0.00000000e+00
2.85752586e-01 0.00000000e+00
2.86068160e-01 0.00000000e+00
2.86383735e-01 0.00000000e+00
2.86699309e-01 0.00000000e+00
2.87014883e-01 0.00000000e+00
2.87330458e-01 0.00000000e+00
2.87646032e-01 0.00000000e+00
2.87961606e-01 0.00000000e+00
2.88277181e-01 0.00000000e+00
2.88592755e-01 0.00000000e+00
2.88908329e-01 0.00000000e+00
2.89223904e-01 0.00000000e+00
2.89539478e-01 0.00000000e+00
2.89855053e-01 0.00000000e+00
2.90170627e-01 0.00000000e+00
2.90486201e-01 0.00000000e+00
2.90801776e-01 0.00000000e+00
2.91117350e-01 0.00000000e+00
2.91432924e-01 0.00000000e+00
2.91748499e-01 0.00000000e+00
2.92064073e-01 0.00000000e+00
2.92379647e-01 0.00000000e+00
2.92695222e-01 0.00000000e+00
2.93010796e-01 0.00000000e+00
2.93326371e-01 0.00000000e+00
2.93641945e-01 0.00000000e+00
2.93957519e-01 0.00000000e+00
2.94273094e-01 0.00000000e+00
2.94588668e-01 0.00000000e+00
2.94904242e-01 0.00000000e+00
2.95219817e-01 0.00000000e+00
2.95535391e-01 0.00000000e+00
2.95850965e-01 0.00000000e+00
2.96166540e-01 0.00000000e+00
2.96482114e-01 0.00000000e+00
2.96797689e-01 0.00000000e+00
2.97113263e-01 0.00000000e+00
2.97428837e-01 0.00000000e+00
2.97744412e-01 0.00000000e+00
2.98059986e-01 0.00000000e+00
2.98375560e-01 0.00000000e+00
2.98691135e-01 0.00000000e+00
2.99006709e-01 0.00000000e+00
2.99322283e-01 0.00000000e+00
2.99637858e-01 0.00000000e+00
2.99953432e-01 0.00000000e+00
3.00269007e-01 0.00000000e+00
3.00584581e-01 0.00000000e+00
3.00900155e-01 0.00000000e+00
3.01215730e-01 0.00000000e+00
3.01531304e-01 0.00000000e+00
3.01846878e-01 0.00000000e+00
3.02162453e-01 0.00000000e+00
3.02478027e-01 0.00000000e+00
3.02793601e-01 0.00000000e+00
3.03109176e-01 0.00000000e+00
3.03424750e-01 0.00000000e+00
3.03740325e-01 0.00000000e+00
3.04055899e-01 0.00000000e+00
3.04371473e-01 0.00000000e+00
3.04687048e-01 0.00000000e+00
3.05002622e-01 0.00000000e+00
3.05318196e-01 0.00000000e+00
3.05633771e-01 0.00000000e+00
3.05949345e-01 0.00000000e+00
3.06264919e-01 0.00000000e+00
3.06580494e-01 0.00000000e+00
3.06896068e-01 0.00000000e+00
3.07211643e-01 0.00000000e+00
3.07527217e-01 0.00000000e+00
3.07842791e-01 0.00000000e+00
3.08158366e-01 0.00000000e+00
3.08473940e-01 0.00000000e+00
3.08789514e-01 0.00000000e+00
3.09105089e-01 0.00000000e+00
3.09420663e-01 0.00000000e+00
3.09736237e-01 0.00000000e+00
3.10051812e-01 0.00000000e+00
3.10367386e-01 0.00000000e+00
3.10682961e-01 0.00000000e+00
3.10998535e-01 0.00000000e+00
3.11314109e-01 0.00000000e+00
3.11629684e-01 0.00000000e+00
3.11945258e-01 0.00000000e+00
3.12260832e-01 0.00000000e+00
3.12576407e-01 0.00000000e+00
3.12891981e-01 0.00000000e+00
3.13207555e-01 0.00000000e+00
3.13523130e-01 0.00000000e+00
3.13838704e-01 0.00000000e+00
3.14154279e-01 0.00000000e+00
3.14469853e-01 0.00000000e+00
3.14785427e-01 0.00000000e+00
3.15101002e-01 0.00000000e+00
3.15416576e-01 0.00000000e+00
3.15732150e-01 0.00000000e+00
3.16047725e-01 0.00000000e+00
3.16363299e-01 0.00000000e+00
3.16678873e-01 0.00000000e+00
3.16994448e-01 0.00000000e+00
3.17310022e-01 0.00000000e+00
3.17625597e-01 0.00000000e+00
3.17941171e-01 0.00000000e+00
3.18256745e-01 0.00000000e+00
3.18572320e-01 0.00000000e+00
3.18887894e-01 0.00000000e+00
3.19203468e-01 0.00000000e+00
3.19519043e-01 0.00000000e+00
3.19834617e-01 0.00000000e+00
3.20150191e-01 0.00000000e+00
3.20465766e-01 0.00000000e+00
3.20781340e-01 0.00000000e+00
3.21096915e-01 0.00000000e+00
3.21412489e-01 0.00000000e+00
3.21728063e-01 0.00000000e+00
3.22043638e-01 0.00000000e+00
3.22359212e-01 0.00000000e+00
3.22674786e-01 0.00000000e+00
3.22990361e-01 0.00000000e+00
3.23305935e-01 0.00000000e+00
3.23621509e-01 0.00000000e+00
3.23937084e-01 0.00000000e+00
3.24252658e-01 0.00000000e+00
3.24568233e-01 0.00000000e+00
3.24883807e-01 0.00000000e+00
3.25199381e-01 0.00000000e+00
3.25514956e-01 0.00000000e+00
3.25830530e-01 0.00000000e+00
3.26146104e-01 0.00000000e+00
3.26461679e-01 0.00000000e+00
3.26777253e-01 0.00000000e+00
3.27092827e-01 0.00000000e+00
3.27408402e-01 0.00000000e+00
3.27723976e-01 0.00000000e+00
3.28039551e-01 0.00000000e+00
3.28355125e-01 0.00000000e+00
3.28670699e-01 0.00000000e+00
3.28986274e-01 0.00000000e+00
3.29301848e-01 0.00000000e+00
3.29617422e-01 0.00000000e+00
3.29932997e-01 0.00000000e+00
3.30248571e-01 0.00000000e+00
3.30564145e-01 0.00000000e+00
3.30879720e-01 0.00000000e+00
3.31195294e-01 0.00000000e+00
3.31510869e-01 0.00000000e+00
3.31826443e-01 0.00000000e+00
3.32142017e-01 0.00000000e+00
3.32457592e-01 0.00000000e+00
3.32773166e-01 0.00000000e+00
3.33088740e-01 0.00000000e+00
3.33404315e-01 0.00000000e+00
3.33719889e-01 0.00000000e+00
3.34035463e-01 0.00000000e+00
3.34351038e-01 0.00000000e+00
3.34666612e-01 0.00000000e+00
3.34982187e-01 0.00000000e+00
3.35297761e-01 0.00000000e+00
3.35613335e-01 0.00000000e+00
3.35928910e-01 0.00000000e+00
3.36244484e-01 0.00000000e+00
3.36560058e-01 0.00000000e+00
3.36875633e-01 0.00000000e+00
3.37191207e-01 0.00000000e+00
3.37506781e-01 0.00000000e+00
3.37822356e-01 0.00000000e+00
3.38137930e-01 0.00000000e+00
3.38453505e-01 0.00000000e+00
3.38769079e-01 0.00000000e+00
3.39084653e-01 0.00000000e+00
3.39400228e-01 0.00000000e+00
3.39715802e-01 0.00000000e+00
3.40031376e-01 0.00000000e+00
3.40346951e-01 0.00000000e+00
3.40662525e-01 0.00000000e+00
3.40978099e-01 0.00000000e+00
3.41293674e-01 0.00000000e+00
3.41609248e-01 0.00000000e+00
3.41924823e-01 0.00000000e+00
3.42240397e-01 0.00000000e+00
3.42555971e-01 0.00000000e+00
3.42871546e-01 0.00000000e+00
3.43187120e-01 0.00000000e+00
3.43502694e-01 0.00000000e+00
3.43818269e-01 0.00000000e+00
3.44133843e-01 0.00000000e+00
3.44449417e-01 0.00000000e+00
3.44764992e-01 0.00000000e+00
3.45080566e-01 0.00000000e+00
3.45396141e-01 0.00000000e+00
3.45711715e-01 0.00000000e+00
3.46027289e-01 0.00000000e+00
3.46342864e-01 0.00000000e+00
3.46658438e-01 0.00000000e+00
3.46974012e-01 0.00000000e+00
3.47289587e-01 0.00000000e+00
3.47605161e-01 0.00000000e+00
3.47920735e-01 0.00000000e+00
3.48236310e-01 0.00000000e+00
3.48551884e-01 0.00000000e+00
3.48867458e-01 0.00000000e+00
3.49183033e-01 0.00000000e+00
3.49498607e-01 0.00000000e+00
3.49814182e-01 0.00000000e+00
3.50129756e-01 0.00000000e+00
3.50445330e-01 0.00000000e+00
3.50760905e-01 0.00000000e+00
3.51076479e-01 0.00000000e+00
3.51392053e-01 0.00000000e+00
3.51707628e-01 0.00000000e+00
3.52023202e-01 0.00000000e+00
3.52338776e-01 0.00000000e+00
3.52654351e-01 0.00000000e+00
3.52969925e-01 0.00000000e+00
3.53285500e-01 0.00000000e+00
3.53601074e-01 0.00000000e+00
3.53916648e-01 0.00000000e+00
3.54232223e-01 0.00000000e+00
3.54547797e-01 0.00000000e+00
3.54863371e-01 0.00000000e+00
3.55178946e-01 0.00000000e+00
3.55494520e-01 0.00000000e+00
3.55810094e-01 0.00000000e+00
3.56125669e-01 0.00000000e+00
3.56441243e-01 0.00000000e+00
3.56756818e-01 0.00000000e+00
3.57072392e-01 0.00000000e+00
3.57387966e-01 0.00000000e+00
3.57703541e-01 0.00000000e+00
3.58019115e-01 0.00000000e+00
3.58334689e-01 0.00000000e+00
3.58650264e-01 0.00000000e+00
3.58965838e-01 0.00000000e+00
3.59281412e-01 0.00000000e+00
3.59596987e-01 0.00000000e+00
3.59912561e-01 0.00000000e+00
3.60228136e-01 0.00000000e+00
3.60543710e-01 0.00000000e+00
3.60859284e-01 0.00000000e+00
3.61174859e-01 0.00000000e+00
3.61490433e-01 0.00000000e+00
3.61806007e-01 0.00000000e+00
3.62121582e-01 0.00000000e+00
3.62437156e-01 0.00000000e+00
3.62752730e-01 0.00000000e+00
3.63068305e-01 0.00000000e+00
3.63383879e-01 0.00000000e+00
3.63699454e-01 0.00000000e+00
3.64015028e-01 0.00000000e+00
3.64330602e-01 0.00000000e+00
3.64646177e-01 0.00000000e+00
3.64961751e-01 0.00000000e+00
3.65277325e-01 0.00000000e+00
3.65592900e-01 0.00000000e+00
3.65908474e-01 0.00000000e+00
3.66224048e-01 0.00000000e+00
3.66539623e-01 0.00000000e+00
3.66855197e-01 0.00000000e+00
3.67170772e-01 0.00000000e+00
3.67486346e-01 0.00000000e+00
3.67801920e-01 0.00000000e+00
3.68117495e-01 0.00000000e+00
3.68433069e-01 0.00000000e+00
3.68748643e-01 0.00000000e+00
3.69064218e-01 0.00000000e+00
3.69379792e-01 0.00000000e+00
3.69695366e-01 0.00000000e+00
3.70010941e-01 0.00000000e+00
3.70326515e-01 0.00000000e+00
3.70642090e-01 0.00000000e+00
3.70957664e-01 0.00000000e+00
3.71273238e-01 0.00000000e+00
3.71588813e-01 0.00000000e+00
3.71904387e-01 0.00000000e+00
3.72219961e-01 0.00000000e+00
3.72535536e-01 0.00000000e+00
3.72851110e-01 0.00000000e+00
3.73166684e-01 0.00000000e+00
3.73482259e-01 0.00000000e+00
3.73797833e-01 0.00000000e+00
3.74113408e-01 0.00000000e+00
3.74428982e-01 0.00000000e+00
3.74744556e-01 0.00000000e+00
3.75060131e-01 0.00000000e+00
3.75375705e-01 0.00000000e+00
3.75691279e-01 0.00000000e+00
3.76006854e-01 0.00000000e+00
3.76322428e-01 0.00000000e+00
3.76638002e-01 0.00000000e+00
3.76953577e-01 0.00000000e+00
3.77269151e-01 0.00000000e+00
3.77584726e-01 0.00000000e+00
3.77900300e-01 0.00000000e+00
3.78215874e-01 0.00000000e+00
3.78531449e-01 0.00000000e+00
3.78847023e-01 0.00000000e+00
3.79162597e-01 0.00000000e+00
3.79478172e-01 0.00000000e+00
3.79793746e-01 0.00000000e+00
3.80109320e-01 0.00000000e+00
3.80424895e-01 0.00000000e+00
3.80740469e-01 0.00000000e+00
3.81056044e-01 0.00000000e+00
3.81371618e-01 0.00000000e+00
3.81687192e-01 0.00000000e+00
3.82002767e-01 0.00000000e+00
3.82318341e-01 0.00000000e+00
3.82633915e-01 0.00000000e+00
3.82949490e-01 0.00000000e+00
3.83265064e-01 0.00000000e+00
3.83580638e-01 0.00000000e+00
3.83896213e-01 0.00000000e+00
3.84211787e-01 0.00000000e+00
3.84527362e-01 0.00000000e+00
3.84842936e-01 0.00000000e+00
3.85158510e-01 0.00000000e+00
3.85474085e-01 0.00000000e+00
3.85789659e-01 0.00000000e+00
3.86105233e-01 0.00000000e+00
3.86420808e-01 0.00000000e+00
3.86736382e-01 0.00000000e+00
3.87051956e-01 0.00000000e+00
3.87367531e-01 0.00000000e+00
3.87683105e-01 0.00000000e+00
3.87998680e-01 0.00000000e+00
3.88314254e-01 0.00000000e+00
3.88629828e-01 0.00000000e+00
3.88945403e-01 0.00000000e+00
3.89260977e-01 0.00000000e+00
3.89576551e-01 0.00000000e+00
3.89892126e-01 0.00000000e+00
3.90207700e-01 0.00000000e+00
3.90523274e-01 0.00000000e+00
3.90838849e-01 0.00000000e+00
3.91154423e-01 0.00000000e+00
3.91469998e-01 0.00000000e+00
3.91785572e-01 0.00000000e+00
3.92101146e-01 0.00000000e+00
3.92416721e-01 0.00000000e+00
3.92732295e-01 0.00000000e+00
3.93047869e-01 0.00000000e+00
3.93363444e-01 0.00000000e+00
3.93679018e-01 0.00000000e+00
3.93994592e-01 0.00000000e+00
3.94310167e-01 0.00000000e+00
3.94625741e-01 0.00000000e+00
3.94941316e-01 0.00000000e+00
3.95256890e-01 0.00000000e+00
3.95572464e-01 0.00000000e+00
3.95888039e-01 0.00000000e+00
3.96203613e-01 0.00000000e+00
3.96519187e-01 0.00000000e+00
3.96834762e-01 0.00000000e+00
3.97150336e-01 0.00000000e+00
3.97465910e-01 0.00000000e+00
3.97781485e-01 0.00000000e+00
3.98097059e-01 0.00000000e+00
3.98412634e-01 0.00000000e+00
3.98728208e-01 0.00000000e+00
3.99043782e-01 0.00000000e+00
3.99359357e-01 0.00000000e+00
3.99674931e-01 0.00000000e+00
3.99990505e-01 0.00000000e+00
4.00306080e-01 0.00000000e+00
4.00621654e-01 0.00000000e+00
4.00937228e-01 0.00000000e+00
4.01252803e-01 0.00000000e+00
4.01568377e-01 0.00000000e+00
4.01883952e-01 0.00000000e+00
4.02199526e-01 0.00000000e+00
4.02515100e-01 0.00000000e+00
4.02830675e-01 0.00000000e+00
4.03146249e-01 0.00000000e+00
4.03461823e-01 0.00000000e+00
4.03777398e-01 0.00000000e+00
4.04092972e-01 0.00000000e+00
4.04408546e-01 0.00000000e+00
4.04724121e-01 0.00000000e+00
4.05039695e-01 0.00000000e+00
4.05355270e-01 0.00000000e+00
4.05670844e-01 0.00000000e+00
4.05986418e-01 0.00000000e+00
4.06301993e-01 0.00000000e+00
4.06617567e-01 0.00000000e+00
4.06933141e-01 0.00000000e+00
4.07248716e-01 0.00000000e+00
4.07564290e-01 0.00000000e+00
4.07879864e-01 0.00000000e+00
4.08195439e-01 0.00000000e+00
4.08511013e-01 0.00000000e+00
4.08826588e-01 0.00000000e+00
4.09142162e-01 0.00000000e+00
4.09457736e-01 0.00000000e+00
4.09773311e-01 0.00000000e+00
4.10088885e-01 0.00000000e+00
4.10404459e-01 0.00000000e+00
4.10720034e-01 0.00000000e+00
4.11035608e-01 0.00000000e+00
4.11351182e-01 0.00000000e+00
4.11666757e-01 0.00000000e+00
4.11982331e-01 0.00000000e+00
4.12297905e-01 0.00000000e+00
4.12613480e-01 0.00000000e+00
4.12929054e-01 0.00000000e+00
4.13244629e-01 0.00000000e+00
4.13560203e-01 0.00000000e+00
4.13875777e-01 0.00000000e+00
4.14191352e-01 0.00000000e+00
4.14506926e-01 0.00000000e+00
4.14822500e-01 0.00000000e+00
4.15138075e-01 0.00000000e+00
4.15453649e-01 0.00000000e+00
4.15769223e-01 0.00000000e+00
4.16084798e-01 0.00000000e+00
4.16400372e-01 0.00000000e+00
4.16715947e-01 0.00000000e+00
4.17031521e-01 0.00000000e+00
4.17347095e-01 0.00000000e+00
4.17662670e-01 0.00000000e+00
4.17978244e-01 0.00000000e+00
4.18293818e-01 0.00000000e+00
4.18609393e-01 0.00000000e+00
4.18924967e-01 0.00000000e+00
4.19240541e-01 0.00000000e+00
4.19556116e-01 0.00000000e+00
4.19871690e-01 0.00000000e+00
4.20187265e-01 0.00000000e+00
4.20502839e-01 0.00000000e+00
4.20818413e-01 0.00000000e+00
4.21133988e-01 0.00000000e+00
4.21449562e-01 0.00000000e+00
4.21765136e-01 0.00000000e+00
4.22080711e-01 0.00000000e+00
4.22396285e-01 0.00000000e+00
4.22711859e-01 0.00000000e+00
4.23027434e-01 0.00000000e+00
4.23343008e-01 0.00000000e+00
4.23658583e-01 0.00000000e+00
4.23974157e-01 0.00000000e+00
4.24289731e-01 0.00000000e+00
4.24605306e-01 0.00000000e+00
4.24920880e-01 0.00000000e+00
4.25236454e-01 0.00000000e+00
4.25552029e-01 0.00000000e+00
4.25867603e-01 0.00000000e+00
4.26183177e-01 0.00000000e+00
4.26498752e-01 0.00000000e+00
4.26814326e-01 0.00000000e+00
4.27129901e-01 0.00000000e+00
4.27445475e-01 0.00000000e+00
4.27761049e-01 0.00000000e+00
4.28076624e-01 0.00000000e+00
4.28392198e-01 0.00000000e+00
4.28707772e-01 0.00000000e+00
4.29023347e-01 0.00000000e+00
4.29338921e-01 0.00000000e+00
4.29654495e-01 0.00000000e+00
4.29970070e-01 0.00000000e+00
4.30285644e-01 0.00000000e+00
4.30601219e-01 0.00000000e+00
4.30916793e-01 0.00000000e+00
4.31232367e-01 0.00000000e+00
4.31547942e-01 0.00000000e+00
4.31863516e-01 0.00000000e+00
4.32179090e-01 0.00000000e+00
4.32494665e-01 0.00000000e+00
4.32810239e-01 0.00000000e+00
4.33125813e-01 0.00000000e+00
4.33441388e-01 0.00000000e+00
4.33756962e-01 0.00000000e+00
4.34072537e-01 0.00000000e+00
4.34388111e-01 0.00000000e+00
4.34703685e-01 0.00000000e+00
4.35019260e-01 0.00000000e+00
4.35334834e-01 0.00000000e+00
4.35650408e-01 0.00000000e+00
4.35965983e-01 0.00000000e+00
4.36281557e-01 0.00000000e+00
4.36597131e-01 0.00000000e+00
4.36912706e-01 0.00000000e+00
4.37228280e-01 0.00000000e+00
4.37543855e-01 0.00000000e+00
4.37859429e-01 0.00000000e+00
4.38175003e-01 0.00000000e+00
4.38490578e-01 0.00000000e+00
4.38806152e-01 0.00000000e+00
4.39121726e-01 0.00000000e+00
4.39437301e-01 0.00000000e+00
4.39752875e-01 0.00000000e+00
4.40068449e-01 0.00000000e+00
4.40384024e-01 0.00000000e+00
4.40699598e-01 0.00000000e+00
4.41015173e-01 0.00000000e+00
4.41330747e-01 0.00000000e+00
4.41646321e-01 0.00000000e+00
4.41961896e-01 0.00000000e+00
4.42277470e-01 0.00000000e+00
4.42593044e-01 0.00000000e+00
4.42908619e-01 0.00000000e+00
4.43224193e-01 0.00000000e+00
4.43539767e-01 0.00000000e+00
4.43855342e-01 0.00000000e+00
4.44170916e-01 0.00000000e+00
4.44486491e-01 0.00000000e+00
4.44802065e-01 0.00000000e+00
4.45117639e-01 0.00000000e+00
4.45433214e-01 0.00000000e+00
4.45748788e-01 0.00000000e+00
4.46064362e-01 0.00000000e+00
4.46379937e-01 0.00000000e+00
4.46695511e-01 0.00000000e+00
4.47011085e-01 0.00000000e+00
4.47326660e-01 0.00000000e+00
4.47642234e-01 0.00000000e+00
4.47957809e-01 0.00000000e+00
4.48273383e-01 0.00000000e+00
4.48588957e-01 0.00000000e+00
4.48904532e-01 0.00000000e+00
4.49220106e-01 0.00000000e+00
4.49535680e-01 0.00000000e+00
4.49851255e-01 0.00000000e+00
4.50166829e-01 0.00000000e+00
4.50482403e-01 0.00000000e+00
4.50797978e-01 0.00000000e+00
4.51113552e-01 0.00000000e+00
4.51429127e-01 0.00000000e+00
4.51744701e-01 0.00000000e+00
4.52060275e-01 0.00000000e+00
4.52375850e-01 0.00000000e+00
4.52691424e-01 0.00000000e+00
4.53006998e-01 0.00000000e+00
4.53322573e-01 0.00000000e+00
4.53638147e-01 0.00000000e+00
4.53953721e-01 0.00000000e+00
4.54269296e-01 0.00000000e+00
4.54584870e-01 0.00000000e+00
4.54900445e-01 0.00000000e+00
4.55216019e-01 0.00000000e+00
4.55531593e-01 0.00000000e+00
4.55847168e-01 0.00000000e+00
4.56162742e-01 0.00000000e+00
4.56478316e-01 0.00000000e+00
4.56793891e-01 0.00000000e+00
4.57109465e-01 0.00000000e+00
4.57425039e-01 0.00000000e+00
4.57740614e-01 0.00000000e+00
4.58056188e-01 0.00000000e+00
4.58371763e-01 0.00000000e+00
4.58687337e-01 0.00000000e+00
4.59002911e-01 0.00000000e+00
4.59318486e-01 0.00000000e+00
4.59634060e-01 0.00000000e+00
4.59949634e-01 0.00000000e+00
4.60265209e-01 0.00000000e+00
4.60580783e-01 0.00000000e+00
4.60896357e-01 0.00000000e+00
4.61211932e-01 0.00000000e+00
4.61527506e-01 0.00000000e+00
4.61843081e-01 0.00000000e+00
4.62158655e-01 0.00000000e+00
4.62474229e-01 0.00000000e+00
4.62789804e-01 0.00000000e+00
4.63105378e-01 0.00000000e+00
4.63420952e-01 0.00000000e+00
4.63736527e-01 0.00000000e+00
4.64052101e-01 0.00000000e+00
4.64367675e-01 0.00000000e+00
4.64683250e-01 0.00000000e+00
4.64998824e-01 0.00000000e+00
4.65314399e-01 0.00000000e+00
4.65629973e-01 0.00000000e+00
4.65945547e-01 0.00000000e+00
4.66261122e-01 0.00000000e+00
4.66576696e-01 0.00000000e+00
4.66892270e-01 0.00000000e+00
4.67207845e-01 0.00000000e+00
4.67523419e-01 0.00000000e+00
4.67838993e-01 0.00000000e+00
4.68154568e-01 0.00000000e+00
4.68470142e-01 0.00000000e+00
4.68785717e-01 0.00000000e+00
4.69101291e-01 0.00000000e+00
4.69416865e-01 0.00000000e+00
4.69732440e-01 0.00000000e+00
4.70048014e-01 0.00000000e+00
4.70363588e-01 0.00000000e+00
4.70679163e-01 0.00000000e+00
4.70994737e-01 0.00000000e+00
4.71310311e-01 0.00000000e+00
4.71625886e-01 0.00000000e+00
4.71941460e-01 0.00000000e+00
4.72257034e-01 0.00000000e+00
4.72572609e-01 0.00000000e+00
4.72888183e-01 0.00000000e+00
4.73203758e-01 0.00000000e+00
4.73519332e-01 0.00000000e+00
4.73834906e-01 0.00000000e+00
4.74150481e-01 0.00000000e+00
4.74466055e-01 0.00000000e+00
4.74781629e-01 0.00000000e+00
4.75097204e-01 0.00000000e+00
4.75412778e-01 0.00000000e+00
4.75728352e-01 0.00000000e+00
4.76043927e-01 0.00000000e+00
4.76359501e-01 0.00000000e+00
4.76675076e-01 0.00000000e+00
4.76990650e-01 0.00000000e+00
4.77306224e-01 0.00000000e+00
4.77621799e-01 0.00000000e+00
4.77937373e-01 0.00000000e+00
4.78252947e-01 0.00000000e+00
4.78568522e-01 0.00000000e+00
4.78884096e-01 0.00000000e+00
4.79199670e-01 0.00000000e+00
4.79515245e-01 0.00000000e+00
4.79830819e-01 0.00000000e+00
4.80146394e-01 0.00000000e+00
4.80461968e-01 0.00000000e+00
4.80777542e-01 0.00000000e+00
4.81093117e-01 0.00000000e+00
4.81408691e-01 0.00000000e+00
4.81724265e-01 0.00000000e+00
4.82039840e-01 0.00000000e+00
4.82355414e-01 0.00000000e+00
4.82670988e-01 0.00000000e+00
4.82986563e-01 0.00000000e+00
4.83302137e-01 0.00000000e+00
4.83617712e-01 0.00000000e+00
4.83933286e-01 0.00000000e+00
4.84248860e-01 0.00000000e+00
4.84564435e-01 0.00000000e+00
4.84880009e-01 0.00000000e+00
4.85195583e-01 0.00000000e+00
4.85511158e-01 0.00000000e+00
4.85826732e-01 0.00000000e+00
4.86142306e-01 0.00000000e+00
4.86457881e-01 0.00000000e+00
4.86773455e-01 0.00000000e+00
4.87089030e-01 0.00000000e+00
4.87404604e-01 0.00000000e+00
4.87720178e-01 0.00000000e+00
4.88035753e-01 0.00000000e+00
4.88351327e-01 0.00000000e+00
4.88666901e-01 0.00000000e+00
4.88982476e-01 0.00000000e+00
4.89298050e-01 0.00000000e+00
4.89613624e-01 0.00000000e+00
4.89929199e-01 0.00000000e+00
4.90244773e-01 0.00000000e+00
4.90560348e-01 0.00000000e+00
4.90875922e-01 0.00000000e+00
4.91191496e-01 0.00000000e+00
4.91507071e-01 0.00000000e+00
4.91822645e-01 0.00000000e+00
4.92138219e-01 0.00000000e+00
4.92453794e-01 0.00000000e+00
4.92769368e-01 0.00000000e+00
4.93084942e-01 0.00000000e+00
4.93400517e-01 0.00000000e+00
4.93716091e-01 0.00000000e+00
4.94031666e-01 0.00000000e+00
4.94347240e-01 0.00000000e+00
4.94662814e-01 0.00000000e+00
4.94978389e-01 0.00000000e+00
4.95293963e-01 0.00000000e+00
4.95609537e-01 0.00000000e+00
4.95925112e-01 0.00000000e+00
4.96240686e-01 0.00000000e+00
4.96556260e-01 0.00000000e+00
4.96871835e-01 0.00000000e+00
4.97187409e-01 0.00000000e+00
4.97502984e-01 0.00000000e+00
4.97818558e-01 0.00000000e+00
4.98134132e-01 0.00000000e+00
4.98449707e-01 0.00000000e+00
4.98765281e-01 0.00000000e+00
4.99080855e-01 0.00000000e+00
4.99396430e-01 0.00000000e+00
4.99712004e-01 0.00000000e+00
5.00027578e-01 0.00000000e+00
0.00000000e+00 1.57787182e-04
0.00000000e+00 4.73361545e-04
0.00000000e+00 7.88935908e-04
0.00000000e+00 1.10451027e-03
0.00000000e+00 1.42008463e-03
0.00000000e+00 1.73565900e-03
0.00000000e+00 2.05123336e-03
0.00000000e+00 2.36680772e-03
0.00000000e+00 2.68238209e-03
0.00000000e+00 2.99795645e-03
0.00000000e+00 3.31353081e-03
0.00000000e+00 3.62910518e-03
0.00000000e+00 3.94467954e-03
0.00000000e+00 4.26025390e-03
0.00000000e+00 4.57582827e-03
0.00000000e+00 4.89140263e-03
0.00000000e+00 5.20697699e-03
0.00000000e+00 5.52255136e-03
0.00000000e+00 5.83812572e-03
0.00000000e+00 6.15370008e-03
0.00000000e+00 6.46927445e-03
0.00000000e+00 6.78484881e-03
0.00000000e+00 7.10042317e-03
0.00000000e+00 7.41599753e-03
0.00000000e+00 7.73157190e-03
0.00000000e+00 8.04714626e-03
0.00000000e+00 8.36272062e-03
0.00000000e+00 8.67829499e-03
0.00000000e+00 8.99386935e-03
0.00000000e+00 9.30944371e-03
0.00000000e+00 9.62501808e-03
0.00000000e+00 9.94059244e-03
0.00000000e+00 1.02561668e-02
0.00000000e+00 1.05717412e-02
0.00000000e+00 1.08873155e-02
0.00000000e+00 1.12028899e-02
0.00000000e+00 1.15184643e-02
0.00000000e+00 1.18340386e-02
0.00000000e+00 1.21496130e-02
0.00000000e+00 1.24651873e-02
0.00000000e+00 1.27807617e-02
0.00000000e+00 1.30963361e-02
0.00000000e+00 1.34119104e-02
0.00000000e+00 1.37274848e-02
0.00000000e+00 1.40430592e-02
0.00000000e+00 1.43586335e-02
0.00000000e+00 1.46742079e-02
0.00000000e+00 1.49897823e-02
0.00000000e+00 1.53053566e-02
0.00000000e+00 1.56209310e-02
0.00000000e+00 1.59365053e-02
0.00000000e+00 1.62520797e-02
0.00000000e+00 1.65676541e-02
0.00000000e+00 1.68832284e-02
0.00000000e+00 1.71988028e-02
0.00000000e+00 1.75143772e-02
0.00000000e+00 1.78299515e-02
0.00000000e+00 1.81455259e-02
0.00000000e+00 1.84611002e-02
0.00000000e+00 1.87766746e-02
0.00000000e+00 1.90922490e-02
0.00000000e+00 1.94078233e-02
0.00000000e+00 1.97233977e-02
0.00000000e+00 2.00389721e-02
0.00000000e+00 2.03545464e-02
0.00000000e+00 2.06701208e-02
0.00000000e+00 2.09856952e-02
0.00000000e+00 2.13012695e-02
0.00000000e+00 2.16168439e-02
0.00000000e+00 2.19324182e-02
0.00000000e+00 2.22479926e-02
0.00000000e+00 2.25635670e-02
0.00000000e+00 2.28791413e-02
0.00000000e+00 2.31947157e-02
0.00000000e+00 2.35102901e-02
0.00000000e+00 2.38258644e-02
0.00000000e+00 2.41414388e-02
0.00000000e+00 2.44570131e-02
0.00000000e+00 2.47725875e-02
0.00000000e+00 2.50881619e-02
0.00000000e+00 2.54037362e-02
0.00000000e+00 2.57193106e-02
0.00000000e+00 2.60348850e-02
0.00000000e+00 2.63504593e-02
0.00000000e+00 2.66660337e-02
0.00000000e+00 2.69816081e-02
0.00000000e+00 2.72971824e-02
0.00000000e+00 2.76127568e-02
0.00000000e+00 2.79283311e-02
0.00000000e+00 2.82439055e-02
0.00000000e+00 2.85594799e-02
0.00000000e+00 2.88750542e-02
0.00000000e+00 2.91906286e-02
0.00000000e+00 2.95062030e-02
0.00000000e+00 2.98217773e-02
0.00000000e+00 3.01373517e-02
0.00000000e+00 3.04529260e-02
0.00000000e+00 3.07685004e-02
0.00000000e+00 3.10840748e-02
0.00000000e+00 3.13996491e-02
0.00000000e+00 3.17152235e-02
0.00000000e+00 3.20307979e-02
0.00000000e+00 3.23463722e-02
0.00000000e+00 3.26619466e-02
0.00000000e+00 3.29775210e-02
0.00000000e+00 3.32930953e-02
0.00000000e+00 3.36086697e-02
0.00000000e+00 3.39242440e-02
0.00000000e+00 3.42398184e-02
0.00000000e+00 3.45553928e-02
0.00000000e+00 3.48709671e-02
0.00000000e+00 3.51865415e-02
0.00000000e+00 3.55021159e-02
0.00000000e+00 3.58176902e-02
0.00000000e+00 3.61332646e-02
0.00000000e+00 3.64488389e-02
0.00000000e+00 3.67644133e-02
0.00000000e+00 3.70799877e-02
0.00000000e+00 3.73955620e-02
0.00000000e+00 3.77111364e-02
0.00000000e+00 3.80267108e-02
0.00000000e+00 3.83422851e-02
0.00000000e+00 3.86578595e-02
0.00000000e+00 3.89734339e-02
0.00000000e+00 3.92890082e-02
0.00000000e+00 3.96045826e-02
0.00000000e+00 3.99201569e-02
0.00000000e+00 4.02357313e-02
0.00000000e+00 4.05513057e-02
0.00000000e+00 4.08668800e-02
0.00000000e+00 4.11824544e-02
0.00000000e+00 4.14980288e-02
0.00000000e+00 4.18136031e-02
0.00000000e+00 4.21291775e-02
0.00000000e+00 4.24447518e-02
0.00000000e+00 4.27603262e-02
0.00000000e+00 4.30759006e-02
0.00000000e+00 4.33914749e-02
0.00000000e+00 4.37070493e-02
0.00000000e+00 4.40226237e-02
0.00000000e+00 4.43381980e-02
0.00000000e+00 4.46537724e-02
0.00000000e+00 4.49693468e-02
0.00000000e+00 4.52849211e-02
0.00000000e+00 4.56004955e-02
0.00000000e+00 4.59160698e-02
0.00000000e+00 4.62316442e-02
0.00000000e+00 4.65472186e-02
0.00000000e+00 4.68627929e-02
0.00000000e+00 4.71783673e-02
0.00000000e+00 4.74939417e-02
0.00000000e+00 4.78095160e-02
0.00000000e+00 4.81250904e-02
0.00000000e+00 4.84406647e-02
0.00000000e+00 4.87562391e-02
0.00000000e+00 4.90718135e-02
0.00000000e+00 4.93873878e-02
0.00000000e+00 4.97029622e-02
0.00000000e+00 5.00185366e-02
0.00000000e+00 5.03341109e-02
0.00000000e+00 5.06496853e-02
0.00000000e+00 5.09652597e-02
0.00000000e+00 5.12808340e-02
0.00000000e+00 5.15964084e-02
0.00000000e+00 5.19119827e-02
0.00000000e+00 5.22275571e-02
0.00000000e+00 5.25431315e-02
0.00000000e+00 5.28587058e-02
0.00000000e+00 5.31742802e-02
0.00000000e+00 5.34898546e-02
0.00000000e+00 5.38054289e-02
0.00000000e+00 5.41210033e-02
0.00000000e+00 5.44365776e-02
0.00000000e+00 5.47521520e-02
0.00000000e+00 5.50677264e-02
0.00000000e+00 5.53833007e-02
0.00000000e+00 5.56988751e-02
0.00000000e+00 5.60144495e-02
0.00000000e+00 5.63300238e-02
0.00000000e+00 5.66455982e-02
0.00000000e+00 5.69611726e-02
0.00000000e+00 5.72767469e-02
0.00000000e+00 5.75923213e-02
0.00000000e+00 5.79078956e-02
0.00000000e+00 5.82234700e-02
0.00000000e+00 5.85390444e-02
0.00000000e+00 5.88546187e-02
0.00000000e+00 5.91701931e-02
0.00000000e+00 5.94857675e-02
0.00000000e+00 5.98013418e-02
0.00000000e+00 6.01169162e-02
0.00000000e+00 6.04324905e-02
0.00000000e+00 6.07480649e-02
0.00000000e+00 6.10636393e-02
0.00000000e+00 6.13792136e-02
0.00000000e+00 6.16947880e-02
0.00000000e+00 6.20103624e-02
0.00000000e+00 6.23259367e-02
0.00000000e+00 6.26415111e-02
0.00000000e+00 6.29570855e-02
0.00000000e+00 6.32726598e-02
0.00000000e+00 6.35882342e-02
0.00000000e+00 6.39038085e-02
0.00000000e+00 6.42193829e-02
0.00000000e+00 6.45349573e-02
0.00000000e+00 6.48505316e-02
0.00000000e+00 6.51661060e-02
0.00000000e+00 6.54816804e-02
0.00000000e+00 6.57972547e-02
0.00000000e+00 6.61128291e-02
0.00000000e+00 6.64284034e-02
0.00000000e+00 6.67439778e-02
0.00000000e+00 6.70595522e-02
0.00000000e+00 6.73751265e-02
0.00000000e+00 6.76907009e-02
0.00000000e+00 6.80062753e-02
0.00000000e+00 6.83218496e-02
0.00000000e+00 6.86374240e-02
0.00000000e+00 6.89529984e-02
0.00000000e+00 6.92685727e-02
0.00000000e+00 6.95841471e-02
0.00000000e+00 6.98997214e-02
0.00000000e+00 7.02152958e-02
0.00000000e+00 7.05308702e-02
0.00000000e+00 7.08464445e-02
0.00000000e+00 7.11620189e-02
0.00000000e+00 7.14775933e-02
0.00000000e+00 7.17931676e-02
0.00000000e+00 7.21087420e-02
0.00000000e+00 7.24243163e-02
0.00000000e+00 7.27398907e-02
0.00000000e+00 7.30554651e-02
0.00000000e+00 7.33710394e-02
0.00000000e+00 7.36866138e-02
0.00000000e+00 7.40021882e-02
0.00000000e+00 7.43177625e-02
0.00000000e+00 7.46333369e-02
0.00000000e+00 7.49489113e-02
0.00000000e+00 7.52644856e-02
0.00000000e+00 7.55800600e-02
0.00000000e+00 7.58956343e-02
0.00000000e+00 7.62112087e-02
0.00000000e+00 7.65267831e-02
0.00000000e+00 7.68423574e-02
0.00000000e+00 7.71579318e-02
0.00000000e+00 7.74735062e-02
0.00000000e+00 7.77890805e-02
0.00000000e+00 7.81046549e-02
0.00000000e+00 7.84202293e-02
0.00000000e+00 7.87358036e-02
0.00000000e+00 7.90513780e-02
0.00000000e+00 7.93669523e-02
0.00000000e+00 7.96825267e-02
0.00000000e+00 7.99981011e-02
0.00000000e+00 8.03136754e-02
0.00000000e+00 8.06292498e-02
0.00000000e+00 8.09448242e-02
0.00000000e+00 8.12603985e-02
0.00000000e+00 8.15759729e-02
0.00000000e+00 8.18915472e-02
0.00000000e+00 8.22071216e-02
0.00000000e+00 8.25226960e-02
0.00000000e+00 8.28382703e-02
0.00000000e+00 8.31538447e-02
0.00000000e+00 8.34694191e-02
0.00000000e+00 8.37849934e-02
0.00000000e+00 8.41005678e-02
0.00000000e+00 8.44161422e-02
0.00000000e+00 8.47317165e-02
0.00000000e+00 8.50472909e-02
0.00000000e+00 8.53628652e-02
0.00000000e+00 8.56784396e-02
0.00000000e+00 8.59940140e-02
0.00000000e+00 8.63095883e-02
0.00000000e+00 8.66251627e-02
0.00000000e+00 8.69407371e-02
0.00000000e+00 8.72563114e-02
0.00000000e+00 8.75718858e-02
0.00000000e+00 8.78874601e-02
0.00000000e+00 8.82030345e-02
0.00000000e+00 8.85186089e-02
0.00000000e+00 8.88341832e-02
0.00000000e+00 8.91497576e-02
0.00000000e+00 8.94653320e-02
0.00000000e+00 8.97809063e-02
0.00000000e+00 9.00964807e-02
0.00000000e+00 9.04120551e-02
0.00000000e+00 9.07276294e-02
0.00000000e+00 9.10432038e-02
0.00000000e+00 9.13587781e-02
0.00000000e+00 9.16743525e-02
0.00000000e+00 9.19899269e-02
0.00000000e+00 9.23055012e-02
0.00000000e+00 9.26210756e-02
0.00000000e+00 9.29366500e-02
0.00000000e+00 9.32522243e-02
0.00000000e+00 9.35677987e-02
0.00000000e+00 9.38833730e-02
0.00000000e+00 9.41989474e-02
0.00000000e+00 9.45145218e-02
0.00000000e+00 9.48300961e-02
0.00000000e+00 9.51456705e-02
0.00000000e+00 9.54612449e-02
0.00000000e+00 9.57768192e-02
0.00000000e+00 9.60923936e-02
0.00000000e+00 9.64079680e-02
0.00000000e+00 9.67235423e-02
0.00000000e+00 9.70391167e-02
0.00000000e+00 9.73546910e-02
0.00000000e+00 9.76702654e-02
0.00000000e+00 9.79858398e-02
0.00000000e+00 9.83014141e-02
0.00000000e+00 9.86169885e-02
0.00000000e+00 9.89325629e-02
0.00000000e+00 9.92481372e-02
0.00000000e+00 9.95637116e-02
0.00000000e+00 9.98792859e-02
0.00000000e+00 1.00194860e-01
0.00000000e+00 1.00510435e-01
0.00000000e+00 1.00826009e-01
0.00000000e+00 1.01141583e-01
0.00000000e+00 1.01457158e-01
0.00000000e+00 1.01772732e-01
0.00000000e+00 1.02088306e-01
0.00000000e+00 1.02403881e-01
0.00000000e+00 1.02719455e-01
0.00000000e+00 1.03035030e-01
0.00000000e+00 1.03350604e-01
0.00000000e+00 1.03666178e-01
0.00000000e+00 1.03981753e-01
0.00000000e+00 1.04297327e-01
0.00000000e+00 1.04612901e-01
0.00000000e+00 1.04928476e-01
0.00000000e+00 1.05244050e-01
0.00000000e+00 1.05559624e-01
0.00000000e+00 1.05875199e-01
0.00000000e+00 1.06190773e-01
0.00000000e+00 1.06506348e-01
0.00000000e+00 1.06821922e-01
0.00000000e+00 1.07137496e-01
0.00000000e+00 1.07453071e-01
0.00000000e+00 1.07768645e-01
0.00000000e+00 1.08084219e-01
0.00000000e+00 1.08399794e-01
0.00000000e+00 1.08715368e-01
0.00000000e+00 1.09030942e-01
0.00000000e+00 1.09346517e-01
0.00000000e+00 1.09662091e-01
0.00000000e+00 1.09977666e-01
0.00000000e+00 1.10293240e-01
0.00000000e+00 1.10608814e-01
0.00000000e+00 1.10924389e-01
0.00000000e+00 1.11239963e-01
0.00000000e+00 1.11555537e-01
0.00000000e+00 1.11871112e-01
0.00000000e+00 1.12186686e-01
0.00000000e+00 1.12502260e-01
0.00000000e+00 1.12817835e-01
0.00000000e+00 1.13133409e-01
0.00000000e+00 1.13448984e-01
0.00000000e+00 1.13764558e-01
0.00000000e+00 1.14080132e-01
0.00000000e+00 1.14395707e-01
0.00000000e+00 1.14711281e-01
0.00000000e+00 1.15026855e-01
0.00000000e+00 1.15342430e-01
0.00000000e+00 1.15658004e-01
0.00000000e+00 1.15973578e-01
0.00000000e+00 1.16289153e-01
0.00000000e+00 1.16604727e-01
0.00000000e+00 1.16920302e-01
0.00000000e+00 1.17235876e-01
0.00000000e+00 1.17551450e-01
0.00000000e+00 1.17867025e-01
0.00000000e+00 1.18182599e-01
0.00000000e+00 1.18498173e-01
0.00000000e+00 1.18813748e-01
0.00000000e+00 1.19129322e-01
0.00000000e+00 1.19444896e-01
0.00000000e+00 1.19760471e-01
0.00000000e+00 1.20076045e-01
0.00000000e+00 1.20391620e-01
0.00000000e+00 1.20707194e-01
0.00000000e+00 1.21022768e-01
0.00000000e+00 1.21338343e-01
0.00000000e+00 1.21653917e-01
0.00000000e+00 1.21969491e-01
0.00000000e+00 1.22285066e-01
0.00000000e+00 1.22600640e-01
0.00000000e+00 1.22916214e-01
0.00000000e+00 1.23231789e-01
0.00000000e+00 1.23547363e-01
0.00000000e+00 1.23862938e-01
0.00000000e+00 1.24178512e-01
0.00000000e+00 1.24494086e-01
0.00000000e+00 1.24809661e-01
0.00000000e+00 1.25125235e-01
0.00000000e+00 1.25440809e-01
0.00000000e+00 1.25756384e-01
0.00000000e+00 1.26071958e-01
0.00000000e+00 1.26387532e-01
0.00000000e+00 1.26703107e-01
0.00000000e+00 1.27018681e-01
0.00000000e+00 1.27334256e-01
0.00000000e+00 1.27649830e-01
0.00000000e+00 1.27965404e-01
0.00000000e+00 1.28280979e-01
0.00000000e+00 1.28596553e-01
0.00000000e+00 1.28912127e-01
0.00000000e+00 1.29227702e-01
0.00000000e+00 1.29543276e-01
0.00000000e+00 1.29858850e-01
0.00000000e+00 1.30174425e-01
0.00000000e+00 1.30489999e-01
0.00000000e+00 1.30805574e-01
0.00000000e+00 1.31121148e-01
0.00000000e+00 1.31436722e-01
0.00000000e+00 1.31752297e-01
0.00000000e+00 1.32067871e-01
0.00000000e+00 1.32383445e-01
0.00000000e+00 1.32699020e-01
0.00000000e+00 1.33014594e-01
0.00000000e+00 1.33330168e-01
0.00000000e+00 1.33645743e-01
0.00000000e+00 1.33961317e-01
0.00000000e+00 1.34276892e-01
0.00000000e+00 1.34592466e-01
0.00000000e+00 1.34908040e-01
0.00000000e+00 1.35223615e-01
0.00000000e+00 1.35539189e-01
0.00000000e+00 1.35854763e-01
0.00000000e+00 1.36170338e-01
0.00000000e+00 1.36485912e-01
0.00000000e+00 1.36801486e-01
0.00000000e+00 1.37117061e-01
0.00000000e+00 1.37432635e-01
0.00000000e+00 1.37748210e-01
0.00000000e+00 1.38063784e-01
0.00000000e+00 1.38379358e-01
0.00000000e+00 1.38694933e-01
0.00000000e+00 1.39010507e-01
0.00000000e+00 1.39326081e-01
0.00000000e+00 1.39641656e-01
0.00000000e+00 1.39957230e-01
0.00000000e+00 1.40272804e-01
0.00000000e+00 1.40588379e-01
0.00000000e+00 1.40903953e-01
0.00000000e+00 1.41219528e-01
0.00000000e+00 1.41535102e-01
0.00000000e+00 1.41850676e-01
0.00000000e+00 1.42166251e-01
0.00000000e+00 1.42481825e-01
0.00000000e+00 1.42797399e-01
0.00000000e+00 1.43112974e-01
0.00000000e+00 1.43428548e-01
0.00000000e+00 1.43744122e-01
0.00000000e+00 1.44059697e-01
0.00000000e+00 1.44375271e-01
0.00000000e+00 1.44690846e-01
0.00000000e+00 1.45006420e-01
0.00000000e+00 1.45321994e-01
0.00000000e+00 1.45637569e-01
0.00000000e+00 1.45953143e-01
0.00000000e+00 1.46268717e-01
0.00000000e+00 1.46584292e-01
0.00000000e+00 1.46899866e-01
0.00000000e+00 1.47215440e-01
0.00000000e+00 1.47531015e-01
0.00000000e+00 1.47846589e-01
0.00000000e+00 1.48162164e-01
0.00000000e+00 1.48477738e-01
0.00000000e+00 1.48793312e-01
0.00000000e+00 1.49108887e-01
0.00000000e+00 1.49424461e-01
0.00000000e+00 1.49740035e-01
0.00000000e+00 1.50055610e-01
0.00000000e+00 1.50371184e-01
0.00000000e+00 1.50686758e-01
0.00000000e+00 1.51002333e-01
0.00000000e+00 1.51317907e-01
0.00000000e+00 1.51633482e-01
0.00000000e+00 1.51949056e-01
0.00000000e+00 1.52264630e-01
0.00000000e+00 1.52580205e-01
0.00000000e+00 1.52895779e-01
0.00000000e+00 1.53211353e-01
0.00000000e+00 1.53526928e-01
0.00000000e+00 1.53842502e-01
0.00000000e+00 1.54158076e-01
0.00000000e+00 1.54473651e-01
0.00000000e+00 1.54789225e-01
0.00000000e+00 1.55104800e-01
0.00000000e+00 1.55420374e-01
0.00000000e+00 1.55735948e-01
0.00000000e+00 1.56051523e-01
0.00000000e+00 1.56367097e-01
0.00000000e+00 1.56682671e-01
0.00000000e+00 1.56998246e-01
0.00000000e+00 1.57313820e-01
0.00000000e+00 1.57629394e-01
0.00000000e+00 1.57944969e-01
0.00000000e+00 1.58260543e-01
0.00000000e+00 1.58576117e-01
0.00000000e+00 1.58891692e-01
0.00000000e+00 1.59207266e-01
0.00000000e+00 1.59522841e-01
0.00000000e+00 1.59838415e-01
0.00000000e+00 1.60153989e-01
0.00000000e+00 1.60469564e-01
0.00000000e+00 1.60785138e-01
0.00000000e+00 1.61100712e-01
0.00000000e+00 1.61416287e-01
0.00000000e+00 1.61731861e-01
0.00000000e+00 1.62047435e-01
0.00000000e+00 1.62363010e-01
0.00000000e+00 1.62678584e-01
0.00000000e+00 1.62994159e-01
0.00000000e+00 1.63309733e-01
0.00000000e+00 1.63625307e-01
0.00000000e+00 1.63940882e-01
0.00000000e+00 1.64256456e-01
0.00000000e+00 1.64572030e-01
0.00000000e+00 1.64887605e-01
0.00000000e+00 1.65203179e-01
0.00000000e+00 1.65518753e-01
0.00000000e+00 1.65834328e-01
0.00000000e+00 1.66149902e-01
0.00000000e+00 1.66465477e-01
0.00000000e+00 1.66781051e-01
0.00000000e+00 1.67096625e-01
0.00000000e+00 1.67412200e-01
0.00000000e+00 1.67727774e-01
0.00000000e+00 1.68043348e-01
0.00000000e+00 1.68358923e-01
0.00000000e+00 1.68674497e-01
0.00000000e+00 1.68990071e-01
0.00000000e+00 1.69305646e-01
0.00000000e+00 1.69621220e-01
0.00000000e+00 1.69936795e-01
0.00000000e+00 1.70252369e-01
0.00000000e+00 1.70567943e-01
0.00000000e+00 1.70883518e-01
0.00000000e+00 1.71199092e-01
0.00000000e+00 1.71514666e-01
0.00000000e+00 1.71830241e-01
0.00000000e+00 1.72145815e-01
0.00000000e+00 1.72461389e-01
0.00000000e+00 1.72776964e-01
0.00000000e+00 1.73092538e-01
0.00000000e+00 1.73408113e-01
0.00000000e+00 1.73723687e-01
0.00000000e+00 1.74039261e-01
0.00000000e+00 1.74354836e-01
0.00000000e+00 1.74670410e-01
0.00000000e+00 1.74985984e-01
0.00000000e+00 1.75301559e-01
0.00000000e+00 1.75617133e-01
0.00000000e+00 1.75932707e-01
0.00000000e+00 1.76248282e-01
0.00000000e+00 1.76563856e-01
0.00000000e+00 1.76879431e-01
0.00000000e+00 1.77195005e-01
0.00000000e+00 1.77510579e-01
0.00000000e+00 1.77826154e-01
0.00000000e+00 1.78141728e-01
0.00000000e+00 1.78457302e-01
0.00000000e+00 1.78772877e-01
0.00000000e+00 1.79088451e-01
0.00000000e+00 1.79404025e-01
0.00000000e+00 1.79719600e-01
0.00000000e+00 1.80035174e-01
0.00000000e+00 1.80350749e-01
0.00000000e+00 1.80666323e-01
0.00000000e+00 1.80981897e-01
0.00000000e+00 1.81297472e-01
0.00000000e+00 1.81613046e-01
0.00000000e+00 1.81928620e-01
0.00000000e+00 1.82244195e-01
0.00000000e+00 1.82559769e-01
0.00000000e+00 1.82875343e-01
0.00000000e+00 1.83190918e-01
0.00000000e+00 1.83506492e-01
0.00000000e+00 1.83822067e-01
0.00000000e+00 1.84137641e-01
0.00000000e+00 1.84453215e-01
0.00000000e+00 1.84768790e-01
0.00000000e+00 1.85084364e-01
0.00000000e+00 1.85399938e-01
0.00000000e+00 1.85715513e-01
0.00000000e+00 1.86031087e-01
0.00000000e+00 1.86346661e-01
0.00000000e+00 1.86662236e-01
0.00000000e+00 1.86977810e-01
0.00000000e+00 1.87293385e-01
0.00000000e+00 1.87608959e-01
0.00000000e+00 1.87924533e-01
0.00000000e+00 1.88240108e-01
0.00000000e+00 1.88555682e-01
0.00000000e+00 1.88871256e-01
0.00000000e+00 1.89186831e-01
0.00000000e+00 1.89502405e-01
0.00000000e+00 1.89817979e-01
0.00000000e+00 1.90133554e-01
0.00000000e+00 1.90449128e-01
0.00000000e+00 1.90764703e-01
0.00000000e+00 1.91080277e-01
0.00000000e+00 1.91395851e-01
0.00000000e+00 1.91711426e-01
0.00000000e+00 1.92027000e-01
0.00000000e+00 1.92342574e-01
0.00000000e+00 1.92658149e-01
0.00000000e+00 1.92973723e-01
0.00000000e+00 1.93289297e-01
0.00000000e+00 1.93604872e-01
0.00000000e+00 1.93920446e-01
0.00000000e+00 1.94236021e-01
0.00000000e+00 1.94551595e-01
0.00000000e+00 1.94867169e-01
0.00000000e+00 1.95182744e-01
0.00000000e+00 1.95498318e-01
0.00000000e+00 1.95813892e-01
0.00000000e+00 1.96129467e-01
0.00000000e+00 1.96445041e-01
0.00000000e+00 1.96760615e-01
0.00000000e+00 1.97076190e-01
0.00000000e+00 1.97391764e-01
0.00000000e+00 1.97707339e-01
0.00000000e+00 1.98022913e-01
0.00000000e+00 1.98338487e-01
0.00000000e+00 1.98654062e-01
0.00000000e+00 1.98969636e-01
0.00000000e+00 1.99285210e-01
0.00000000e+00 1.99600785e-01
0.00000000e+00 1.99916359e-01
0.00000000e+00 2.00231933e-01
0.00000000e+00 2.00547508e-01
0.00000000e+00 2.00863082e-01
0.00000000e+00 2.01178657e-01
0.00000000e+00 2.01494231e-01
0.00000000e+00 2.01809805e-01
0.00000000e+00 2.02125380e-01
0.00000000e+00 2.02440954e-01
0.00000000e+00 2.02756528e-01
0.00000000e+00 2.03072103e-01
0.00000000e+00 2.03387677e-01
0.00000000e+00 2.03703251e-01
0.00000000e+00 2.04018826e-01
0.00000000e+00 2.04334400e-01
0.00000000e+00 2.04649975e-01
0.00000000e+00 2.04965549e-01
0.00000000e+00 2.05281123e-01
0.00000000e+00 2.05596698e-01
0.00000000e+00 2.05912272e-01
0.00000000e+00 2.06227846e-01
0.00000000e+00 2.06543421e-01
0.00000000e+00 2.06858995e-01
0.00000000e+00 2.07174569e-01
0.00000000e+00 2.07490144e-01
0.00000000e+00 2.07805718e-01
0.00000000e+00 2.08121293e-01
0.00000000e+00 2.08436867e-01
0.00000000e+00 2.08752441e-01
0.00000000e+00 2.09068016e-01
0.00000000e+00 2.09383590e-01
0.00000000e+00 2.09699164e-01
0.00000000e+00 2.10014739e-01
0.00000000e+00 2.10330313e-01
0.00000000e+00 2.10645887e-01
0.00000000e+00 2.10961462e-01
0.00000000e+00 2.11277036e-01
0.00000000e+00 2.11592611e-01
0.00000000e+00 2.11908185e-01
0.00000000e+00 2.12223759e-01
0.00000000e+00 2.12539334e-01
0.00000000e+00 2.12854908e-01
0.00000000e+00 2.13170482e-01
0.00000000e+00 2.13486057e-01
0.00000000e+00 2.13801631e-01
0.00000000e+00 2.14117205e-01
0.00000000e+00 2.14432780e-01
0.00000000e+00 2.14748354e-01
0.00000000e+00 2.15063929e-01
0.00000000e+00 2.15379503e-01
0.00000000e+00 2.15695077e-01
0.00000000e+00 2.16010652e-01
0.00000000e+00 2.16326226e-01
0.00000000e+00 2.16641800e-01
0.00000000e+00 2.16957375e-01
0.00000000e+00 2.17272949e-01
0.00000000e+00 2.17588523e-01
0.00000000e+00 2.17904098e-01
0.00000000e+00 2.18219672e-01
0.00000000e+00 2.18535247e-01
0.00000000e+00 2.18850821e-01
0.00000000e+00 2.19166395e-01
0.00000000e+00 2.19481970e-01
0.00000000e+00 2.19797544e-01
0.00000000e+00 2.20113118e-01
0.00000000e+00 2.20428693e-01
0.00000000e+00 2.20744267e-01
0.00000000e+00 2.21059841e-01
0.00000000e+00 2.21375416e-01
0.00000000e+00 2.21690990e-01
0.00000000e+00 2.22006564e-01
0.00000000e+00 2.22322139e-01
0.00000000e+00 2.22637713e-01
0.00000000e+00 2.22953288e-01
0.00000000e+00 2.23268862e-01
0.00000000e+00 2.23584436e-01
0.00000000e+00 2.23900011e-01
0.00000000e+00 2.24215585e-01
0.00000000e+00 2.24531159e-01
0.00000000e+00 2.24846734e-01
0.00000000e+00 2.25162308e-01
0.00000000e+00 2.25477882e-01
0.00000000e+00 2.25793457e-01
0.00000000e+00 2.26109031e-01
0.00000000e+00 2.26424606e-01
0.00000000e+00 2.26740180e-01
0.00000000e+00 2.27055754e-01
0.00000000e+00 2.27371329e-01
0.00000000e+00 2.27686903e-01
0.00000000e+00 2.28002477e-01
0.00000000e+00 2.28318052e-01
0.00000000e+00 2.28633626e-01
0.00000000e+00 2.28949200e-01
0.00000000e+00 2.29264775e-01
0.00000000e+00 2.29580349e-01
0.00000000e+00 2.29895924e-01
0.00000000e+00 2.30211498e-01
0.00000000e+00 2.30527072e-01
0.00000000e+00 2.30842647e-01
0.00000000e+00 2.31158221e-01
0.00000000e+00 2.31473795e-01
0.00000000e+00 2.31789370e-01
0.00000000e+00 2.32104944e-01
0.00000000e+00 2.32420518e-01
0.00000000e+00 2.32736093e-01
0.00000000e+00 2.33051667e-01
0.00000000e+00 2.33367242e-01
0.00000000e+00 2.33682816e-01
0.00000000e+00 2.33998390e-01
0.00000000e+00 2.34313965e-01
0.00000000e+00 2.34629539e-01
0.00000000e+00 2.34945113e-01
0.00000000e+00 2.35260688e-01
0.00000000e+00 2.35576262e-01
0.00000000e+00 2.35891836e-01
0.00000000e+00 2.36207411e-01
0.00000000e+00 2.36522985e-01
0.00000000e+00 2.36838560e-01
0.00000000e+00 2.37154134e-01
0.00000000e+00 2.37469708e-01
0.00000000e+00 2.37785283e-01
0.00000000e+00 2.38100857e-01
0.00000000e+00 2.38416431e-01
0.00000000e+00 2.38732006e-01
0.00000000e+00 2.39047580e-01
0.00000000e+00 2.39363154e-01
0.00000000e+00 2.39678729e-01
0.00000000e+00 2.39994303e-01
0.00000000e+00 2.40309878e-01
0.00000000e+00 2.40625452e-01
0.00000000e+00 2.40941026e-01
0.00000000e+00 2.41256601e-01
0.00000000e+00 2.41572175e-01
0.00000000e+00 2.41887749e-01
0.00000000e+00 2.42203324e-01
0.00000000e+00 2.42518898e-01
0.00000000e+00 2.42834472e-01
0.00000000e+00 2.43150047e-01
0.00000000e+00 2.43465621e-01
0.00000000e+00 2.43781196e-01
0.00000000e+00 2.44096770e-01
0.00000000e+00 2.44412344e-01
0.00000000e+00 2.44727919e-01
0.00000000e+00 2.45043493e-01
0.00000000e+00 2.45359067e-01
0.00000000e+00 2.45674642e-01
0.00000000e+00 2.45990216e-01
0.00000000e+00 2.46305790e-01
0.00000000e+00 2.46621365e-01
0.00000000e+00 2.46936939e-01
0.00000000e+00 2.47252514e-01
0.00000000e+00 2.47568088e-01
0.00000000e+00 2.47883662e-01
0.00000000e+00 2.48199237e-01
0.00000000e+00 2.48514811e-01
0.00000000e+00 2.48830385e-01
0.00000000e+00 2.49145960e-01
0.00000000e+00 2.49461534e-01
0.00000000e+00 2.49777108e-01
0.00000000e+00 2.50092683e-01
0.00000000e+00 2.50408257e-01
0.00000000e+00 2.50723832e-01
0.00000000e+00 2.51039406e-01
0.00000000e+00 2.51354980e-01
0.00000000e+00 2.51670555e-01
0.00000000e+00 2.51986129e-01
0.00000000e+00 2.52301703e-01
0.00000000e+00 2.52617278e-01
0.00000000e+00 2.52932852e-01
0.00000000e+00 2.53248426e-01
0.00000000e+00 2.53564001e-01
0.00000000e+00 2.53879575e-01
0.00000000e+00 2.54195150e-01
0.00000000e+00 2.54510724e-01
0.00000000e+00 2.54826298e-01
0.00000000e+00 2.55141873e-01
0.00000000e+00 2.55457447e-01
0.00000000e+00 2.55773021e-01
0.00000000e+00 2.56088596e-01
0.00000000e+00 2.56404170e-01
0.00000000e+00 2.56719744e-01
0.00000000e+00 2.57035319e-01
0.00000000e+00 2.57350893e-01
0.00000000e+00 2.57666468e-01
0.00000000e+00 2.57982042e-01
0.00000000e+00 2.58297616e-01
0.00000000e+00 2.58613191e-01
0.00000000e+00 2.58928765e-01
0.00000000e+00 2.59244339e-01
0.00000000e+00 2.59559914e-01
0.00000000e+00 2.59875488e-01
0.00000000e+00 2.60191062e-01
0.00000000e+00 2.60506637e-01
0.00000000e+00 2.60822211e-01
0.00000000e+00 2.61137786e-01
0.00000000e+00 2.61453360e-01
0.00000000e+00 2.61768934e-01
0.00000000e+00 2.62084509e-01
0.00000000e+00 2.62400083e-01
0.00000000e+00 2.62715657e-01
0.00000000e+00 2.63031232e-01
0.00000000e+00 2.63346806e-01
0.00000000e+00 2.63662380e-01
0.00000000e+00 2.63977955e-01
0.00000000e+00 2.64293529e-01
0.00000000e+00 2.64609104e-01
0.00000000e+00 2.64924678e-01
0.00000000e+00 2.65240252e-01
0.00000000e+00 2.65555827e-01
0.00000000e+00 2.65871401e-01
0.00000000e+00 2.66186975e-01
0.00000000e+00 2.66502550e-01
0.00000000e+00 2.66818124e-01
0.00000000e+00 2.67133698e-01
0.00000000e+00 2.67449273e-01
0.00000000e+00 2.67764847e-01
0.00000000e+00 2.68080422e-01
0.00000000e+00 2.68395996e-01
0.00000000e+00 2.68711570e-01
0.00000000e+00 2.69027145e-01
0.00000000e+00 2.69342719e-01
0.00000000e+00 2.69658293e-01
0.00000000e+00 2.69973868e-01
0.00000000e+00 2.70289442e-01
0.00000000e+00 2.70605016e-01
0.00000000e+00 2.70920591e-01
0.00000000e+00 2.71236165e-01
0.00000000e+00 2.71551740e-01
0.00000000e+00 2.71867314e-01
0.00000000e+00 2.72182888e-01
0.00000000e+00 2.72498463e-01
0.00000000e+00 2.72814037e-01
0.00000000e+00 2.73129611e-01
0.00000000e+00 2.73445186e-01
0.00000000e+00 2.73760760e-01
0.00000000e+00 2.74076334e-01
0.00000000e+00 2.74391909e-01
0.00000000e+00 2.74707483e-01
0.00000000e+00 2.75023058e-01
0.00000000e+00 2.75338632e-01
0.00000000e+00 2.75654206e-01
0.00000000e+00 2.75969781e-01
0.00000000e+00 2.76285355e-01
0.00000000e+00 2.76600929e-01
0.00000000e+00 2.76916504e-01
0.00000000e+00 2.77232078e-01
0.00000000e+00 2.77547652e-01
0.00000000e+00 2.77863227e-01
0.00000000e+00 2.78178801e-01
0.00000000e+00 2.78494376e-01
0.00000000e+00 2.78809950e-01
0.00000000e+00 2.79125524e-01
0.00000000e+00 2.79441099e-01
0.00000000e+00 2.79756673e-01
0.00000000e+00 2.80072247e-01
0.00000000e+00 2.80387822e-01
0.00000000e+00 2.80703396e-01
0.00000000e+00 2.81018970e-01
0.00000000e+00 2.81334545e-01
0.00000000e+00 2.81650119e-01
0.00000000e+00 2.81965694e-01
0.00000000e+00 2.82281268e-01
0.00000000e+00 2.82596842e-01
0.00000000e+00 2.82912417e-01
0.00000000e+00 2.83227991e-01
0.00000000e+00 2.83543565e-01
0.00000000e+00 2.83859140e-01
0.00000000e+00 2.84174714e-01
0.00000000e+00 2.84490288e-01
0.00000000e+00 2.84805863e-01
0.00000000e+00 2.85121437e-01
0.00000000e+00 2.85437011e-01
0.00000000e+00 2.85752586e-01
0.00000000e+00 2.86068160e-01
0.00000000e+00 2.86383735e-01
0.00000000e+00 2.86699309e-01
0.00000000e+00 2.87014883e-01
0.00000000e+00 2.87330458e-01
0.00000000e+00 2.87646032e-01
0.00000000e+00 2.87961606e-01
0.00000000e+00 2.88277181e-01
0.00000000e+00 2.88592755e-01
0.00000000e+00 2.88908329e-01
0.00000000e+00 2.89223904e-01
0.00000000e+00 2.89539478e-01
0.00000000e+00 2.89855053e-01
0.00000000e+00 2.90170627e-01
0.00000000e+00 2.90486201e-01
0.00000000e+00 2.90801776e-01
0.00000000e+00 2.91117350e-01
0.00000000e+00 2.91432924e-01
0.00000000e+00 2.91748499e-01
0.00000000e+00 2.92064073e-01
0.00000000e+00 2.92379647e-01
0.00000000e+00 2.92695222e-01
0.00000000e+00 2.93010796e-01
0.00000000e+00 2.93326371e-01
0.00000000e+00 2.93641945e-01
0.00000000e+00 2.93957519e-01
0.00000000e+00 2.94273094e-01
0.00000000e+00 2.94588668e-01
0.00000000e+00 2.94904242e-01
0.00000000e+00 2.95219817e-01
0.00000000e+00 2.95535391e-01
0.00000000e+00 2.95850965e-01
0.00000000e+00 2.96166540e-01
0.00000000e+00 2.96482114e-01
0.00000000e+00 2.96797689e-01
0.00000000e+00 2.97113263e-01
0.00000000e+00 2.97428837e-01
0.00000000e+00 2.97744412e-01
0.00000000e+00 2.98059986e-01
0.00000000e+00 2.98375560e-01
0.00000000e+00 2.98691135e-01
0.00000000e+00 2.99006709e-01
0.00000000e+00 2.99322283e-01
0.00000000e+00 2.99637858e-01
0.00000000e+00 2.99953432e-01
0.00000000e+00 3.00269007e-01
0.00000000e+00 3.00584581e-01
0.00000000e+00 3.00900155e-01
0.00000000e+00 3.01215730e-01
0.00000000e+00 3.01531304e-01
0.00000000e+00 3.01846878e-01
0.00000000e+00 3.02162453e-01
0.00000000e+00 3.02478027e-01
0.00000000e+00 3.02793601e-01
0.00000000e+00 3.03109176e-01
0.00000000e+00 3.03424750e-01
0.00000000e+00 3.03740325e-01
0.00000000e+00 3.04055899e-01
0.00000000e+00 3.04371473e-01
0.00000000e+00 3.04687048e-01
0.00000000e+00 3.05002622e-01
0.00000000e+00 3.05318196e-01
0.00000000e+00 3.05633771e-01
0.00000000e+00 3.05949345e-01
0.00000000e+00 3.06264919e-01
0.00000000e+00 3.06580494e-01
0.00000000e+00 3.06896068e-01
0.00000000e+00 3.07211643e-01
0.00000000e+00 3.07527217e-01
0.00000000e+00 3.07842791e-01
0.00000000e+00 3.08158366e-01
0.00000000e+00 3.08473940e-01
0.00000000e+00 3.08789514e-01
0.00000000e+00 3.09105089e-01
0.00000000e+00 3.09420663e-01
0.00000000e+00 3.09736237e-01
0.00000000e+00 3.10051812e-01
0.00000000e+00 3.10367386e-01
0.00000000e+00 3.10682961e-01
0.00000000e+00 3.10998535e-01
0.00000000e+00 3.11314109e-01
0.00000000e+00 3.11629684e-01
0.00000000e+00 3.11945258e-01
0.00000000e+00 3.12260832e-01
0.00000000e+00 3.12576407e-01
0.00000000e+00 3.12891981e-01
0.00000000e+00 3.13207555e-01
0.00000000e+00 3.13523130e-01
0.00000000e+00 3.13838704e-01
0.00000000e+00 3.14154279e-01
0.00000000e+00 3.14469853e-01
0.00000000e+00 3.14785427e-01
0.00000000e+00 3.15101002e-01
0.00000000e+00 3.15416576e-01
0.00000000e+00 3.15732150e-01
0.00000000e+00 3.16047725e-01
0.00000000e+00 3.16363299e-01
0.00000000e+00 3.16678873e-01
0.00000000e+00 3.16994448e-01
0.00000000e+00 3.17310022e-01
0.00000000e+00 3.17625597e-01
0.00000000e+00 3.17941171e-01
0.00000000e+00 3.18256745e-01
0.00000000e+00 3.18572320e-01
0.00000000e+00 3.18887894e-01
0.00000000e+00 3.19203468e-01
0.00000000e+00 3.19519043e-01
0.00000000e+00 3.19834617e-01
0.00000000e+00 3.20150191e-01
0.00000000e+00 3.20465766e-01
0.00000000e+00 3.20781340e-01
0.00000000e+00 3.21096915e-01
0.00000000e+00 3.21412489e-01
0.00000000e+00 3.21728063e-01
0.00000000e+00 3.22043638e-01
0.00000000e+00 3.22359212e-01
0.00000000e+00 3.22674786e-01
0.00000000e+00 3.22990361e-01
0.00000000e+00 3.23305935e-01
0.00000000e+00 3.23621509e-01
0.00000000e+00 3.23937084e-01
0.00000000e+00 3.24252658e-01
0.00000000e+00 3.24568233e-01
0.00000000e+00 3.24883807e-01
0.00000000e+00 3.25199381e-01
0.00000000e+00 3.25514956e-01
0.00000000e+00 3.25830530e-01
0.00000000e+00 3.26146104e-01
0.00000000e+00 3.26461679e-01
0.00000000e+00 3.26777253e-01
0.00000000e+00 3.27092827e-01
0.00000000e+00 3.27408402e-01
0.00000000e+00 3.27723976e-01
0.00000000e+00 3.28039551e-01
0.00000000e+00 3.28355125e-01
0.00000000e+00 3.28670699e-01
0.00000000e+00 3.28986274e-01
0.00000000e+00 3.29301848e-01
0.00000000e+00 3.29617422e-01
0.00000000e+00 3.29932997e-01
0.00000000e+00 3.30248571e-01
0.00000000e+00 3.30564145e-01
0.00000000e+00 3.30879720e-01
0.00000000e+00 3.31195294e-01
0.00000000e+00 3.31510869e-01
0.00000000e+00 3.31826443e-01
0.00000000e+00 3.32142017e-01
0.00000000e+00 3.32457592e-01
0.00000000e+00 3.32773166e-01
0.00000000e+00 3.33088740e-01
0.00000000e+00 3.33404315e-01
0.00000000e+00 3.33719889e-01
0.00000000e+00 3.34035463e-01
0.00000000e+00 3.34351038e-01
0.00000000e+00 3.34666612e-01
0.00000000e+00 3.34982187e-01
0.00000000e+00 3.35297761e-01
0.00000000e+00 3.35613335e-01
0.00000000e+00 3.35928910e-01
0.00000000e+00 3.36244484e-01
0.00000000e+00 3.36560058e-01
0.00000000e+00 3.36875633e-01
0.00000000e+00 3.37191207e-01
0.00000000e+00 3.37506781e-01
0.00000000e+00 3.37822356e-01
0.00000000e+00 3.38137930e-01
0.00000000e+00 3.38453505e-01
0.00000000e+00 3.38769079e-01
0.00000000e+00 3.39084653e-01
0.00000000e+00 3.39400228e-01
0.00000000e+00 3.39715802e-01
0.00000000e+00 3.40031376e-01
0.00000000e+00 3.40346951e-01
0.00000000e+00 3.40662525e-01
0.00000000e+00 3.40978099e-01
0.00000000e+00 3.41293674e-01
0.00000000e+00 3.41609248e-01
0.00000000e+00 3.41924823e-01
0.00000000e+00 3.42240397e-01
0.00000000e+00 3.42555971e-01
0.00000000e+00 3.42871546e-01
0.00000000e+00 3.43187120e-01
0.00000000e+00 3.43502694e-01
0.00000000e+00 3.43818269e-01
0.00000000e+00 3.44133843e-01
0.00000000e+00 3.44449417e-01
0.00000000e+00 3.44764992e-01
0.00000000e+00 3.45080566e-01
0.00000000e+00 3.45396141e-01
0.00000000e+00 3.45711715e-01
0.00000000e+00 3.46027289e-01
0.00000000e+00 3.46342864e-01
0.00000000e+00 3.46658438e-01
0.00000000e+00 3.46974012e-01
0.00000000e+00 3.47289587e-01
0.00000000e+00 3.47605161e-01
0.00000000e+00 3.47920735e-01
0.00000000e+00 3.48236310e-01
0.00000000e+00 3.48551884e-01
0.00000000e+00 3.48867458e-01
0.00000000e+00 3.49183033e-01
0.00000000e+00 3.49498607e-01
0.00000000e+00 3.49814182e-01
0.00000000e+00 3.50129756e-01
0.00000000e+00 3.50445330e-01
0.00000000e+00 3.50760905e-01
0.00000000e+00 3.51076479e-01
0.00000000e+00 3.51392053e-01
0.00000000e+00 3.51707628e-01
0.00000000e+00 3.52023202e-01
0.00000000e+00 3.52338776e-01
0.00000000e+00 3.52654351e-01
0.00000000e+00 3.52969925e-01
0.00000000e+00 3.53285500e-01
0.00000000e+00 3.53601074e-01
0.00000000e+00 3.53916648e-01
0.00000000e+00 3.54232223e-01
0.00000000e+00 3.54547797e-01
0.00000000e+00 3.54863371e-01
0.00000000e+00 3.55178946e-01
0.00000000e+00 3.55494520e-01
0.00000000e+00 3.55810094e-01
0.00000000e+00 3.56125669e-01
0.00000000e+00 3.56441243e-01
0.00000000e+00 3.56756818e-01
0.00000000e+00 3.57072392e-01
0.00000000e+00 3.57387966e-01
0.00000000e+00 3.57703541e-01
0.00000000e+00 3.58019115e-01
0.00000000e+00 3.58334689e-01
0.00000000e+00 3.58650264e-01
0.00000000e+00 3.58965838e-01
0.00000000e+00 3.59281412e-01
0.00000000e+00 3.59596987e-01
0.00000000e+00 3.59912561e-01
0.00000000e+00 3.60228136e-01
0.00000000e+00 3.60543710e-01
0.00000000e+00 3.60859284e-01
0.00000000e+00 3.61174859e-01
0.00000000e+00 3.61490433e-01
0.00000000e+00 3.61806007e-01
0.00000000e+00 3.62121582e-01
0.00000000e+00 3.62437156e-01
0.00000000e+00 3.62752730e-01
0.00000000e+00 3.63068305e-01
0.00000000e+00 3.63383879e-01
0.00000000e+00 3.63699454e-01
0.00000000e+00 3.64015028e-01
0.00000000e+00 3.64330602e-01
0.00000000e+00 3.64646177e-01
0.00000000e+00 3.64961751e-01
0.00000000e+00 3.65277325e-01
0.00000000e+00 3.65592900e-01
0.00000000e+00 3.65908474e-01
0.00000000e+00 3.66224048e-01
0.00000000e+00 3.66539623e-01
0.00000000e+00 3.66855197e-01
0.00000000e+00 3.67170772e-01
0.00000000e+00 3.67486346e-01
0.00000000e+00 3.67801920e-01
0.00000000e+00 3.68117495e-01
0.00000000e+00 3.68433069e-01
0.00000000e+00 3.68748643e-01
0.00000000e+00 3.69064218e-01
0.00000000e+00 3.69379792e-01
0.00000000e+00 3.69695366e-01
0.00000000e+00 3.70010941e-01
0.00000000e+00 3.70326515e-01
0.00000000e+00 3.70642090e-01
0.00000000e+00 3.70957664e-01
0.00000000e+00 3.71273238e-01
0.00000000e+00 3.71588813e-01
0.00000000e+00 3.71904387e-01
0.00000000e+00 3.72219961e-01
0.00000000e+00 3.72535536e-01
0.00000000e+00 3.72851110e-01
0.00000000e+00 3.73166684e-01
0.00000000e+00 3.73482259e-01
0.00000000e+00 3.73797833e-01
0.00000000e+00 3.74113408e-01
0.00000000e+00 3.74428982e-01
0.00000000e+00 3.74744556e-01
0.00000000e+00 3.75060131e-01
0.00000000e+00 3.75375705e-01
0.00000000e+00 3.75691279e-01
0.00000000e+00 3.76006854e-01
0.00000000e+00 3.76322428e-01
0.00000000e+00 3.76638002e-01
0.00000000e+00 3.76953577e-01
0.00000000e+00 3.77269151e-01
0.00000000e+00 3.77584726e-01
0.00000000e+00 3.77900300e-01
0.00000000e+00 3.78215874e-01
0.00000000e+00 3.78531449e-01
0.00000000e+00 3.78847023e-01
0.00000000e+00 3.79162597e-01
0.00000000e+00 3.79478172e-01
0.00000000e+00 3.79793746e-01
0.00000000e+00 3.80109320e-01
0.00000000e+00 3.80424895e-01
0.00000000e+00 3.80740469e-01
0.00000000e+00 3.81056044e-01
0.00000000e+00 3.81371618e-01
0.00000000e+00 3.81687192e-01
0.00000000e+00 3.82002767e-01
0.00000000e+00 3.82318341e-01
0.00000000e+00 3.82633915e-01
0.00000000e+00 3.82949490e-01
0.00000000e+00 3.83265064e-01
0.00000000e+00 3.83580638e-01
0.00000000e+00 3.83896213e-01
0.00000000e+00 3.84211787e-01
0.00000000e+00 3.84527362e-01
0.00000000e+00 3.84842936e-01
0.00000000e+00 3.85158510e-01
0.00000000e+00 3.85474085e-01
0.00000000e+00 3.85789659e-01
0.00000000e+00 3.86105233e-01
0.00000000e+00 3.86420808e-01
0.00000000e+00 3.86736382e-01
0.00000000e+00 3.87051956e-01
0.00000000e+00 3.87367531e-01
0.00000000e+00 3.87683105e-01
0.00000000e+00 3.87998680e-01
0.00000000e+00 3.88314254e-01
0.00000000e+00 3.88629828e-01
0.00000000e+00 3.88945403e-01
0.00000000e+00 3.89260977e-01
0.00000000e+00 3.89576551e-01
0.00000000e+00 3.89892126e-01
0.00000000e+00 3.90207700e-01
0.00000000e+00 3.90523274e-01
0.00000000e+00 3.90838849e-01
0.00000000e+00 3.91154423e-01
0.00000000e+00 3.91469998e-01
0.00000000e+00 3.91785572e-01
0.00000000e+00 3.92101146e-01
0.00000000e+00 3.92416721e-01
0.00000000e+00 3.92732295e-01
0.00000000e+00 3.93047869e-01
0.00000000e+00 3.93363444e-01
0.00000000e+00 3.93679018e-01
0.00000000e+00 3.93994592e-01
0.00000000e+00 3.94310167e-01
0.00000000e+00 3.94625741e-01
0.00000000e+00 3.94941316e-01
0.00000000e+00 3.95256890e-01
0.00000000e+00 3.95572464e-01
0.00000000e+00 3.95888039e-01
0.00000000e+00 3.96203613e-01
0.00000000e+00 3.96519187e-01
0.00000000e+00 3.96834762e-01
0.00000000e+00 3.97150336e-01
0.00000000e+00 3.97465910e-01
0.00000000e+00 3.97781485e-01
0.00000000e+00 3.98097059e-01
0.00000000e+00 3.98412634e-01
0.00000000e+00 3.98728208e-01
0.00000000e+00 3.99043782e-01
0.00000000e+00 3.99359357e-01
0.00000000e+00 3.99674931e-01
0.00000000e+00 3.99990505e-01
0.00000000e+00 4.00306080e-01
0.00000000e+00 4.00621654e-01
0.00000000e+00 4.00937228e-01
0.00000000e+00 4.01252803e-01
0.00000000e+00 4.01568377e-01
0.00000000e+00 4.01883952e-01
0.00000000e+00 4.02199526e-01
0.00000000e+00 4.02515100e-01
0.00000000e+00 4.02830675e-01
0.00000000e+00 4.03146249e-01
0.00000000e+00 4.03461823e-01
0.00000000e+00 4.03777398e-01
0.00000000e+00 4.04092972e-01
0.00000000e+00 4.04408546e-01
0.00000000e+00 4.04724121e-01
0.00000000e+00 4.05039695e-01
0.00000000e+00 4.05355270e-01
0.00000000e+00 4.05670844e-01
0.00000000e+00 4.05986418e-01
0.00000000e+00 4.06301993e-01
0.00000000e+00 4.06617567e-01
0.00000000e+00 4.06933141e-01
0.00000000e+00 4.07248716e-01
0.00000000e+00 4.07564290e-01
0.00000000e+00 4.07879864e-01
0.00000000e+00 4.08195439e-01
0.00000000e+00 4.08511013e-01
0.00000000e+00 4.08826588e-01
0.00000000e+00 4.09142162e-01
0.00000000e+00 4.09457736e-01
0.00000000e+00 4.09773311e-01
0.00000000e+00 4.10088885e-01
0.00000000e+00 4.10404459e-01
0.00000000e+00 4.10720034e-01
0.00000000e+00 4.11035608e-01
0.00000000e+00 4.11351182e-01
0.00000000e+00 4.11666757e-01
0.00000000e+00 4.11982331e-01
0.00000000e+00 4.12297905e-01
0.00000000e+00 4.12613480e-01
0.00000000e+00 4.12929054e-01
0.00000000e+00 4.13244629e-01
0.00000000e+00 4.13560203e-01
0.00000000e+00 4.13875777e-01
0.00000000e+00 4.14191352e-01
0.00000000e+00 4.14506926e-01
0.00000000e+00 4.14822500e-01
0.00000000e+00 4.15138075e-01
0.00000000e+00 4.15453649e-01
0.00000000e+00 4.15769223e-01
0.00000000e+00 4.16084798e-01
0.00000000e+00 4.16400372e-01
0.00000000e+00 4.16715947e-01
0.00000000e+00 4.17031521e-01
0.00000000e+00 4.17347095e-01
0.00000000e+00 4.17662670e-01
0.00000000e+00 4.17978244e-01
0.00000000e+00 4.18293818e-01
0.00000000e+00 4.18609393e-01
0.00000000e+00 4.18924967e-01
0.00000000e+00 4.19240541e-01
0.00000000e+00 4.19556116e-01
0.00000000e+00 4.19871690e-01
0.00000000e+00 4.20187265e-01
0.00000000e+00 4.20502839e-01
0.00000000e+00 4.20818413e-01
0.00000000e+00 4.21133988e-01
0.00000000e+00 4.21449562e-01
0.00000000e+00 4.21765136e-01
0.00000000e+00 4.22080711e-01
0.00000000e+00 4.22396285e-01
0.00000000e+00 4.22711859e-01
0.00000000e+00 4.23027434e-01
0.00000000e+00 4.23343008e-01
0.00000000e+00 4.23658583e-01
0.00000000e+00 4.23974157e-01
0.00000000e+00 4.24289731e-01
0.00000000e+00 4.24605306e-01
0.00000000e+00 4.24920880e-01
0.00000000e+00 4.25236454e-01
0.00000000e+00 4.25552029e-01
0.00000000e+00 4.25867603e-01
0.00000000e+00 4.26183177e-01
0.00000000e+00 4.26498752e-01
0.00000000e+00 4.26814326e-01
0.00000000e+00 4.27129901e-01
0.00000000e+00 4.27445475e-01
0.00000000e+00 4.27761049e-01
0.00000000e+00 4.28076624e-01
0.00000000e+00 4.28392198e-01
0.00000000e+00 4.28707772e-01
0.00000000e+00 4.29023347e-01
0.00000000e+00 4.29338921e-01
0.00000000e+00 4.29654495e-01
0.00000000e+00 4.29970070e-01
0.00000000e+00 4.30285644e-01
0.00000000e+00 4.30601219e-01
0.00000000e+00 4.30916793e-01
0.00000000e+00 4.31232367e-01
0.00000000e+00 4.31547942e-01
0.00000000e+00 4.31863516e-01
0.00000000e+00 4.32179090e-01
0.00000000e+00 4.32494665e-01
0.00000000e+00 4.32810239e-01
0.00000000e+00 4.33125813e-01
0.00000000e+00 4.33441388e-01
0.00000000e+00 4.33756962e-01
0.00000000e+00 4.34072537e-01
0.00000000e+00 4.34388111e-01
0.00000000e+00 4.34703685e-01
0.00000000e+00 4.35019260e-01
0.00000000e+00 4.35334834e-01
0.00000000e+00 4.35650408e-01
0.00000000e+00 4.35965983e-01
0.00000000e+00 4.36281557e-01
0.00000000e+00 4.36597131e-01
0.00000000e+00 4.36912706e-01
0.00000000e+00 4.37228280e-01
0.00000000e+00 4.37543855e-01
0.00000000e+00 4.37859429e-01
0.00000000e+00 4.38175003e-01
0.00000000e+00 4.38490578e-01
0.00000000e+00 4.38806152e-01
0.00000000e+00 4.39121726e-01
0.00000000e+00 4.39437301e-01
0.00000000e+00 4.39752875e-01
0.00000000e+00 4.40068449e-01
0.00000000e+00 4.40384024e-01
0.00000000e+00 4.40699598e-01
0.00000000e+00 4.41015173e-01
0.00000000e+00 4.41330747e-01
0.00000000e+00 4.41646321e-01
0.00000000e+00 4.41961896e-01
0.00000000e+00 4.42277470e-01
0.00000000e+00 4.42593044e-01
0.00000000e+00 4.42908619e-01
0.00000000e+00 4.43224193e-01
0.00000000e+00 4.43539767e-01
0.00000000e+00 4.43855342e-01
0.00000000e+00 4.44170916e-01
0.00000000e+00 4.44486491e-01
0.00000000e+00 4.44802065e-01
0.00000000e+00 4.45117639e-01
0.00000000e+00 4.45433214e-01
0.00000000e+00 4.45748788e-01
0.00000000e+00 4.46064362e-01
0.00000000e+00 4.46379937e-01
0.00000000e+00 4.46695511e-01
0.00000000e+00 4.47011085e-01
0.00000000e+00 4.47326660e-01
0.00000000e+00 4.47642234e-01
0.00000000e+00 4.47957809e-01
0.00000000e+00 4.48273383e-01
0.00000000e+00 4.48588957e-01
0.00000000e+00 4.48904532e-01
0.00000000e+00 4.49220106e-01
0.00000000e+00 4.49535680e-01
0.00000000e+00 4.49851255e-01
0.00000000e+00 4.50166829e-01
0.00000000e+00 4.50482403e-01
0.00000000e+00 4.50797978e-01
0.00000000e+00 4.51113552e-01
0.00000000e+00 4.51429127e-01
0.00000000e+00 4.51744701e-01
0.00000000e+00 4.52060275e-01
0.00000000e+00 4.52375850e-01
0.00000000e+00 4.52691424e-01
0.00000000e+00 4.53006998e-01
0.00000000e+00 4.53322573e-01
0.00000000e+00 4.53638147e-01
0.00000000e+00 4.53953721e-01
0.00000000e+00 4.54269296e-01
0.00000000e+00 4.54584870e-01
0.00000000e+00 4.54900445e-01
0.00000000e+00 4.55216019e-01
0.00000000e+00 4.55531593e-01
0.00000000e+00 4.55847168e-01
0.00000000e+00 4.56162742e-01
0.00000000e+00 4.56478316e-01
0.00000000e+00 4.56793891e-01
0.00000000e+00 4.57109465e-01
0.00000000e+00 4.57425039e-01
0.00000000e+00 4.57740614e-01
0.00000000e+00 4.58056188e-01
0.00000000e+00 4.58371763e-01
0.00000000e+00 4.58687337e-01
0.00000000e+00 4.59002911e-01
0.00000000e+00 4.59318486e-01
0.00000000e+00 4.59634060e-01
0.00000000e+00 4.59949634e-01
0.00000000e+00 4.60265209e-01
0.00000000e+00 4.60580783e-01
0.00000000e+00 4.60896357e-01
0.00000000e+00 4.61211932e-01
0.00000000e+00 4.61527506e-01
0.00000000e+00 4.61843081e-01
0.00000000e+00 4.62158655e-01
0.00000000e+00 4.62474229e-01
0.00000000e+00 4.62789804e-01
0.00000000e+00 4.63105378e-01
0.00000000e+00 4.63420952e-01
0.00000000e+00 4.63736527e-01
0.00000000e+00 4.64052101e-01
0.00000000e+00 4.64367675e-01
0.00000000e+00 4.64683250e-01
0.00000000e+00 4.64998824e-01
0.00000000e+00 4.65314399e-01
0.00000000e+00 4.65629973e-01
0.00000000e+00 4.65945547e-01
0.00000000e+00 4.66261122e-01
0.00000000e+00 4.66576696e-01
0.00000000e+00 4.66892270e-01
0.00000000e+00 4.67207845e-01
0.00000000e+00 4.67523419e-01
0.00000000e+00 4.67838993e-01
0.00000000e+00 4.68154568e-01
0.00000000e+00 4.68470142e-01
0.00000000e+00 4.68785717e-01
0.00000000e+00 4.69101291e-01
0.00000000e+00 4.69416865e-01
0.00000000e+00 4.69732440e-01
0.00000000e+00 4.70048014e-01
0.00000000e+00 4.70363588e-01
0.00000000e+00 4.70679163e-01
0.00000000e+00 4.70994737e-01
0.00000000e+00 4.71310311e-01
0.00000000e+00 4.71625886e-01
0.00000000e+00 4.71941460e-01
0.00000000e+00 4.72257034e-01
0.00000000e+00 4.72572609e-01
0.00000000e+00 4.72888183e-01
0.00000000e+00 4.73203758e-01
0.00000000e+00 4.73519332e-01
0.00000000e+00 4.73834906e-01
0.00000000e+00 4.74150481e-01
0.00000000e+00 4.74466055e-01
0.00000000e+00 4.74781629e-01
0.00000000e+00 4.75097204e-01
0.00000000e+00 4.75412778e-01
0.00000000e+00 4.75728352e-01
0.00000000e+00 4.76043927e-01
0.00000000e+00 4.76359501e-01
0.00000000e+00 4.76675076e-01
0.00000000e+00 4.76990650e-01
0.00000000e+00 4.77306224e-01
0.00000000e+00 4.77621799e-01
0.00000000e+00 4.77937373e-01
0.00000000e+00 4.78252947e-01
0.00000000e+00 4.78568522e-01
0.00000000e+00 4.78884096e-01
0.00000000e+00 4.79199670e-01
0.00000000e+00 4.79515245e-01
0.00000000e+00 4.79830819e-01
0.00000000e+00 4.80146394e-01
0.00000000e+00 4.80461968e-01
0.00000000e+00 4.80777542e-01
0.00000000e+00 4.81093117e-01
0.00000000e+00 4.81408691e-01
0.00000000e+00 4.81724265e-01
0.00000000e+00 4.82039840e-01
0.00000000e+00 4.82355414e-01
0.00000000e+00 4.82670988e-01
0.00000000e+00 4.82986563e-01
0.00000000e+00 4.83302137e-01
0.00000000e+00 4.83617712e-01
0.00000000e+00 4.83933286e-01
0.00000000e+00 4.84248860e-01
0.00000000e+00 4.84564435e-01
0.00000000e+00 4.84880009e-01
0.00000000e+00 4.85195583e-01
0.00000000e+00 4.85511158e-01
0.00000000e+00 4.85826732e-01
0.00000000e+00 4.86142306e-01
0.00000000e+00 4.86457881e-01
0.00000000e+00 4.86773455e-01
0.00000000e+00 4.87089030e-01
0.00000000e+00 4.87404604e-01
0.00000000e+00 4.87720178e-01
0.00000000e+00 4.88035753e-01
0.00000000e+00 4.88351327e-01
0.00000000e+00 4.88666901e-01
0.00000000e+00 4.88982476e-01
0.00000000e+00 4.89298050e-01
0.00000000e+00 4.89613624e-01
0.00000000e+00 4.89929199e-01
0.00000000e+00 4.90244773e-01
0.00000000e+00 4.90560348e-01
0.00000000e+00 4.90875922e-01
0.00000000e+00 4.91191496e-01
0.00000000e+00 4.91507071e-01
0.00000000e+00 4.91822645e-01
0.00000000e+00 4.92138219e-01
0.00000000e+00 4.92453794e-01
0.00000000e+00 4.92769368e-01
0.00000000e+00 4.93084942e-01
0.00000000e+00 4.93400517e-01
0.00000000e+00 4.93716091e-01
0.00000000e+00 4.94031666e-01
0.00000000e+00 4.94347240e-01
0.00000000e+00 4.94662814e-01
0.00000000e+00 4.94978389e-01
0.00000000e+00 4.95293963e-01
0.00000000e+00 4.95609537e-01
0.00000000e+00 4.95925112e-01
0.00000000e+00 4.96240686e-01
0.00000000e+00 4.96556260e-01
0.00000000e+00 4.96871835e-01
0.00000000e+00 4.97187409e-01
0.00000000e+00 4.97502984e-01
0.00000000e+00 4.97818558e-01
0.00000000e+00 4.98134132e-01
0.00000000e+00 4.98449707e-01
0.00000000e+00 4.98765281e-01
0.00000000e+00 4.99080855e-01
0.00000000e+00 4.99396430e-01
0.00000000e+00 4.99712004e-01
0.00000000e+00 5.00027578e-01
