% L-Bracket Geometry
% N_total=1602, N_horizontal=801, N_vertical=801
% Resolution: 100 segments per wavelength
% Format: x(m) y(m)
3.12287130e-04 0.00000000e+00
9.36861391e-04 0.00000000e+00
1.56143565e-03 0.00000000e+00
2.18600991e-03 0.00000000e+00
2.81058417e-03 0.00000000e+00
3.43515843e-03 0.00000000e+00
4.05973269e-03 0.00000000e+00
4.68430695e-03 0.00000000e+00
5.30888121e-03 0.00000000e+00
5.93345547e-03 0.00000000e+00
6.55802973e-03 0.00000000e+00
7.18260400e-03 0.00000000e+00
7.80717826e-03 0.00000000e+00
8.43175252e-03 0.00000000e+00
9.05632678e-03 0.00000000e+00
9.68090104e-03 0.00000000e+00
1.03054753e-02 0.00000000e+00
1.09300496e-02 0.00000000e+00
1.15546238e-02 0.00000000e+00
1.21791981e-02 0.00000000e+00
1.28037723e-02 0.00000000e+00
1.34283466e-02 0.00000000e+00
1.40529209e-02 0.00000000e+00
1.46774951e-02 0.00000000e+00
1.53020694e-02 0.00000000e+00
1.59266436e-02 0.00000000e+00
1.65512179e-02 0.00000000e+00
1.71757922e-02 0.00000000e+00
1.78003664e-02 0.00000000e+00
1.84249407e-02 0.00000000e+00
1.90495149e-02 0.00000000e+00
1.96740892e-02 0.00000000e+00
2.02986635e-02 0.00000000e+00
2.09232377e-02 0.00000000e+00
2.15478120e-02 0.00000000e+00
2.21723862e-02 0.00000000e+00
2.27969605e-02 0.00000000e+00
2.34215348e-02 0.00000000e+00
2.40461090e-02 0.00000000e+00
2.46706833e-02 0.00000000e+00
2.52952575e-02 0.00000000e+00
2.59198318e-02 0.00000000e+00
2.65444061e-02 0.00000000e+00
2.71689803e-02 0.00000000e+00
2.77935546e-02 0.00000000e+00
2.84181289e-02 0.00000000e+00
2.90427031e-02 0.00000000e+00
2.96672774e-02 0.00000000e+00
3.02918516e-02 0.00000000e+00
3.09164259e-02 0.00000000e+00
3.15410002e-02 0.00000000e+00
3.21655744e-02 0.00000000e+00
3.27901487e-02 0.00000000e+00
3.34147229e-02 0.00000000e+00
3.40392972e-02 0.00000000e+00
3.46638715e-02 0.00000000e+00
3.52884457e-02 0.00000000e+00
3.59130200e-02 0.00000000e+00
3.65375942e-02 0.00000000e+00
3.71621685e-02 0.00000000e+00
3.77867428e-02 0.00000000e+00
3.84113170e-02 0.00000000e+00
3.90358913e-02 0.00000000e+00
3.96604655e-02 0.00000000e+00
4.02850398e-02 0.00000000e+00
4.09096141e-02 0.00000000e+00
4.15341883e-02 0.00000000e+00
4.21587626e-02 0.00000000e+00
4.27833368e-02 0.00000000e+00
4.34079111e-02 0.00000000e+00
4.40324854e-02 0.00000000e+00
4.46570596e-02 0.00000000e+00
4.52816339e-02 0.00000000e+00
4.59062081e-02 0.00000000e+00
4.65307824e-02 0.00000000e+00
4.71553567e-02 0.00000000e+00
4.77799309e-02 0.00000000e+00
4.84045052e-02 0.00000000e+00
4.90290794e-02 0.00000000e+00
4.96536537e-02 0.00000000e+00
5.02782280e-02 0.00000000e+00
5.09028022e-02 0.00000000e+00
5.15273765e-02 0.00000000e+00
5.21519507e-02 0.00000000e+00
5.27765250e-02 0.00000000e+00
5.34010993e-02 0.00000000e+00
5.40256735e-02 0.00000000e+00
5.46502478e-02 0.00000000e+00
5.52748221e-02 0.00000000e+00
5.58993963e-02 0.00000000e+00
5.65239706e-02 0.00000000e+00
5.71485448e-02 0.00000000e+00
5.77731191e-02 0.00000000e+00
5.83976934e-02 0.00000000e+00
5.90222676e-02 0.00000000e+00
5.96468419e-02 0.00000000e+00
6.02714161e-02 0.00000000e+00
6.08959904e-02 0.00000000e+00
6.15205647e-02 0.00000000e+00
6.21451389e-02 0.00000000e+00
6.27697132e-02 0.00000000e+00
6.33942874e-02 0.00000000e+00
6.40188617e-02 0.00000000e+00
6.46434360e-02 0.00000000e+00
6.52680102e-02 0.00000000e+00
6.58925845e-02 0.00000000e+00
6.65171587e-02 0.00000000e+00
6.71417330e-02 0.00000000e+00
6.77663073e-02 0.00000000e+00
6.83908815e-02 0.00000000e+00
6.90154558e-02 0.00000000e+00
6.96400300e-02 0.00000000e+00
7.02646043e-02 0.00000000e+00
7.08891786e-02 0.00000000e+00
7.15137528e-02 0.00000000e+00
7.21383271e-02 0.00000000e+00
7.27629013e-02 0.00000000e+00
7.33874756e-02 0.00000000e+00
7.40120499e-02 0.00000000e+00
7.46366241e-02 0.00000000e+00
7.52611984e-02 0.00000000e+00
7.58857726e-02 0.00000000e+00
7.65103469e-02 0.00000000e+00
7.71349212e-02 0.00000000e+00
7.77594954e-02 0.00000000e+00
7.83840697e-02 0.00000000e+00
7.90086439e-02 0.00000000e+00
7.96332182e-02 0.00000000e+00
8.02577925e-02 0.00000000e+00
8.08823667e-02 0.00000000e+00
8.15069410e-02 0.00000000e+00
8.21315153e-02 0.00000000e+00
8.27560895e-02 0.00000000e+00
8.33806638e-02 0.00000000e+00
8.40052380e-02 0.00000000e+00
8.46298123e-02 0.00000000e+00
8.52543866e-02 0.00000000e+00
8.58789608e-02 0.00000000e+00
8.65035351e-02 0.00000000e+00
8.71281093e-02 0.00000000e+00
8.77526836e-02 0.00000000e+00
8.83772579e-02 0.00000000e+00
8.90018321e-02 0.00000000e+00
8.96264064e-02 0.00000000e+00
9.02509806e-02 0.00000000e+00
9.08755549e-02 0.00000000e+00
9.15001292e-02 0.00000000e+00
9.21247034e-02 0.00000000e+00
9.27492777e-02 0.00000000e+00
9.33738519e-02 0.00000000e+00
9.39984262e-02 0.00000000e+00
9.46230005e-02 0.00000000e+00
9.52475747e-02 0.00000000e+00
9.58721490e-02 0.00000000e+00
9.64967232e-02 0.00000000e+00
9.71212975e-02 0.00000000e+00
9.77458718e-02 0.00000000e+00
9.83704460e-02 0.00000000e+00
9.89950203e-02 0.00000000e+00
9.96195945e-02 0.00000000e+00
1.00244169e-01 0.00000000e+00
1.00868743e-01 0.00000000e+00
1.01493317e-01 0.00000000e+00
1.02117892e-01 0.00000000e+00
1.02742466e-01 0.00000000e+00
1.03367040e-01 0.00000000e+00
1.03991614e-01 0.00000000e+00
1.04616189e-01 0.00000000e+00
1.05240763e-01 0.00000000e+00
1.05865337e-01 0.00000000e+00
1.06489911e-01 0.00000000e+00
1.07114486e-01 0.00000000e+00
1.07739060e-01 0.00000000e+00
1.08363634e-01 0.00000000e+00
1.08988208e-01 0.00000000e+00
1.09612783e-01 0.00000000e+00
1.10237357e-01 0.00000000e+00
1.10861931e-01 0.00000000e+00
1.11486505e-01 0.00000000e+00
1.12111080e-01 0.00000000e+00
1.12735654e-01 0.00000000e+00
1.13360228e-01 0.00000000e+00
1.13984803e-01 0.00000000e+00
1.14609377e-01 0.00000000e+00
1.15233951e-01 0.00000000e+00
1.15858525e-01 0.00000000e+00
1.16483100e-01 0.00000000e+00
1.17107674e-01 0.00000000e+00
1.17732248e-01 0.00000000e+00
1.18356822e-01 0.00000000e+00
1.18981397e-01 0.00000000e+00
1.19605971e-01 0.00000000e+00
1.20230545e-01 0.00000000e+00
1.20855119e-01 0.00000000e+00
1.21479694e-01 0.00000000e+00
1.22104268e-01 0.00000000e+00
1.22728842e-01 0.00000000e+00
1.23353416e-01 0.00000000e+00
1.23977991e-01 0.00000000e+00
1.24602565e-01 0.00000000e+00
1.25227139e-01 0.00000000e+00
1.25851713e-01 0.00000000e+00
1.26476288e-01 0.00000000e+00
1.27100862e-01 0.00000000e+00
1.27725436e-01 0.00000000e+00
1.28350011e-01 0.00000000e+00
1.28974585e-01 0.00000000e+00
1.29599159e-01 0.00000000e+00
1.30223733e-01 0.00000000e+00
1.30848308e-01 0.00000000e+00
1.31472882e-01 0.00000000e+00
1.32097456e-01 0.00000000e+00
1.32722030e-01 0.00000000e+00
1.33346605e-01 0.00000000e+00
1.33971179e-01 0.00000000e+00
1.34595753e-01 0.00000000e+00
1.35220327e-01 0.00000000e+00
1.35844902e-01 0.00000000e+00
1.36469476e-01 0.00000000e+00
1.37094050e-01 0.00000000e+00
1.37718624e-01 0.00000000e+00
1.38343199e-01 0.00000000e+00
1.38967773e-01 0.00000000e+00
1.39592347e-01 0.00000000e+00
1.40216921e-01 0.00000000e+00
1.40841496e-01 0.00000000e+00
1.41466070e-01 0.00000000e+00
1.42090644e-01 0.00000000e+00
1.42715219e-01 0.00000000e+00
1.43339793e-01 0.00000000e+00
1.43964367e-01 0.00000000e+00
1.44588941e-01 0.00000000e+00
1.45213516e-01 0.00000000e+00
1.45838090e-01 0.00000000e+00
1.46462664e-01 0.00000000e+00
1.47087238e-01 0.00000000e+00
1.47711813e-01 0.00000000e+00
1.48336387e-01 0.00000000e+00
1.48960961e-01 0.00000000e+00
1.49585535e-01 0.00000000e+00
1.50210110e-01 0.00000000e+00
1.50834684e-01 0.00000000e+00
1.51459258e-01 0.00000000e+00
1.52083832e-01 0.00000000e+00
1.52708407e-01 0.00000000e+00
1.53332981e-01 0.00000000e+00
1.53957555e-01 0.00000000e+00
1.54582129e-01 0.00000000e+00
1.55206704e-01 0.00000000e+00
1.55831278e-01 0.00000000e+00
1.56455852e-01 0.00000000e+00
1.57080427e-01 0.00000000e+00
1.57705001e-01 0.00000000e+00
1.58329575e-01 0.00000000e+00
1.58954149e-01 0.00000000e+00
1.59578724e-01 0.00000000e+00
1.60203298e-01 0.00000000e+00
1.60827872e-01 0.00000000e+00
1.61452446e-01 0.00000000e+00
1.62077021e-01 0.00000000e+00
1.62701595e-01 0.00000000e+00
1.63326169e-01 0.00000000e+00
1.63950743e-01 0.00000000e+00
1.64575318e-01 0.00000000e+00
1.65199892e-01 0.00000000e+00
1.65824466e-01 0.00000000e+00
1.66449040e-01 0.00000000e+00
1.67073615e-01 0.00000000e+00
1.67698189e-01 0.00000000e+00
1.68322763e-01 0.00000000e+00
1.68947337e-01 0.00000000e+00
1.69571912e-01 0.00000000e+00
1.70196486e-01 0.00000000e+00
1.70821060e-01 0.00000000e+00
1.71445634e-01 0.00000000e+00
1.72070209e-01 0.00000000e+00
1.72694783e-01 0.00000000e+00
1.73319357e-01 0.00000000e+00
1.73943932e-01 0.00000000e+00
1.74568506e-01 0.00000000e+00
1.75193080e-01 0.00000000e+00
1.75817654e-01 0.00000000e+00
1.76442229e-01 0.00000000e+00
1.77066803e-01 0.00000000e+00
1.77691377e-01 0.00000000e+00
1.78315951e-01 0.00000000e+00
1.78940526e-01 0.00000000e+00
1.79565100e-01 0.00000000e+00
1.80189674e-01 0.00000000e+00
1.80814248e-01 0.00000000e+00
1.81438823e-01 0.00000000e+00
1.82063397e-01 0.00000000e+00
1.82687971e-01 0.00000000e+00
1.83312545e-01 0.00000000e+00
1.83937120e-01 0.00000000e+00
1.84561694e-01 0.00000000e+00
1.85186268e-01 0.00000000e+00
1.85810842e-01 0.00000000e+00
1.86435417e-01 0.00000000e+00
1.87059991e-01 0.00000000e+00
1.87684565e-01 0.00000000e+00
1.88309140e-01 0.00000000e+00
1.88933714e-01 0.00000000e+00
1.89558288e-01 0.00000000e+00
1.90182862e-01 0.00000000e+00
1.90807437e-01 0.00000000e+00
1.91432011e-01 0.00000000e+00
1.92056585e-01 0.00000000e+00
1.92681159e-01 0.00000000e+00
1.93305734e-01 0.00000000e+00
1.93930308e-01 0.00000000e+00
1.94554882e-01 0.00000000e+00
1.95179456e-01 0.00000000e+00
1.95804031e-01 0.00000000e+00
1.96428605e-01 0.00000000e+00
1.97053179e-01 0.00000000e+00
1.97677753e-01 0.00000000e+00
1.98302328e-01 0.00000000e+00
1.98926902e-01 0.00000000e+00
1.99551476e-01 0.00000000e+00
2.00176050e-01 0.00000000e+00
2.00800625e-01 0.00000000e+00
2.01425199e-01 0.00000000e+00
2.02049773e-01 0.00000000e+00
2.02674348e-01 0.00000000e+00
2.03298922e-01 0.00000000e+00
2.03923496e-01 0.00000000e+00
2.04548070e-01 0.00000000e+00
2.05172645e-01 0.00000000e+00
2.05797219e-01 0.00000000e+00
2.06421793e-01 0.00000000e+00
2.07046367e-01 0.00000000e+00
2.07670942e-01 0.00000000e+00
2.08295516e-01 0.00000000e+00
2.08920090e-01 0.00000000e+00
2.09544664e-01 0.00000000e+00
2.10169239e-01 0.00000000e+00
2.10793813e-01 0.00000000e+00
2.11418387e-01 0.00000000e+00
2.12042961e-01 0.00000000e+00
2.12667536e-01 0.00000000e+00
2.13292110e-01 0.00000000e+00
2.13916684e-01 0.00000000e+00
2.14541258e-01 0.00000000e+00
2.15165833e-01 0.00000000e+00
2.15790407e-01 0.00000000e+00
2.16414981e-01 0.00000000e+00
2.17039556e-01 0.00000000e+00
2.17664130e-01 0.00000000e+00
2.18288704e-01 0.00000000e+00
2.18913278e-01 0.00000000e+00
2.19537853e-01 0.00000000e+00
2.20162427e-01 0.00000000e+00
2.20787001e-01 0.00000000e+00
2.21411575e-01 0.00000000e+00
2.22036150e-01 0.00000000e+00
2.22660724e-01 0.00000000e+00
2.23285298e-01 0.00000000e+00
2.23909872e-01 0.00000000e+00
2.24534447e-01 0.00000000e+00
2.25159021e-01 0.00000000e+00
2.25783595e-01 0.00000000e+00
2.26408169e-01 0.00000000e+00
2.27032744e-01 0.00000000e+00
2.27657318e-01 0.00000000e+00
2.28281892e-01 0.00000000e+00
2.28906466e-01 0.00000000e+00
2.29531041e-01 0.00000000e+00
2.30155615e-01 0.00000000e+00
2.30780189e-01 0.00000000e+00
2.31404764e-01 0.00000000e+00
2.32029338e-01 0.00000000e+00
2.32653912e-01 0.00000000e+00
2.33278486e-01 0.00000000e+00
2.33903061e-01 0.00000000e+00
2.34527635e-01 0.00000000e+00
2.35152209e-01 0.00000000e+00
2.35776783e-01 0.00000000e+00
2.36401358e-01 0.00000000e+00
2.37025932e-01 0.00000000e+00
2.37650506e-01 0.00000000e+00
2.38275080e-01 0.00000000e+00
2.38899655e-01 0.00000000e+00
2.39524229e-01 0.00000000e+00
2.40148803e-01 0.00000000e+00
2.40773377e-01 0.00000000e+00
2.41397952e-01 0.00000000e+00
2.42022526e-01 0.00000000e+00
2.42647100e-01 0.00000000e+00
2.43271674e-01 0.00000000e+00
2.43896249e-01 0.00000000e+00
2.44520823e-01 0.00000000e+00
2.45145397e-01 0.00000000e+00
2.45769971e-01 0.00000000e+00
2.46394546e-01 0.00000000e+00
2.47019120e-01 0.00000000e+00
2.47643694e-01 0.00000000e+00
2.48268269e-01 0.00000000e+00
2.48892843e-01 0.00000000e+00
2.49517417e-01 0.00000000e+00
2.50141991e-01 0.00000000e+00
2.50766566e-01 0.00000000e+00
2.51391140e-01 0.00000000e+00
2.52015714e-01 0.00000000e+00
2.52640288e-01 0.00000000e+00
2.53264863e-01 0.00000000e+00
2.53889437e-01 0.00000000e+00
2.54514011e-01 0.00000000e+00
2.55138585e-01 0.00000000e+00
2.55763160e-01 0.00000000e+00
2.56387734e-01 0.00000000e+00
2.57012308e-01 0.00000000e+00
2.57636882e-01 0.00000000e+00
2.58261457e-01 0.00000000e+00
2.58886031e-01 0.00000000e+00
2.59510605e-01 0.00000000e+00
2.60135179e-01 0.00000000e+00
2.60759754e-01 0.00000000e+00
2.61384328e-01 0.00000000e+00
2.62008902e-01 0.00000000e+00
2.62633477e-01 0.00000000e+00
2.63258051e-01 0.00000000e+00
2.63882625e-01 0.00000000e+00
2.64507199e-01 0.00000000e+00
2.65131774e-01 0.00000000e+00
2.65756348e-01 0.00000000e+00
2.66380922e-01 0.00000000e+00
2.67005496e-01 0.00000000e+00
2.67630071e-01 0.00000000e+00
2.68254645e-01 0.00000000e+00
2.68879219e-01 0.00000000e+00
2.69503793e-01 0.00000000e+00
2.70128368e-01 0.00000000e+00
2.70752942e-01 0.00000000e+00
2.71377516e-01 0.00000000e+00
2.72002090e-01 0.00000000e+00
2.72626665e-01 0.00000000e+00
2.73251239e-01 0.00000000e+00
2.73875813e-01 0.00000000e+00
2.74500387e-01 0.00000000e+00
2.75124962e-01 0.00000000e+00
2.75749536e-01 0.00000000e+00
2.76374110e-01 0.00000000e+00
2.76998685e-01 0.00000000e+00
2.77623259e-01 0.00000000e+00
2.78247833e-01 0.00000000e+00
2.78872407e-01 0.00000000e+00
2.79496982e-01 0.00000000e+00
2.80121556e-01 0.00000000e+00
2.80746130e-01 0.00000000e+00
2.81370704e-01 0.00000000e+00
2.81995279e-01 0.00000000e+00
2.82619853e-01 0.00000000e+00
2.83244427e-01 0.00000000e+00
2.83869001e-01 0.00000000e+00
2.84493576e-01 0.00000000e+00
2.85118150e-01 0.00000000e+00
2.85742724e-01 0.00000000e+00
2.86367298e-01 0.00000000e+00
2.86991873e-01 0.00000000e+00
2.87616447e-01 0.00000000e+00
2.88241021e-01 0.00000000e+00
2.88865595e-01 0.00000000e+00
2.89490170e-01 0.00000000e+00
2.90114744e-01 0.00000000e+00
2.90739318e-01 0.00000000e+00
2.91363893e-01 0.00000000e+00
2.91988467e-01 0.00000000e+00
2.92613041e-01 0.00000000e+00
2.93237615e-01 0.00000000e+00
2.93862190e-01 0.00000000e+00
2.94486764e-01 0.00000000e+00
2.95111338e-01 0.00000000e+00
2.95735912e-01 0.00000000e+00
2.96360487e-01 0.00000000e+00
2.96985061e-01 0.00000000e+00
2.97609635e-01 0.00000000e+00
2.98234209e-01 0.00000000e+00
2.98858784e-01 0.00000000e+00
2.99483358e-01 0.00000000e+00
3.00107932e-01 0.00000000e+00
3.00732506e-01 0.00000000e+00
3.01357081e-01 0.00000000e+00
3.01981655e-01 0.00000000e+00
3.02606229e-01 0.00000000e+00
3.03230803e-01 0.00000000e+00
3.03855378e-01 0.00000000e+00
3.04479952e-01 0.00000000e+00
3.05104526e-01 0.00000000e+00
3.05729100e-01 0.00000000e+00
3.06353675e-01 0.00000000e+00
3.06978249e-01 0.00000000e+00
3.07602823e-01 0.00000000e+00
3.08227398e-01 0.00000000e+00
3.08851972e-01 0.00000000e+00
3.09476546e-01 0.00000000e+00
3.10101120e-01 0.00000000e+00
3.10725695e-01 0.00000000e+00
3.11350269e-01 0.00000000e+00
3.11974843e-01 0.00000000e+00
3.12599417e-01 0.00000000e+00
3.13223992e-01 0.00000000e+00
3.13848566e-01 0.00000000e+00
3.14473140e-01 0.00000000e+00
3.15097714e-01 0.00000000e+00
3.15722289e-01 0.00000000e+00
3.16346863e-01 0.00000000e+00
3.16971437e-01 0.00000000e+00
3.17596011e-01 0.00000000e+00
3.18220586e-01 0.00000000e+00
3.18845160e-01 0.00000000e+00
3.19469734e-01 0.00000000e+00
3.20094308e-01 0.00000000e+00
3.20718883e-01 0.00000000e+00
3.21343457e-01 0.00000000e+00
3.21968031e-01 0.00000000e+00
3.22592606e-01 0.00000000e+00
3.23217180e-01 0.00000000e+00
3.23841754e-01 0.00000000e+00
3.24466328e-01 0.00000000e+00
3.25090903e-01 0.00000000e+00
3.25715477e-01 0.00000000e+00
3.26340051e-01 0.00000000e+00
3.26964625e-01 0.00000000e+00
3.27589200e-01 0.00000000e+00
3.28213774e-01 0.00000000e+00
3.28838348e-01 0.00000000e+00
3.29462922e-01 0.00000000e+00
3.30087497e-01 0.00000000e+00
3.30712071e-01 0.00000000e+00
3.31336645e-01 0.00000000e+00
3.31961219e-01 0.00000000e+00
3.32585794e-01 0.00000000e+00
3.33210368e-01 0.00000000e+00
3.33834942e-01 0.00000000e+00
3.34459516e-01 0.00000000e+00
3.35084091e-01 0.00000000e+00
3.35708665e-01 0.00000000e+00
3.36333239e-01 0.00000000e+00
3.36957814e-01 0.00000000e+00
3.37582388e-01 0.00000000e+00
3.38206962e-01 0.00000000e+00
3.38831536e-01 0.00000000e+00
3.39456111e-01 0.00000000e+00
3.40080685e-01 0.00000000e+00
3.40705259e-01 0.00000000e+00
3.41329833e-01 0.00000000e+00
3.41954408e-01 0.00000000e+00
3.42578982e-01 0.00000000e+00
3.43203556e-01 0.00000000e+00
3.43828130e-01 0.00000000e+00
3.44452705e-01 0.00000000e+00
3.45077279e-01 0.00000000e+00
3.45701853e-01 0.00000000e+00
3.46326427e-01 0.00000000e+00
3.46951002e-01 0.00000000e+00
3.47575576e-01 0.00000000e+00
3.48200150e-01 0.00000000e+00
3.48824724e-01 0.00000000e+00
3.49449299e-01 0.00000000e+00
3.50073873e-01 0.00000000e+00
3.50698447e-01 0.00000000e+00
3.51323022e-01 0.00000000e+00
3.51947596e-01 0.00000000e+00
3.52572170e-01 0.00000000e+00
3.53196744e-01 0.00000000e+00
3.53821319e-01 0.00000000e+00
3.54445893e-01 0.00000000e+00
3.55070467e-01 0.00000000e+00
3.55695041e-01 0.00000000e+00
3.56319616e-01 0.00000000e+00
3.56944190e-01 0.00000000e+00
3.57568764e-01 0.00000000e+00
3.58193338e-01 0.00000000e+00
3.58817913e-01 0.00000000e+00
3.59442487e-01 0.00000000e+00
3.60067061e-01 0.00000000e+00
3.60691635e-01 0.00000000e+00
3.61316210e-01 0.00000000e+00
3.61940784e-01 0.00000000e+00
3.62565358e-01 0.00000000e+00
3.63189932e-01 0.00000000e+00
3.63814507e-01 0.00000000e+00
3.64439081e-01 0.00000000e+00
3.65063655e-01 0.00000000e+00
3.65688230e-01 0.00000000e+00
3.66312804e-01 0.00000000e+00
3.66937378e-01 0.00000000e+00
3.67561952e-01 0.00000000e+00
3.68186527e-01 0.00000000e+00
3.68811101e-01 0.00000000e+00
3.69435675e-01 0.00000000e+00
3.70060249e-01 0.00000000e+00
3.70684824e-01 0.00000000e+00
3.71309398e-01 0.00000000e+00
3.71933972e-01 0.00000000e+00
3.72558546e-01 0.00000000e+00
3.73183121e-01 0.00000000e+00
3.73807695e-01 0.00000000e+00
3.74432269e-01 0.00000000e+00
3.75056843e-01 0.00000000e+00
3.75681418e-01 0.00000000e+00
3.76305992e-01 0.00000000e+00
3.76930566e-01 0.00000000e+00
3.77555140e-01 0.00000000e+00
3.78179715e-01 0.00000000e+00
3.78804289e-01 0.00000000e+00
3.79428863e-01 0.00000000e+00
3.80053437e-01 0.00000000e+00
3.80678012e-01 0.00000000e+00
3.81302586e-01 0.00000000e+00
3.81927160e-01 0.00000000e+00
3.82551735e-01 0.00000000e+00
3.83176309e-01 0.00000000e+00
3.83800883e-01 0.00000000e+00
3.84425457e-01 0.00000000e+00
3.85050032e-01 0.00000000e+00
3.85674606e-01 0.00000000e+00
3.86299180e-01 0.00000000e+00
3.86923754e-01 0.00000000e+00
3.87548329e-01 0.00000000e+00
3.88172903e-01 0.00000000e+00
3.88797477e-01 0.00000000e+00
3.89422051e-01 0.00000000e+00
3.90046626e-01 0.00000000e+00
3.90671200e-01 0.00000000e+00
3.91295774e-01 0.00000000e+00
3.91920348e-01 0.00000000e+00
3.92544923e-01 0.00000000e+00
3.93169497e-01 0.00000000e+00
3.93794071e-01 0.00000000e+00
3.94418645e-01 0.00000000e+00
3.95043220e-01 0.00000000e+00
3.95667794e-01 0.00000000e+00
3.96292368e-01 0.00000000e+00
3.96916943e-01 0.00000000e+00
3.97541517e-01 0.00000000e+00
3.98166091e-01 0.00000000e+00
3.98790665e-01 0.00000000e+00
3.99415240e-01 0.00000000e+00
4.00039814e-01 0.00000000e+00
4.00664388e-01 0.00000000e+00
4.01288962e-01 0.00000000e+00
4.01913537e-01 0.00000000e+00
4.02538111e-01 0.00000000e+00
4.03162685e-01 0.00000000e+00
4.03787259e-01 0.00000000e+00
4.04411834e-01 0.00000000e+00
4.05036408e-01 0.00000000e+00
4.05660982e-01 0.00000000e+00
4.06285556e-01 0.00000000e+00
4.06910131e-01 0.00000000e+00
4.07534705e-01 0.00000000e+00
4.08159279e-01 0.00000000e+00
4.08783853e-01 0.00000000e+00
4.09408428e-01 0.00000000e+00
4.10033002e-01 0.00000000e+00
4.10657576e-01 0.00000000e+00
4.11282151e-01 0.00000000e+00
4.11906725e-01 0.00000000e+00
4.12531299e-01 0.00000000e+00
4.13155873e-01 0.00000000e+00
4.13780448e-01 0.00000000e+00
4.14405022e-01 0.00000000e+00
4.15029596e-01 0.00000000e+00
4.15654170e-01 0.00000000e+00
4.16278745e-01 0.00000000e+00
4.16903319e-01 0.00000000e+00
4.17527893e-01 0.00000000e+00
4.18152467e-01 0.00000000e+00
4.18777042e-01 0.00000000e+00
4.19401616e-01 0.00000000e+00
4.20026190e-01 0.00000000e+00
4.20650764e-01 0.00000000e+00
4.21275339e-01 0.00000000e+00
4.21899913e-01 0.00000000e+00
4.22524487e-01 0.00000000e+00
4.23149061e-01 0.00000000e+00
4.23773636e-01 0.00000000e+00
4.24398210e-01 0.00000000e+00
4.25022784e-01 0.00000000e+00
4.25647359e-01 0.00000000e+00
4.26271933e-01 0.00000000e+00
4.26896507e-01 0.00000000e+00
4.27521081e-01 0.00000000e+00
4.28145656e-01 0.00000000e+00
4.28770230e-01 0.00000000e+00
4.29394804e-01 0.00000000e+00
4.30019378e-01 0.00000000e+00
4.30643953e-01 0.00000000e+00
4.31268527e-01 0.00000000e+00
4.31893101e-01 0.00000000e+00
4.32517675e-01 0.00000000e+00
4.33142250e-01 0.00000000e+00
4.33766824e-01 0.00000000e+00
4.34391398e-01 0.00000000e+00
4.35015972e-01 0.00000000e+00
4.35640547e-01 0.00000000e+00
4.36265121e-01 0.00000000e+00
4.36889695e-01 0.00000000e+00
4.37514269e-01 0.00000000e+00
4.38138844e-01 0.00000000e+00
4.38763418e-01 0.00000000e+00
4.39387992e-01 0.00000000e+00
4.40012566e-01 0.00000000e+00
4.40637141e-01 0.00000000e+00
4.41261715e-01 0.00000000e+00
4.41886289e-01 0.00000000e+00
4.42510864e-01 0.00000000e+00
4.43135438e-01 0.00000000e+00
4.43760012e-01 0.00000000e+00
4.44384586e-01 0.00000000e+00
4.45009161e-01 0.00000000e+00
4.45633735e-01 0.00000000e+00
4.46258309e-01 0.00000000e+00
4.46882883e-01 0.00000000e+00
4.47507458e-01 0.00000000e+00
4.48132032e-01 0.00000000e+00
4.48756606e-01 0.00000000e+00
4.49381180e-01 0.00000000e+00
4.50005755e-01 0.00000000e+00
4.50630329e-01 0.00000000e+00
4.51254903e-01 0.00000000e+00
4.51879477e-01 0.00000000e+00
4.52504052e-01 0.00000000e+00
4.53128626e-01 0.00000000e+00
4.53753200e-01 0.00000000e+00
4.54377774e-01 0.00000000e+00
4.55002349e-01 0.00000000e+00
4.55626923e-01 0.00000000e+00
4.56251497e-01 0.00000000e+00
4.56876072e-01 0.00000000e+00
4.57500646e-01 0.00000000e+00
4.58125220e-01 0.00000000e+00
4.58749794e-01 0.00000000e+00
4.59374369e-01 0.00000000e+00
4.59998943e-01 0.00000000e+00
4.60623517e-01 0.00000000e+00
4.61248091e-01 0.00000000e+00
4.61872666e-01 0.00000000e+00
4.62497240e-01 0.00000000e+00
4.63121814e-01 0.00000000e+00
4.63746388e-01 0.00000000e+00
4.64370963e-01 0.00000000e+00
4.64995537e-01 0.00000000e+00
4.65620111e-01 0.00000000e+00
4.66244685e-01 0.00000000e+00
4.66869260e-01 0.00000000e+00
4.67493834e-01 0.00000000e+00
4.68118408e-01 0.00000000e+00
4.68742982e-01 0.00000000e+00
4.69367557e-01 0.00000000e+00
4.69992131e-01 0.00000000e+00
4.70616705e-01 0.00000000e+00
4.71241280e-01 0.00000000e+00
4.71865854e-01 0.00000000e+00
4.72490428e-01 0.00000000e+00
4.73115002e-01 0.00000000e+00
4.73739577e-01 0.00000000e+00
4.74364151e-01 0.00000000e+00
4.74988725e-01 0.00000000e+00
4.75613299e-01 0.00000000e+00
4.76237874e-01 0.00000000e+00
4.76862448e-01 0.00000000e+00
4.77487022e-01 0.00000000e+00
4.78111596e-01 0.00000000e+00
4.78736171e-01 0.00000000e+00
4.79360745e-01 0.00000000e+00
4.79985319e-01 0.00000000e+00
4.80609893e-01 0.00000000e+00
4.81234468e-01 0.00000000e+00
4.81859042e-01 0.00000000e+00
4.82483616e-01 0.00000000e+00
4.83108190e-01 0.00000000e+00
4.83732765e-01 0.00000000e+00
4.84357339e-01 0.00000000e+00
4.84981913e-01 0.00000000e+00
4.85606488e-01 0.00000000e+00
4.86231062e-01 0.00000000e+00
4.86855636e-01 0.00000000e+00
4.87480210e-01 0.00000000e+00
4.88104785e-01 0.00000000e+00
4.88729359e-01 0.00000000e+00
4.89353933e-01 0.00000000e+00
4.89978507e-01 0.00000000e+00
4.90603082e-01 0.00000000e+00
4.91227656e-01 0.00000000e+00
4.91852230e-01 0.00000000e+00
4.92476804e-01 0.00000000e+00
4.93101379e-01 0.00000000e+00
4.93725953e-01 0.00000000e+00
4.94350527e-01 0.00000000e+00
4.94975101e-01 0.00000000e+00
4.95599676e-01 0.00000000e+00
4.96224250e-01 0.00000000e+00
4.96848824e-01 0.00000000e+00
4.97473398e-01 0.00000000e+00
4.98097973e-01 0.00000000e+00
4.98722547e-01 0.00000000e+00
4.99347121e-01 0.00000000e+00
4.99971695e-01 0.00000000e+00
0.00000000e+00 3.12287130e-04
0.00000000e+00 9.36861391e-04
0.00000000e+00 1.56143565e-03
0.00000000e+00 2.18600991e-03
0.00000000e+00 2.81058417e-03
0.00000000e+00 3.43515843e-03
0.00000000e+00 4.05973269e-03
0.00000000e+00 4.68430695e-03
0.00000000e+00 5.30888121e-03
0.00000000e+00 5.93345547e-03
0.00000000e+00 6.55802973e-03
0.00000000e+00 7.18260400e-03
0.00000000e+00 7.80717826e-03
0.00000000e+00 8.43175252e-03
0.00000000e+00 9.05632678e-03
0.00000000e+00 9.68090104e-03
0.00000000e+00 1.03054753e-02
0.00000000e+00 1.09300496e-02
0.00000000e+00 1.15546238e-02
0.00000000e+00 1.21791981e-02
0.00000000e+00 1.28037723e-02
0.00000000e+00 1.34283466e-02
0.00000000e+00 1.40529209e-02
0.00000000e+00 1.46774951e-02
0.00000000e+00 1.53020694e-02
0.00000000e+00 1.59266436e-02
0.00000000e+00 1.65512179e-02
0.00000000e+00 1.71757922e-02
0.00000000e+00 1.78003664e-02
0.00000000e+00 1.84249407e-02
0.00000000e+00 1.90495149e-02
0.00000000e+00 1.96740892e-02
0.00000000e+00 2.02986635e-02
0.00000000e+00 2.09232377e-02
0.00000000e+00 2.15478120e-02
0.00000000e+00 2.21723862e-02
0.00000000e+00 2.27969605e-02
0.00000000e+00 2.34215348e-02
0.00000000e+00 2.40461090e-02
0.00000000e+00 2.46706833e-02
0.00000000e+00 2.52952575e-02
0.00000000e+00 2.59198318e-02
0.00000000e+00 2.65444061e-02
0.00000000e+00 2.71689803e-02
0.00000000e+00 2.77935546e-02
0.00000000e+00 2.84181289e-02
0.00000000e+00 2.90427031e-02
0.00000000e+00 2.96672774e-02
0.00000000e+00 3.02918516e-02
0.00000000e+00 3.09164259e-02
0.00000000e+00 3.15410002e-02
0.00000000e+00 3.21655744e-02
0.00000000e+00 3.27901487e-02
0.00000000e+00 3.34147229e-02
0.00000000e+00 3.40392972e-02
0.00000000e+00 3.46638715e-02
0.00000000e+00 3.52884457e-02
0.00000000e+00 3.59130200e-02
0.00000000e+00 3.65375942e-02
0.00000000e+00 3.71621685e-02
0.00000000e+00 3.77867428e-02
0.00000000e+00 3.84113170e-02
0.00000000e+00 3.90358913e-02
0.00000000e+00 3.96604655e-02
0.00000000e+00 4.02850398e-02
0.00000000e+00 4.09096141e-02
0.00000000e+00 4.15341883e-02
0.00000000e+00 4.21587626e-02
0.00000000e+00 4.27833368e-02
0.00000000e+00 4.34079111e-02
0.00000000e+00 4.40324854e-02
0.00000000e+00 4.46570596e-02
0.00000000e+00 4.52816339e-02
0.00000000e+00 4.59062081e-02
0.00000000e+00 4.65307824e-02
0.00000000e+00 4.71553567e-02
0.00000000e+00 4.77799309e-02
0.00000000e+00 4.84045052e-02
0.00000000e+00 4.90290794e-02
0.00000000e+00 4.96536537e-02
0.00000000e+00 5.02782280e-02
0.00000000e+00 5.09028022e-02
0.00000000e+00 5.15273765e-02
0.00000000e+00 5.21519507e-02
0.00000000e+00 5.27765250e-02
0.00000000e+00 5.34010993e-02
0.00000000e+00 5.40256735e-02
0.00000000e+00 5.46502478e-02
0.00000000e+00 5.52748221e-02
0.00000000e+00 5.58993963e-02
0.00000000e+00 5.65239706e-02
0.00000000e+00 5.71485448e-02
0.00000000e+00 5.77731191e-02
0.00000000e+00 5.83976934e-02
0.00000000e+00 5.90222676e-02
0.00000000e+00 5.96468419e-02
0.00000000e+00 6.02714161e-02
0.00000000e+00 6.08959904e-02
0.00000000e+00 6.15205647e-02
0.00000000e+00 6.21451389e-02
0.00000000e+00 6.27697132e-02
0.00000000e+00 6.33942874e-02
0.00000000e+00 6.40188617e-02
0.00000000e+00 6.46434360e-02
0.00000000e+00 6.52680102e-02
0.00000000e+00 6.58925845e-02
0.00000000e+00 6.65171587e-02
0.00000000e+00 6.71417330e-02
0.00000000e+00 6.77663073e-02
0.00000000e+00 6.83908815e-02
0.00000000e+00 6.90154558e-02
0.00000000e+00 6.96400300e-02
0.00000000e+00 7.02646043e-02
0.00000000e+00 7.08891786e-02
0.00000000e+00 7.15137528e-02
0.00000000e+00 7.21383271e-02
0.00000000e+00 7.27629013e-02
0.00000000e+00 7.33874756e-02
0.00000000e+00 7.40120499e-02
0.00000000e+00 7.46366241e-02
0.00000000e+00 7.52611984e-02
0.00000000e+00 7.58857726e-02
0.00000000e+00 7.65103469e-02
0.00000000e+00 7.71349212e-02
0.00000000e+00 7.77594954e-02
0.00000000e+00 7.83840697e-02
0.00000000e+00 7.90086439e-02
0.00000000e+00 7.96332182e-02
0.00000000e+00 8.02577925e-02
0.00000000e+00 8.08823667e-02
0.00000000e+00 8.15069410e-02
0.00000000e+00 8.21315153e-02
0.00000000e+00 8.27560895e-02
0.00000000e+00 8.33806638e-02
0.00000000e+00 8.40052380e-02
0.00000000e+00 8.46298123e-02
0.00000000e+00 8.52543866e-02
0.00000000e+00 8.58789608e-02
0.00000000e+00 8.65035351e-02
0.00000000e+00 8.71281093e-02
0.00000000e+00 8.77526836e-02
0.00000000e+00 8.83772579e-02
0.00000000e+00 8.90018321e-02
0.00000000e+00 8.96264064e-02
0.00000000e+00 9.02509806e-02
0.00000000e+00 9.08755549e-02
0.00000000e+00 9.15001292e-02
0.00000000e+00 9.21247034e-02
0.00000000e+00 9.27492777e-02
0.00000000e+00 9.33738519e-02
0.00000000e+00 9.39984262e-02
0.00000000e+00 9.46230005e-02
0.00000000e+00 9.52475747e-02
0.00000000e+00 9.58721490e-02
0.00000000e+00 9.64967232e-02
0.00000000e+00 9.71212975e-02
0.00000000e+00 9.77458718e-02
0.00000000e+00 9.83704460e-02
0.00000000e+00 9.89950203e-02
0.00000000e+00 9.96195945e-02
0.00000000e+00 1.00244169e-01
0.00000000e+00 1.00868743e-01
0.00000000e+00 1.01493317e-01
0.00000000e+00 1.02117892e-01
0.00000000e+00 1.02742466e-01
0.00000000e+00 1.03367040e-01
0.00000000e+00 1.03991614e-01
0.00000000e+00 1.04616189e-01
0.00000000e+00 1.05240763e-01
0.00000000e+00 1.05865337e-01
0.00000000e+00 1.06489911e-01
0.00000000e+00 1.07114486e-01
0.00000000e+00 1.07739060e-01
0.00000000e+00 1.08363634e-01
0.00000000e+00 1.08988208e-01
0.00000000e+00 1.09612783e-01
0.00000000e+00 1.10237357e-01
0.00000000e+00 1.10861931e-01
0.00000000e+00 1.11486505e-01
0.00000000e+00 1.12111080e-01
0.00000000e+00 1.12735654e-01
0.00000000e+00 1.13360228e-01
0.00000000e+00 1.13984803e-01
0.00000000e+00 1.14609377e-01
0.00000000e+00 1.15233951e-01
0.00000000e+00 1.15858525e-01
0.00000000e+00 1.16483100e-01
0.00000000e+00 1.17107674e-01
0.00000000e+00 1.17732248e-01
0.00000000e+00 1.18356822e-01
0.00000000e+00 1.18981397e-01
0.00000000e+00 1.19605971e-01
0.00000000e+00 1.20230545e-01
0.00000000e+00 1.20855119e-01
0.00000000e+00 1.21479694e-01
0.00000000e+00 1.22104268e-01
0.00000000e+00 1.22728842e-01
0.00000000e+00 1.23353416e-01
0.00000000e+00 1.23977991e-01
0.00000000e+00 1.24602565e-01
0.00000000e+00 1.25227139e-01
0.00000000e+00 1.25851713e-01
0.00000000e+00 1.26476288e-01
0.00000000e+00 1.27100862e-01
0.00000000e+00 1.27725436e-01
0.00000000e+00 1.28350011e-01
0.00000000e+00 1.28974585e-01
0.00000000e+00 1.29599159e-01
0.00000000e+00 1.30223733e-01
0.00000000e+00 1.30848308e-01
0.00000000e+00 1.31472882e-01
0.00000000e+00 1.32097456e-01
0.00000000e+00 1.32722030e-01
0.00000000e+00 1.33346605e-01
0.00000000e+00 1.33971179e-01
0.00000000e+00 1.34595753e-01
0.00000000e+00 1.35220327e-01
0.00000000e+00 1.35844902e-01
0.00000000e+00 1.36469476e-01
0.00000000e+00 1.37094050e-01
0.00000000e+00 1.37718624e-01
0.00000000e+00 1.38343199e-01
0.00000000e+00 1.38967773e-01
0.00000000e+00 1.39592347e-01
0.00000000e+00 1.40216921e-01
0.00000000e+00 1.40841496e-01
0.00000000e+00 1.41466070e-01
0.00000000e+00 1.42090644e-01
0.00000000e+00 1.42715219e-01
0.00000000e+00 1.43339793e-01
0.00000000e+00 1.43964367e-01
0.00000000e+00 1.44588941e-01
0.00000000e+00 1.45213516e-01
0.00000000e+00 1.45838090e-01
0.00000000e+00 1.46462664e-01
0.00000000e+00 1.47087238e-01
0.00000000e+00 1.47711813e-01
0.00000000e+00 1.48336387e-01
0.00000000e+00 1.48960961e-01
0.00000000e+00 1.49585535e-01
0.00000000e+00 1.50210110e-01
0.00000000e+00 1.50834684e-01
0.00000000e+00 1.51459258e-01
0.00000000e+00 1.52083832e-01
0.00000000e+00 1.52708407e-01
0.00000000e+00 1.53332981e-01
0.00000000e+00 1.53957555e-01
0.00000000e+00 1.54582129e-01
0.00000000e+00 1.55206704e-01
0.00000000e+00 1.55831278e-01
0.00000000e+00 1.56455852e-01
0.00000000e+00 1.57080427e-01
0.00000000e+00 1.57705001e-01
0.00000000e+00 1.58329575e-01
0.00000000e+00 1.58954149e-01
0.00000000e+00 1.59578724e-01
0.00000000e+00 1.60203298e-01
0.00000000e+00 1.60827872e-01
0.00000000e+00 1.61452446e-01
0.00000000e+00 1.62077021e-01
0.00000000e+00 1.62701595e-01
0.00000000e+00 1.63326169e-01
0.00000000e+00 1.63950743e-01
0.00000000e+00 1.64575318e-01
0.00000000e+00 1.65199892e-01
0.00000000e+00 1.65824466e-01
0.00000000e+00 1.66449040e-01
0.00000000e+00 1.67073615e-01
0.00000000e+00 1.67698189e-01
0.00000000e+00 1.68322763e-01
0.00000000e+00 1.68947337e-01
0.00000000e+00 1.69571912e-01
0.00000000e+00 1.70196486e-01
0.00000000e+00 1.70821060e-01
0.00000000e+00 1.71445634e-01
0.00000000e+00 1.72070209e-01
0.00000000e+00 1.72694783e-01
0.00000000e+00 1.73319357e-01
0.00000000e+00 1.73943932e-01
0.00000000e+00 1.74568506e-01
0.00000000e+00 1.75193080e-01
0.00000000e+00 1.75817654e-01
0.00000000e+00 1.76442229e-01
0.00000000e+00 1.77066803e-01
0.00000000e+00 1.77691377e-01
0.00000000e+00 1.78315951e-01
0.00000000e+00 1.78940526e-01
0.00000000e+00 1.79565100e-01
0.00000000e+00 1.80189674e-01
0.00000000e+00 1.80814248e-01
0.00000000e+00 1.81438823e-01
0.00000000e+00 1.82063397e-01
0.00000000e+00 1.82687971e-01
0.00000000e+00 1.83312545e-01
0.00000000e+00 1.83937120e-01
0.00000000e+00 1.84561694e-01
0.00000000e+00 1.85186268e-01
0.00000000e+00 1.85810842e-01
0.00000000e+00 1.86435417e-01
0.00000000e+00 1.87059991e-01
0.00000000e+00 1.87684565e-01
0.00000000e+00 1.88309140e-01
0.00000000e+00 1.88933714e-01
0.00000000e+00 1.89558288e-01
0.00000000e+00 1.90182862e-01
0.00000000e+00 1.90807437e-01
0.00000000e+00 1.91432011e-01
0.00000000e+00 1.92056585e-01
0.00000000e+00 1.92681159e-01
0.00000000e+00 1.93305734e-01
0.00000000e+00 1.93930308e-01
0.00000000e+00 1.94554882e-01
0.00000000e+00 1.95179456e-01
0.00000000e+00 1.95804031e-01
0.00000000e+00 1.96428605e-01
0.00000000e+00 1.97053179e-01
0.00000000e+00 1.97677753e-01
0.00000000e+00 1.98302328e-01
0.00000000e+00 1.98926902e-01
0.00000000e+00 1.99551476e-01
0.00000000e+00 2.00176050e-01
0.00000000e+00 2.00800625e-01
0.00000000e+00 2.01425199e-01
0.00000000e+00 2.02049773e-01
0.00000000e+00 2.02674348e-01
0.00000000e+00 2.03298922e-01
0.00000000e+00 2.03923496e-01
0.00000000e+00 2.04548070e-01
0.00000000e+00 2.05172645e-01
0.00000000e+00 2.05797219e-01
0.00000000e+00 2.06421793e-01
0.00000000e+00 2.07046367e-01
0.00000000e+00 2.07670942e-01
0.00000000e+00 2.08295516e-01
0.00000000e+00 2.08920090e-01
0.00000000e+00 2.09544664e-01
0.00000000e+00 2.10169239e-01
0.00000000e+00 2.10793813e-01
0.00000000e+00 2.11418387e-01
0.00000000e+00 2.12042961e-01
0.00000000e+00 2.12667536e-01
0.00000000e+00 2.13292110e-01
0.00000000e+00 2.13916684e-01
0.00000000e+00 2.14541258e-01
0.00000000e+00 2.15165833e-01
0.00000000e+00 2.15790407e-01
0.00000000e+00 2.16414981e-01
0.00000000e+00 2.17039556e-01
0.00000000e+00 2.17664130e-01
0.00000000e+00 2.18288704e-01
0.00000000e+00 2.18913278e-01
0.00000000e+00 2.19537853e-01
0.00000000e+00 2.20162427e-01
0.00000000e+00 2.20787001e-01
0.00000000e+00 2.21411575e-01
0.00000000e+00 2.22036150e-01
0.00000000e+00 2.22660724e-01
0.00000000e+00 2.23285298e-01
0.00000000e+00 2.23909872e-01
0.00000000e+00 2.24534447e-01
0.00000000e+00 2.25159021e-01
0.00000000e+00 2.25783595e-01
0.00000000e+00 2.26408169e-01
0.00000000e+00 2.27032744e-01
0.00000000e+00 2.27657318e-01
0.00000000e+00 2.28281892e-01
0.00000000e+00 2.28906466e-01
0.00000000e+00 2.29531041e-01
0.00000000e+00 2.30155615e-01
0.00000000e+00 2.30780189e-01
0.00000000e+00 2.31404764e-01
0.00000000e+00 2.32029338e-01
0.00000000e+00 2.32653912e-01
0.00000000e+00 2.33278486e-01
0.00000000e+00 2.33903061e-01
0.00000000e+00 2.34527635e-01
0.00000000e+00 2.35152209e-01
0.00000000e+00 2.35776783e-01
0.00000000e+00 2.36401358e-01
0.00000000e+00 2.37025932e-01
0.00000000e+00 2.37650506e-01
0.00000000e+00 2.38275080e-01
0.00000000e+00 2.38899655e-01
0.00000000e+00 2.39524229e-01
0.00000000e+00 2.40148803e-01
0.00000000e+00 2.40773377e-01
0.00000000e+00 2.41397952e-01
0.00000000e+00 2.42022526e-01
0.00000000e+00 2.42647100e-01
0.00000000e+00 2.43271674e-01
0.00000000e+00 2.43896249e-01
0.00000000e+00 2.44520823e-01
0.00000000e+00 2.45145397e-01
0.00000000e+00 2.45769971e-01
0.00000000e+00 2.46394546e-01
0.00000000e+00 2.47019120e-01
0.00000000e+00 2.47643694e-01
0.00000000e+00 2.48268269e-01
0.00000000e+00 2.48892843e-01
0.00000000e+00 2.49517417e-01
0.00000000e+00 2.50141991e-01
0.00000000e+00 2.50766566e-01
0.00000000e+00 2.51391140e-01
0.00000000e+00 2.52015714e-01
0.00000000e+00 2.52640288e-01
0.00000000e+00 2.53264863e-01
0.00000000e+00 2.53889437e-01
0.00000000e+00 2.54514011e-01
0.00000000e+00 2.55138585e-01
0.00000000e+00 2.55763160e-01
0.00000000e+00 2.56387734e-01
0.00000000e+00 2.57012308e-01
0.00000000e+00 2.57636882e-01
0.00000000e+00 2.58261457e-01
0.00000000e+00 2.58886031e-01
0.00000000e+00 2.59510605e-01
0.00000000e+00 2.60135179e-01
0.00000000e+00 2.60759754e-01
0.00000000e+00 2.61384328e-01
0.00000000e+00 2.62008902e-01
0.00000000e+00 2.62633477e-01
0.00000000e+00 2.63258051e-01
0.00000000e+00 2.63882625e-01
0.00000000e+00 2.64507199e-01
0.00000000e+00 2.65131774e-01
0.00000000e+00 2.65756348e-01
0.00000000e+00 2.66380922e-01
0.00000000e+00 2.67005496e-01
0.00000000e+00 2.67630071e-01
0.00000000e+00 2.68254645e-01
0.00000000e+00 2.68879219e-01
0.00000000e+00 2.69503793e-01
0.00000000e+00 2.70128368e-01
0.00000000e+00 2.70752942e-01
0.00000000e+00 2.71377516e-01
0.00000000e+00 2.72002090e-01
0.00000000e+00 2.72626665e-01
0.00000000e+00 2.73251239e-01
0.00000000e+00 2.73875813e-01
0.00000000e+00 2.74500387e-01
0.00000000e+00 2.75124962e-01
0.00000000e+00 2.75749536e-01
0.00000000e+00 2.76374110e-01
0.00000000e+00 2.76998685e-01
0.00000000e+00 2.77623259e-01
0.00000000e+00 2.78247833e-01
0.00000000e+00 2.78872407e-01
0.00000000e+00 2.79496982e-01
0.00000000e+00 2.80121556e-01
0.00000000e+00 2.80746130e-01
0.00000000e+00 2.81370704e-01
0.00000000e+00 2.81995279e-01
0.00000000e+00 2.82619853e-01
0.00000000e+00 2.83244427e-01
0.00000000e+00 2.83869001e-01
0.00000000e+00 2.84493576e-01
0.00000000e+00 2.85118150e-01
0.00000000e+00 2.85742724e-01
0.00000000e+00 2.86367298e-01
0.00000000e+00 2.86991873e-01
0.00000000e+00 2.87616447e-01
0.00000000e+00 2.88241021e-01
0.00000000e+00 2.88865595e-01
0.00000000e+00 2.89490170e-01
0.00000000e+00 2.90114744e-01
0.00000000e+00 2.90739318e-01
0.00000000e+00 2.91363893e-01
0.00000000e+00 2.91988467e-01
0.00000000e+00 2.92613041e-01
0.00000000e+00 2.93237615e-01
0.00000000e+00 2.93862190e-01
0.00000000e+00 2.94486764e-01
0.00000000e+00 2.95111338e-01
0.00000000e+00 2.95735912e-01
0.00000000e+00 2.96360487e-01
0.00000000e+00 2.96985061e-01
0.00000000e+00 2.97609635e-01
0.00000000e+00 2.98234209e-01
0.00000000e+00 2.98858784e-01
0.00000000e+00 2.99483358e-01
0.00000000e+00 3.00107932e-01
0.00000000e+00 3.00732506e-01
0.00000000e+00 3.01357081e-01
0.00000000e+00 3.01981655e-01
0.00000000e+00 3.02606229e-01
0.00000000e+00 3.03230803e-01
0.00000000e+00 3.03855378e-01
0.00000000e+00 3.04479952e-01
0.00000000e+00 3.05104526e-01
0.00000000e+00 3.05729100e-01
0.00000000e+00 3.06353675e-01
0.00000000e+00 3.06978249e-01
0.00000000e+00 3.07602823e-01
0.00000000e+00 3.08227398e-01
0.00000000e+00 3.08851972e-01
0.00000000e+00 3.09476546e-01
0.00000000e+00 3.10101120e-01
0.00000000e+00 3.10725695e-01
0.00000000e+00 3.11350269e-01
0.00000000e+00 3.11974843e-01
0.00000000e+00 3.12599417e-01
0.00000000e+00 3.13223992e-01
0.00000000e+00 3.13848566e-01
0.00000000e+00 3.14473140e-01
0.00000000e+00 3.15097714e-01
0.00000000e+00 3.15722289e-01
0.00000000e+00 3.16346863e-01
0.00000000e+00 3.16971437e-01
0.00000000e+00 3.17596011e-01
0.00000000e+00 3.18220586e-01
0.00000000e+00 3.18845160e-01
0.00000000e+00 3.19469734e-01
0.00000000e+00 3.20094308e-01
0.00000000e+00 3.20718883e-01
0.00000000e+00 3.21343457e-01
0.00000000e+00 3.21968031e-01
0.00000000e+00 3.22592606e-01
0.00000000e+00 3.23217180e-01
0.00000000e+00 3.23841754e-01
0.00000000e+00 3.24466328e-01
0.00000000e+00 3.25090903e-01
0.00000000e+00 3.25715477e-01
0.00000000e+00 3.26340051e-01
0.00000000e+00 3.26964625e-01
0.00000000e+00 3.27589200e-01
0.00000000e+00 3.28213774e-01
0.00000000e+00 3.28838348e-01
0.00000000e+00 3.29462922e-01
0.00000000e+00 3.30087497e-01
0.00000000e+00 3.30712071e-01
0.00000000e+00 3.31336645e-01
0.00000000e+00 3.31961219e-01
0.00000000e+00 3.32585794e-01
0.00000000e+00 3.33210368e-01
0.00000000e+00 3.33834942e-01
0.00000000e+00 3.34459516e-01
0.00000000e+00 3.35084091e-01
0.00000000e+00 3.35708665e-01
0.00000000e+00 3.36333239e-01
0.00000000e+00 3.36957814e-01
0.00000000e+00 3.37582388e-01
0.00000000e+00 3.38206962e-01
0.00000000e+00 3.38831536e-01
0.00000000e+00 3.39456111e-01
0.00000000e+00 3.40080685e-01
0.00000000e+00 3.40705259e-01
0.00000000e+00 3.41329833e-01
0.00000000e+00 3.41954408e-01
0.00000000e+00 3.42578982e-01
0.00000000e+00 3.43203556e-01
0.00000000e+00 3.43828130e-01
0.00000000e+00 3.44452705e-01
0.00000000e+00 3.45077279e-01
0.00000000e+00 3.45701853e-01
0.00000000e+00 3.46326427e-01
0.00000000e+00 3.46951002e-01
0.00000000e+00 3.47575576e-01
0.00000000e+00 3.48200150e-01
0.00000000e+00 3.48824724e-01
0.00000000e+00 3.49449299e-01
0.00000000e+00 3.50073873e-01
0.00000000e+00 3.50698447e-01
0.00000000e+00 3.51323022e-01
0.00000000e+00 3.51947596e-01
0.00000000e+00 3.52572170e-01
0.00000000e+00 3.53196744e-01
0.00000000e+00 3.53821319e-01
0.00000000e+00 3.54445893e-01
0.00000000e+00 3.55070467e-01
0.00000000e+00 3.55695041e-01
0.00000000e+00 3.56319616e-01
0.00000000e+00 3.56944190e-01
0.00000000e+00 3.57568764e-01
0.00000000e+00 3.58193338e-01
0.00000000e+00 3.58817913e-01
0.00000000e+00 3.59442487e-01
0.00000000e+00 3.60067061e-01
0.00000000e+00 3.60691635e-01
0.00000000e+00 3.61316210e-01
0.00000000e+00 3.61940784e-01
0.00000000e+00 3.62565358e-01
0.00000000e+00 3.63189932e-01
0.00000000e+00 3.63814507e-01
0.00000000e+00 3.64439081e-01
0.00000000e+00 3.65063655e-01
0.00000000e+00 3.65688230e-01
0.00000000e+00 3.66312804e-01
0.00000000e+00 3.66937378e-01
0.00000000e+00 3.67561952e-01
0.00000000e+00 3.68186527e-01
0.00000000e+00 3.68811101e-01
0.00000000e+00 3.69435675e-01
0.00000000e+00 3.70060249e-01
0.00000000e+00 3.70684824e-01
0.00000000e+00 3.71309398e-01
0.00000000e+00 3.71933972e-01
0.00000000e+00 3.72558546e-01
0.00000000e+00 3.73183121e-01
0.00000000e+00 3.73807695e-01
0.00000000e+00 3.74432269e-01
0.00000000e+00 3.75056843e-01
0.00000000e+00 3.75681418e-01
0.00000000e+00 3.76305992e-01
0.00000000e+00 3.76930566e-01
0.00000000e+00 3.77555140e-01
0.00000000e+00 3.78179715e-01
0.00000000e+00 3.78804289e-01
0.00000000e+00 3.79428863e-01
0.00000000e+00 3.80053437e-01
0.00000000e+00 3.80678012e-01
0.00000000e+00 3.81302586e-01
0.00000000e+00 3.81927160e-01
0.00000000e+00 3.82551735e-01
0.00000000e+00 3.83176309e-01
0.00000000e+00 3.83800883e-01
0.00000000e+00 3.84425457e-01
0.00000000e+00 3.85050032e-01
0.00000000e+00 3.85674606e-01
0.00000000e+00 3.86299180e-01
0.00000000e+00 3.86923754e-01
0.00000000e+00 3.87548329e-01
0.00000000e+00 3.88172903e-01
0.00000000e+00 3.88797477e-01
0.00000000e+00 3.89422051e-01
0.00000000e+00 3.90046626e-01
0.00000000e+00 3.90671200e-01
0.00000000e+00 3.91295774e-01
0.00000000e+00 3.91920348e-01
0.00000000e+00 3.92544923e-01
0.00000000e+00 3.93169497e-01
0.00000000e+00 3.93794071e-01
0.00000000e+00 3.94418645e-01
0.00000000e+00 3.95043220e-01
0.00000000e+00 3.95667794e-01
0.00000000e+00 3.96292368e-01
0.00000000e+00 3.96916943e-01
0.00000000e+00 3.97541517e-01
0.00000000e+00 3.98166091e-01
0.00000000e+00 3.98790665e-01
0.00000000e+00 3.99415240e-01
0.00000000e+00 4.00039814e-01
0.00000000e+00 4.00664388e-01
0.00000000e+00 4.01288962e-01
0.00000000e+00 4.01913537e-01
0.00000000e+00 4.02538111e-01
0.00000000e+00 4.03162685e-01
0.00000000e+00 4.03787259e-01
0.00000000e+00 4.04411834e-01
0.00000000e+00 4.05036408e-01
0.00000000e+00 4.05660982e-01
0.00000000e+00 4.06285556e-01
0.00000000e+00 4.06910131e-01
0.00000000e+00 4.07534705e-01
0.00000000e+00 4.08159279e-01
0.00000000e+00 4.08783853e-01
0.00000000e+00 4.09408428e-01
0.00000000e+00 4.10033002e-01
0.00000000e+00 4.10657576e-01
0.00000000e+00 4.11282151e-01
0.00000000e+00 4.11906725e-01
0.00000000e+00 4.12531299e-01
0.00000000e+00 4.13155873e-01
0.00000000e+00 4.13780448e-01
0.00000000e+00 4.14405022e-01
0.00000000e+00 4.15029596e-01
0.00000000e+00 4.15654170e-01
0.00000000e+00 4.16278745e-01
0.00000000e+00 4.16903319e-01
0.00000000e+00 4.17527893e-01
0.00000000e+00 4.18152467e-01
0.00000000e+00 4.18777042e-01
0.00000000e+00 4.19401616e-01
0.00000000e+00 4.20026190e-01
0.00000000e+00 4.20650764e-01
0.00000000e+00 4.21275339e-01
0.00000000e+00 4.21899913e-01
0.00000000e+00 4.22524487e-01
0.00000000e+00 4.23149061e-01
0.00000000e+00 4.23773636e-01
0.00000000e+00 4.24398210e-01
0.00000000e+00 4.25022784e-01
0.00000000e+00 4.25647359e-01
0.00000000e+00 4.26271933e-01
0.00000000e+00 4.26896507e-01
0.00000000e+00 4.27521081e-01
0.00000000e+00 4.28145656e-01
0.00000000e+00 4.28770230e-01
0.00000000e+00 4.29394804e-01
0.00000000e+00 4.30019378e-01
0.00000000e+00 4.30643953e-01
0.00000000e+00 4.31268527e-01
0.00000000e+00 4.31893101e-01
0.00000000e+00 4.32517675e-01
0.00000000e+00 4.33142250e-01
0.00000000e+00 4.33766824e-01
0.00000000e+00 4.34391398e-01
0.00000000e+00 4.35015972e-01
0.00000000e+00 4.35640547e-01
0.00000000e+00 4.36265121e-01
0.00000000e+00 4.36889695e-01
0.00000000e+00 4.37514269e-01
0.00000000e+00 4.38138844e-01
0.00000000e+00 4.38763418e-01
0.00000000e+00 4.39387992e-01
0.00000000e+00 4.40012566e-01
0.00000000e+00 4.40637141e-01
0.00000000e+00 4.41261715e-01
0.00000000e+00 4.41886289e-01
0.00000000e+00 4.42510864e-01
0.00000000e+00 4.43135438e-01
0.00000000e+00 4.43760012e-01
0.00000000e+00 4.44384586e-01
0.00000000e+00 4.45009161e-01
0.00000000e+00 4.45633735e-01
0.00000000e+00 4.46258309e-01
0.00000000e+00 4.46882883e-01
0.00000000e+00 4.47507458e-01
0.00000000e+00 4.48132032e-01
0.00000000e+00 4.48756606e-01
0.00000000e+00 4.49381180e-01
0.00000000e+00 4.50005755e-01
0.00000000e+00 4.50630329e-01
0.00000000e+00 4.51254903e-01
0.00000000e+00 4.51879477e-01
0.00000000e+00 4.52504052e-01
0.00000000e+00 4.53128626e-01
0.00000000e+00 4.53753200e-01
0.00000000e+00 4.54377774e-01
0.00000000e+00 4.55002349e-01
0.00000000e+00 4.55626923e-01
0.00000000e+00 4.56251497e-01
0.00000000e+00 4.56876072e-01
0.00000000e+00 4.57500646e-01
0.00000000e+00 4.58125220e-01
0.00000000e+00 4.58749794e-01
0.00000000e+00 4.59374369e-01
0.00000000e+00 4.59998943e-01
0.00000000e+00 4.60623517e-01
0.00000000e+00 4.61248091e-01
0.00000000e+00 4.61872666e-01
0.00000000e+00 4.62497240e-01
0.00000000e+00 4.63121814e-01
0.00000000e+00 4.63746388e-01
0.00000000e+00 4.64370963e-01
0.00000000e+00 4.64995537e-01
0.00000000e+00 4.65620111e-01
0.00000000e+00 4.66244685e-01
0.00000000e+00 4.66869260e-01
0.00000000e+00 4.67493834e-01
0.00000000e+00 4.68118408e-01
0.00000000e+00 4.68742982e-01
0.00000000e+00 4.69367557e-01
0.00000000e+00 4.69992131e-01
0.00000000e+00 4.70616705e-01
0.00000000e+00 4.71241280e-01
0.00000000e+00 4.71865854e-01
0.00000000e+00 4.72490428e-01
0.00000000e+00 4.73115002e-01
0.00000000e+00 4.73739577e-01
0.00000000e+00 4.74364151e-01
0.00000000e+00 4.74988725e-01
0.00000000e+00 4.75613299e-01
0.00000000e+00 4.76237874e-01
0.00000000e+00 4.76862448e-01
0.00000000e+00 4.77487022e-01
0.00000000e+00 4.78111596e-01
0.00000000e+00 4.78736171e-01
0.00000000e+00 4.79360745e-01
0.00000000e+00 4.79985319e-01
0.00000000e+00 4.80609893e-01
0.00000000e+00 4.81234468e-01
0.00000000e+00 4.81859042e-01
0.00000000e+00 4.82483616e-01
0.00000000e+00 4.83108190e-01
0.00000000e+00 4.83732765e-01
0.00000000e+00 4.84357339e-01
0.00000000e+00 4.84981913e-01
0.00000000e+00 4.85606488e-01
0.00000000e+00 4.86231062e-01
0.00000000e+00 4.86855636e-01
0.00000000e+00 4.87480210e-01
0.00000000e+00 4.88104785e-01
0.00000000e+00 4.88729359e-01
0.00000000e+00 4.89353933e-01
0.00000000e+00 4.89978507e-01
0.00000000e+00 4.90603082e-01
0.00000000e+00 4.91227656e-01
0.00000000e+00 4.91852230e-01
0.00000000e+00 4.92476804e-01
0.00000000e+00 4.93101379e-01
0.00000000e+00 4.93725953e-01
0.00000000e+00 4.94350527e-01
0.00000000e+00 4.94975101e-01
0.00000000e+00 4.95599676e-01
0.00000000e+00 4.96224250e-01
0.00000000e+00 4.96848824e-01
0.00000000e+00 4.97473398e-01
0.00000000e+00 4.98097973e-01
0.00000000e+00 4.98722547e-01
0.00000000e+00 4.99347121e-01
0.00000000e+00 4.99971695e-01
