% L-Bracket Geometry
% N_total=168, N_horizontal=84, N_vertical=84
% Resolution: 100 segments per wavelength
% Format: x(m) y(m)
2.99795645e-03 0.00000000e+00
8.99386935e-03 0.00000000e+00
1.49897823e-02 0.00000000e+00
2.09856952e-02 0.00000000e+00
2.69816081e-02 0.00000000e+00
3.29775210e-02 0.00000000e+00
3.89734339e-02 0.00000000e+00
4.49693468e-02 0.00000000e+00
5.09652597e-02 0.00000000e+00
5.69611726e-02 0.00000000e+00
6.29570855e-02 0.00000000e+00
6.89529984e-02 0.00000000e+00
7.49489113e-02 0.00000000e+00
8.09448242e-02 0.00000000e+00
8.69407371e-02 0.00000000e+00
9.29366500e-02 0.00000000e+00
9.89325629e-02 0.00000000e+00
1.04928476e-01 0.00000000e+00
1.10924389e-01 0.00000000e+00
1.16920302e-01 0.00000000e+00
1.22916214e-01 0.00000000e+00
1.28912127e-01 0.00000000e+00
1.34908040e-01 0.00000000e+00
1.40903953e-01 0.00000000e+00
1.46899866e-01 0.00000000e+00
1.52895779e-01 0.00000000e+00
1.58891692e-01 0.00000000e+00
1.64887605e-01 0.00000000e+00
1.70883518e-01 0.00000000e+00
1.76879431e-01 0.00000000e+00
1.82875343e-01 0.00000000e+00
1.88871256e-01 0.00000000e+00
1.94867169e-01 0.00000000e+00
2.00863082e-01 0.00000000e+00
2.06858995e-01 0.00000000e+00
2.12854908e-01 0.00000000e+00
2.18850821e-01 0.00000000e+00
2.24846734e-01 0.00000000e+00
2.30842647e-01 0.00000000e+00
2.36838560e-01 0.00000000e+00
2.42834472e-01 0.00000000e+00
2.48830385e-01 0.00000000e+00
2.54826298e-01 0.00000000e+00
2.60822211e-01 0.00000000e+00
2.66818124e-01 0.00000000e+00
2.72814037e-01 0.00000000e+00
2.78809950e-01 0.00000000e+00
2.84805863e-01 0.00000000e+00
2.90801776e-01 0.00000000e+00
2.96797689e-01 0.00000000e+00
3.02793601e-01 0.00000000e+00
3.08789514e-01 0.00000000e+00
3.14785427e-01 0.00000000e+00
3.20781340e-01 0.00000000e+00
3.26777253e-01 0.00000000e+00
3.32773166e-01 0.00000000e+00
3.38769079e-01 0.00000000e+00
3.44764992e-01 0.00000000e+00
3.50760905e-01 0.00000000e+00
3.56756818e-01 0.00000000e+00
3.62752730e-01 0.00000000e+00
3.68748643e-01 0.00000000e+00
3.74744556e-01 0.00000000e+00
3.80740469e-01 0.00000000e+00
3.86736382e-01 0.00000000e+00
3.92732295e-01 0.00000000e+00
3.98728208e-01 0.00000000e+00
4.04724121e-01 0.00000000e+00
4.10720034e-01 0.00000000e+00
4.16715947e-01 0.00000000e+00
4.22711859e-01 0.00000000e+00
4.28707772e-01 0.00000000e+00
4.34703685e-01 0.00000000e+00
4.40699598e-01 0.00000000e+00
4.46695511e-01 0.00000000e+00
4.52691424e-01 0.00000000e+00
4.58687337e-01 0.00000000e+00
4.64683250e-01 0.00000000e+00
4.70679163e-01 0.00000000e+00
4.76675076e-01 0.00000000e+00
4.82670988e-01 0.00000000e+00
4.88666901e-01 0.00000000e+00
4.94662814e-01 0.00000000e+00
5.00658727e-01 0.00000000e+00
0.00000000e+00 2.99795645e-03
0.00000000e+00 8.99386935e-03
0.00000000e+00 1.49897823e-02
0.00000000e+00 2.09856952e-02
0.00000000e+00 2.69816081e-02
0.00000000e+00 3.29775210e-02
0.00000000e+00 3.89734339e-02
0.00000000e+00 4.49693468e-02
0.00000000e+00 5.09652597e-02
0.00000000e+00 5.69611726e-02
0.00000000e+00 6.29570855e-02
0.00000000e+00 6.89529984e-02
0.00000000e+00 7.49489113e-02
0.00000000e+00 8.09448242e-02
0.00000000e+00 8.69407371e-02
0.00000000e+00 9.29366500e-02
0.00000000e+00 9.89325629e-02
0.00000000e+00 1.04928476e-01
0.00000000e+00 1.10924389e-01
0.00000000e+00 1.16920302e-01
0.00000000e+00 1.22916214e-01
0.00000000e+00 1.28912127e-01
0.00000000e+00 1.34908040e-01
0.00000000e+00 1.40903953e-01
0.00000000e+00 1.46899866e-01
0.00000000e+00 1.52895779e-01
0.00000000e+00 1.58891692e-01
0.00000000e+00 1.64887605e-01
0.00000000e+00 1.70883518e-01
0.00000000e+00 1.76879431e-01
0.00000000e+00 1.82875343e-01
0.00000000e+00 1.88871256e-01
0.00000000e+00 1.94867169e-01
0.00000000e+00 2.00863082e-01
0.00000000e+00 2.06858995e-01
0.00000000e+00 2.12854908e-01
0.00000000e+00 2.18850821e-01
0.00000000e+00 2.24846734e-01
0.00000000e+00 2.30842647e-01
0.00000000e+00 2.36838560e-01
0.00000000e+00 2.42834472e-01
0.00000000e+00 2.48830385e-01
0.00000000e+00 2.54826298e-01
0.00000000e+00 2.60822211e-01
0.00000000e+00 2.66818124e-01
0.00000000e+00 2.72814037e-01
0.00000000e+00 2.78809950e-01
0.00000000e+00 2.84805863e-01
0.00000000e+00 2.90801776e-01
0.00000000e+00 2.96797689e-01
0.00000000e+00 3.02793601e-01
0.00000000e+00 3.08789514e-01
0.00000000e+00 3.14785427e-01
0.00000000e+00 3.20781340e-01
0.00000000e+00 3.26777253e-01
0.00000000e+00 3.32773166e-01
0.00000000e+00 3.38769079e-01
0.00000000e+00 3.44764992e-01
0.00000000e+00 3.50760905e-01
0.00000000e+00 3.56756818e-01
0.00000000e+00 3.62752730e-01
0.00000000e+00 3.68748643e-01
0.00000000e+00 3.74744556e-01
0.00000000e+00 3.80740469e-01
0.00000000e+00 3.86736382e-01
0.00000000e+00 3.92732295e-01
0.00000000e+00 3.98728208e-01
0.00000000e+00 4.04724121e-01
0.00000000e+00 4.10720034e-01
0.00000000e+00 4.16715947e-01
0.00000000e+00 4.22711859e-01
0.00000000e+00 4.28707772e-01
0.00000000e+00 4.34703685e-01
0.00000000e+00 4.40699598e-01
0.00000000e+00 4.46695511e-01
0.00000000e+00 4.52691424e-01
0.00000000e+00 4.58687337e-01
0.00000000e+00 4.64683250e-01
0.00000000e+00 4.70679163e-01
0.00000000e+00 4.76675076e-01
0.00000000e+00 4.82670988e-01
0.00000000e+00 4.88666901e-01
0.00000000e+00 4.94662814e-01
0.00000000e+00 5.00658727e-01
