% L-Bracket Geometry
% N_total=934, N_horizontal=467, N_vertical=467
% Resolution: 100 segments per wavelength
% Format: x(m) y(m)
5.35349366e-04 0.00000000e+00
1.60604810e-03 0.00000000e+00
2.67674683e-03 0.00000000e+00
3.74744556e-03 0.00000000e+00
4.81814429e-03 0.00000000e+00
5.88884303e-03 0.00000000e+00
6.95954176e-03 0.00000000e+00
8.03024049e-03 0.00000000e+00
9.10093922e-03 0.00000000e+00
1.01716380e-02 0.00000000e+00
1.12423367e-02 0.00000000e+00
1.23130354e-02 0.00000000e+00
1.33837342e-02 0.00000000e+00
1.44544329e-02 0.00000000e+00
1.55251316e-02 0.00000000e+00
1.65958303e-02 0.00000000e+00
1.76665291e-02 0.00000000e+00
1.87372278e-02 0.00000000e+00
1.98079265e-02 0.00000000e+00
2.08786253e-02 0.00000000e+00
2.19493240e-02 0.00000000e+00
2.30200227e-02 0.00000000e+00
2.40907215e-02 0.00000000e+00
2.51614202e-02 0.00000000e+00
2.62321189e-02 0.00000000e+00
2.73028177e-02 0.00000000e+00
2.83735164e-02 0.00000000e+00
2.94442151e-02 0.00000000e+00
3.05149139e-02 0.00000000e+00
3.15856126e-02 0.00000000e+00
3.26563113e-02 0.00000000e+00
3.37270101e-02 0.00000000e+00
3.47977088e-02 0.00000000e+00
3.58684075e-02 0.00000000e+00
3.69391063e-02 0.00000000e+00
3.80098050e-02 0.00000000e+00
3.90805037e-02 0.00000000e+00
4.01512025e-02 0.00000000e+00
4.12219012e-02 0.00000000e+00
4.22925999e-02 0.00000000e+00
4.33632987e-02 0.00000000e+00
4.44339974e-02 0.00000000e+00
4.55046961e-02 0.00000000e+00
4.65753949e-02 0.00000000e+00
4.76460936e-02 0.00000000e+00
4.87167923e-02 0.00000000e+00
4.97874910e-02 0.00000000e+00
5.08581898e-02 0.00000000e+00
5.19288885e-02 0.00000000e+00
5.29995872e-02 0.00000000e+00
5.40702860e-02 0.00000000e+00
5.51409847e-02 0.00000000e+00
5.62116834e-02 0.00000000e+00
5.72823822e-02 0.00000000e+00
5.83530809e-02 0.00000000e+00
5.94237796e-02 0.00000000e+00
6.04944784e-02 0.00000000e+00
6.15651771e-02 0.00000000e+00
6.26358758e-02 0.00000000e+00
6.37065746e-02 0.00000000e+00
6.47772733e-02 0.00000000e+00
6.58479720e-02 0.00000000e+00
6.69186708e-02 0.00000000e+00
6.79893695e-02 0.00000000e+00
6.90600682e-02 0.00000000e+00
7.01307670e-02 0.00000000e+00
7.12014657e-02 0.00000000e+00
7.22721644e-02 0.00000000e+00
7.33428632e-02 0.00000000e+00
7.44135619e-02 0.00000000e+00
7.54842606e-02 0.00000000e+00
7.65549594e-02 0.00000000e+00
7.76256581e-02 0.00000000e+00
7.86963568e-02 0.00000000e+00
7.97670556e-02 0.00000000e+00
8.08377543e-02 0.00000000e+00
8.19084530e-02 0.00000000e+00
8.29791517e-02 0.00000000e+00
8.40498505e-02 0.00000000e+00
8.51205492e-02 0.00000000e+00
8.61912479e-02 0.00000000e+00
8.72619467e-02 0.00000000e+00
8.83326454e-02 0.00000000e+00
8.94033441e-02 0.00000000e+00
9.04740429e-02 0.00000000e+00
9.15447416e-02 0.00000000e+00
9.26154403e-02 0.00000000e+00
9.36861391e-02 0.00000000e+00
9.47568378e-02 0.00000000e+00
9.58275365e-02 0.00000000e+00
9.68982353e-02 0.00000000e+00
9.79689340e-02 0.00000000e+00
9.90396327e-02 0.00000000e+00
1.00110331e-01 0.00000000e+00
1.01181030e-01 0.00000000e+00
1.02251729e-01 0.00000000e+00
1.03322428e-01 0.00000000e+00
1.04393126e-01 0.00000000e+00
1.05463825e-01 0.00000000e+00
1.06534524e-01 0.00000000e+00
1.07605223e-01 0.00000000e+00
1.08675921e-01 0.00000000e+00
1.09746620e-01 0.00000000e+00
1.10817319e-01 0.00000000e+00
1.11888018e-01 0.00000000e+00
1.12958716e-01 0.00000000e+00
1.14029415e-01 0.00000000e+00
1.15100114e-01 0.00000000e+00
1.16170812e-01 0.00000000e+00
1.17241511e-01 0.00000000e+00
1.18312210e-01 0.00000000e+00
1.19382909e-01 0.00000000e+00
1.20453607e-01 0.00000000e+00
1.21524306e-01 0.00000000e+00
1.22595005e-01 0.00000000e+00
1.23665704e-01 0.00000000e+00
1.24736402e-01 0.00000000e+00
1.25807101e-01 0.00000000e+00
1.26877800e-01 0.00000000e+00
1.27948499e-01 0.00000000e+00
1.29019197e-01 0.00000000e+00
1.30089896e-01 0.00000000e+00
1.31160595e-01 0.00000000e+00
1.32231293e-01 0.00000000e+00
1.33301992e-01 0.00000000e+00
1.34372691e-01 0.00000000e+00
1.35443390e-01 0.00000000e+00
1.36514088e-01 0.00000000e+00
1.37584787e-01 0.00000000e+00
1.38655486e-01 0.00000000e+00
1.39726185e-01 0.00000000e+00
1.40796883e-01 0.00000000e+00
1.41867582e-01 0.00000000e+00
1.42938281e-01 0.00000000e+00
1.44008979e-01 0.00000000e+00
1.45079678e-01 0.00000000e+00
1.46150377e-01 0.00000000e+00
1.47221076e-01 0.00000000e+00
1.48291774e-01 0.00000000e+00
1.49362473e-01 0.00000000e+00
1.50433172e-01 0.00000000e+00
1.51503871e-01 0.00000000e+00
1.52574569e-01 0.00000000e+00
1.53645268e-01 0.00000000e+00
1.54715967e-01 0.00000000e+00
1.55786666e-01 0.00000000e+00
1.56857364e-01 0.00000000e+00
1.57928063e-01 0.00000000e+00
1.58998762e-01 0.00000000e+00
1.60069460e-01 0.00000000e+00
1.61140159e-01 0.00000000e+00
1.62210858e-01 0.00000000e+00
1.63281557e-01 0.00000000e+00
1.64352255e-01 0.00000000e+00
1.65422954e-01 0.00000000e+00
1.66493653e-01 0.00000000e+00
1.67564352e-01 0.00000000e+00
1.68635050e-01 0.00000000e+00
1.69705749e-01 0.00000000e+00
1.70776448e-01 0.00000000e+00
1.71847147e-01 0.00000000e+00
1.72917845e-01 0.00000000e+00
1.73988544e-01 0.00000000e+00
1.75059243e-01 0.00000000e+00
1.76129941e-01 0.00000000e+00
1.77200640e-01 0.00000000e+00
1.78271339e-01 0.00000000e+00
1.79342038e-01 0.00000000e+00
1.80412736e-01 0.00000000e+00
1.81483435e-01 0.00000000e+00
1.82554134e-01 0.00000000e+00
1.83624833e-01 0.00000000e+00
1.84695531e-01 0.00000000e+00
1.85766230e-01 0.00000000e+00
1.86836929e-01 0.00000000e+00
1.87907628e-01 0.00000000e+00
1.88978326e-01 0.00000000e+00
1.90049025e-01 0.00000000e+00
1.91119724e-01 0.00000000e+00
1.92190422e-01 0.00000000e+00
1.93261121e-01 0.00000000e+00
1.94331820e-01 0.00000000e+00
1.95402519e-01 0.00000000e+00
1.96473217e-01 0.00000000e+00
1.97543916e-01 0.00000000e+00
1.98614615e-01 0.00000000e+00
1.99685314e-01 0.00000000e+00
2.00756012e-01 0.00000000e+00
2.01826711e-01 0.00000000e+00
2.02897410e-01 0.00000000e+00
2.03968108e-01 0.00000000e+00
2.05038807e-01 0.00000000e+00
2.06109506e-01 0.00000000e+00
2.07180205e-01 0.00000000e+00
2.08250903e-01 0.00000000e+00
2.09321602e-01 0.00000000e+00
2.10392301e-01 0.00000000e+00
2.11463000e-01 0.00000000e+00
2.12533698e-01 0.00000000e+00
2.13604397e-01 0.00000000e+00
2.14675096e-01 0.00000000e+00
2.15745795e-01 0.00000000e+00
2.16816493e-01 0.00000000e+00
2.17887192e-01 0.00000000e+00
2.18957891e-01 0.00000000e+00
2.20028589e-01 0.00000000e+00
2.21099288e-01 0.00000000e+00
2.22169987e-01 0.00000000e+00
2.23240686e-01 0.00000000e+00
2.24311384e-01 0.00000000e+00
2.25382083e-01 0.00000000e+00
2.26452782e-01 0.00000000e+00
2.27523481e-01 0.00000000e+00
2.28594179e-01 0.00000000e+00
2.29664878e-01 0.00000000e+00
2.30735577e-01 0.00000000e+00
2.31806276e-01 0.00000000e+00
2.32876974e-01 0.00000000e+00
2.33947673e-01 0.00000000e+00
2.35018372e-01 0.00000000e+00
2.36089070e-01 0.00000000e+00
2.37159769e-01 0.00000000e+00
2.38230468e-01 0.00000000e+00
2.39301167e-01 0.00000000e+00
2.40371865e-01 0.00000000e+00
2.41442564e-01 0.00000000e+00
2.42513263e-01 0.00000000e+00
2.43583962e-01 0.00000000e+00
2.44654660e-01 0.00000000e+00
2.45725359e-01 0.00000000e+00
2.46796058e-01 0.00000000e+00
2.47866757e-01 0.00000000e+00
2.48937455e-01 0.00000000e+00
2.50008154e-01 0.00000000e+00
2.51078853e-01 0.00000000e+00
2.52149551e-01 0.00000000e+00
2.53220250e-01 0.00000000e+00
2.54290949e-01 0.00000000e+00
2.55361648e-01 0.00000000e+00
2.56432346e-01 0.00000000e+00
2.57503045e-01 0.00000000e+00
2.58573744e-01 0.00000000e+00
2.59644443e-01 0.00000000e+00
2.60715141e-01 0.00000000e+00
2.61785840e-01 0.00000000e+00
2.62856539e-01 0.00000000e+00
2.63927237e-01 0.00000000e+00
2.64997936e-01 0.00000000e+00
2.66068635e-01 0.00000000e+00
2.67139334e-01 0.00000000e+00
2.68210032e-01 0.00000000e+00
2.69280731e-01 0.00000000e+00
2.70351430e-01 0.00000000e+00
2.71422129e-01 0.00000000e+00
2.72492827e-01 0.00000000e+00
2.73563526e-01 0.00000000e+00
2.74634225e-01 0.00000000e+00
2.75704924e-01 0.00000000e+00
2.76775622e-01 0.00000000e+00
2.77846321e-01 0.00000000e+00
2.78917020e-01 0.00000000e+00
2.79987718e-01 0.00000000e+00
2.81058417e-01 0.00000000e+00
2.82129116e-01 0.00000000e+00
2.83199815e-01 0.00000000e+00
2.84270513e-01 0.00000000e+00
2.85341212e-01 0.00000000e+00
2.86411911e-01 0.00000000e+00
2.87482610e-01 0.00000000e+00
2.88553308e-01 0.00000000e+00
2.89624007e-01 0.00000000e+00
2.90694706e-01 0.00000000e+00
2.91765405e-01 0.00000000e+00
2.92836103e-01 0.00000000e+00
2.93906802e-01 0.00000000e+00
2.94977501e-01 0.00000000e+00
2.96048199e-01 0.00000000e+00
2.97118898e-01 0.00000000e+00
2.98189597e-01 0.00000000e+00
2.99260296e-01 0.00000000e+00
3.00330994e-01 0.00000000e+00
3.01401693e-01 0.00000000e+00
3.02472392e-01 0.00000000e+00
3.03543091e-01 0.00000000e+00
3.04613789e-01 0.00000000e+00
3.05684488e-01 0.00000000e+00
3.06755187e-01 0.00000000e+00
3.07825886e-01 0.00000000e+00
3.08896584e-01 0.00000000e+00
3.09967283e-01 0.00000000e+00
3.11037982e-01 0.00000000e+00
3.12108680e-01 0.00000000e+00
3.13179379e-01 0.00000000e+00
3.14250078e-01 0.00000000e+00
3.15320777e-01 0.00000000e+00
3.16391475e-01 0.00000000e+00
3.17462174e-01 0.00000000e+00
3.18532873e-01 0.00000000e+00
3.19603572e-01 0.00000000e+00
3.20674270e-01 0.00000000e+00
3.21744969e-01 0.00000000e+00
3.22815668e-01 0.00000000e+00
3.23886366e-01 0.00000000e+00
3.24957065e-01 0.00000000e+00
3.26027764e-01 0.00000000e+00
3.27098463e-01 0.00000000e+00
3.28169161e-01 0.00000000e+00
3.29239860e-01 0.00000000e+00
3.30310559e-01 0.00000000e+00
3.31381258e-01 0.00000000e+00
3.32451956e-01 0.00000000e+00
3.33522655e-01 0.00000000e+00
3.34593354e-01 0.00000000e+00
3.35664053e-01 0.00000000e+00
3.36734751e-01 0.00000000e+00
3.37805450e-01 0.00000000e+00
3.38876149e-01 0.00000000e+00
3.39946847e-01 0.00000000e+00
3.41017546e-01 0.00000000e+00
3.42088245e-01 0.00000000e+00
3.43158944e-01 0.00000000e+00
3.44229642e-01 0.00000000e+00
3.45300341e-01 0.00000000e+00
3.46371040e-01 0.00000000e+00
3.47441739e-01 0.00000000e+00
3.48512437e-01 0.00000000e+00
3.49583136e-01 0.00000000e+00
3.50653835e-01 0.00000000e+00
3.51724534e-01 0.00000000e+00
3.52795232e-01 0.00000000e+00
3.53865931e-01 0.00000000e+00
3.54936630e-01 0.00000000e+00
3.56007328e-01 0.00000000e+00
3.57078027e-01 0.00000000e+00
3.58148726e-01 0.00000000e+00
3.59219425e-01 0.00000000e+00
3.60290123e-01 0.00000000e+00
3.61360822e-01 0.00000000e+00
3.62431521e-01 0.00000000e+00
3.63502220e-01 0.00000000e+00
3.64572918e-01 0.00000000e+00
3.65643617e-01 0.00000000e+00
3.66714316e-01 0.00000000e+00
3.67785015e-01 0.00000000e+00
3.68855713e-01 0.00000000e+00
3.69926412e-01 0.00000000e+00
3.70997111e-01 0.00000000e+00
3.72067809e-01 0.00000000e+00
3.73138508e-01 0.00000000e+00
3.74209207e-01 0.00000000e+00
3.75279906e-01 0.00000000e+00
3.76350604e-01 0.00000000e+00
3.77421303e-01 0.00000000e+00
3.78492002e-01 0.00000000e+00
3.79562701e-01 0.00000000e+00
3.80633399e-01 0.00000000e+00
3.81704098e-01 0.00000000e+00
3.82774797e-01 0.00000000e+00
3.83845496e-01 0.00000000e+00
3.84916194e-01 0.00000000e+00
3.85986893e-01 0.00000000e+00
3.87057592e-01 0.00000000e+00
3.88128290e-01 0.00000000e+00
3.89198989e-01 0.00000000e+00
3.90269688e-01 0.00000000e+00
3.91340387e-01 0.00000000e+00
3.92411085e-01 0.00000000e+00
3.93481784e-01 0.00000000e+00
3.94552483e-01 0.00000000e+00
3.95623182e-01 0.00000000e+00
3.96693880e-01 0.00000000e+00
3.97764579e-01 0.00000000e+00
3.98835278e-01 0.00000000e+00
3.99905976e-01 0.00000000e+00
4.00976675e-01 0.00000000e+00
4.02047374e-01 0.00000000e+00
4.03118073e-01 0.00000000e+00
4.04188771e-01 0.00000000e+00
4.05259470e-01 0.00000000e+00
4.06330169e-01 0.00000000e+00
4.07400868e-01 0.00000000e+00
4.08471566e-01 0.00000000e+00
4.09542265e-01 0.00000000e+00
4.10612964e-01 0.00000000e+00
4.11683663e-01 0.00000000e+00
4.12754361e-01 0.00000000e+00
4.13825060e-01 0.00000000e+00
4.14895759e-01 0.00000000e+00
4.15966457e-01 0.00000000e+00
4.17037156e-01 0.00000000e+00
4.18107855e-01 0.00000000e+00
4.19178554e-01 0.00000000e+00
4.20249252e-01 0.00000000e+00
4.21319951e-01 0.00000000e+00
4.22390650e-01 0.00000000e+00
4.23461349e-01 0.00000000e+00
4.24532047e-01 0.00000000e+00
4.25602746e-01 0.00000000e+00
4.26673445e-01 0.00000000e+00
4.27744144e-01 0.00000000e+00
4.28814842e-01 0.00000000e+00
4.29885541e-01 0.00000000e+00
4.30956240e-01 0.00000000e+00
4.32026938e-01 0.00000000e+00
4.33097637e-01 0.00000000e+00
4.34168336e-01 0.00000000e+00
4.35239035e-01 0.00000000e+00
4.36309733e-01 0.00000000e+00
4.37380432e-01 0.00000000e+00
4.38451131e-01 0.00000000e+00
4.39521830e-01 0.00000000e+00
4.40592528e-01 0.00000000e+00
4.41663227e-01 0.00000000e+00
4.42733926e-01 0.00000000e+00
4.43804625e-01 0.00000000e+00
4.44875323e-01 0.00000000e+00
4.45946022e-01 0.00000000e+00
4.47016721e-01 0.00000000e+00
4.48087419e-01 0.00000000e+00
4.49158118e-01 0.00000000e+00
4.50228817e-01 0.00000000e+00
4.51299516e-01 0.00000000e+00
4.52370214e-01 0.00000000e+00
4.53440913e-01 0.00000000e+00
4.54511612e-01 0.00000000e+00
4.55582311e-01 0.00000000e+00
4.56653009e-01 0.00000000e+00
4.57723708e-01 0.00000000e+00
4.58794407e-01 0.00000000e+00
4.59865105e-01 0.00000000e+00
4.60935804e-01 0.00000000e+00
4.62006503e-01 0.00000000e+00
4.63077202e-01 0.00000000e+00
4.64147900e-01 0.00000000e+00
4.65218599e-01 0.00000000e+00
4.66289298e-01 0.00000000e+00
4.67359997e-01 0.00000000e+00
4.68430695e-01 0.00000000e+00
4.69501394e-01 0.00000000e+00
4.70572093e-01 0.00000000e+00
4.71642792e-01 0.00000000e+00
4.72713490e-01 0.00000000e+00
4.73784189e-01 0.00000000e+00
4.74854888e-01 0.00000000e+00
4.75925586e-01 0.00000000e+00
4.76996285e-01 0.00000000e+00
4.78066984e-01 0.00000000e+00
4.79137683e-01 0.00000000e+00
4.80208381e-01 0.00000000e+00
4.81279080e-01 0.00000000e+00
4.82349779e-01 0.00000000e+00
4.83420478e-01 0.00000000e+00
4.84491176e-01 0.00000000e+00
4.85561875e-01 0.00000000e+00
4.86632574e-01 0.00000000e+00
4.87703273e-01 0.00000000e+00
4.88773971e-01 0.00000000e+00
4.89844670e-01 0.00000000e+00
4.90915369e-01 0.00000000e+00
4.91986067e-01 0.00000000e+00
4.93056766e-01 0.00000000e+00
4.94127465e-01 0.00000000e+00
4.95198164e-01 0.00000000e+00
4.96268862e-01 0.00000000e+00
4.97339561e-01 0.00000000e+00
4.98410260e-01 0.00000000e+00
4.99480959e-01 0.00000000e+00
0.00000000e+00 5.35349366e-04
0.00000000e+00 1.60604810e-03
0.00000000e+00 2.67674683e-03
0.00000000e+00 3.74744556e-03
0.00000000e+00 4.81814429e-03
0.00000000e+00 5.88884303e-03
0.00000000e+00 6.95954176e-03
0.00000000e+00 8.03024049e-03
0.00000000e+00 9.10093922e-03
0.00000000e+00 1.01716380e-02
0.00000000e+00 1.12423367e-02
0.00000000e+00 1.23130354e-02
0.00000000e+00 1.33837342e-02
0.00000000e+00 1.44544329e-02
0.00000000e+00 1.55251316e-02
0.00000000e+00 1.65958303e-02
0.00000000e+00 1.76665291e-02
0.00000000e+00 1.87372278e-02
0.00000000e+00 1.98079265e-02
0.00000000e+00 2.08786253e-02
0.00000000e+00 2.19493240e-02
0.00000000e+00 2.30200227e-02
0.00000000e+00 2.40907215e-02
0.00000000e+00 2.51614202e-02
0.00000000e+00 2.62321189e-02
0.00000000e+00 2.73028177e-02
0.00000000e+00 2.83735164e-02
0.00000000e+00 2.94442151e-02
0.00000000e+00 3.05149139e-02
0.00000000e+00 3.15856126e-02
0.00000000e+00 3.26563113e-02
0.00000000e+00 3.37270101e-02
0.00000000e+00 3.47977088e-02
0.00000000e+00 3.58684075e-02
0.00000000e+00 3.69391063e-02
0.00000000e+00 3.80098050e-02
0.00000000e+00 3.90805037e-02
0.00000000e+00 4.01512025e-02
0.00000000e+00 4.12219012e-02
0.00000000e+00 4.22925999e-02
0.00000000e+00 4.33632987e-02
0.00000000e+00 4.44339974e-02
0.00000000e+00 4.55046961e-02
0.00000000e+00 4.65753949e-02
0.00000000e+00 4.76460936e-02
0.00000000e+00 4.87167923e-02
0.00000000e+00 4.97874910e-02
0.00000000e+00 5.08581898e-02
0.00000000e+00 5.19288885e-02
0.00000000e+00 5.29995872e-02
0.00000000e+00 5.40702860e-02
0.00000000e+00 5.51409847e-02
0.00000000e+00 5.62116834e-02
0.00000000e+00 5.72823822e-02
0.00000000e+00 5.83530809e-02
0.00000000e+00 5.94237796e-02
0.00000000e+00 6.04944784e-02
0.00000000e+00 6.15651771e-02
0.00000000e+00 6.26358758e-02
0.00000000e+00 6.37065746e-02
0.00000000e+00 6.47772733e-02
0.00000000e+00 6.58479720e-02
0.00000000e+00 6.69186708e-02
0.00000000e+00 6.79893695e-02
0.00000000e+00 6.90600682e-02
0.00000000e+00 7.01307670e-02
0.00000000e+00 7.12014657e-02
0.00000000e+00 7.22721644e-02
0.00000000e+00 7.33428632e-02
0.00000000e+00 7.44135619e-02
0.00000000e+00 7.54842606e-02
0.00000000e+00 7.65549594e-02
0.00000000e+00 7.76256581e-02
0.00000000e+00 7.86963568e-02
0.00000000e+00 7.97670556e-02
0.00000000e+00 8.08377543e-02
0.00000000e+00 8.19084530e-02
0.00000000e+00 8.29791517e-02
0.00000000e+00 8.40498505e-02
0.00000000e+00 8.51205492e-02
0.00000000e+00 8.61912479e-02
0.00000000e+00 8.72619467e-02
0.00000000e+00 8.83326454e-02
0.00000000e+00 8.94033441e-02
0.00000000e+00 9.04740429e-02
0.00000000e+00 9.15447416e-02
0.00000000e+00 9.26154403e-02
0.00000000e+00 9.36861391e-02
0.00000000e+00 9.47568378e-02
0.00000000e+00 9.58275365e-02
0.00000000e+00 9.68982353e-02
0.00000000e+00 9.79689340e-02
0.00000000e+00 9.90396327e-02
0.00000000e+00 1.00110331e-01
0.00000000e+00 1.01181030e-01
0.00000000e+00 1.02251729e-01
0.00000000e+00 1.03322428e-01
0.00000000e+00 1.04393126e-01
0.00000000e+00 1.05463825e-01
0.00000000e+00 1.06534524e-01
0.00000000e+00 1.07605223e-01
0.00000000e+00 1.08675921e-01
0.00000000e+00 1.09746620e-01
0.00000000e+00 1.10817319e-01
0.00000000e+00 1.11888018e-01
0.00000000e+00 1.12958716e-01
0.00000000e+00 1.14029415e-01
0.00000000e+00 1.15100114e-01
0.00000000e+00 1.16170812e-01
0.00000000e+00 1.17241511e-01
0.00000000e+00 1.18312210e-01
0.00000000e+00 1.19382909e-01
0.00000000e+00 1.20453607e-01
0.00000000e+00 1.21524306e-01
0.00000000e+00 1.22595005e-01
0.00000000e+00 1.23665704e-01
0.00000000e+00 1.24736402e-01
0.00000000e+00 1.25807101e-01
0.00000000e+00 1.26877800e-01
0.00000000e+00 1.27948499e-01
0.00000000e+00 1.29019197e-01
0.00000000e+00 1.30089896e-01
0.00000000e+00 1.31160595e-01
0.00000000e+00 1.32231293e-01
0.00000000e+00 1.33301992e-01
0.00000000e+00 1.34372691e-01
0.00000000e+00 1.35443390e-01
0.00000000e+00 1.36514088e-01
0.00000000e+00 1.37584787e-01
0.00000000e+00 1.38655486e-01
0.00000000e+00 1.39726185e-01
0.00000000e+00 1.40796883e-01
0.00000000e+00 1.41867582e-01
0.00000000e+00 1.42938281e-01
0.00000000e+00 1.44008979e-01
0.00000000e+00 1.45079678e-01
0.00000000e+00 1.46150377e-01
0.00000000e+00 1.47221076e-01
0.00000000e+00 1.48291774e-01
0.00000000e+00 1.49362473e-01
0.00000000e+00 1.50433172e-01
0.00000000e+00 1.51503871e-01
0.00000000e+00 1.52574569e-01
0.00000000e+00 1.53645268e-01
0.00000000e+00 1.54715967e-01
0.00000000e+00 1.55786666e-01
0.00000000e+00 1.56857364e-01
0.00000000e+00 1.57928063e-01
0.00000000e+00 1.58998762e-01
0.00000000e+00 1.60069460e-01
0.00000000e+00 1.61140159e-01
0.00000000e+00 1.62210858e-01
0.00000000e+00 1.63281557e-01
0.00000000e+00 1.64352255e-01
0.00000000e+00 1.65422954e-01
0.00000000e+00 1.66493653e-01
0.00000000e+00 1.67564352e-01
0.00000000e+00 1.68635050e-01
0.00000000e+00 1.69705749e-01
0.00000000e+00 1.70776448e-01
0.00000000e+00 1.71847147e-01
0.00000000e+00 1.72917845e-01
0.00000000e+00 1.73988544e-01
0.00000000e+00 1.75059243e-01
0.00000000e+00 1.76129941e-01
0.00000000e+00 1.77200640e-01
0.00000000e+00 1.78271339e-01
0.00000000e+00 1.79342038e-01
0.00000000e+00 1.80412736e-01
0.00000000e+00 1.81483435e-01
0.00000000e+00 1.82554134e-01
0.00000000e+00 1.83624833e-01
0.00000000e+00 1.84695531e-01
0.00000000e+00 1.85766230e-01
0.00000000e+00 1.86836929e-01
0.00000000e+00 1.87907628e-01
0.00000000e+00 1.88978326e-01
0.00000000e+00 1.90049025e-01
0.00000000e+00 1.91119724e-01
0.00000000e+00 1.92190422e-01
0.00000000e+00 1.93261121e-01
0.00000000e+00 1.94331820e-01
0.00000000e+00 1.95402519e-01
0.00000000e+00 1.96473217e-01
0.00000000e+00 1.97543916e-01
0.00000000e+00 1.98614615e-01
0.00000000e+00 1.99685314e-01
0.00000000e+00 2.00756012e-01
0.00000000e+00 2.01826711e-01
0.00000000e+00 2.02897410e-01
0.00000000e+00 2.03968108e-01
0.00000000e+00 2.05038807e-01
0.00000000e+00 2.06109506e-01
0.00000000e+00 2.07180205e-01
0.00000000e+00 2.08250903e-01
0.00000000e+00 2.09321602e-01
0.00000000e+00 2.10392301e-01
0.00000000e+00 2.11463000e-01
0.00000000e+00 2.12533698e-01
0.00000000e+00 2.13604397e-01
0.00000000e+00 2.14675096e-01
0.00000000e+00 2.15745795e-01
0.00000000e+00 2.16816493e-01
0.00000000e+00 2.17887192e-01
0.00000000e+00 2.18957891e-01
0.00000000e+00 2.20028589e-01
0.00000000e+00 2.21099288e-01
0.00000000e+00 2.22169987e-01
0.00000000e+00 2.23240686e-01
0.00000000e+00 2.24311384e-01
0.00000000e+00 2.25382083e-01
0.00000000e+00 2.26452782e-01
0.00000000e+00 2.27523481e-01
0.00000000e+00 2.28594179e-01
0.00000000e+00 2.29664878e-01
0.00000000e+00 2.30735577e-01
0.00000000e+00 2.31806276e-01
0.00000000e+00 2.32876974e-01
0.00000000e+00 2.33947673e-01
0.00000000e+00 2.35018372e-01
0.00000000e+00 2.36089070e-01
0.00000000e+00 2.37159769e-01
0.00000000e+00 2.38230468e-01
0.00000000e+00 2.39301167e-01
0.00000000e+00 2.40371865e-01
0.00000000e+00 2.41442564e-01
0.00000000e+00 2.42513263e-01
0.00000000e+00 2.43583962e-01
0.00000000e+00 2.44654660e-01
0.00000000e+00 2.45725359e-01
0.00000000e+00 2.46796058e-01
0.00000000e+00 2.47866757e-01
0.00000000e+00 2.48937455e-01
0.00000000e+00 2.50008154e-01
0.00000000e+00 2.51078853e-01
0.00000000e+00 2.52149551e-01
0.00000000e+00 2.53220250e-01
0.00000000e+00 2.54290949e-01
0.00000000e+00 2.55361648e-01
0.00000000e+00 2.56432346e-01
0.00000000e+00 2.57503045e-01
0.00000000e+00 2.58573744e-01
0.00000000e+00 2.59644443e-01
0.00000000e+00 2.60715141e-01
0.00000000e+00 2.61785840e-01
0.00000000e+00 2.62856539e-01
0.00000000e+00 2.63927237e-01
0.00000000e+00 2.64997936e-01
0.00000000e+00 2.66068635e-01
0.00000000e+00 2.67139334e-01
0.00000000e+00 2.68210032e-01
0.00000000e+00 2.69280731e-01
0.00000000e+00 2.70351430e-01
0.00000000e+00 2.71422129e-01
0.00000000e+00 2.72492827e-01
0.00000000e+00 2.73563526e-01
0.00000000e+00 2.74634225e-01
0.00000000e+00 2.75704924e-01
0.00000000e+00 2.76775622e-01
0.00000000e+00 2.77846321e-01
0.00000000e+00 2.78917020e-01
0.00000000e+00 2.79987718e-01
0.00000000e+00 2.81058417e-01
0.00000000e+00 2.82129116e-01
0.00000000e+00 2.83199815e-01
0.00000000e+00 2.84270513e-01
0.00000000e+00 2.85341212e-01
0.00000000e+00 2.86411911e-01
0.00000000e+00 2.87482610e-01
0.00000000e+00 2.88553308e-01
0.00000000e+00 2.89624007e-01
0.00000000e+00 2.90694706e-01
0.00000000e+00 2.91765405e-01
0.00000000e+00 2.92836103e-01
0.00000000e+00 2.93906802e-01
0.00000000e+00 2.94977501e-01
0.00000000e+00 2.96048199e-01
0.00000000e+00 2.97118898e-01
0.00000000e+00 2.98189597e-01
0.00000000e+00 2.99260296e-01
0.00000000e+00 3.00330994e-01
0.00000000e+00 3.01401693e-01
0.00000000e+00 3.02472392e-01
0.00000000e+00 3.03543091e-01
0.00000000e+00 3.04613789e-01
0.00000000e+00 3.05684488e-01
0.00000000e+00 3.06755187e-01
0.00000000e+00 3.07825886e-01
0.00000000e+00 3.08896584e-01
0.00000000e+00 3.09967283e-01
0.00000000e+00 3.11037982e-01
0.00000000e+00 3.12108680e-01
0.00000000e+00 3.13179379e-01
0.00000000e+00 3.14250078e-01
0.00000000e+00 3.15320777e-01
0.00000000e+00 3.16391475e-01
0.00000000e+00 3.17462174e-01
0.00000000e+00 3.18532873e-01
0.00000000e+00 3.19603572e-01
0.00000000e+00 3.20674270e-01
0.00000000e+00 3.21744969e-01
0.00000000e+00 3.22815668e-01
0.00000000e+00 3.23886366e-01
0.00000000e+00 3.24957065e-01
0.00000000e+00 3.26027764e-01
0.00000000e+00 3.27098463e-01
0.00000000e+00 3.28169161e-01
0.00000000e+00 3.29239860e-01
0.00000000e+00 3.30310559e-01
0.00000000e+00 3.31381258e-01
0.00000000e+00 3.32451956e-01
0.00000000e+00 3.33522655e-01
0.00000000e+00 3.34593354e-01
0.00000000e+00 3.35664053e-01
0.00000000e+00 3.36734751e-01
0.00000000e+00 3.37805450e-01
0.00000000e+00 3.38876149e-01
0.00000000e+00 3.39946847e-01
0.00000000e+00 3.41017546e-01
0.00000000e+00 3.42088245e-01
0.00000000e+00 3.43158944e-01
0.00000000e+00 3.44229642e-01
0.00000000e+00 3.45300341e-01
0.00000000e+00 3.46371040e-01
0.00000000e+00 3.47441739e-01
0.00000000e+00 3.48512437e-01
0.00000000e+00 3.49583136e-01
0.00000000e+00 3.50653835e-01
0.00000000e+00 3.51724534e-01
0.00000000e+00 3.52795232e-01
0.00000000e+00 3.53865931e-01
0.00000000e+00 3.54936630e-01
0.00000000e+00 3.56007328e-01
0.00000000e+00 3.57078027e-01
0.00000000e+00 3.58148726e-01
0.00000000e+00 3.59219425e-01
0.00000000e+00 3.60290123e-01
0.00000000e+00 3.61360822e-01
0.00000000e+00 3.62431521e-01
0.00000000e+00 3.63502220e-01
0.00000000e+00 3.64572918e-01
0.00000000e+00 3.65643617e-01
0.00000000e+00 3.66714316e-01
0.00000000e+00 3.67785015e-01
0.00000000e+00 3.68855713e-01
0.00000000e+00 3.69926412e-01
0.00000000e+00 3.70997111e-01
0.00000000e+00 3.72067809e-01
0.00000000e+00 3.73138508e-01
0.00000000e+00 3.74209207e-01
0.00000000e+00 3.75279906e-01
0.00000000e+00 3.76350604e-01
0.00000000e+00 3.77421303e-01
0.00000000e+00 3.78492002e-01
0.00000000e+00 3.79562701e-01
0.00000000e+00 3.80633399e-01
0.00000000e+00 3.81704098e-01
0.00000000e+00 3.82774797e-01
0.00000000e+00 3.83845496e-01
0.00000000e+00 3.84916194e-01
0.00000000e+00 3.85986893e-01
0.00000000e+00 3.87057592e-01
0.00000000e+00 3.88128290e-01
0.00000000e+00 3.89198989e-01
0.00000000e+00 3.90269688e-01
0.00000000e+00 3.91340387e-01
0.00000000e+00 3.92411085e-01
0.00000000e+00 3.93481784e-01
0.00000000e+00 3.94552483e-01
0.00000000e+00 3.95623182e-01
0.00000000e+00 3.96693880e-01
0.00000000e+00 3.97764579e-01
0.00000000e+00 3.98835278e-01
0.00000000e+00 3.99905976e-01
0.00000000e+00 4.00976675e-01
0.00000000e+00 4.02047374e-01
0.00000000e+00 4.03118073e-01
0.00000000e+00 4.04188771e-01
0.00000000e+00 4.05259470e-01
0.00000000e+00 4.06330169e-01
0.00000000e+00 4.07400868e-01
0.00000000e+00 4.08471566e-01
0.00000000e+00 4.09542265e-01
0.00000000e+00 4.10612964e-01
0.00000000e+00 4.11683663e-01
0.00000000e+00 4.12754361e-01
0.00000000e+00 4.13825060e-01
0.00000000e+00 4.14895759e-01
0.00000000e+00 4.15966457e-01
0.00000000e+00 4.17037156e-01
0.00000000e+00 4.18107855e-01
0.00000000e+00 4.19178554e-01
0.00000000e+00 4.20249252e-01
0.00000000e+00 4.21319951e-01
0.00000000e+00 4.22390650e-01
0.00000000e+00 4.23461349e-01
0.00000000e+00 4.24532047e-01
0.00000000e+00 4.25602746e-01
0.00000000e+00 4.26673445e-01
0.00000000e+00 4.27744144e-01
0.00000000e+00 4.28814842e-01
0.00000000e+00 4.29885541e-01
0.00000000e+00 4.30956240e-01
0.00000000e+00 4.32026938e-01
0.00000000e+00 4.33097637e-01
0.00000000e+00 4.34168336e-01
0.00000000e+00 4.35239035e-01
0.00000000e+00 4.36309733e-01
0.00000000e+00 4.37380432e-01
0.00000000e+00 4.38451131e-01
0.00000000e+00 4.39521830e-01
0.00000000e+00 4.40592528e-01
0.00000000e+00 4.41663227e-01
0.00000000e+00 4.42733926e-01
0.00000000e+00 4.43804625e-01
0.00000000e+00 4.44875323e-01
0.00000000e+00 4.45946022e-01
0.00000000e+00 4.47016721e-01
0.00000000e+00 4.48087419e-01
0.00000000e+00 4.49158118e-01
0.00000000e+00 4.50228817e-01
0.00000000e+00 4.51299516e-01
0.00000000e+00 4.52370214e-01
0.00000000e+00 4.53440913e-01
0.00000000e+00 4.54511612e-01
0.00000000e+00 4.55582311e-01
0.00000000e+00 4.56653009e-01
0.00000000e+00 4.57723708e-01
0.00000000e+00 4.58794407e-01
0.00000000e+00 4.59865105e-01
0.00000000e+00 4.60935804e-01
0.00000000e+00 4.62006503e-01
0.00000000e+00 4.63077202e-01
0.00000000e+00 4.64147900e-01
0.00000000e+00 4.65218599e-01
0.00000000e+00 4.66289298e-01
0.00000000e+00 4.67359997e-01
0.00000000e+00 4.68430695e-01
0.00000000e+00 4.69501394e-01
0.00000000e+00 4.70572093e-01
0.00000000e+00 4.71642792e-01
0.00000000e+00 4.72713490e-01
0.00000000e+00 4.73784189e-01
0.00000000e+00 4.74854888e-01
0.00000000e+00 4.75925586e-01
0.00000000e+00 4.76996285e-01
0.00000000e+00 4.78066984e-01
0.00000000e+00 4.79137683e-01
0.00000000e+00 4.80208381e-01
0.00000000e+00 4.81279080e-01
0.00000000e+00 4.82349779e-01
0.00000000e+00 4.83420478e-01
0.00000000e+00 4.84491176e-01
0.00000000e+00 4.85561875e-01
0.00000000e+00 4.86632574e-01
0.00000000e+00 4.87703273e-01
0.00000000e+00 4.88773971e-01
0.00000000e+00 4.89844670e-01
0.00000000e+00 4.90915369e-01
0.00000000e+00 4.91986067e-01
0.00000000e+00 4.93056766e-01
0.00000000e+00 4.94127465e-01
0.00000000e+00 4.95198164e-01
0.00000000e+00 4.96268862e-01
0.00000000e+00 4.97339561e-01
0.00000000e+00 4.98410260e-01
0.00000000e+00 4.99480959e-01
