% L-Bracket Geometry
% N_total=734, N_horizontal=367, N_vertical=367
% Resolution: 100 segments per wavelength
% Format: x(m) y(m)
6.81353739e-04 0.00000000e+00
2.04406122e-03 0.00000000e+00
3.40676869e-03 0.00000000e+00
4.76947617e-03 0.00000000e+00
6.13218365e-03 0.00000000e+00
7.49489113e-03 0.00000000e+00
8.85759860e-03 0.00000000e+00
1.02203061e-02 0.00000000e+00
1.15830136e-02 0.00000000e+00
1.29457210e-02 0.00000000e+00
1.43084285e-02 0.00000000e+00
1.56711360e-02 0.00000000e+00
1.70338435e-02 0.00000000e+00
1.83965509e-02 0.00000000e+00
1.97592584e-02 0.00000000e+00
2.11219659e-02 0.00000000e+00
2.24846734e-02 0.00000000e+00
2.38473809e-02 0.00000000e+00
2.52100883e-02 0.00000000e+00
2.65727958e-02 0.00000000e+00
2.79355033e-02 0.00000000e+00
2.92982108e-02 0.00000000e+00
3.06609182e-02 0.00000000e+00
3.20236257e-02 0.00000000e+00
3.33863332e-02 0.00000000e+00
3.47490407e-02 0.00000000e+00
3.61117482e-02 0.00000000e+00
3.74744556e-02 0.00000000e+00
3.88371631e-02 0.00000000e+00
4.01998706e-02 0.00000000e+00
4.15625781e-02 0.00000000e+00
4.29252855e-02 0.00000000e+00
4.42879930e-02 0.00000000e+00
4.56507005e-02 0.00000000e+00
4.70134080e-02 0.00000000e+00
4.83761154e-02 0.00000000e+00
4.97388229e-02 0.00000000e+00
5.11015304e-02 0.00000000e+00
5.24642379e-02 0.00000000e+00
5.38269454e-02 0.00000000e+00
5.51896528e-02 0.00000000e+00
5.65523603e-02 0.00000000e+00
5.79150678e-02 0.00000000e+00
5.92777753e-02 0.00000000e+00
6.06404827e-02 0.00000000e+00
6.20031902e-02 0.00000000e+00
6.33658977e-02 0.00000000e+00
6.47286052e-02 0.00000000e+00
6.60913127e-02 0.00000000e+00
6.74540201e-02 0.00000000e+00
6.88167276e-02 0.00000000e+00
7.01794351e-02 0.00000000e+00
7.15421426e-02 0.00000000e+00
7.29048500e-02 0.00000000e+00
7.42675575e-02 0.00000000e+00
7.56302650e-02 0.00000000e+00
7.69929725e-02 0.00000000e+00
7.83556799e-02 0.00000000e+00
7.97183874e-02 0.00000000e+00
8.10810949e-02 0.00000000e+00
8.24438024e-02 0.00000000e+00
8.38065099e-02 0.00000000e+00
8.51692173e-02 0.00000000e+00
8.65319248e-02 0.00000000e+00
8.78946323e-02 0.00000000e+00
8.92573398e-02 0.00000000e+00
9.06200472e-02 0.00000000e+00
9.19827547e-02 0.00000000e+00
9.33454622e-02 0.00000000e+00
9.47081697e-02 0.00000000e+00
9.60708772e-02 0.00000000e+00
9.74335846e-02 0.00000000e+00
9.87962921e-02 0.00000000e+00
1.00159000e-01 0.00000000e+00
1.01521707e-01 0.00000000e+00
1.02884415e-01 0.00000000e+00
1.04247122e-01 0.00000000e+00
1.05609829e-01 0.00000000e+00
1.06972537e-01 0.00000000e+00
1.08335244e-01 0.00000000e+00
1.09697952e-01 0.00000000e+00
1.11060659e-01 0.00000000e+00
1.12423367e-01 0.00000000e+00
1.13786074e-01 0.00000000e+00
1.15148782e-01 0.00000000e+00
1.16511489e-01 0.00000000e+00
1.17874197e-01 0.00000000e+00
1.19236904e-01 0.00000000e+00
1.20599612e-01 0.00000000e+00
1.21962319e-01 0.00000000e+00
1.23325027e-01 0.00000000e+00
1.24687734e-01 0.00000000e+00
1.26050442e-01 0.00000000e+00
1.27413149e-01 0.00000000e+00
1.28775857e-01 0.00000000e+00
1.30138564e-01 0.00000000e+00
1.31501272e-01 0.00000000e+00
1.32863979e-01 0.00000000e+00
1.34226687e-01 0.00000000e+00
1.35589394e-01 0.00000000e+00
1.36952101e-01 0.00000000e+00
1.38314809e-01 0.00000000e+00
1.39677516e-01 0.00000000e+00
1.41040224e-01 0.00000000e+00
1.42402931e-01 0.00000000e+00
1.43765639e-01 0.00000000e+00
1.45128346e-01 0.00000000e+00
1.46491054e-01 0.00000000e+00
1.47853761e-01 0.00000000e+00
1.49216469e-01 0.00000000e+00
1.50579176e-01 0.00000000e+00
1.51941884e-01 0.00000000e+00
1.53304591e-01 0.00000000e+00
1.54667299e-01 0.00000000e+00
1.56030006e-01 0.00000000e+00
1.57392714e-01 0.00000000e+00
1.58755421e-01 0.00000000e+00
1.60118129e-01 0.00000000e+00
1.61480836e-01 0.00000000e+00
1.62843544e-01 0.00000000e+00
1.64206251e-01 0.00000000e+00
1.65568959e-01 0.00000000e+00
1.66931666e-01 0.00000000e+00
1.68294373e-01 0.00000000e+00
1.69657081e-01 0.00000000e+00
1.71019788e-01 0.00000000e+00
1.72382496e-01 0.00000000e+00
1.73745203e-01 0.00000000e+00
1.75107911e-01 0.00000000e+00
1.76470618e-01 0.00000000e+00
1.77833326e-01 0.00000000e+00
1.79196033e-01 0.00000000e+00
1.80558741e-01 0.00000000e+00
1.81921448e-01 0.00000000e+00
1.83284156e-01 0.00000000e+00
1.84646863e-01 0.00000000e+00
1.86009571e-01 0.00000000e+00
1.87372278e-01 0.00000000e+00
1.88734986e-01 0.00000000e+00
1.90097693e-01 0.00000000e+00
1.91460401e-01 0.00000000e+00
1.92823108e-01 0.00000000e+00
1.94185816e-01 0.00000000e+00
1.95548523e-01 0.00000000e+00
1.96911230e-01 0.00000000e+00
1.98273938e-01 0.00000000e+00
1.99636645e-01 0.00000000e+00
2.00999353e-01 0.00000000e+00
2.02362060e-01 0.00000000e+00
2.03724768e-01 0.00000000e+00
2.05087475e-01 0.00000000e+00
2.06450183e-01 0.00000000e+00
2.07812890e-01 0.00000000e+00
2.09175598e-01 0.00000000e+00
2.10538305e-01 0.00000000e+00
2.11901013e-01 0.00000000e+00
2.13263720e-01 0.00000000e+00
2.14626428e-01 0.00000000e+00
2.15989135e-01 0.00000000e+00
2.17351843e-01 0.00000000e+00
2.18714550e-01 0.00000000e+00
2.20077258e-01 0.00000000e+00
2.21439965e-01 0.00000000e+00
2.22802673e-01 0.00000000e+00
2.24165380e-01 0.00000000e+00
2.25528088e-01 0.00000000e+00
2.26890795e-01 0.00000000e+00
2.28253502e-01 0.00000000e+00
2.29616210e-01 0.00000000e+00
2.30978917e-01 0.00000000e+00
2.32341625e-01 0.00000000e+00
2.33704332e-01 0.00000000e+00
2.35067040e-01 0.00000000e+00
2.36429747e-01 0.00000000e+00
2.37792455e-01 0.00000000e+00
2.39155162e-01 0.00000000e+00
2.40517870e-01 0.00000000e+00
2.41880577e-01 0.00000000e+00
2.43243285e-01 0.00000000e+00
2.44605992e-01 0.00000000e+00
2.45968700e-01 0.00000000e+00
2.47331407e-01 0.00000000e+00
2.48694115e-01 0.00000000e+00
2.50056822e-01 0.00000000e+00
2.51419530e-01 0.00000000e+00
2.52782237e-01 0.00000000e+00
2.54144945e-01 0.00000000e+00
2.55507652e-01 0.00000000e+00
2.56870359e-01 0.00000000e+00
2.58233067e-01 0.00000000e+00
2.59595774e-01 0.00000000e+00
2.60958482e-01 0.00000000e+00
2.62321189e-01 0.00000000e+00
2.63683897e-01 0.00000000e+00
2.65046604e-01 0.00000000e+00
2.66409312e-01 0.00000000e+00
2.67772019e-01 0.00000000e+00
2.69134727e-01 0.00000000e+00
2.70497434e-01 0.00000000e+00
2.71860142e-01 0.00000000e+00
2.73222849e-01 0.00000000e+00
2.74585557e-01 0.00000000e+00
2.75948264e-01 0.00000000e+00
2.77310972e-01 0.00000000e+00
2.78673679e-01 0.00000000e+00
2.80036387e-01 0.00000000e+00
2.81399094e-01 0.00000000e+00
2.82761802e-01 0.00000000e+00
2.84124509e-01 0.00000000e+00
2.85487217e-01 0.00000000e+00
2.86849924e-01 0.00000000e+00
2.88212631e-01 0.00000000e+00
2.89575339e-01 0.00000000e+00
2.90938046e-01 0.00000000e+00
2.92300754e-01 0.00000000e+00
2.93663461e-01 0.00000000e+00
2.95026169e-01 0.00000000e+00
2.96388876e-01 0.00000000e+00
2.97751584e-01 0.00000000e+00
2.99114291e-01 0.00000000e+00
3.00476999e-01 0.00000000e+00
3.01839706e-01 0.00000000e+00
3.03202414e-01 0.00000000e+00
3.04565121e-01 0.00000000e+00
3.05927829e-01 0.00000000e+00
3.07290536e-01 0.00000000e+00
3.08653244e-01 0.00000000e+00
3.10015951e-01 0.00000000e+00
3.11378659e-01 0.00000000e+00
3.12741366e-01 0.00000000e+00
3.14104074e-01 0.00000000e+00
3.15466781e-01 0.00000000e+00
3.16829488e-01 0.00000000e+00
3.18192196e-01 0.00000000e+00
3.19554903e-01 0.00000000e+00
3.20917611e-01 0.00000000e+00
3.22280318e-01 0.00000000e+00
3.23643026e-01 0.00000000e+00
3.25005733e-01 0.00000000e+00
3.26368441e-01 0.00000000e+00
3.27731148e-01 0.00000000e+00
3.29093856e-01 0.00000000e+00
3.30456563e-01 0.00000000e+00
3.31819271e-01 0.00000000e+00
3.33181978e-01 0.00000000e+00
3.34544686e-01 0.00000000e+00
3.35907393e-01 0.00000000e+00
3.37270101e-01 0.00000000e+00
3.38632808e-01 0.00000000e+00
3.39995516e-01 0.00000000e+00
3.41358223e-01 0.00000000e+00
3.42720931e-01 0.00000000e+00
3.44083638e-01 0.00000000e+00
3.45446346e-01 0.00000000e+00
3.46809053e-01 0.00000000e+00
3.48171760e-01 0.00000000e+00
3.49534468e-01 0.00000000e+00
3.50897175e-01 0.00000000e+00
3.52259883e-01 0.00000000e+00
3.53622590e-01 0.00000000e+00
3.54985298e-01 0.00000000e+00
3.56348005e-01 0.00000000e+00
3.57710713e-01 0.00000000e+00
3.59073420e-01 0.00000000e+00
3.60436128e-01 0.00000000e+00
3.61798835e-01 0.00000000e+00
3.63161543e-01 0.00000000e+00
3.64524250e-01 0.00000000e+00
3.65886958e-01 0.00000000e+00
3.67249665e-01 0.00000000e+00
3.68612373e-01 0.00000000e+00
3.69975080e-01 0.00000000e+00
3.71337788e-01 0.00000000e+00
3.72700495e-01 0.00000000e+00
3.74063203e-01 0.00000000e+00
3.75425910e-01 0.00000000e+00
3.76788617e-01 0.00000000e+00
3.78151325e-01 0.00000000e+00
3.79514032e-01 0.00000000e+00
3.80876740e-01 0.00000000e+00
3.82239447e-01 0.00000000e+00
3.83602155e-01 0.00000000e+00
3.84964862e-01 0.00000000e+00
3.86327570e-01 0.00000000e+00
3.87690277e-01 0.00000000e+00
3.89052985e-01 0.00000000e+00
3.90415692e-01 0.00000000e+00
3.91778400e-01 0.00000000e+00
3.93141107e-01 0.00000000e+00
3.94503815e-01 0.00000000e+00
3.95866522e-01 0.00000000e+00
3.97229230e-01 0.00000000e+00
3.98591937e-01 0.00000000e+00
3.99954645e-01 0.00000000e+00
4.01317352e-01 0.00000000e+00
4.02680060e-01 0.00000000e+00
4.04042767e-01 0.00000000e+00
4.05405475e-01 0.00000000e+00
4.06768182e-01 0.00000000e+00
4.08130889e-01 0.00000000e+00
4.09493597e-01 0.00000000e+00
4.10856304e-01 0.00000000e+00
4.12219012e-01 0.00000000e+00
4.13581719e-01 0.00000000e+00
4.14944427e-01 0.00000000e+00
4.16307134e-01 0.00000000e+00
4.17669842e-01 0.00000000e+00
4.19032549e-01 0.00000000e+00
4.20395257e-01 0.00000000e+00
4.21757964e-01 0.00000000e+00
4.23120672e-01 0.00000000e+00
4.24483379e-01 0.00000000e+00
4.25846087e-01 0.00000000e+00
4.27208794e-01 0.00000000e+00
4.28571502e-01 0.00000000e+00
4.29934209e-01 0.00000000e+00
4.31296917e-01 0.00000000e+00
4.32659624e-01 0.00000000e+00
4.34022332e-01 0.00000000e+00
4.35385039e-01 0.00000000e+00
4.36747746e-01 0.00000000e+00
4.38110454e-01 0.00000000e+00
4.39473161e-01 0.00000000e+00
4.40835869e-01 0.00000000e+00
4.42198576e-01 0.00000000e+00
4.43561284e-01 0.00000000e+00
4.44923991e-01 0.00000000e+00
4.46286699e-01 0.00000000e+00
4.47649406e-01 0.00000000e+00
4.49012114e-01 0.00000000e+00
4.50374821e-01 0.00000000e+00
4.51737529e-01 0.00000000e+00
4.53100236e-01 0.00000000e+00
4.54462944e-01 0.00000000e+00
4.55825651e-01 0.00000000e+00
4.57188359e-01 0.00000000e+00
4.58551066e-01 0.00000000e+00
4.59913774e-01 0.00000000e+00
4.61276481e-01 0.00000000e+00
4.62639189e-01 0.00000000e+00
4.64001896e-01 0.00000000e+00
4.65364604e-01 0.00000000e+00
4.66727311e-01 0.00000000e+00
4.68090018e-01 0.00000000e+00
4.69452726e-01 0.00000000e+00
4.70815433e-01 0.00000000e+00
4.72178141e-01 0.00000000e+00
4.73540848e-01 0.00000000e+00
4.74903556e-01 0.00000000e+00
4.76266263e-01 0.00000000e+00
4.77628971e-01 0.00000000e+00
4.78991678e-01 0.00000000e+00
4.80354386e-01 0.00000000e+00
4.81717093e-01 0.00000000e+00
4.83079801e-01 0.00000000e+00
4.84442508e-01 0.00000000e+00
4.85805216e-01 0.00000000e+00
4.87167923e-01 0.00000000e+00
4.88530631e-01 0.00000000e+00
4.89893338e-01 0.00000000e+00
4.91256046e-01 0.00000000e+00
4.92618753e-01 0.00000000e+00
4.93981461e-01 0.00000000e+00
4.95344168e-01 0.00000000e+00
4.96706876e-01 0.00000000e+00
4.98069583e-01 0.00000000e+00
4.99432290e-01 0.00000000e+00
0.00000000e+00 6.81353739e-04
0.00000000e+00 2.04406122e-03
0.00000000e+00 3.40676869e-03
0.00000000e+00 4.76947617e-03
0.00000000e+00 6.13218365e-03
0.00000000e+00 7.49489113e-03
0.00000000e+00 8.85759860e-03
0.00000000e+00 1.02203061e-02
0.00000000e+00 1.15830136e-02
0.00000000e+00 1.29457210e-02
0.00000000e+00 1.43084285e-02
0.00000000e+00 1.56711360e-02
0.00000000e+00 1.70338435e-02
0.00000000e+00 1.83965509e-02
0.00000000e+00 1.97592584e-02
0.00000000e+00 2.11219659e-02
0.00000000e+00 2.24846734e-02
0.00000000e+00 2.38473809e-02
0.00000000e+00 2.52100883e-02
0.00000000e+00 2.65727958e-02
0.00000000e+00 2.79355033e-02
0.00000000e+00 2.92982108e-02
0.00000000e+00 3.06609182e-02
0.00000000e+00 3.20236257e-02
0.00000000e+00 3.33863332e-02
0.00000000e+00 3.47490407e-02
0.00000000e+00 3.61117482e-02
0.00000000e+00 3.74744556e-02
0.00000000e+00 3.88371631e-02
0.00000000e+00 4.01998706e-02
0.00000000e+00 4.15625781e-02
0.00000000e+00 4.29252855e-02
0.00000000e+00 4.42879930e-02
0.00000000e+00 4.56507005e-02
0.00000000e+00 4.70134080e-02
0.00000000e+00 4.83761154e-02
0.00000000e+00 4.97388229e-02
0.00000000e+00 5.11015304e-02
0.00000000e+00 5.24642379e-02
0.00000000e+00 5.38269454e-02
0.00000000e+00 5.51896528e-02
0.00000000e+00 5.65523603e-02
0.00000000e+00 5.79150678e-02
0.00000000e+00 5.92777753e-02
0.00000000e+00 6.06404827e-02
0.00000000e+00 6.20031902e-02
0.00000000e+00 6.33658977e-02
0.00000000e+00 6.47286052e-02
0.00000000e+00 6.60913127e-02
0.00000000e+00 6.74540201e-02
0.00000000e+00 6.88167276e-02
0.00000000e+00 7.01794351e-02
0.00000000e+00 7.15421426e-02
0.00000000e+00 7.29048500e-02
0.00000000e+00 7.42675575e-02
0.00000000e+00 7.56302650e-02
0.00000000e+00 7.69929725e-02
0.00000000e+00 7.83556799e-02
0.00000000e+00 7.97183874e-02
0.00000000e+00 8.10810949e-02
0.00000000e+00 8.24438024e-02
0.00000000e+00 8.38065099e-02
0.00000000e+00 8.51692173e-02
0.00000000e+00 8.65319248e-02
0.00000000e+00 8.78946323e-02
0.00000000e+00 8.92573398e-02
0.00000000e+00 9.06200472e-02
0.00000000e+00 9.19827547e-02
0.00000000e+00 9.33454622e-02
0.00000000e+00 9.47081697e-02
0.00000000e+00 9.60708772e-02
0.00000000e+00 9.74335846e-02
0.00000000e+00 9.87962921e-02
0.00000000e+00 1.00159000e-01
0.00000000e+00 1.01521707e-01
0.00000000e+00 1.02884415e-01
0.00000000e+00 1.04247122e-01
0.00000000e+00 1.05609829e-01
0.00000000e+00 1.06972537e-01
0.00000000e+00 1.08335244e-01
0.00000000e+00 1.09697952e-01
0.00000000e+00 1.11060659e-01
0.00000000e+00 1.12423367e-01
0.00000000e+00 1.13786074e-01
0.00000000e+00 1.15148782e-01
0.00000000e+00 1.16511489e-01
0.00000000e+00 1.17874197e-01
0.00000000e+00 1.19236904e-01
0.00000000e+00 1.20599612e-01
0.00000000e+00 1.21962319e-01
0.00000000e+00 1.23325027e-01
0.00000000e+00 1.24687734e-01
0.00000000e+00 1.26050442e-01
0.00000000e+00 1.27413149e-01
0.00000000e+00 1.28775857e-01
0.00000000e+00 1.30138564e-01
0.00000000e+00 1.31501272e-01
0.00000000e+00 1.32863979e-01
0.00000000e+00 1.34226687e-01
0.00000000e+00 1.35589394e-01
0.00000000e+00 1.36952101e-01
0.00000000e+00 1.38314809e-01
0.00000000e+00 1.39677516e-01
0.00000000e+00 1.41040224e-01
0.00000000e+00 1.42402931e-01
0.00000000e+00 1.43765639e-01
0.00000000e+00 1.45128346e-01
0.00000000e+00 1.46491054e-01
0.00000000e+00 1.47853761e-01
0.00000000e+00 1.49216469e-01
0.00000000e+00 1.50579176e-01
0.00000000e+00 1.51941884e-01
0.00000000e+00 1.53304591e-01
0.00000000e+00 1.54667299e-01
0.00000000e+00 1.56030006e-01
0.00000000e+00 1.57392714e-01
0.00000000e+00 1.58755421e-01
0.00000000e+00 1.60118129e-01
0.00000000e+00 1.61480836e-01
0.00000000e+00 1.62843544e-01
0.00000000e+00 1.64206251e-01
0.00000000e+00 1.65568959e-01
0.00000000e+00 1.66931666e-01
0.00000000e+00 1.68294373e-01
0.00000000e+00 1.69657081e-01
0.00000000e+00 1.71019788e-01
0.00000000e+00 1.72382496e-01
0.00000000e+00 1.73745203e-01
0.00000000e+00 1.75107911e-01
0.00000000e+00 1.76470618e-01
0.00000000e+00 1.77833326e-01
0.00000000e+00 1.79196033e-01
0.00000000e+00 1.80558741e-01
0.00000000e+00 1.81921448e-01
0.00000000e+00 1.83284156e-01
0.00000000e+00 1.84646863e-01
0.00000000e+00 1.86009571e-01
0.00000000e+00 1.87372278e-01
0.00000000e+00 1.88734986e-01
0.00000000e+00 1.90097693e-01
0.00000000e+00 1.91460401e-01
0.00000000e+00 1.92823108e-01
0.00000000e+00 1.94185816e-01
0.00000000e+00 1.95548523e-01
0.00000000e+00 1.96911230e-01
0.00000000e+00 1.98273938e-01
0.00000000e+00 1.99636645e-01
0.00000000e+00 2.00999353e-01
0.00000000e+00 2.02362060e-01
0.00000000e+00 2.03724768e-01
0.00000000e+00 2.05087475e-01
0.00000000e+00 2.06450183e-01
0.00000000e+00 2.07812890e-01
0.00000000e+00 2.09175598e-01
0.00000000e+00 2.10538305e-01
0.00000000e+00 2.11901013e-01
0.00000000e+00 2.13263720e-01
0.00000000e+00 2.14626428e-01
0.00000000e+00 2.15989135e-01
0.00000000e+00 2.17351843e-01
0.00000000e+00 2.18714550e-01
0.00000000e+00 2.20077258e-01
0.00000000e+00 2.21439965e-01
0.00000000e+00 2.22802673e-01
0.00000000e+00 2.24165380e-01
0.00000000e+00 2.25528088e-01
0.00000000e+00 2.26890795e-01
0.00000000e+00 2.28253502e-01
0.00000000e+00 2.29616210e-01
0.00000000e+00 2.30978917e-01
0.00000000e+00 2.32341625e-01
0.00000000e+00 2.33704332e-01
0.00000000e+00 2.35067040e-01
0.00000000e+00 2.36429747e-01
0.00000000e+00 2.37792455e-01
0.00000000e+00 2.39155162e-01
0.00000000e+00 2.40517870e-01
0.00000000e+00 2.41880577e-01
0.00000000e+00 2.43243285e-01
0.00000000e+00 2.44605992e-01
0.00000000e+00 2.45968700e-01
0.00000000e+00 2.47331407e-01
0.00000000e+00 2.48694115e-01
0.00000000e+00 2.50056822e-01
0.00000000e+00 2.51419530e-01
0.00000000e+00 2.52782237e-01
0.00000000e+00 2.54144945e-01
0.00000000e+00 2.55507652e-01
0.00000000e+00 2.56870359e-01
0.00000000e+00 2.58233067e-01
0.00000000e+00 2.59595774e-01
0.00000000e+00 2.60958482e-01
0.00000000e+00 2.62321189e-01
0.00000000e+00 2.63683897e-01
0.00000000e+00 2.65046604e-01
0.00000000e+00 2.66409312e-01
0.00000000e+00 2.67772019e-01
0.00000000e+00 2.69134727e-01
0.00000000e+00 2.70497434e-01
0.00000000e+00 2.71860142e-01
0.00000000e+00 2.73222849e-01
0.00000000e+00 2.74585557e-01
0.00000000e+00 2.75948264e-01
0.00000000e+00 2.77310972e-01
0.00000000e+00 2.78673679e-01
0.00000000e+00 2.80036387e-01
0.00000000e+00 2.81399094e-01
0.00000000e+00 2.82761802e-01
0.00000000e+00 2.84124509e-01
0.00000000e+00 2.85487217e-01
0.00000000e+00 2.86849924e-01
0.00000000e+00 2.88212631e-01
0.00000000e+00 2.89575339e-01
0.00000000e+00 2.90938046e-01
0.00000000e+00 2.92300754e-01
0.00000000e+00 2.93663461e-01
0.00000000e+00 2.95026169e-01
0.00000000e+00 2.96388876e-01
0.00000000e+00 2.97751584e-01
0.00000000e+00 2.99114291e-01
0.00000000e+00 3.00476999e-01
0.00000000e+00 3.01839706e-01
0.00000000e+00 3.03202414e-01
0.00000000e+00 3.04565121e-01
0.00000000e+00 3.05927829e-01
0.00000000e+00 3.07290536e-01
0.00000000e+00 3.08653244e-01
0.00000000e+00 3.10015951e-01
0.00000000e+00 3.11378659e-01
0.00000000e+00 3.12741366e-01
0.00000000e+00 3.14104074e-01
0.00000000e+00 3.15466781e-01
0.00000000e+00 3.16829488e-01
0.00000000e+00 3.18192196e-01
0.00000000e+00 3.19554903e-01
0.00000000e+00 3.20917611e-01
0.00000000e+00 3.22280318e-01
0.00000000e+00 3.23643026e-01
0.00000000e+00 3.25005733e-01
0.00000000e+00 3.26368441e-01
0.00000000e+00 3.27731148e-01
0.00000000e+00 3.29093856e-01
0.00000000e+00 3.30456563e-01
0.00000000e+00 3.31819271e-01
0.00000000e+00 3.33181978e-01
0.00000000e+00 3.34544686e-01
0.00000000e+00 3.35907393e-01
0.00000000e+00 3.37270101e-01
0.00000000e+00 3.38632808e-01
0.00000000e+00 3.39995516e-01
0.00000000e+00 3.41358223e-01
0.00000000e+00 3.42720931e-01
0.00000000e+00 3.44083638e-01
0.00000000e+00 3.45446346e-01
0.00000000e+00 3.46809053e-01
0.00000000e+00 3.48171760e-01
0.00000000e+00 3.49534468e-01
0.00000000e+00 3.50897175e-01
0.00000000e+00 3.52259883e-01
0.00000000e+00 3.53622590e-01
0.00000000e+00 3.54985298e-01
0.00000000e+00 3.56348005e-01
0.00000000e+00 3.57710713e-01
0.00000000e+00 3.59073420e-01
0.00000000e+00 3.60436128e-01
0.00000000e+00 3.61798835e-01
0.00000000e+00 3.63161543e-01
0.00000000e+00 3.64524250e-01
0.00000000e+00 3.65886958e-01
0.00000000e+00 3.67249665e-01
0.00000000e+00 3.68612373e-01
0.00000000e+00 3.69975080e-01
0.00000000e+00 3.71337788e-01
0.00000000e+00 3.72700495e-01
0.00000000e+00 3.74063203e-01
0.00000000e+00 3.75425910e-01
0.00000000e+00 3.76788617e-01
0.00000000e+00 3.78151325e-01
0.00000000e+00 3.79514032e-01
0.00000000e+00 3.80876740e-01
0.00000000e+00 3.82239447e-01
0.00000000e+00 3.83602155e-01
0.00000000e+00 3.84964862e-01
0.00000000e+00 3.86327570e-01
0.00000000e+00 3.87690277e-01
0.00000000e+00 3.89052985e-01
0.00000000e+00 3.90415692e-01
0.00000000e+00 3.91778400e-01
0.00000000e+00 3.93141107e-01
0.00000000e+00 3.94503815e-01
0.00000000e+00 3.95866522e-01
0.00000000e+00 3.97229230e-01
0.00000000e+00 3.98591937e-01
0.00000000e+00 3.99954645e-01
0.00000000e+00 4.01317352e-01
0.00000000e+00 4.02680060e-01
0.00000000e+00 4.04042767e-01
0.00000000e+00 4.05405475e-01
0.00000000e+00 4.06768182e-01
0.00000000e+00 4.08130889e-01
0.00000000e+00 4.09493597e-01
0.00000000e+00 4.10856304e-01
0.00000000e+00 4.12219012e-01
0.00000000e+00 4.13581719e-01
0.00000000e+00 4.14944427e-01
0.00000000e+00 4.16307134e-01
0.00000000e+00 4.17669842e-01
0.00000000e+00 4.19032549e-01
0.00000000e+00 4.20395257e-01
0.00000000e+00 4.21757964e-01
0.00000000e+00 4.23120672e-01
0.00000000e+00 4.24483379e-01
0.00000000e+00 4.25846087e-01
0.00000000e+00 4.27208794e-01
0.00000000e+00 4.28571502e-01
0.00000000e+00 4.29934209e-01
0.00000000e+00 4.31296917e-01
0.00000000e+00 4.32659624e-01
0.00000000e+00 4.34022332e-01
0.00000000e+00 4.35385039e-01
0.00000000e+00 4.36747746e-01
0.00000000e+00 4.38110454e-01
0.00000000e+00 4.39473161e-01
0.00000000e+00 4.40835869e-01
0.00000000e+00 4.42198576e-01
0.00000000e+00 4.43561284e-01
0.00000000e+00 4.44923991e-01
0.00000000e+00 4.46286699e-01
0.00000000e+00 4.47649406e-01
0.00000000e+00 4.49012114e-01
0.00000000e+00 4.50374821e-01
0.00000000e+00 4.51737529e-01
0.00000000e+00 4.53100236e-01
0.00000000e+00 4.54462944e-01
0.00000000e+00 4.55825651e-01
0.00000000e+00 4.57188359e-01
0.00000000e+00 4.58551066e-01
0.00000000e+00 4.59913774e-01
0.00000000e+00 4.61276481e-01
0.00000000e+00 4.62639189e-01
0.00000000e+00 4.64001896e-01
0.00000000e+00 4.65364604e-01
0.00000000e+00 4.66727311e-01
0.00000000e+00 4.68090018e-01
0.00000000e+00 4.69452726e-01
0.00000000e+00 4.70815433e-01
0.00000000e+00 4.72178141e-01
0.00000000e+00 4.73540848e-01
0.00000000e+00 4.74903556e-01
0.00000000e+00 4.76266263e-01
0.00000000e+00 4.77628971e-01
0.00000000e+00 4.78991678e-01
0.00000000e+00 4.80354386e-01
0.00000000e+00 4.81717093e-01
0.00000000e+00 4.83079801e-01
0.00000000e+00 4.84442508e-01
0.00000000e+00 4.85805216e-01
0.00000000e+00 4.87167923e-01
0.00000000e+00 4.88530631e-01
0.00000000e+00 4.89893338e-01
0.00000000e+00 4.91256046e-01
0.00000000e+00 4.92618753e-01
0.00000000e+00 4.93981461e-01
0.00000000e+00 4.95344168e-01
0.00000000e+00 4.96706876e-01
0.00000000e+00 4.98069583e-01
0.00000000e+00 4.99432290e-01
