% L-Bracket Geometry
% N_total=2270, N_horizontal=1135, N_vertical=1135
% Resolution: 100 segments per wavelength
% Format: x(m) y(m)
2.20437974e-04 0.00000000e+00
6.61313923e-04 0.00000000e+00
1.10218987e-03 0.00000000e+00
1.54306582e-03 0.00000000e+00
1.98394177e-03 0.00000000e+00
2.42481772e-03 0.00000000e+00
2.86569367e-03 0.00000000e+00
3.30656961e-03 0.00000000e+00
3.74744556e-03 0.00000000e+00
4.18832151e-03 0.00000000e+00
4.62919746e-03 0.00000000e+00
5.07007341e-03 0.00000000e+00
5.51094936e-03 0.00000000e+00
5.95182531e-03 0.00000000e+00
6.39270125e-03 0.00000000e+00
6.83357720e-03 0.00000000e+00
7.27445315e-03 0.00000000e+00
7.71532910e-03 0.00000000e+00
8.15620505e-03 0.00000000e+00
8.59708100e-03 0.00000000e+00
9.03795695e-03 0.00000000e+00
9.47883289e-03 0.00000000e+00
9.91970884e-03 0.00000000e+00
1.03605848e-02 0.00000000e+00
1.08014607e-02 0.00000000e+00
1.12423367e-02 0.00000000e+00
1.16832126e-02 0.00000000e+00
1.21240886e-02 0.00000000e+00
1.25649645e-02 0.00000000e+00
1.30058405e-02 0.00000000e+00
1.34467164e-02 0.00000000e+00
1.38875924e-02 0.00000000e+00
1.43284683e-02 0.00000000e+00
1.47693443e-02 0.00000000e+00
1.52102202e-02 0.00000000e+00
1.56510962e-02 0.00000000e+00
1.60919721e-02 0.00000000e+00
1.65328481e-02 0.00000000e+00
1.69737240e-02 0.00000000e+00
1.74146000e-02 0.00000000e+00
1.78554759e-02 0.00000000e+00
1.82963519e-02 0.00000000e+00
1.87372278e-02 0.00000000e+00
1.91781038e-02 0.00000000e+00
1.96189797e-02 0.00000000e+00
2.00598557e-02 0.00000000e+00
2.05007316e-02 0.00000000e+00
2.09416076e-02 0.00000000e+00
2.13824835e-02 0.00000000e+00
2.18233595e-02 0.00000000e+00
2.22642354e-02 0.00000000e+00
2.27051114e-02 0.00000000e+00
2.31459873e-02 0.00000000e+00
2.35868632e-02 0.00000000e+00
2.40277392e-02 0.00000000e+00
2.44686151e-02 0.00000000e+00
2.49094911e-02 0.00000000e+00
2.53503670e-02 0.00000000e+00
2.57912430e-02 0.00000000e+00
2.62321189e-02 0.00000000e+00
2.66729949e-02 0.00000000e+00
2.71138708e-02 0.00000000e+00
2.75547468e-02 0.00000000e+00
2.79956227e-02 0.00000000e+00
2.84364987e-02 0.00000000e+00
2.88773746e-02 0.00000000e+00
2.93182506e-02 0.00000000e+00
2.97591265e-02 0.00000000e+00
3.02000025e-02 0.00000000e+00
3.06408784e-02 0.00000000e+00
3.10817544e-02 0.00000000e+00
3.15226303e-02 0.00000000e+00
3.19635063e-02 0.00000000e+00
3.24043822e-02 0.00000000e+00
3.28452582e-02 0.00000000e+00
3.32861341e-02 0.00000000e+00
3.37270101e-02 0.00000000e+00
3.41678860e-02 0.00000000e+00
3.46087620e-02 0.00000000e+00
3.50496379e-02 0.00000000e+00
3.54905139e-02 0.00000000e+00
3.59313898e-02 0.00000000e+00
3.63722658e-02 0.00000000e+00
3.68131417e-02 0.00000000e+00
3.72540177e-02 0.00000000e+00
3.76948936e-02 0.00000000e+00
3.81357696e-02 0.00000000e+00
3.85766455e-02 0.00000000e+00
3.90175214e-02 0.00000000e+00
3.94583974e-02 0.00000000e+00
3.98992733e-02 0.00000000e+00
4.03401493e-02 0.00000000e+00
4.07810252e-02 0.00000000e+00
4.12219012e-02 0.00000000e+00
4.16627771e-02 0.00000000e+00
4.21036531e-02 0.00000000e+00
4.25445290e-02 0.00000000e+00
4.29854050e-02 0.00000000e+00
4.34262809e-02 0.00000000e+00
4.38671569e-02 0.00000000e+00
4.43080328e-02 0.00000000e+00
4.47489088e-02 0.00000000e+00
4.51897847e-02 0.00000000e+00
4.56306607e-02 0.00000000e+00
4.60715366e-02 0.00000000e+00
4.65124126e-02 0.00000000e+00
4.69532885e-02 0.00000000e+00
4.73941645e-02 0.00000000e+00
4.78350404e-02 0.00000000e+00
4.82759164e-02 0.00000000e+00
4.87167923e-02 0.00000000e+00
4.91576683e-02 0.00000000e+00
4.95985442e-02 0.00000000e+00
5.00394202e-02 0.00000000e+00
5.04802961e-02 0.00000000e+00
5.09211721e-02 0.00000000e+00
5.13620480e-02 0.00000000e+00
5.18029240e-02 0.00000000e+00
5.22437999e-02 0.00000000e+00
5.26846759e-02 0.00000000e+00
5.31255518e-02 0.00000000e+00
5.35664278e-02 0.00000000e+00
5.40073037e-02 0.00000000e+00
5.44481796e-02 0.00000000e+00
5.48890556e-02 0.00000000e+00
5.53299315e-02 0.00000000e+00
5.57708075e-02 0.00000000e+00
5.62116834e-02 0.00000000e+00
5.66525594e-02 0.00000000e+00
5.70934353e-02 0.00000000e+00
5.75343113e-02 0.00000000e+00
5.79751872e-02 0.00000000e+00
5.84160632e-02 0.00000000e+00
5.88569391e-02 0.00000000e+00
5.92978151e-02 0.00000000e+00
5.97386910e-02 0.00000000e+00
6.01795670e-02 0.00000000e+00
6.06204429e-02 0.00000000e+00
6.10613189e-02 0.00000000e+00
6.15021948e-02 0.00000000e+00
6.19430708e-02 0.00000000e+00
6.23839467e-02 0.00000000e+00
6.28248227e-02 0.00000000e+00
6.32656986e-02 0.00000000e+00
6.37065746e-02 0.00000000e+00
6.41474505e-02 0.00000000e+00
6.45883265e-02 0.00000000e+00
6.50292024e-02 0.00000000e+00
6.54700784e-02 0.00000000e+00
6.59109543e-02 0.00000000e+00
6.63518303e-02 0.00000000e+00
6.67927062e-02 0.00000000e+00
6.72335822e-02 0.00000000e+00
6.76744581e-02 0.00000000e+00
6.81153341e-02 0.00000000e+00
6.85562100e-02 0.00000000e+00
6.89970859e-02 0.00000000e+00
6.94379619e-02 0.00000000e+00
6.98788378e-02 0.00000000e+00
7.03197138e-02 0.00000000e+00
7.07605897e-02 0.00000000e+00
7.12014657e-02 0.00000000e+00
7.16423416e-02 0.00000000e+00
7.20832176e-02 0.00000000e+00
7.25240935e-02 0.00000000e+00
7.29649695e-02 0.00000000e+00
7.34058454e-02 0.00000000e+00
7.38467214e-02 0.00000000e+00
7.42875973e-02 0.00000000e+00
7.47284733e-02 0.00000000e+00
7.51693492e-02 0.00000000e+00
7.56102252e-02 0.00000000e+00
7.60511011e-02 0.00000000e+00
7.64919771e-02 0.00000000e+00
7.69328530e-02 0.00000000e+00
7.73737290e-02 0.00000000e+00
7.78146049e-02 0.00000000e+00
7.82554809e-02 0.00000000e+00
7.86963568e-02 0.00000000e+00
7.91372328e-02 0.00000000e+00
7.95781087e-02 0.00000000e+00
8.00189847e-02 0.00000000e+00
8.04598606e-02 0.00000000e+00
8.09007366e-02 0.00000000e+00
8.13416125e-02 0.00000000e+00
8.17824885e-02 0.00000000e+00
8.22233644e-02 0.00000000e+00
8.26642404e-02 0.00000000e+00
8.31051163e-02 0.00000000e+00
8.35459923e-02 0.00000000e+00
8.39868682e-02 0.00000000e+00
8.44277441e-02 0.00000000e+00
8.48686201e-02 0.00000000e+00
8.53094960e-02 0.00000000e+00
8.57503720e-02 0.00000000e+00
8.61912479e-02 0.00000000e+00
8.66321239e-02 0.00000000e+00
8.70729998e-02 0.00000000e+00
8.75138758e-02 0.00000000e+00
8.79547517e-02 0.00000000e+00
8.83956277e-02 0.00000000e+00
8.88365036e-02 0.00000000e+00
8.92773796e-02 0.00000000e+00
8.97182555e-02 0.00000000e+00
9.01591315e-02 0.00000000e+00
9.06000074e-02 0.00000000e+00
9.10408834e-02 0.00000000e+00
9.14817593e-02 0.00000000e+00
9.19226353e-02 0.00000000e+00
9.23635112e-02 0.00000000e+00
9.28043872e-02 0.00000000e+00
9.32452631e-02 0.00000000e+00
9.36861391e-02 0.00000000e+00
9.41270150e-02 0.00000000e+00
9.45678910e-02 0.00000000e+00
9.50087669e-02 0.00000000e+00
9.54496429e-02 0.00000000e+00
9.58905188e-02 0.00000000e+00
9.63313948e-02 0.00000000e+00
9.67722707e-02 0.00000000e+00
9.72131467e-02 0.00000000e+00
9.76540226e-02 0.00000000e+00
9.80948986e-02 0.00000000e+00
9.85357745e-02 0.00000000e+00
9.89766505e-02 0.00000000e+00
9.94175264e-02 0.00000000e+00
9.98584023e-02 0.00000000e+00
1.00299278e-01 0.00000000e+00
1.00740154e-01 0.00000000e+00
1.01181030e-01 0.00000000e+00
1.01621906e-01 0.00000000e+00
1.02062782e-01 0.00000000e+00
1.02503658e-01 0.00000000e+00
1.02944534e-01 0.00000000e+00
1.03385410e-01 0.00000000e+00
1.03826286e-01 0.00000000e+00
1.04267162e-01 0.00000000e+00
1.04708038e-01 0.00000000e+00
1.05148914e-01 0.00000000e+00
1.05589790e-01 0.00000000e+00
1.06030666e-01 0.00000000e+00
1.06471542e-01 0.00000000e+00
1.06912418e-01 0.00000000e+00
1.07353293e-01 0.00000000e+00
1.07794169e-01 0.00000000e+00
1.08235045e-01 0.00000000e+00
1.08675921e-01 0.00000000e+00
1.09116797e-01 0.00000000e+00
1.09557673e-01 0.00000000e+00
1.09998549e-01 0.00000000e+00
1.10439425e-01 0.00000000e+00
1.10880301e-01 0.00000000e+00
1.11321177e-01 0.00000000e+00
1.11762053e-01 0.00000000e+00
1.12202929e-01 0.00000000e+00
1.12643805e-01 0.00000000e+00
1.13084681e-01 0.00000000e+00
1.13525557e-01 0.00000000e+00
1.13966433e-01 0.00000000e+00
1.14407309e-01 0.00000000e+00
1.14848185e-01 0.00000000e+00
1.15289061e-01 0.00000000e+00
1.15729936e-01 0.00000000e+00
1.16170812e-01 0.00000000e+00
1.16611688e-01 0.00000000e+00
1.17052564e-01 0.00000000e+00
1.17493440e-01 0.00000000e+00
1.17934316e-01 0.00000000e+00
1.18375192e-01 0.00000000e+00
1.18816068e-01 0.00000000e+00
1.19256944e-01 0.00000000e+00
1.19697820e-01 0.00000000e+00
1.20138696e-01 0.00000000e+00
1.20579572e-01 0.00000000e+00
1.21020448e-01 0.00000000e+00
1.21461324e-01 0.00000000e+00
1.21902200e-01 0.00000000e+00
1.22343076e-01 0.00000000e+00
1.22783952e-01 0.00000000e+00
1.23224828e-01 0.00000000e+00
1.23665704e-01 0.00000000e+00
1.24106580e-01 0.00000000e+00
1.24547455e-01 0.00000000e+00
1.24988331e-01 0.00000000e+00
1.25429207e-01 0.00000000e+00
1.25870083e-01 0.00000000e+00
1.26310959e-01 0.00000000e+00
1.26751835e-01 0.00000000e+00
1.27192711e-01 0.00000000e+00
1.27633587e-01 0.00000000e+00
1.28074463e-01 0.00000000e+00
1.28515339e-01 0.00000000e+00
1.28956215e-01 0.00000000e+00
1.29397091e-01 0.00000000e+00
1.29837967e-01 0.00000000e+00
1.30278843e-01 0.00000000e+00
1.30719719e-01 0.00000000e+00
1.31160595e-01 0.00000000e+00
1.31601471e-01 0.00000000e+00
1.32042347e-01 0.00000000e+00
1.32483223e-01 0.00000000e+00
1.32924098e-01 0.00000000e+00
1.33364974e-01 0.00000000e+00
1.33805850e-01 0.00000000e+00
1.34246726e-01 0.00000000e+00
1.34687602e-01 0.00000000e+00
1.35128478e-01 0.00000000e+00
1.35569354e-01 0.00000000e+00
1.36010230e-01 0.00000000e+00
1.36451106e-01 0.00000000e+00
1.36891982e-01 0.00000000e+00
1.37332858e-01 0.00000000e+00
1.37773734e-01 0.00000000e+00
1.38214610e-01 0.00000000e+00
1.38655486e-01 0.00000000e+00
1.39096362e-01 0.00000000e+00
1.39537238e-01 0.00000000e+00
1.39978114e-01 0.00000000e+00
1.40418990e-01 0.00000000e+00
1.40859866e-01 0.00000000e+00
1.41300742e-01 0.00000000e+00
1.41741617e-01 0.00000000e+00
1.42182493e-01 0.00000000e+00
1.42623369e-01 0.00000000e+00
1.43064245e-01 0.00000000e+00
1.43505121e-01 0.00000000e+00
1.43945997e-01 0.00000000e+00
1.44386873e-01 0.00000000e+00
1.44827749e-01 0.00000000e+00
1.45268625e-01 0.00000000e+00
1.45709501e-01 0.00000000e+00
1.46150377e-01 0.00000000e+00
1.46591253e-01 0.00000000e+00
1.47032129e-01 0.00000000e+00
1.47473005e-01 0.00000000e+00
1.47913881e-01 0.00000000e+00
1.48354757e-01 0.00000000e+00
1.48795633e-01 0.00000000e+00
1.49236509e-01 0.00000000e+00
1.49677385e-01 0.00000000e+00
1.50118260e-01 0.00000000e+00
1.50559136e-01 0.00000000e+00
1.51000012e-01 0.00000000e+00
1.51440888e-01 0.00000000e+00
1.51881764e-01 0.00000000e+00
1.52322640e-01 0.00000000e+00
1.52763516e-01 0.00000000e+00
1.53204392e-01 0.00000000e+00
1.53645268e-01 0.00000000e+00
1.54086144e-01 0.00000000e+00
1.54527020e-01 0.00000000e+00
1.54967896e-01 0.00000000e+00
1.55408772e-01 0.00000000e+00
1.55849648e-01 0.00000000e+00
1.56290524e-01 0.00000000e+00
1.56731400e-01 0.00000000e+00
1.57172276e-01 0.00000000e+00
1.57613152e-01 0.00000000e+00
1.58054028e-01 0.00000000e+00
1.58494904e-01 0.00000000e+00
1.58935779e-01 0.00000000e+00
1.59376655e-01 0.00000000e+00
1.59817531e-01 0.00000000e+00
1.60258407e-01 0.00000000e+00
1.60699283e-01 0.00000000e+00
1.61140159e-01 0.00000000e+00
1.61581035e-01 0.00000000e+00
1.62021911e-01 0.00000000e+00
1.62462787e-01 0.00000000e+00
1.62903663e-01 0.00000000e+00
1.63344539e-01 0.00000000e+00
1.63785415e-01 0.00000000e+00
1.64226291e-01 0.00000000e+00
1.64667167e-01 0.00000000e+00
1.65108043e-01 0.00000000e+00
1.65548919e-01 0.00000000e+00
1.65989795e-01 0.00000000e+00
1.66430671e-01 0.00000000e+00
1.66871547e-01 0.00000000e+00
1.67312422e-01 0.00000000e+00
1.67753298e-01 0.00000000e+00
1.68194174e-01 0.00000000e+00
1.68635050e-01 0.00000000e+00
1.69075926e-01 0.00000000e+00
1.69516802e-01 0.00000000e+00
1.69957678e-01 0.00000000e+00
1.70398554e-01 0.00000000e+00
1.70839430e-01 0.00000000e+00
1.71280306e-01 0.00000000e+00
1.71721182e-01 0.00000000e+00
1.72162058e-01 0.00000000e+00
1.72602934e-01 0.00000000e+00
1.73043810e-01 0.00000000e+00
1.73484686e-01 0.00000000e+00
1.73925562e-01 0.00000000e+00
1.74366438e-01 0.00000000e+00
1.74807314e-01 0.00000000e+00
1.75248190e-01 0.00000000e+00
1.75689066e-01 0.00000000e+00
1.76129941e-01 0.00000000e+00
1.76570817e-01 0.00000000e+00
1.77011693e-01 0.00000000e+00
1.77452569e-01 0.00000000e+00
1.77893445e-01 0.00000000e+00
1.78334321e-01 0.00000000e+00
1.78775197e-01 0.00000000e+00
1.79216073e-01 0.00000000e+00
1.79656949e-01 0.00000000e+00
1.80097825e-01 0.00000000e+00
1.80538701e-01 0.00000000e+00
1.80979577e-01 0.00000000e+00
1.81420453e-01 0.00000000e+00
1.81861329e-01 0.00000000e+00
1.82302205e-01 0.00000000e+00
1.82743081e-01 0.00000000e+00
1.83183957e-01 0.00000000e+00
1.83624833e-01 0.00000000e+00
1.84065709e-01 0.00000000e+00
1.84506584e-01 0.00000000e+00
1.84947460e-01 0.00000000e+00
1.85388336e-01 0.00000000e+00
1.85829212e-01 0.00000000e+00
1.86270088e-01 0.00000000e+00
1.86710964e-01 0.00000000e+00
1.87151840e-01 0.00000000e+00
1.87592716e-01 0.00000000e+00
1.88033592e-01 0.00000000e+00
1.88474468e-01 0.00000000e+00
1.88915344e-01 0.00000000e+00
1.89356220e-01 0.00000000e+00
1.89797096e-01 0.00000000e+00
1.90237972e-01 0.00000000e+00
1.90678848e-01 0.00000000e+00
1.91119724e-01 0.00000000e+00
1.91560600e-01 0.00000000e+00
1.92001476e-01 0.00000000e+00
1.92442352e-01 0.00000000e+00
1.92883227e-01 0.00000000e+00
1.93324103e-01 0.00000000e+00
1.93764979e-01 0.00000000e+00
1.94205855e-01 0.00000000e+00
1.94646731e-01 0.00000000e+00
1.95087607e-01 0.00000000e+00
1.95528483e-01 0.00000000e+00
1.95969359e-01 0.00000000e+00
1.96410235e-01 0.00000000e+00
1.96851111e-01 0.00000000e+00
1.97291987e-01 0.00000000e+00
1.97732863e-01 0.00000000e+00
1.98173739e-01 0.00000000e+00
1.98614615e-01 0.00000000e+00
1.99055491e-01 0.00000000e+00
1.99496367e-01 0.00000000e+00
1.99937243e-01 0.00000000e+00
2.00378119e-01 0.00000000e+00
2.00818995e-01 0.00000000e+00
2.01259871e-01 0.00000000e+00
2.01700746e-01 0.00000000e+00
2.02141622e-01 0.00000000e+00
2.02582498e-01 0.00000000e+00
2.03023374e-01 0.00000000e+00
2.03464250e-01 0.00000000e+00
2.03905126e-01 0.00000000e+00
2.04346002e-01 0.00000000e+00
2.04786878e-01 0.00000000e+00
2.05227754e-01 0.00000000e+00
2.05668630e-01 0.00000000e+00
2.06109506e-01 0.00000000e+00
2.06550382e-01 0.00000000e+00
2.06991258e-01 0.00000000e+00
2.07432134e-01 0.00000000e+00
2.07873010e-01 0.00000000e+00
2.08313886e-01 0.00000000e+00
2.08754762e-01 0.00000000e+00
2.09195638e-01 0.00000000e+00
2.09636514e-01 0.00000000e+00
2.10077389e-01 0.00000000e+00
2.10518265e-01 0.00000000e+00
2.10959141e-01 0.00000000e+00
2.11400017e-01 0.00000000e+00
2.11840893e-01 0.00000000e+00
2.12281769e-01 0.00000000e+00
2.12722645e-01 0.00000000e+00
2.13163521e-01 0.00000000e+00
2.13604397e-01 0.00000000e+00
2.14045273e-01 0.00000000e+00
2.14486149e-01 0.00000000e+00
2.14927025e-01 0.00000000e+00
2.15367901e-01 0.00000000e+00
2.15808777e-01 0.00000000e+00
2.16249653e-01 0.00000000e+00
2.16690529e-01 0.00000000e+00
2.17131405e-01 0.00000000e+00
2.17572281e-01 0.00000000e+00
2.18013157e-01 0.00000000e+00
2.18454033e-01 0.00000000e+00
2.18894908e-01 0.00000000e+00
2.19335784e-01 0.00000000e+00
2.19776660e-01 0.00000000e+00
2.20217536e-01 0.00000000e+00
2.20658412e-01 0.00000000e+00
2.21099288e-01 0.00000000e+00
2.21540164e-01 0.00000000e+00
2.21981040e-01 0.00000000e+00
2.22421916e-01 0.00000000e+00
2.22862792e-01 0.00000000e+00
2.23303668e-01 0.00000000e+00
2.23744544e-01 0.00000000e+00
2.24185420e-01 0.00000000e+00
2.24626296e-01 0.00000000e+00
2.25067172e-01 0.00000000e+00
2.25508048e-01 0.00000000e+00
2.25948924e-01 0.00000000e+00
2.26389800e-01 0.00000000e+00
2.26830676e-01 0.00000000e+00
2.27271551e-01 0.00000000e+00
2.27712427e-01 0.00000000e+00
2.28153303e-01 0.00000000e+00
2.28594179e-01 0.00000000e+00
2.29035055e-01 0.00000000e+00
2.29475931e-01 0.00000000e+00
2.29916807e-01 0.00000000e+00
2.30357683e-01 0.00000000e+00
2.30798559e-01 0.00000000e+00
2.31239435e-01 0.00000000e+00
2.31680311e-01 0.00000000e+00
2.32121187e-01 0.00000000e+00
2.32562063e-01 0.00000000e+00
2.33002939e-01 0.00000000e+00
2.33443815e-01 0.00000000e+00
2.33884691e-01 0.00000000e+00
2.34325567e-01 0.00000000e+00
2.34766443e-01 0.00000000e+00
2.35207319e-01 0.00000000e+00
2.35648195e-01 0.00000000e+00
2.36089070e-01 0.00000000e+00
2.36529946e-01 0.00000000e+00
2.36970822e-01 0.00000000e+00
2.37411698e-01 0.00000000e+00
2.37852574e-01 0.00000000e+00
2.38293450e-01 0.00000000e+00
2.38734326e-01 0.00000000e+00
2.39175202e-01 0.00000000e+00
2.39616078e-01 0.00000000e+00
2.40056954e-01 0.00000000e+00
2.40497830e-01 0.00000000e+00
2.40938706e-01 0.00000000e+00
2.41379582e-01 0.00000000e+00
2.41820458e-01 0.00000000e+00
2.42261334e-01 0.00000000e+00
2.42702210e-01 0.00000000e+00
2.43143086e-01 0.00000000e+00
2.43583962e-01 0.00000000e+00
2.44024838e-01 0.00000000e+00
2.44465713e-01 0.00000000e+00
2.44906589e-01 0.00000000e+00
2.45347465e-01 0.00000000e+00
2.45788341e-01 0.00000000e+00
2.46229217e-01 0.00000000e+00
2.46670093e-01 0.00000000e+00
2.47110969e-01 0.00000000e+00
2.47551845e-01 0.00000000e+00
2.47992721e-01 0.00000000e+00
2.48433597e-01 0.00000000e+00
2.48874473e-01 0.00000000e+00
2.49315349e-01 0.00000000e+00
2.49756225e-01 0.00000000e+00
2.50197101e-01 0.00000000e+00
2.50637977e-01 0.00000000e+00
2.51078853e-01 0.00000000e+00
2.51519729e-01 0.00000000e+00
2.51960605e-01 0.00000000e+00
2.52401481e-01 0.00000000e+00
2.52842356e-01 0.00000000e+00
2.53283232e-01 0.00000000e+00
2.53724108e-01 0.00000000e+00
2.54164984e-01 0.00000000e+00
2.54605860e-01 0.00000000e+00
2.55046736e-01 0.00000000e+00
2.55487612e-01 0.00000000e+00
2.55928488e-01 0.00000000e+00
2.56369364e-01 0.00000000e+00
2.56810240e-01 0.00000000e+00
2.57251116e-01 0.00000000e+00
2.57691992e-01 0.00000000e+00
2.58132868e-01 0.00000000e+00
2.58573744e-01 0.00000000e+00
2.59014620e-01 0.00000000e+00
2.59455496e-01 0.00000000e+00
2.59896372e-01 0.00000000e+00
2.60337248e-01 0.00000000e+00
2.60778124e-01 0.00000000e+00
2.61219000e-01 0.00000000e+00
2.61659875e-01 0.00000000e+00
2.62100751e-01 0.00000000e+00
2.62541627e-01 0.00000000e+00
2.62982503e-01 0.00000000e+00
2.63423379e-01 0.00000000e+00
2.63864255e-01 0.00000000e+00
2.64305131e-01 0.00000000e+00
2.64746007e-01 0.00000000e+00
2.65186883e-01 0.00000000e+00
2.65627759e-01 0.00000000e+00
2.66068635e-01 0.00000000e+00
2.66509511e-01 0.00000000e+00
2.66950387e-01 0.00000000e+00
2.67391263e-01 0.00000000e+00
2.67832139e-01 0.00000000e+00
2.68273015e-01 0.00000000e+00
2.68713891e-01 0.00000000e+00
2.69154767e-01 0.00000000e+00
2.69595643e-01 0.00000000e+00
2.70036518e-01 0.00000000e+00
2.70477394e-01 0.00000000e+00
2.70918270e-01 0.00000000e+00
2.71359146e-01 0.00000000e+00
2.71800022e-01 0.00000000e+00
2.72240898e-01 0.00000000e+00
2.72681774e-01 0.00000000e+00
2.73122650e-01 0.00000000e+00
2.73563526e-01 0.00000000e+00
2.74004402e-01 0.00000000e+00
2.74445278e-01 0.00000000e+00
2.74886154e-01 0.00000000e+00
2.75327030e-01 0.00000000e+00
2.75767906e-01 0.00000000e+00
2.76208782e-01 0.00000000e+00
2.76649658e-01 0.00000000e+00
2.77090534e-01 0.00000000e+00
2.77531410e-01 0.00000000e+00
2.77972286e-01 0.00000000e+00
2.78413162e-01 0.00000000e+00
2.78854037e-01 0.00000000e+00
2.79294913e-01 0.00000000e+00
2.79735789e-01 0.00000000e+00
2.80176665e-01 0.00000000e+00
2.80617541e-01 0.00000000e+00
2.81058417e-01 0.00000000e+00
2.81499293e-01 0.00000000e+00
2.81940169e-01 0.00000000e+00
2.82381045e-01 0.00000000e+00
2.82821921e-01 0.00000000e+00
2.83262797e-01 0.00000000e+00
2.83703673e-01 0.00000000e+00
2.84144549e-01 0.00000000e+00
2.84585425e-01 0.00000000e+00
2.85026301e-01 0.00000000e+00
2.85467177e-01 0.00000000e+00
2.85908053e-01 0.00000000e+00
2.86348929e-01 0.00000000e+00
2.86789805e-01 0.00000000e+00
2.87230680e-01 0.00000000e+00
2.87671556e-01 0.00000000e+00
2.88112432e-01 0.00000000e+00
2.88553308e-01 0.00000000e+00
2.88994184e-01 0.00000000e+00
2.89435060e-01 0.00000000e+00
2.89875936e-01 0.00000000e+00
2.90316812e-01 0.00000000e+00
2.90757688e-01 0.00000000e+00
2.91198564e-01 0.00000000e+00
2.91639440e-01 0.00000000e+00
2.92080316e-01 0.00000000e+00
2.92521192e-01 0.00000000e+00
2.92962068e-01 0.00000000e+00
2.93402944e-01 0.00000000e+00
2.93843820e-01 0.00000000e+00
2.94284696e-01 0.00000000e+00
2.94725572e-01 0.00000000e+00
2.95166448e-01 0.00000000e+00
2.95607324e-01 0.00000000e+00
2.96048199e-01 0.00000000e+00
2.96489075e-01 0.00000000e+00
2.96929951e-01 0.00000000e+00
2.97370827e-01 0.00000000e+00
2.97811703e-01 0.00000000e+00
2.98252579e-01 0.00000000e+00
2.98693455e-01 0.00000000e+00
2.99134331e-01 0.00000000e+00
2.99575207e-01 0.00000000e+00
3.00016083e-01 0.00000000e+00
3.00456959e-01 0.00000000e+00
3.00897835e-01 0.00000000e+00
3.01338711e-01 0.00000000e+00
3.01779587e-01 0.00000000e+00
3.02220463e-01 0.00000000e+00
3.02661339e-01 0.00000000e+00
3.03102215e-01 0.00000000e+00
3.03543091e-01 0.00000000e+00
3.03983967e-01 0.00000000e+00
3.04424842e-01 0.00000000e+00
3.04865718e-01 0.00000000e+00
3.05306594e-01 0.00000000e+00
3.05747470e-01 0.00000000e+00
3.06188346e-01 0.00000000e+00
3.06629222e-01 0.00000000e+00
3.07070098e-01 0.00000000e+00
3.07510974e-01 0.00000000e+00
3.07951850e-01 0.00000000e+00
3.08392726e-01 0.00000000e+00
3.08833602e-01 0.00000000e+00
3.09274478e-01 0.00000000e+00
3.09715354e-01 0.00000000e+00
3.10156230e-01 0.00000000e+00
3.10597106e-01 0.00000000e+00
3.11037982e-01 0.00000000e+00
3.11478858e-01 0.00000000e+00
3.11919734e-01 0.00000000e+00
3.12360610e-01 0.00000000e+00
3.12801486e-01 0.00000000e+00
3.13242361e-01 0.00000000e+00
3.13683237e-01 0.00000000e+00
3.14124113e-01 0.00000000e+00
3.14564989e-01 0.00000000e+00
3.15005865e-01 0.00000000e+00
3.15446741e-01 0.00000000e+00
3.15887617e-01 0.00000000e+00
3.16328493e-01 0.00000000e+00
3.16769369e-01 0.00000000e+00
3.17210245e-01 0.00000000e+00
3.17651121e-01 0.00000000e+00
3.18091997e-01 0.00000000e+00
3.18532873e-01 0.00000000e+00
3.18973749e-01 0.00000000e+00
3.19414625e-01 0.00000000e+00
3.19855501e-01 0.00000000e+00
3.20296377e-01 0.00000000e+00
3.20737253e-01 0.00000000e+00
3.21178129e-01 0.00000000e+00
3.21619004e-01 0.00000000e+00
3.22059880e-01 0.00000000e+00
3.22500756e-01 0.00000000e+00
3.22941632e-01 0.00000000e+00
3.23382508e-01 0.00000000e+00
3.23823384e-01 0.00000000e+00
3.24264260e-01 0.00000000e+00
3.24705136e-01 0.00000000e+00
3.25146012e-01 0.00000000e+00
3.25586888e-01 0.00000000e+00
3.26027764e-01 0.00000000e+00
3.26468640e-01 0.00000000e+00
3.26909516e-01 0.00000000e+00
3.27350392e-01 0.00000000e+00
3.27791268e-01 0.00000000e+00
3.28232144e-01 0.00000000e+00
3.28673020e-01 0.00000000e+00
3.29113896e-01 0.00000000e+00
3.29554772e-01 0.00000000e+00
3.29995647e-01 0.00000000e+00
3.30436523e-01 0.00000000e+00
3.30877399e-01 0.00000000e+00
3.31318275e-01 0.00000000e+00
3.31759151e-01 0.00000000e+00
3.32200027e-01 0.00000000e+00
3.32640903e-01 0.00000000e+00
3.33081779e-01 0.00000000e+00
3.33522655e-01 0.00000000e+00
3.33963531e-01 0.00000000e+00
3.34404407e-01 0.00000000e+00
3.34845283e-01 0.00000000e+00
3.35286159e-01 0.00000000e+00
3.35727035e-01 0.00000000e+00
3.36167911e-01 0.00000000e+00
3.36608787e-01 0.00000000e+00
3.37049663e-01 0.00000000e+00
3.37490539e-01 0.00000000e+00
3.37931415e-01 0.00000000e+00
3.38372291e-01 0.00000000e+00
3.38813166e-01 0.00000000e+00
3.39254042e-01 0.00000000e+00
3.39694918e-01 0.00000000e+00
3.40135794e-01 0.00000000e+00
3.40576670e-01 0.00000000e+00
3.41017546e-01 0.00000000e+00
3.41458422e-01 0.00000000e+00
3.41899298e-01 0.00000000e+00
3.42340174e-01 0.00000000e+00
3.42781050e-01 0.00000000e+00
3.43221926e-01 0.00000000e+00
3.43662802e-01 0.00000000e+00
3.44103678e-01 0.00000000e+00
3.44544554e-01 0.00000000e+00
3.44985430e-01 0.00000000e+00
3.45426306e-01 0.00000000e+00
3.45867182e-01 0.00000000e+00
3.46308058e-01 0.00000000e+00
3.46748934e-01 0.00000000e+00
3.47189809e-01 0.00000000e+00
3.47630685e-01 0.00000000e+00
3.48071561e-01 0.00000000e+00
3.48512437e-01 0.00000000e+00
3.48953313e-01 0.00000000e+00
3.49394189e-01 0.00000000e+00
3.49835065e-01 0.00000000e+00
3.50275941e-01 0.00000000e+00
3.50716817e-01 0.00000000e+00
3.51157693e-01 0.00000000e+00
3.51598569e-01 0.00000000e+00
3.52039445e-01 0.00000000e+00
3.52480321e-01 0.00000000e+00
3.52921197e-01 0.00000000e+00
3.53362073e-01 0.00000000e+00
3.53802949e-01 0.00000000e+00
3.54243825e-01 0.00000000e+00
3.54684701e-01 0.00000000e+00
3.55125577e-01 0.00000000e+00
3.55566453e-01 0.00000000e+00
3.56007328e-01 0.00000000e+00
3.56448204e-01 0.00000000e+00
3.56889080e-01 0.00000000e+00
3.57329956e-01 0.00000000e+00
3.57770832e-01 0.00000000e+00
3.58211708e-01 0.00000000e+00
3.58652584e-01 0.00000000e+00
3.59093460e-01 0.00000000e+00
3.59534336e-01 0.00000000e+00
3.59975212e-01 0.00000000e+00
3.60416088e-01 0.00000000e+00
3.60856964e-01 0.00000000e+00
3.61297840e-01 0.00000000e+00
3.61738716e-01 0.00000000e+00
3.62179592e-01 0.00000000e+00
3.62620468e-01 0.00000000e+00
3.63061344e-01 0.00000000e+00
3.63502220e-01 0.00000000e+00
3.63943096e-01 0.00000000e+00
3.64383971e-01 0.00000000e+00
3.64824847e-01 0.00000000e+00
3.65265723e-01 0.00000000e+00
3.65706599e-01 0.00000000e+00
3.66147475e-01 0.00000000e+00
3.66588351e-01 0.00000000e+00
3.67029227e-01 0.00000000e+00
3.67470103e-01 0.00000000e+00
3.67910979e-01 0.00000000e+00
3.68351855e-01 0.00000000e+00
3.68792731e-01 0.00000000e+00
3.69233607e-01 0.00000000e+00
3.69674483e-01 0.00000000e+00
3.70115359e-01 0.00000000e+00
3.70556235e-01 0.00000000e+00
3.70997111e-01 0.00000000e+00
3.71437987e-01 0.00000000e+00
3.71878863e-01 0.00000000e+00
3.72319739e-01 0.00000000e+00
3.72760615e-01 0.00000000e+00
3.73201490e-01 0.00000000e+00
3.73642366e-01 0.00000000e+00
3.74083242e-01 0.00000000e+00
3.74524118e-01 0.00000000e+00
3.74964994e-01 0.00000000e+00
3.75405870e-01 0.00000000e+00
3.75846746e-01 0.00000000e+00
3.76287622e-01 0.00000000e+00
3.76728498e-01 0.00000000e+00
3.77169374e-01 0.00000000e+00
3.77610250e-01 0.00000000e+00
3.78051126e-01 0.00000000e+00
3.78492002e-01 0.00000000e+00
3.78932878e-01 0.00000000e+00
3.79373754e-01 0.00000000e+00
3.79814630e-01 0.00000000e+00
3.80255506e-01 0.00000000e+00
3.80696382e-01 0.00000000e+00
3.81137258e-01 0.00000000e+00
3.81578133e-01 0.00000000e+00
3.82019009e-01 0.00000000e+00
3.82459885e-01 0.00000000e+00
3.82900761e-01 0.00000000e+00
3.83341637e-01 0.00000000e+00
3.83782513e-01 0.00000000e+00
3.84223389e-01 0.00000000e+00
3.84664265e-01 0.00000000e+00
3.85105141e-01 0.00000000e+00
3.85546017e-01 0.00000000e+00
3.85986893e-01 0.00000000e+00
3.86427769e-01 0.00000000e+00
3.86868645e-01 0.00000000e+00
3.87309521e-01 0.00000000e+00
3.87750397e-01 0.00000000e+00
3.88191273e-01 0.00000000e+00
3.88632149e-01 0.00000000e+00
3.89073025e-01 0.00000000e+00
3.89513901e-01 0.00000000e+00
3.89954777e-01 0.00000000e+00
3.90395652e-01 0.00000000e+00
3.90836528e-01 0.00000000e+00
3.91277404e-01 0.00000000e+00
3.91718280e-01 0.00000000e+00
3.92159156e-01 0.00000000e+00
3.92600032e-01 0.00000000e+00
3.93040908e-01 0.00000000e+00
3.93481784e-01 0.00000000e+00
3.93922660e-01 0.00000000e+00
3.94363536e-01 0.00000000e+00
3.94804412e-01 0.00000000e+00
3.95245288e-01 0.00000000e+00
3.95686164e-01 0.00000000e+00
3.96127040e-01 0.00000000e+00
3.96567916e-01 0.00000000e+00
3.97008792e-01 0.00000000e+00
3.97449668e-01 0.00000000e+00
3.97890544e-01 0.00000000e+00
3.98331420e-01 0.00000000e+00
3.98772295e-01 0.00000000e+00
3.99213171e-01 0.00000000e+00
3.99654047e-01 0.00000000e+00
4.00094923e-01 0.00000000e+00
4.00535799e-01 0.00000000e+00
4.00976675e-01 0.00000000e+00
4.01417551e-01 0.00000000e+00
4.01858427e-01 0.00000000e+00
4.02299303e-01 0.00000000e+00
4.02740179e-01 0.00000000e+00
4.03181055e-01 0.00000000e+00
4.03621931e-01 0.00000000e+00
4.04062807e-01 0.00000000e+00
4.04503683e-01 0.00000000e+00
4.04944559e-01 0.00000000e+00
4.05385435e-01 0.00000000e+00
4.05826311e-01 0.00000000e+00
4.06267187e-01 0.00000000e+00
4.06708063e-01 0.00000000e+00
4.07148938e-01 0.00000000e+00
4.07589814e-01 0.00000000e+00
4.08030690e-01 0.00000000e+00
4.08471566e-01 0.00000000e+00
4.08912442e-01 0.00000000e+00
4.09353318e-01 0.00000000e+00
4.09794194e-01 0.00000000e+00
4.10235070e-01 0.00000000e+00
4.10675946e-01 0.00000000e+00
4.11116822e-01 0.00000000e+00
4.11557698e-01 0.00000000e+00
4.11998574e-01 0.00000000e+00
4.12439450e-01 0.00000000e+00
4.12880326e-01 0.00000000e+00
4.13321202e-01 0.00000000e+00
4.13762078e-01 0.00000000e+00
4.14202954e-01 0.00000000e+00
4.14643830e-01 0.00000000e+00
4.15084706e-01 0.00000000e+00
4.15525582e-01 0.00000000e+00
4.15966457e-01 0.00000000e+00
4.16407333e-01 0.00000000e+00
4.16848209e-01 0.00000000e+00
4.17289085e-01 0.00000000e+00
4.17729961e-01 0.00000000e+00
4.18170837e-01 0.00000000e+00
4.18611713e-01 0.00000000e+00
4.19052589e-01 0.00000000e+00
4.19493465e-01 0.00000000e+00
4.19934341e-01 0.00000000e+00
4.20375217e-01 0.00000000e+00
4.20816093e-01 0.00000000e+00
4.21256969e-01 0.00000000e+00
4.21697845e-01 0.00000000e+00
4.22138721e-01 0.00000000e+00
4.22579597e-01 0.00000000e+00
4.23020473e-01 0.00000000e+00
4.23461349e-01 0.00000000e+00
4.23902225e-01 0.00000000e+00
4.24343100e-01 0.00000000e+00
4.24783976e-01 0.00000000e+00
4.25224852e-01 0.00000000e+00
4.25665728e-01 0.00000000e+00
4.26106604e-01 0.00000000e+00
4.26547480e-01 0.00000000e+00
4.26988356e-01 0.00000000e+00
4.27429232e-01 0.00000000e+00
4.27870108e-01 0.00000000e+00
4.28310984e-01 0.00000000e+00
4.28751860e-01 0.00000000e+00
4.29192736e-01 0.00000000e+00
4.29633612e-01 0.00000000e+00
4.30074488e-01 0.00000000e+00
4.30515364e-01 0.00000000e+00
4.30956240e-01 0.00000000e+00
4.31397116e-01 0.00000000e+00
4.31837992e-01 0.00000000e+00
4.32278868e-01 0.00000000e+00
4.32719744e-01 0.00000000e+00
4.33160619e-01 0.00000000e+00
4.33601495e-01 0.00000000e+00
4.34042371e-01 0.00000000e+00
4.34483247e-01 0.00000000e+00
4.34924123e-01 0.00000000e+00
4.35364999e-01 0.00000000e+00
4.35805875e-01 0.00000000e+00
4.36246751e-01 0.00000000e+00
4.36687627e-01 0.00000000e+00
4.37128503e-01 0.00000000e+00
4.37569379e-01 0.00000000e+00
4.38010255e-01 0.00000000e+00
4.38451131e-01 0.00000000e+00
4.38892007e-01 0.00000000e+00
4.39332883e-01 0.00000000e+00
4.39773759e-01 0.00000000e+00
4.40214635e-01 0.00000000e+00
4.40655511e-01 0.00000000e+00
4.41096387e-01 0.00000000e+00
4.41537262e-01 0.00000000e+00
4.41978138e-01 0.00000000e+00
4.42419014e-01 0.00000000e+00
4.42859890e-01 0.00000000e+00
4.43300766e-01 0.00000000e+00
4.43741642e-01 0.00000000e+00
4.44182518e-01 0.00000000e+00
4.44623394e-01 0.00000000e+00
4.45064270e-01 0.00000000e+00
4.45505146e-01 0.00000000e+00
4.45946022e-01 0.00000000e+00
4.46386898e-01 0.00000000e+00
4.46827774e-01 0.00000000e+00
4.47268650e-01 0.00000000e+00
4.47709526e-01 0.00000000e+00
4.48150402e-01 0.00000000e+00
4.48591278e-01 0.00000000e+00
4.49032154e-01 0.00000000e+00
4.49473030e-01 0.00000000e+00
4.49913906e-01 0.00000000e+00
4.50354781e-01 0.00000000e+00
4.50795657e-01 0.00000000e+00
4.51236533e-01 0.00000000e+00
4.51677409e-01 0.00000000e+00
4.52118285e-01 0.00000000e+00
4.52559161e-01 0.00000000e+00
4.53000037e-01 0.00000000e+00
4.53440913e-01 0.00000000e+00
4.53881789e-01 0.00000000e+00
4.54322665e-01 0.00000000e+00
4.54763541e-01 0.00000000e+00
4.55204417e-01 0.00000000e+00
4.55645293e-01 0.00000000e+00
4.56086169e-01 0.00000000e+00
4.56527045e-01 0.00000000e+00
4.56967921e-01 0.00000000e+00
4.57408797e-01 0.00000000e+00
4.57849673e-01 0.00000000e+00
4.58290549e-01 0.00000000e+00
4.58731424e-01 0.00000000e+00
4.59172300e-01 0.00000000e+00
4.59613176e-01 0.00000000e+00
4.60054052e-01 0.00000000e+00
4.60494928e-01 0.00000000e+00
4.60935804e-01 0.00000000e+00
4.61376680e-01 0.00000000e+00
4.61817556e-01 0.00000000e+00
4.62258432e-01 0.00000000e+00
4.62699308e-01 0.00000000e+00
4.63140184e-01 0.00000000e+00
4.63581060e-01 0.00000000e+00
4.64021936e-01 0.00000000e+00
4.64462812e-01 0.00000000e+00
4.64903688e-01 0.00000000e+00
4.65344564e-01 0.00000000e+00
4.65785440e-01 0.00000000e+00
4.66226316e-01 0.00000000e+00
4.66667192e-01 0.00000000e+00
4.67108068e-01 0.00000000e+00
4.67548943e-01 0.00000000e+00
4.67989819e-01 0.00000000e+00
4.68430695e-01 0.00000000e+00
4.68871571e-01 0.00000000e+00
4.69312447e-01 0.00000000e+00
4.69753323e-01 0.00000000e+00
4.70194199e-01 0.00000000e+00
4.70635075e-01 0.00000000e+00
4.71075951e-01 0.00000000e+00
4.71516827e-01 0.00000000e+00
4.71957703e-01 0.00000000e+00
4.72398579e-01 0.00000000e+00
4.72839455e-01 0.00000000e+00
4.73280331e-01 0.00000000e+00
4.73721207e-01 0.00000000e+00
4.74162083e-01 0.00000000e+00
4.74602959e-01 0.00000000e+00
4.75043835e-01 0.00000000e+00
4.75484711e-01 0.00000000e+00
4.75925586e-01 0.00000000e+00
4.76366462e-01 0.00000000e+00
4.76807338e-01 0.00000000e+00
4.77248214e-01 0.00000000e+00
4.77689090e-01 0.00000000e+00
4.78129966e-01 0.00000000e+00
4.78570842e-01 0.00000000e+00
4.79011718e-01 0.00000000e+00
4.79452594e-01 0.00000000e+00
4.79893470e-01 0.00000000e+00
4.80334346e-01 0.00000000e+00
4.80775222e-01 0.00000000e+00
4.81216098e-01 0.00000000e+00
4.81656974e-01 0.00000000e+00
4.82097850e-01 0.00000000e+00
4.82538726e-01 0.00000000e+00
4.82979602e-01 0.00000000e+00
4.83420478e-01 0.00000000e+00
4.83861354e-01 0.00000000e+00
4.84302229e-01 0.00000000e+00
4.84743105e-01 0.00000000e+00
4.85183981e-01 0.00000000e+00
4.85624857e-01 0.00000000e+00
4.86065733e-01 0.00000000e+00
4.86506609e-01 0.00000000e+00
4.86947485e-01 0.00000000e+00
4.87388361e-01 0.00000000e+00
4.87829237e-01 0.00000000e+00
4.88270113e-01 0.00000000e+00
4.88710989e-01 0.00000000e+00
4.89151865e-01 0.00000000e+00
4.89592741e-01 0.00000000e+00
4.90033617e-01 0.00000000e+00
4.90474493e-01 0.00000000e+00
4.90915369e-01 0.00000000e+00
4.91356245e-01 0.00000000e+00
4.91797121e-01 0.00000000e+00
4.92237997e-01 0.00000000e+00
4.92678873e-01 0.00000000e+00
4.93119748e-01 0.00000000e+00
4.93560624e-01 0.00000000e+00
4.94001500e-01 0.00000000e+00
4.94442376e-01 0.00000000e+00
4.94883252e-01 0.00000000e+00
4.95324128e-01 0.00000000e+00
4.95765004e-01 0.00000000e+00
4.96205880e-01 0.00000000e+00
4.96646756e-01 0.00000000e+00
4.97087632e-01 0.00000000e+00
4.97528508e-01 0.00000000e+00
4.97969384e-01 0.00000000e+00
4.98410260e-01 0.00000000e+00
4.98851136e-01 0.00000000e+00
4.99292012e-01 0.00000000e+00
4.99732888e-01 0.00000000e+00
5.00173764e-01 0.00000000e+00
0.00000000e+00 2.20437974e-04
0.00000000e+00 6.61313923e-04
0.00000000e+00 1.10218987e-03
0.00000000e+00 1.54306582e-03
0.00000000e+00 1.98394177e-03
0.00000000e+00 2.42481772e-03
0.00000000e+00 2.86569367e-03
0.00000000e+00 3.30656961e-03
0.00000000e+00 3.74744556e-03
0.00000000e+00 4.18832151e-03
0.00000000e+00 4.62919746e-03
0.00000000e+00 5.07007341e-03
0.00000000e+00 5.51094936e-03
0.00000000e+00 5.95182531e-03
0.00000000e+00 6.39270125e-03
0.00000000e+00 6.83357720e-03
0.00000000e+00 7.27445315e-03
0.00000000e+00 7.71532910e-03
0.00000000e+00 8.15620505e-03
0.00000000e+00 8.59708100e-03
0.00000000e+00 9.03795695e-03
0.00000000e+00 9.47883289e-03
0.00000000e+00 9.91970884e-03
0.00000000e+00 1.03605848e-02
0.00000000e+00 1.08014607e-02
0.00000000e+00 1.12423367e-02
0.00000000e+00 1.16832126e-02
0.00000000e+00 1.21240886e-02
0.00000000e+00 1.25649645e-02
0.00000000e+00 1.30058405e-02
0.00000000e+00 1.34467164e-02
0.00000000e+00 1.38875924e-02
0.00000000e+00 1.43284683e-02
0.00000000e+00 1.47693443e-02
0.00000000e+00 1.52102202e-02
0.00000000e+00 1.56510962e-02
0.00000000e+00 1.60919721e-02
0.00000000e+00 1.65328481e-02
0.00000000e+00 1.69737240e-02
0.00000000e+00 1.74146000e-02
0.00000000e+00 1.78554759e-02
0.00000000e+00 1.82963519e-02
0.00000000e+00 1.87372278e-02
0.00000000e+00 1.91781038e-02
0.00000000e+00 1.96189797e-02
0.00000000e+00 2.00598557e-02
0.00000000e+00 2.05007316e-02
0.00000000e+00 2.09416076e-02
0.00000000e+00 2.13824835e-02
0.00000000e+00 2.18233595e-02
0.00000000e+00 2.22642354e-02
0.00000000e+00 2.27051114e-02
0.00000000e+00 2.31459873e-02
0.00000000e+00 2.35868632e-02
0.00000000e+00 2.40277392e-02
0.00000000e+00 2.44686151e-02
0.00000000e+00 2.49094911e-02
0.00000000e+00 2.53503670e-02
0.00000000e+00 2.57912430e-02
0.00000000e+00 2.62321189e-02
0.00000000e+00 2.66729949e-02
0.00000000e+00 2.71138708e-02
0.00000000e+00 2.75547468e-02
0.00000000e+00 2.79956227e-02
0.00000000e+00 2.84364987e-02
0.00000000e+00 2.88773746e-02
0.00000000e+00 2.93182506e-02
0.00000000e+00 2.97591265e-02
0.00000000e+00 3.02000025e-02
0.00000000e+00 3.06408784e-02
0.00000000e+00 3.10817544e-02
0.00000000e+00 3.15226303e-02
0.00000000e+00 3.19635063e-02
0.00000000e+00 3.24043822e-02
0.00000000e+00 3.28452582e-02
0.00000000e+00 3.32861341e-02
0.00000000e+00 3.37270101e-02
0.00000000e+00 3.41678860e-02
0.00000000e+00 3.46087620e-02
0.00000000e+00 3.50496379e-02
0.00000000e+00 3.54905139e-02
0.00000000e+00 3.59313898e-02
0.00000000e+00 3.63722658e-02
0.00000000e+00 3.68131417e-02
0.00000000e+00 3.72540177e-02
0.00000000e+00 3.76948936e-02
0.00000000e+00 3.81357696e-02
0.00000000e+00 3.85766455e-02
0.00000000e+00 3.90175214e-02
0.00000000e+00 3.94583974e-02
0.00000000e+00 3.98992733e-02
0.00000000e+00 4.03401493e-02
0.00000000e+00 4.07810252e-02
0.00000000e+00 4.12219012e-02
0.00000000e+00 4.16627771e-02
0.00000000e+00 4.21036531e-02
0.00000000e+00 4.25445290e-02
0.00000000e+00 4.29854050e-02
0.00000000e+00 4.34262809e-02
0.00000000e+00 4.38671569e-02
0.00000000e+00 4.43080328e-02
0.00000000e+00 4.47489088e-02
0.00000000e+00 4.51897847e-02
0.00000000e+00 4.56306607e-02
0.00000000e+00 4.60715366e-02
0.00000000e+00 4.65124126e-02
0.00000000e+00 4.69532885e-02
0.00000000e+00 4.73941645e-02
0.00000000e+00 4.78350404e-02
0.00000000e+00 4.82759164e-02
0.00000000e+00 4.87167923e-02
0.00000000e+00 4.91576683e-02
0.00000000e+00 4.95985442e-02
0.00000000e+00 5.00394202e-02
0.00000000e+00 5.04802961e-02
0.00000000e+00 5.09211721e-02
0.00000000e+00 5.13620480e-02
0.00000000e+00 5.18029240e-02
0.00000000e+00 5.22437999e-02
0.00000000e+00 5.26846759e-02
0.00000000e+00 5.31255518e-02
0.00000000e+00 5.35664278e-02
0.00000000e+00 5.40073037e-02
0.00000000e+00 5.44481796e-02
0.00000000e+00 5.48890556e-02
0.00000000e+00 5.53299315e-02
0.00000000e+00 5.57708075e-02
0.00000000e+00 5.62116834e-02
0.00000000e+00 5.66525594e-02
0.00000000e+00 5.70934353e-02
0.00000000e+00 5.75343113e-02
0.00000000e+00 5.79751872e-02
0.00000000e+00 5.84160632e-02
0.00000000e+00 5.88569391e-02
0.00000000e+00 5.92978151e-02
0.00000000e+00 5.97386910e-02
0.00000000e+00 6.01795670e-02
0.00000000e+00 6.06204429e-02
0.00000000e+00 6.10613189e-02
0.00000000e+00 6.15021948e-02
0.00000000e+00 6.19430708e-02
0.00000000e+00 6.23839467e-02
0.00000000e+00 6.28248227e-02
0.00000000e+00 6.32656986e-02
0.00000000e+00 6.37065746e-02
0.00000000e+00 6.41474505e-02
0.00000000e+00 6.45883265e-02
0.00000000e+00 6.50292024e-02
0.00000000e+00 6.54700784e-02
0.00000000e+00 6.59109543e-02
0.00000000e+00 6.63518303e-02
0.00000000e+00 6.67927062e-02
0.00000000e+00 6.72335822e-02
0.00000000e+00 6.76744581e-02
0.00000000e+00 6.81153341e-02
0.00000000e+00 6.85562100e-02
0.00000000e+00 6.89970859e-02
0.00000000e+00 6.94379619e-02
0.00000000e+00 6.98788378e-02
0.00000000e+00 7.03197138e-02
0.00000000e+00 7.07605897e-02
0.00000000e+00 7.12014657e-02
0.00000000e+00 7.16423416e-02
0.00000000e+00 7.20832176e-02
0.00000000e+00 7.25240935e-02
0.00000000e+00 7.29649695e-02
0.00000000e+00 7.34058454e-02
0.00000000e+00 7.38467214e-02
0.00000000e+00 7.42875973e-02
0.00000000e+00 7.47284733e-02
0.00000000e+00 7.51693492e-02
0.00000000e+00 7.56102252e-02
0.00000000e+00 7.60511011e-02
0.00000000e+00 7.64919771e-02
0.00000000e+00 7.69328530e-02
0.00000000e+00 7.73737290e-02
0.00000000e+00 7.78146049e-02
0.00000000e+00 7.82554809e-02
0.00000000e+00 7.86963568e-02
0.00000000e+00 7.91372328e-02
0.00000000e+00 7.95781087e-02
0.00000000e+00 8.00189847e-02
0.00000000e+00 8.04598606e-02
0.00000000e+00 8.09007366e-02
0.00000000e+00 8.13416125e-02
0.00000000e+00 8.17824885e-02
0.00000000e+00 8.22233644e-02
0.00000000e+00 8.26642404e-02
0.00000000e+00 8.31051163e-02
0.00000000e+00 8.35459923e-02
0.00000000e+00 8.39868682e-02
0.00000000e+00 8.44277441e-02
0.00000000e+00 8.48686201e-02
0.00000000e+00 8.53094960e-02
0.00000000e+00 8.57503720e-02
0.00000000e+00 8.61912479e-02
0.00000000e+00 8.66321239e-02
0.00000000e+00 8.70729998e-02
0.00000000e+00 8.75138758e-02
0.00000000e+00 8.79547517e-02
0.00000000e+00 8.83956277e-02
0.00000000e+00 8.88365036e-02
0.00000000e+00 8.92773796e-02
0.00000000e+00 8.97182555e-02
0.00000000e+00 9.01591315e-02
0.00000000e+00 9.06000074e-02
0.00000000e+00 9.10408834e-02
0.00000000e+00 9.14817593e-02
0.00000000e+00 9.19226353e-02
0.00000000e+00 9.23635112e-02
0.00000000e+00 9.28043872e-02
0.00000000e+00 9.32452631e-02
0.00000000e+00 9.36861391e-02
0.00000000e+00 9.41270150e-02
0.00000000e+00 9.45678910e-02
0.00000000e+00 9.50087669e-02
0.00000000e+00 9.54496429e-02
0.00000000e+00 9.58905188e-02
0.00000000e+00 9.63313948e-02
0.00000000e+00 9.67722707e-02
0.00000000e+00 9.72131467e-02
0.00000000e+00 9.76540226e-02
0.00000000e+00 9.80948986e-02
0.00000000e+00 9.85357745e-02
0.00000000e+00 9.89766505e-02
0.00000000e+00 9.94175264e-02
0.00000000e+00 9.98584023e-02
0.00000000e+00 1.00299278e-01
0.00000000e+00 1.00740154e-01
0.00000000e+00 1.01181030e-01
0.00000000e+00 1.01621906e-01
0.00000000e+00 1.02062782e-01
0.00000000e+00 1.02503658e-01
0.00000000e+00 1.02944534e-01
0.00000000e+00 1.03385410e-01
0.00000000e+00 1.03826286e-01
0.00000000e+00 1.04267162e-01
0.00000000e+00 1.04708038e-01
0.00000000e+00 1.05148914e-01
0.00000000e+00 1.05589790e-01
0.00000000e+00 1.06030666e-01
0.00000000e+00 1.06471542e-01
0.00000000e+00 1.06912418e-01
0.00000000e+00 1.07353293e-01
0.00000000e+00 1.07794169e-01
0.00000000e+00 1.08235045e-01
0.00000000e+00 1.08675921e-01
0.00000000e+00 1.09116797e-01
0.00000000e+00 1.09557673e-01
0.00000000e+00 1.09998549e-01
0.00000000e+00 1.10439425e-01
0.00000000e+00 1.10880301e-01
0.00000000e+00 1.11321177e-01
0.00000000e+00 1.11762053e-01
0.00000000e+00 1.12202929e-01
0.00000000e+00 1.12643805e-01
0.00000000e+00 1.13084681e-01
0.00000000e+00 1.13525557e-01
0.00000000e+00 1.13966433e-01
0.00000000e+00 1.14407309e-01
0.00000000e+00 1.14848185e-01
0.00000000e+00 1.15289061e-01
0.00000000e+00 1.15729936e-01
0.00000000e+00 1.16170812e-01
0.00000000e+00 1.16611688e-01
0.00000000e+00 1.17052564e-01
0.00000000e+00 1.17493440e-01
0.00000000e+00 1.17934316e-01
0.00000000e+00 1.18375192e-01
0.00000000e+00 1.18816068e-01
0.00000000e+00 1.19256944e-01
0.00000000e+00 1.19697820e-01
0.00000000e+00 1.20138696e-01
0.00000000e+00 1.20579572e-01
0.00000000e+00 1.21020448e-01
0.00000000e+00 1.21461324e-01
0.00000000e+00 1.21902200e-01
0.00000000e+00 1.22343076e-01
0.00000000e+00 1.22783952e-01
0.00000000e+00 1.23224828e-01
0.00000000e+00 1.23665704e-01
0.00000000e+00 1.24106580e-01
0.00000000e+00 1.24547455e-01
0.00000000e+00 1.24988331e-01
0.00000000e+00 1.25429207e-01
0.00000000e+00 1.25870083e-01
0.00000000e+00 1.26310959e-01
0.00000000e+00 1.26751835e-01
0.00000000e+00 1.27192711e-01
0.00000000e+00 1.27633587e-01
0.00000000e+00 1.28074463e-01
0.00000000e+00 1.28515339e-01
0.00000000e+00 1.28956215e-01
0.00000000e+00 1.29397091e-01
0.00000000e+00 1.29837967e-01
0.00000000e+00 1.30278843e-01
0.00000000e+00 1.30719719e-01
0.00000000e+00 1.31160595e-01
0.00000000e+00 1.31601471e-01
0.00000000e+00 1.32042347e-01
0.00000000e+00 1.32483223e-01
0.00000000e+00 1.32924098e-01
0.00000000e+00 1.33364974e-01
0.00000000e+00 1.33805850e-01
0.00000000e+00 1.34246726e-01
0.00000000e+00 1.34687602e-01
0.00000000e+00 1.35128478e-01
0.00000000e+00 1.35569354e-01
0.00000000e+00 1.36010230e-01
0.00000000e+00 1.36451106e-01
0.00000000e+00 1.36891982e-01
0.00000000e+00 1.37332858e-01
0.00000000e+00 1.37773734e-01
0.00000000e+00 1.38214610e-01
0.00000000e+00 1.38655486e-01
0.00000000e+00 1.39096362e-01
0.00000000e+00 1.39537238e-01
0.00000000e+00 1.39978114e-01
0.00000000e+00 1.40418990e-01
0.00000000e+00 1.40859866e-01
0.00000000e+00 1.41300742e-01
0.00000000e+00 1.41741617e-01
0.00000000e+00 1.42182493e-01
0.00000000e+00 1.42623369e-01
0.00000000e+00 1.43064245e-01
0.00000000e+00 1.43505121e-01
0.00000000e+00 1.43945997e-01
0.00000000e+00 1.44386873e-01
0.00000000e+00 1.44827749e-01
0.00000000e+00 1.45268625e-01
0.00000000e+00 1.45709501e-01
0.00000000e+00 1.46150377e-01
0.00000000e+00 1.46591253e-01
0.00000000e+00 1.47032129e-01
0.00000000e+00 1.47473005e-01
0.00000000e+00 1.47913881e-01
0.00000000e+00 1.48354757e-01
0.00000000e+00 1.48795633e-01
0.00000000e+00 1.49236509e-01
0.00000000e+00 1.49677385e-01
0.00000000e+00 1.50118260e-01
0.00000000e+00 1.50559136e-01
0.00000000e+00 1.51000012e-01
0.00000000e+00 1.51440888e-01
0.00000000e+00 1.51881764e-01
0.00000000e+00 1.52322640e-01
0.00000000e+00 1.52763516e-01
0.00000000e+00 1.53204392e-01
0.00000000e+00 1.53645268e-01
0.00000000e+00 1.54086144e-01
0.00000000e+00 1.54527020e-01
0.00000000e+00 1.54967896e-01
0.00000000e+00 1.55408772e-01
0.00000000e+00 1.55849648e-01
0.00000000e+00 1.56290524e-01
0.00000000e+00 1.56731400e-01
0.00000000e+00 1.57172276e-01
0.00000000e+00 1.57613152e-01
0.00000000e+00 1.58054028e-01
0.00000000e+00 1.58494904e-01
0.00000000e+00 1.58935779e-01
0.00000000e+00 1.59376655e-01
0.00000000e+00 1.59817531e-01
0.00000000e+00 1.60258407e-01
0.00000000e+00 1.60699283e-01
0.00000000e+00 1.61140159e-01
0.00000000e+00 1.61581035e-01
0.00000000e+00 1.62021911e-01
0.00000000e+00 1.62462787e-01
0.00000000e+00 1.62903663e-01
0.00000000e+00 1.63344539e-01
0.00000000e+00 1.63785415e-01
0.00000000e+00 1.64226291e-01
0.00000000e+00 1.64667167e-01
0.00000000e+00 1.65108043e-01
0.00000000e+00 1.65548919e-01
0.00000000e+00 1.65989795e-01
0.00000000e+00 1.66430671e-01
0.00000000e+00 1.66871547e-01
0.00000000e+00 1.67312422e-01
0.00000000e+00 1.67753298e-01
0.00000000e+00 1.68194174e-01
0.00000000e+00 1.68635050e-01
0.00000000e+00 1.69075926e-01
0.00000000e+00 1.69516802e-01
0.00000000e+00 1.69957678e-01
0.00000000e+00 1.70398554e-01
0.00000000e+00 1.70839430e-01
0.00000000e+00 1.71280306e-01
0.00000000e+00 1.71721182e-01
0.00000000e+00 1.72162058e-01
0.00000000e+00 1.72602934e-01
0.00000000e+00 1.73043810e-01
0.00000000e+00 1.73484686e-01
0.00000000e+00 1.73925562e-01
0.00000000e+00 1.74366438e-01
0.00000000e+00 1.74807314e-01
0.00000000e+00 1.75248190e-01
0.00000000e+00 1.75689066e-01
0.00000000e+00 1.76129941e-01
0.00000000e+00 1.76570817e-01
0.00000000e+00 1.77011693e-01
0.00000000e+00 1.77452569e-01
0.00000000e+00 1.77893445e-01
0.00000000e+00 1.78334321e-01
0.00000000e+00 1.78775197e-01
0.00000000e+00 1.79216073e-01
0.00000000e+00 1.79656949e-01
0.00000000e+00 1.80097825e-01
0.00000000e+00 1.80538701e-01
0.00000000e+00 1.80979577e-01
0.00000000e+00 1.81420453e-01
0.00000000e+00 1.81861329e-01
0.00000000e+00 1.82302205e-01
0.00000000e+00 1.82743081e-01
0.00000000e+00 1.83183957e-01
0.00000000e+00 1.83624833e-01
0.00000000e+00 1.84065709e-01
0.00000000e+00 1.84506584e-01
0.00000000e+00 1.84947460e-01
0.00000000e+00 1.85388336e-01
0.00000000e+00 1.85829212e-01
0.00000000e+00 1.86270088e-01
0.00000000e+00 1.86710964e-01
0.00000000e+00 1.87151840e-01
0.00000000e+00 1.87592716e-01
0.00000000e+00 1.88033592e-01
0.00000000e+00 1.88474468e-01
0.00000000e+00 1.88915344e-01
0.00000000e+00 1.89356220e-01
0.00000000e+00 1.89797096e-01
0.00000000e+00 1.90237972e-01
0.00000000e+00 1.90678848e-01
0.00000000e+00 1.91119724e-01
0.00000000e+00 1.91560600e-01
0.00000000e+00 1.92001476e-01
0.00000000e+00 1.92442352e-01
0.00000000e+00 1.92883227e-01
0.00000000e+00 1.93324103e-01
0.00000000e+00 1.93764979e-01
0.00000000e+00 1.94205855e-01
0.00000000e+00 1.94646731e-01
0.00000000e+00 1.95087607e-01
0.00000000e+00 1.95528483e-01
0.00000000e+00 1.95969359e-01
0.00000000e+00 1.96410235e-01
0.00000000e+00 1.96851111e-01
0.00000000e+00 1.97291987e-01
0.00000000e+00 1.97732863e-01
0.00000000e+00 1.98173739e-01
0.00000000e+00 1.98614615e-01
0.00000000e+00 1.99055491e-01
0.00000000e+00 1.99496367e-01
0.00000000e+00 1.99937243e-01
0.00000000e+00 2.00378119e-01
0.00000000e+00 2.00818995e-01
0.00000000e+00 2.01259871e-01
0.00000000e+00 2.01700746e-01
0.00000000e+00 2.02141622e-01
0.00000000e+00 2.02582498e-01
0.00000000e+00 2.03023374e-01
0.00000000e+00 2.03464250e-01
0.00000000e+00 2.03905126e-01
0.00000000e+00 2.04346002e-01
0.00000000e+00 2.04786878e-01
0.00000000e+00 2.05227754e-01
0.00000000e+00 2.05668630e-01
0.00000000e+00 2.06109506e-01
0.00000000e+00 2.06550382e-01
0.00000000e+00 2.06991258e-01
0.00000000e+00 2.07432134e-01
0.00000000e+00 2.07873010e-01
0.00000000e+00 2.08313886e-01
0.00000000e+00 2.08754762e-01
0.00000000e+00 2.09195638e-01
0.00000000e+00 2.09636514e-01
0.00000000e+00 2.10077389e-01
0.00000000e+00 2.10518265e-01
0.00000000e+00 2.10959141e-01
0.00000000e+00 2.11400017e-01
0.00000000e+00 2.11840893e-01
0.00000000e+00 2.12281769e-01
0.00000000e+00 2.12722645e-01
0.00000000e+00 2.13163521e-01
0.00000000e+00 2.13604397e-01
0.00000000e+00 2.14045273e-01
0.00000000e+00 2.14486149e-01
0.00000000e+00 2.14927025e-01
0.00000000e+00 2.15367901e-01
0.00000000e+00 2.15808777e-01
0.00000000e+00 2.16249653e-01
0.00000000e+00 2.16690529e-01
0.00000000e+00 2.17131405e-01
0.00000000e+00 2.17572281e-01
0.00000000e+00 2.18013157e-01
0.00000000e+00 2.18454033e-01
0.00000000e+00 2.18894908e-01
0.00000000e+00 2.19335784e-01
0.00000000e+00 2.19776660e-01
0.00000000e+00 2.20217536e-01
0.00000000e+00 2.20658412e-01
0.00000000e+00 2.21099288e-01
0.00000000e+00 2.21540164e-01
0.00000000e+00 2.21981040e-01
0.00000000e+00 2.22421916e-01
0.00000000e+00 2.22862792e-01
0.00000000e+00 2.23303668e-01
0.00000000e+00 2.23744544e-01
0.00000000e+00 2.24185420e-01
0.00000000e+00 2.24626296e-01
0.00000000e+00 2.25067172e-01
0.00000000e+00 2.25508048e-01
0.00000000e+00 2.25948924e-01
0.00000000e+00 2.26389800e-01
0.00000000e+00 2.26830676e-01
0.00000000e+00 2.27271551e-01
0.00000000e+00 2.27712427e-01
0.00000000e+00 2.28153303e-01
0.00000000e+00 2.28594179e-01
0.00000000e+00 2.29035055e-01
0.00000000e+00 2.29475931e-01
0.00000000e+00 2.29916807e-01
0.00000000e+00 2.30357683e-01
0.00000000e+00 2.30798559e-01
0.00000000e+00 2.31239435e-01
0.00000000e+00 2.31680311e-01
0.00000000e+00 2.32121187e-01
0.00000000e+00 2.32562063e-01
0.00000000e+00 2.33002939e-01
0.00000000e+00 2.33443815e-01
0.00000000e+00 2.33884691e-01
0.00000000e+00 2.34325567e-01
0.00000000e+00 2.34766443e-01
0.00000000e+00 2.35207319e-01
0.00000000e+00 2.35648195e-01
0.00000000e+00 2.36089070e-01
0.00000000e+00 2.36529946e-01
0.00000000e+00 2.36970822e-01
0.00000000e+00 2.37411698e-01
0.00000000e+00 2.37852574e-01
0.00000000e+00 2.38293450e-01
0.00000000e+00 2.38734326e-01
0.00000000e+00 2.39175202e-01
0.00000000e+00 2.39616078e-01
0.00000000e+00 2.40056954e-01
0.00000000e+00 2.40497830e-01
0.00000000e+00 2.40938706e-01
0.00000000e+00 2.41379582e-01
0.00000000e+00 2.41820458e-01
0.00000000e+00 2.42261334e-01
0.00000000e+00 2.42702210e-01
0.00000000e+00 2.43143086e-01
0.00000000e+00 2.43583962e-01
0.00000000e+00 2.44024838e-01
0.00000000e+00 2.44465713e-01
0.00000000e+00 2.44906589e-01
0.00000000e+00 2.45347465e-01
0.00000000e+00 2.45788341e-01
0.00000000e+00 2.46229217e-01
0.00000000e+00 2.46670093e-01
0.00000000e+00 2.47110969e-01
0.00000000e+00 2.47551845e-01
0.00000000e+00 2.47992721e-01
0.00000000e+00 2.48433597e-01
0.00000000e+00 2.48874473e-01
0.00000000e+00 2.49315349e-01
0.00000000e+00 2.49756225e-01
0.00000000e+00 2.50197101e-01
0.00000000e+00 2.50637977e-01
0.00000000e+00 2.51078853e-01
0.00000000e+00 2.51519729e-01
0.00000000e+00 2.51960605e-01
0.00000000e+00 2.52401481e-01
0.00000000e+00 2.52842356e-01
0.00000000e+00 2.53283232e-01
0.00000000e+00 2.53724108e-01
0.00000000e+00 2.54164984e-01
0.00000000e+00 2.54605860e-01
0.00000000e+00 2.55046736e-01
0.00000000e+00 2.55487612e-01
0.00000000e+00 2.55928488e-01
0.00000000e+00 2.56369364e-01
0.00000000e+00 2.56810240e-01
0.00000000e+00 2.57251116e-01
0.00000000e+00 2.57691992e-01
0.00000000e+00 2.58132868e-01
0.00000000e+00 2.58573744e-01
0.00000000e+00 2.59014620e-01
0.00000000e+00 2.59455496e-01
0.00000000e+00 2.59896372e-01
0.00000000e+00 2.60337248e-01
0.00000000e+00 2.60778124e-01
0.00000000e+00 2.61219000e-01
0.00000000e+00 2.61659875e-01
0.00000000e+00 2.62100751e-01
0.00000000e+00 2.62541627e-01
0.00000000e+00 2.62982503e-01
0.00000000e+00 2.63423379e-01
0.00000000e+00 2.63864255e-01
0.00000000e+00 2.64305131e-01
0.00000000e+00 2.64746007e-01
0.00000000e+00 2.65186883e-01
0.00000000e+00 2.65627759e-01
0.00000000e+00 2.66068635e-01
0.00000000e+00 2.66509511e-01
0.00000000e+00 2.66950387e-01
0.00000000e+00 2.67391263e-01
0.00000000e+00 2.67832139e-01
0.00000000e+00 2.68273015e-01
0.00000000e+00 2.68713891e-01
0.00000000e+00 2.69154767e-01
0.00000000e+00 2.69595643e-01
0.00000000e+00 2.70036518e-01
0.00000000e+00 2.70477394e-01
0.00000000e+00 2.70918270e-01
0.00000000e+00 2.71359146e-01
0.00000000e+00 2.71800022e-01
0.00000000e+00 2.72240898e-01
0.00000000e+00 2.72681774e-01
0.00000000e+00 2.73122650e-01
0.00000000e+00 2.73563526e-01
0.00000000e+00 2.74004402e-01
0.00000000e+00 2.74445278e-01
0.00000000e+00 2.74886154e-01
0.00000000e+00 2.75327030e-01
0.00000000e+00 2.75767906e-01
0.00000000e+00 2.76208782e-01
0.00000000e+00 2.76649658e-01
0.00000000e+00 2.77090534e-01
0.00000000e+00 2.77531410e-01
0.00000000e+00 2.77972286e-01
0.00000000e+00 2.78413162e-01
0.00000000e+00 2.78854037e-01
0.00000000e+00 2.79294913e-01
0.00000000e+00 2.79735789e-01
0.00000000e+00 2.80176665e-01
0.00000000e+00 2.80617541e-01
0.00000000e+00 2.81058417e-01
0.00000000e+00 2.81499293e-01
0.00000000e+00 2.81940169e-01
0.00000000e+00 2.82381045e-01
0.00000000e+00 2.82821921e-01
0.00000000e+00 2.83262797e-01
0.00000000e+00 2.83703673e-01
0.00000000e+00 2.84144549e-01
0.00000000e+00 2.84585425e-01
0.00000000e+00 2.85026301e-01
0.00000000e+00 2.85467177e-01
0.00000000e+00 2.85908053e-01
0.00000000e+00 2.86348929e-01
0.00000000e+00 2.86789805e-01
0.00000000e+00 2.87230680e-01
0.00000000e+00 2.87671556e-01
0.00000000e+00 2.88112432e-01
0.00000000e+00 2.88553308e-01
0.00000000e+00 2.88994184e-01
0.00000000e+00 2.89435060e-01
0.00000000e+00 2.89875936e-01
0.00000000e+00 2.90316812e-01
0.00000000e+00 2.90757688e-01
0.00000000e+00 2.91198564e-01
0.00000000e+00 2.91639440e-01
0.00000000e+00 2.92080316e-01
0.00000000e+00 2.92521192e-01
0.00000000e+00 2.92962068e-01
0.00000000e+00 2.93402944e-01
0.00000000e+00 2.93843820e-01
0.00000000e+00 2.94284696e-01
0.00000000e+00 2.94725572e-01
0.00000000e+00 2.95166448e-01
0.00000000e+00 2.95607324e-01
0.00000000e+00 2.96048199e-01
0.00000000e+00 2.96489075e-01
0.00000000e+00 2.96929951e-01
0.00000000e+00 2.97370827e-01
0.00000000e+00 2.97811703e-01
0.00000000e+00 2.98252579e-01
0.00000000e+00 2.98693455e-01
0.00000000e+00 2.99134331e-01
0.00000000e+00 2.99575207e-01
0.00000000e+00 3.00016083e-01
0.00000000e+00 3.00456959e-01
0.00000000e+00 3.00897835e-01
0.00000000e+00 3.01338711e-01
0.00000000e+00 3.01779587e-01
0.00000000e+00 3.02220463e-01
0.00000000e+00 3.02661339e-01
0.00000000e+00 3.03102215e-01
0.00000000e+00 3.03543091e-01
0.00000000e+00 3.03983967e-01
0.00000000e+00 3.04424842e-01
0.00000000e+00 3.04865718e-01
0.00000000e+00 3.05306594e-01
0.00000000e+00 3.05747470e-01
0.00000000e+00 3.06188346e-01
0.00000000e+00 3.06629222e-01
0.00000000e+00 3.07070098e-01
0.00000000e+00 3.07510974e-01
0.00000000e+00 3.07951850e-01
0.00000000e+00 3.08392726e-01
0.00000000e+00 3.08833602e-01
0.00000000e+00 3.09274478e-01
0.00000000e+00 3.09715354e-01
0.00000000e+00 3.10156230e-01
0.00000000e+00 3.10597106e-01
0.00000000e+00 3.11037982e-01
0.00000000e+00 3.11478858e-01
0.00000000e+00 3.11919734e-01
0.00000000e+00 3.12360610e-01
0.00000000e+00 3.12801486e-01
0.00000000e+00 3.13242361e-01
0.00000000e+00 3.13683237e-01
0.00000000e+00 3.14124113e-01
0.00000000e+00 3.14564989e-01
0.00000000e+00 3.15005865e-01
0.00000000e+00 3.15446741e-01
0.00000000e+00 3.15887617e-01
0.00000000e+00 3.16328493e-01
0.00000000e+00 3.16769369e-01
0.00000000e+00 3.17210245e-01
0.00000000e+00 3.17651121e-01
0.00000000e+00 3.18091997e-01
0.00000000e+00 3.18532873e-01
0.00000000e+00 3.18973749e-01
0.00000000e+00 3.19414625e-01
0.00000000e+00 3.19855501e-01
0.00000000e+00 3.20296377e-01
0.00000000e+00 3.20737253e-01
0.00000000e+00 3.21178129e-01
0.00000000e+00 3.21619004e-01
0.00000000e+00 3.22059880e-01
0.00000000e+00 3.22500756e-01
0.00000000e+00 3.22941632e-01
0.00000000e+00 3.23382508e-01
0.00000000e+00 3.23823384e-01
0.00000000e+00 3.24264260e-01
0.00000000e+00 3.24705136e-01
0.00000000e+00 3.25146012e-01
0.00000000e+00 3.25586888e-01
0.00000000e+00 3.26027764e-01
0.00000000e+00 3.26468640e-01
0.00000000e+00 3.26909516e-01
0.00000000e+00 3.27350392e-01
0.00000000e+00 3.27791268e-01
0.00000000e+00 3.28232144e-01
0.00000000e+00 3.28673020e-01
0.00000000e+00 3.29113896e-01
0.00000000e+00 3.29554772e-01
0.00000000e+00 3.29995647e-01
0.00000000e+00 3.30436523e-01
0.00000000e+00 3.30877399e-01
0.00000000e+00 3.31318275e-01
0.00000000e+00 3.31759151e-01
0.00000000e+00 3.32200027e-01
0.00000000e+00 3.32640903e-01
0.00000000e+00 3.33081779e-01
0.00000000e+00 3.33522655e-01
0.00000000e+00 3.33963531e-01
0.00000000e+00 3.34404407e-01
0.00000000e+00 3.34845283e-01
0.00000000e+00 3.35286159e-01
0.00000000e+00 3.35727035e-01
0.00000000e+00 3.36167911e-01
0.00000000e+00 3.36608787e-01
0.00000000e+00 3.37049663e-01
0.00000000e+00 3.37490539e-01
0.00000000e+00 3.37931415e-01
0.00000000e+00 3.38372291e-01
0.00000000e+00 3.38813166e-01
0.00000000e+00 3.39254042e-01
0.00000000e+00 3.39694918e-01
0.00000000e+00 3.40135794e-01
0.00000000e+00 3.40576670e-01
0.00000000e+00 3.41017546e-01
0.00000000e+00 3.41458422e-01
0.00000000e+00 3.41899298e-01
0.00000000e+00 3.42340174e-01
0.00000000e+00 3.42781050e-01
0.00000000e+00 3.43221926e-01
0.00000000e+00 3.43662802e-01
0.00000000e+00 3.44103678e-01
0.00000000e+00 3.44544554e-01
0.00000000e+00 3.44985430e-01
0.00000000e+00 3.45426306e-01
0.00000000e+00 3.45867182e-01
0.00000000e+00 3.46308058e-01
0.00000000e+00 3.46748934e-01
0.00000000e+00 3.47189809e-01
0.00000000e+00 3.47630685e-01
0.00000000e+00 3.48071561e-01
0.00000000e+00 3.48512437e-01
0.00000000e+00 3.48953313e-01
0.00000000e+00 3.49394189e-01
0.00000000e+00 3.49835065e-01
0.00000000e+00 3.50275941e-01
0.00000000e+00 3.50716817e-01
0.00000000e+00 3.51157693e-01
0.00000000e+00 3.51598569e-01
0.00000000e+00 3.52039445e-01
0.00000000e+00 3.52480321e-01
0.00000000e+00 3.52921197e-01
0.00000000e+00 3.53362073e-01
0.00000000e+00 3.53802949e-01
0.00000000e+00 3.54243825e-01
0.00000000e+00 3.54684701e-01
0.00000000e+00 3.55125577e-01
0.00000000e+00 3.55566453e-01
0.00000000e+00 3.56007328e-01
0.00000000e+00 3.56448204e-01
0.00000000e+00 3.56889080e-01
0.00000000e+00 3.57329956e-01
0.00000000e+00 3.57770832e-01
0.00000000e+00 3.58211708e-01
0.00000000e+00 3.58652584e-01
0.00000000e+00 3.59093460e-01
0.00000000e+00 3.59534336e-01
0.00000000e+00 3.59975212e-01
0.00000000e+00 3.60416088e-01
0.00000000e+00 3.60856964e-01
0.00000000e+00 3.61297840e-01
0.00000000e+00 3.61738716e-01
0.00000000e+00 3.62179592e-01
0.00000000e+00 3.62620468e-01
0.00000000e+00 3.63061344e-01
0.00000000e+00 3.63502220e-01
0.00000000e+00 3.63943096e-01
0.00000000e+00 3.64383971e-01
0.00000000e+00 3.64824847e-01
0.00000000e+00 3.65265723e-01
0.00000000e+00 3.65706599e-01
0.00000000e+00 3.66147475e-01
0.00000000e+00 3.66588351e-01
0.00000000e+00 3.67029227e-01
0.00000000e+00 3.67470103e-01
0.00000000e+00 3.67910979e-01
0.00000000e+00 3.68351855e-01
0.00000000e+00 3.68792731e-01
0.00000000e+00 3.69233607e-01
0.00000000e+00 3.69674483e-01
0.00000000e+00 3.70115359e-01
0.00000000e+00 3.70556235e-01
0.00000000e+00 3.70997111e-01
0.00000000e+00 3.71437987e-01
0.00000000e+00 3.71878863e-01
0.00000000e+00 3.72319739e-01
0.00000000e+00 3.72760615e-01
0.00000000e+00 3.73201490e-01
0.00000000e+00 3.73642366e-01
0.00000000e+00 3.74083242e-01
0.00000000e+00 3.74524118e-01
0.00000000e+00 3.74964994e-01
0.00000000e+00 3.75405870e-01
0.00000000e+00 3.75846746e-01
0.00000000e+00 3.76287622e-01
0.00000000e+00 3.76728498e-01
0.00000000e+00 3.77169374e-01
0.00000000e+00 3.77610250e-01
0.00000000e+00 3.78051126e-01
0.00000000e+00 3.78492002e-01
0.00000000e+00 3.78932878e-01
0.00000000e+00 3.79373754e-01
0.00000000e+00 3.79814630e-01
0.00000000e+00 3.80255506e-01
0.00000000e+00 3.80696382e-01
0.00000000e+00 3.81137258e-01
0.00000000e+00 3.81578133e-01
0.00000000e+00 3.82019009e-01
0.00000000e+00 3.82459885e-01
0.00000000e+00 3.82900761e-01
0.00000000e+00 3.83341637e-01
0.00000000e+00 3.83782513e-01
0.00000000e+00 3.84223389e-01
0.00000000e+00 3.84664265e-01
0.00000000e+00 3.85105141e-01
0.00000000e+00 3.85546017e-01
0.00000000e+00 3.85986893e-01
0.00000000e+00 3.86427769e-01
0.00000000e+00 3.86868645e-01
0.00000000e+00 3.87309521e-01
0.00000000e+00 3.87750397e-01
0.00000000e+00 3.88191273e-01
0.00000000e+00 3.88632149e-01
0.00000000e+00 3.89073025e-01
0.00000000e+00 3.89513901e-01
0.00000000e+00 3.89954777e-01
0.00000000e+00 3.90395652e-01
0.00000000e+00 3.90836528e-01
0.00000000e+00 3.91277404e-01
0.00000000e+00 3.91718280e-01
0.00000000e+00 3.92159156e-01
0.00000000e+00 3.92600032e-01
0.00000000e+00 3.93040908e-01
0.00000000e+00 3.93481784e-01
0.00000000e+00 3.93922660e-01
0.00000000e+00 3.94363536e-01
0.00000000e+00 3.94804412e-01
0.00000000e+00 3.95245288e-01
0.00000000e+00 3.95686164e-01
0.00000000e+00 3.96127040e-01
0.00000000e+00 3.96567916e-01
0.00000000e+00 3.97008792e-01
0.00000000e+00 3.97449668e-01
0.00000000e+00 3.97890544e-01
0.00000000e+00 3.98331420e-01
0.00000000e+00 3.98772295e-01
0.00000000e+00 3.99213171e-01
0.00000000e+00 3.99654047e-01
0.00000000e+00 4.00094923e-01
0.00000000e+00 4.00535799e-01
0.00000000e+00 4.00976675e-01
0.00000000e+00 4.01417551e-01
0.00000000e+00 4.01858427e-01
0.00000000e+00 4.02299303e-01
0.00000000e+00 4.02740179e-01
0.00000000e+00 4.03181055e-01
0.00000000e+00 4.03621931e-01
0.00000000e+00 4.04062807e-01
0.00000000e+00 4.04503683e-01
0.00000000e+00 4.04944559e-01
0.00000000e+00 4.05385435e-01
0.00000000e+00 4.05826311e-01
0.00000000e+00 4.06267187e-01
0.00000000e+00 4.06708063e-01
0.00000000e+00 4.07148938e-01
0.00000000e+00 4.07589814e-01
0.00000000e+00 4.08030690e-01
0.00000000e+00 4.08471566e-01
0.00000000e+00 4.08912442e-01
0.00000000e+00 4.09353318e-01
0.00000000e+00 4.09794194e-01
0.00000000e+00 4.10235070e-01
0.00000000e+00 4.10675946e-01
0.00000000e+00 4.11116822e-01
0.00000000e+00 4.11557698e-01
0.00000000e+00 4.11998574e-01
0.00000000e+00 4.12439450e-01
0.00000000e+00 4.12880326e-01
0.00000000e+00 4.13321202e-01
0.00000000e+00 4.13762078e-01
0.00000000e+00 4.14202954e-01
0.00000000e+00 4.14643830e-01
0.00000000e+00 4.15084706e-01
0.00000000e+00 4.15525582e-01
0.00000000e+00 4.15966457e-01
0.00000000e+00 4.16407333e-01
0.00000000e+00 4.16848209e-01
0.00000000e+00 4.17289085e-01
0.00000000e+00 4.17729961e-01
0.00000000e+00 4.18170837e-01
0.00000000e+00 4.18611713e-01
0.00000000e+00 4.19052589e-01
0.00000000e+00 4.19493465e-01
0.00000000e+00 4.19934341e-01
0.00000000e+00 4.20375217e-01
0.00000000e+00 4.20816093e-01
0.00000000e+00 4.21256969e-01
0.00000000e+00 4.21697845e-01
0.00000000e+00 4.22138721e-01
0.00000000e+00 4.22579597e-01
0.00000000e+00 4.23020473e-01
0.00000000e+00 4.23461349e-01
0.00000000e+00 4.23902225e-01
0.00000000e+00 4.24343100e-01
0.00000000e+00 4.24783976e-01
0.00000000e+00 4.25224852e-01
0.00000000e+00 4.25665728e-01
0.00000000e+00 4.26106604e-01
0.00000000e+00 4.26547480e-01
0.00000000e+00 4.26988356e-01
0.00000000e+00 4.27429232e-01
0.00000000e+00 4.27870108e-01
0.00000000e+00 4.28310984e-01
0.00000000e+00 4.28751860e-01
0.00000000e+00 4.29192736e-01
0.00000000e+00 4.29633612e-01
0.00000000e+00 4.30074488e-01
0.00000000e+00 4.30515364e-01
0.00000000e+00 4.30956240e-01
0.00000000e+00 4.31397116e-01
0.00000000e+00 4.31837992e-01
0.00000000e+00 4.32278868e-01
0.00000000e+00 4.32719744e-01
0.00000000e+00 4.33160619e-01
0.00000000e+00 4.33601495e-01
0.00000000e+00 4.34042371e-01
0.00000000e+00 4.34483247e-01
0.00000000e+00 4.34924123e-01
0.00000000e+00 4.35364999e-01
0.00000000e+00 4.35805875e-01
0.00000000e+00 4.36246751e-01
0.00000000e+00 4.36687627e-01
0.00000000e+00 4.37128503e-01
0.00000000e+00 4.37569379e-01
0.00000000e+00 4.38010255e-01
0.00000000e+00 4.38451131e-01
0.00000000e+00 4.38892007e-01
0.00000000e+00 4.39332883e-01
0.00000000e+00 4.39773759e-01
0.00000000e+00 4.40214635e-01
0.00000000e+00 4.40655511e-01
0.00000000e+00 4.41096387e-01
0.00000000e+00 4.41537262e-01
0.00000000e+00 4.41978138e-01
0.00000000e+00 4.42419014e-01
0.00000000e+00 4.42859890e-01
0.00000000e+00 4.43300766e-01
0.00000000e+00 4.43741642e-01
0.00000000e+00 4.44182518e-01
0.00000000e+00 4.44623394e-01
0.00000000e+00 4.45064270e-01
0.00000000e+00 4.45505146e-01
0.00000000e+00 4.45946022e-01
0.00000000e+00 4.46386898e-01
0.00000000e+00 4.46827774e-01
0.00000000e+00 4.47268650e-01
0.00000000e+00 4.47709526e-01
0.00000000e+00 4.48150402e-01
0.00000000e+00 4.48591278e-01
0.00000000e+00 4.49032154e-01
0.00000000e+00 4.49473030e-01
0.00000000e+00 4.49913906e-01
0.00000000e+00 4.50354781e-01
0.00000000e+00 4.50795657e-01
0.00000000e+00 4.51236533e-01
0.00000000e+00 4.51677409e-01
0.00000000e+00 4.52118285e-01
0.00000000e+00 4.52559161e-01
0.00000000e+00 4.53000037e-01
0.00000000e+00 4.53440913e-01
0.00000000e+00 4.53881789e-01
0.00000000e+00 4.54322665e-01
0.00000000e+00 4.54763541e-01
0.00000000e+00 4.55204417e-01
0.00000000e+00 4.55645293e-01
0.00000000e+00 4.56086169e-01
0.00000000e+00 4.56527045e-01
0.00000000e+00 4.56967921e-01
0.00000000e+00 4.57408797e-01
0.00000000e+00 4.57849673e-01
0.00000000e+00 4.58290549e-01
0.00000000e+00 4.58731424e-01
0.00000000e+00 4.59172300e-01
0.00000000e+00 4.59613176e-01
0.00000000e+00 4.60054052e-01
0.00000000e+00 4.60494928e-01
0.00000000e+00 4.60935804e-01
0.00000000e+00 4.61376680e-01
0.00000000e+00 4.61817556e-01
0.00000000e+00 4.62258432e-01
0.00000000e+00 4.62699308e-01
0.00000000e+00 4.63140184e-01
0.00000000e+00 4.63581060e-01
0.00000000e+00 4.64021936e-01
0.00000000e+00 4.64462812e-01
0.00000000e+00 4.64903688e-01
0.00000000e+00 4.65344564e-01
0.00000000e+00 4.65785440e-01
0.00000000e+00 4.66226316e-01
0.00000000e+00 4.66667192e-01
0.00000000e+00 4.67108068e-01
0.00000000e+00 4.67548943e-01
0.00000000e+00 4.67989819e-01
0.00000000e+00 4.68430695e-01
0.00000000e+00 4.68871571e-01
0.00000000e+00 4.69312447e-01
0.00000000e+00 4.69753323e-01
0.00000000e+00 4.70194199e-01
0.00000000e+00 4.70635075e-01
0.00000000e+00 4.71075951e-01
0.00000000e+00 4.71516827e-01
0.00000000e+00 4.71957703e-01
0.00000000e+00 4.72398579e-01
0.00000000e+00 4.72839455e-01
0.00000000e+00 4.73280331e-01
0.00000000e+00 4.73721207e-01
0.00000000e+00 4.74162083e-01
0.00000000e+00 4.74602959e-01
0.00000000e+00 4.75043835e-01
0.00000000e+00 4.75484711e-01
0.00000000e+00 4.75925586e-01
0.00000000e+00 4.76366462e-01
0.00000000e+00 4.76807338e-01
0.00000000e+00 4.77248214e-01
0.00000000e+00 4.77689090e-01
0.00000000e+00 4.78129966e-01
0.00000000e+00 4.78570842e-01
0.00000000e+00 4.79011718e-01
0.00000000e+00 4.79452594e-01
0.00000000e+00 4.79893470e-01
0.00000000e+00 4.80334346e-01
0.00000000e+00 4.80775222e-01
0.00000000e+00 4.81216098e-01
0.00000000e+00 4.81656974e-01
0.00000000e+00 4.82097850e-01
0.00000000e+00 4.82538726e-01
0.00000000e+00 4.82979602e-01
0.00000000e+00 4.83420478e-01
0.00000000e+00 4.83861354e-01
0.00000000e+00 4.84302229e-01
0.00000000e+00 4.84743105e-01
0.00000000e+00 4.85183981e-01
0.00000000e+00 4.85624857e-01
0.00000000e+00 4.86065733e-01
0.00000000e+00 4.86506609e-01
0.00000000e+00 4.86947485e-01
0.00000000e+00 4.87388361e-01
0.00000000e+00 4.87829237e-01
0.00000000e+00 4.88270113e-01
0.00000000e+00 4.88710989e-01
0.00000000e+00 4.89151865e-01
0.00000000e+00 4.89592741e-01
0.00000000e+00 4.90033617e-01
0.00000000e+00 4.90474493e-01
0.00000000e+00 4.90915369e-01
0.00000000e+00 4.91356245e-01
0.00000000e+00 4.91797121e-01
0.00000000e+00 4.92237997e-01
0.00000000e+00 4.92678873e-01
0.00000000e+00 4.93119748e-01
0.00000000e+00 4.93560624e-01
0.00000000e+00 4.94001500e-01
0.00000000e+00 4.94442376e-01
0.00000000e+00 4.94883252e-01
0.00000000e+00 4.95324128e-01
0.00000000e+00 4.95765004e-01
0.00000000e+00 4.96205880e-01
0.00000000e+00 4.96646756e-01
0.00000000e+00 4.97087632e-01
0.00000000e+00 4.97528508e-01
0.00000000e+00 4.97969384e-01
0.00000000e+00 4.98410260e-01
0.00000000e+00 4.98851136e-01
0.00000000e+00 4.99292012e-01
0.00000000e+00 4.99732888e-01
0.00000000e+00 5.00173764e-01
