% L-Bracket Geometry
% N_total=134, N_horizontal=67, N_vertical=67
% Resolution: 100 segments per wavelength
% Format: x(m) y(m)
3.74744556e-03 0.00000000e+00
1.12423367e-02 0.00000000e+00
1.87372278e-02 0.00000000e+00
2.62321189e-02 0.00000000e+00
3.37270101e-02 0.00000000e+00
4.12219012e-02 0.00000000e+00
4.87167923e-02 0.00000000e+00
5.62116834e-02 0.00000000e+00
6.37065746e-02 0.00000000e+00
7.12014657e-02 0.00000000e+00
7.86963568e-02 0.00000000e+00
8.61912479e-02 0.00000000e+00
9.36861391e-02 0.00000000e+00
1.01181030e-01 0.00000000e+00
1.08675921e-01 0.00000000e+00
1.16170812e-01 0.00000000e+00
1.23665704e-01 0.00000000e+00
1.31160595e-01 0.00000000e+00
1.38655486e-01 0.00000000e+00
1.46150377e-01 0.00000000e+00
1.53645268e-01 0.00000000e+00
1.61140159e-01 0.00000000e+00
1.68635050e-01 0.00000000e+00
1.76129941e-01 0.00000000e+00
1.83624833e-01 0.00000000e+00
1.91119724e-01 0.00000000e+00
1.98614615e-01 0.00000000e+00
2.06109506e-01 0.00000000e+00
2.13604397e-01 0.00000000e+00
2.21099288e-01 0.00000000e+00
2.28594179e-01 0.00000000e+00
2.36089070e-01 0.00000000e+00
2.43583962e-01 0.00000000e+00
2.51078853e-01 0.00000000e+00
2.58573744e-01 0.00000000e+00
2.66068635e-01 0.00000000e+00
2.73563526e-01 0.00000000e+00
2.81058417e-01 0.00000000e+00
2.88553308e-01 0.00000000e+00
2.96048199e-01 0.00000000e+00
3.03543091e-01 0.00000000e+00
3.11037982e-01 0.00000000e+00
3.18532873e-01 0.00000000e+00
3.26027764e-01 0.00000000e+00
3.33522655e-01 0.00000000e+00
3.41017546e-01 0.00000000e+00
3.48512437e-01 0.00000000e+00
3.56007328e-01 0.00000000e+00
3.63502220e-01 0.00000000e+00
3.70997111e-01 0.00000000e+00
3.78492002e-01 0.00000000e+00
3.85986893e-01 0.00000000e+00
3.93481784e-01 0.00000000e+00
4.00976675e-01 0.00000000e+00
4.08471566e-01 0.00000000e+00
4.15966457e-01 0.00000000e+00
4.23461349e-01 0.00000000e+00
4.30956240e-01 0.00000000e+00
4.38451131e-01 0.00000000e+00
4.45946022e-01 0.00000000e+00
4.53440913e-01 0.00000000e+00
4.60935804e-01 0.00000000e+00
4.68430695e-01 0.00000000e+00
4.75925586e-01 0.00000000e+00
4.83420478e-01 0.00000000e+00
4.90915369e-01 0.00000000e+00
4.98410260e-01 0.00000000e+00
0.00000000e+00 3.74744556e-03
0.00000000e+00 1.12423367e-02
0.00000000e+00 1.87372278e-02
0.00000000e+00 2.62321189e-02
0.00000000e+00 3.37270101e-02
0.00000000e+00 4.12219012e-02
0.00000000e+00 4.87167923e-02
0.00000000e+00 5.62116834e-02
0.00000000e+00 6.37065746e-02
0.00000000e+00 7.12014657e-02
0.00000000e+00 7.86963568e-02
0.00000000e+00 8.61912479e-02
0.00000000e+00 9.36861391e-02
0.00000000e+00 1.01181030e-01
0.00000000e+00 1.08675921e-01
0.00000000e+00 1.16170812e-01
0.00000000e+00 1.23665704e-01
0.00000000e+00 1.31160595e-01
0.00000000e+00 1.38655486e-01
0.00000000e+00 1.46150377e-01
0.00000000e+00 1.53645268e-01
0.00000000e+00 1.61140159e-01
0.00000000e+00 1.68635050e-01
0.00000000e+00 1.76129941e-01
0.00000000e+00 1.83624833e-01
0.00000000e+00 1.91119724e-01
0.00000000e+00 1.98614615e-01
0.00000000e+00 2.06109506e-01
0.00000000e+00 2.13604397e-01
0.00000000e+00 2.21099288e-01
0.00000000e+00 2.28594179e-01
0.00000000e+00 2.36089070e-01
0.00000000e+00 2.43583962e-01
0.00000000e+00 2.51078853e-01
0.00000000e+00 2.58573744e-01
0.00000000e+00 2.66068635e-01
0.00000000e+00 2.73563526e-01
0.00000000e+00 2.81058417e-01
0.00000000e+00 2.88553308e-01
0.00000000e+00 2.96048199e-01
0.00000000e+00 3.03543091e-01
0.00000000e+00 3.11037982e-01
0.00000000e+00 3.18532873e-01
0.00000000e+00 3.26027764e-01
0.00000000e+00 3.33522655e-01
0.00000000e+00 3.41017546e-01
0.00000000e+00 3.48512437e-01
0.00000000e+00 3.56007328e-01
0.00000000e+00 3.63502220e-01
0.00000000e+00 3.70997111e-01
0.00000000e+00 3.78492002e-01
0.00000000e+00 3.85986893e-01
0.00000000e+00 3.93481784e-01
0.00000000e+00 4.00976675e-01
0.00000000e+00 4.08471566e-01
0.00000000e+00 4.15966457e-01
0.00000000e+00 4.23461349e-01
0.00000000e+00 4.30956240e-01
0.00000000e+00 4.38451131e-01
0.00000000e+00 4.45946022e-01
0.00000000e+00 4.53440913e-01
0.00000000e+00 4.60935804e-01
0.00000000e+00 4.68430695e-01
0.00000000e+00 4.75925586e-01
0.00000000e+00 4.83420478e-01
0.00000000e+00 4.90915369e-01
0.00000000e+00 4.98410260e-01
