% L-Bracket Geometry
% N_total=102, N_horizontal=51, N_vertical=51
% Resolution: 100 segments per wavelength
% Format: x(m) y(m)
4.99659408e-03 0.00000000e+00
1.49897823e-02 0.00000000e+00
2.49829704e-02 0.00000000e+00
3.49761586e-02 0.00000000e+00
4.49693468e-02 0.00000000e+00
5.49625349e-02 0.00000000e+00
6.49557231e-02 0.00000000e+00
7.49489113e-02 0.00000000e+00
8.49420994e-02 0.00000000e+00
9.49352876e-02 0.00000000e+00
1.04928476e-01 0.00000000e+00
1.14921664e-01 0.00000000e+00
1.24914852e-01 0.00000000e+00
1.34908040e-01 0.00000000e+00
1.44901228e-01 0.00000000e+00
1.54894417e-01 0.00000000e+00
1.64887605e-01 0.00000000e+00
1.74880793e-01 0.00000000e+00
1.84873981e-01 0.00000000e+00
1.94867169e-01 0.00000000e+00
2.04860357e-01 0.00000000e+00
2.14853546e-01 0.00000000e+00
2.24846734e-01 0.00000000e+00
2.34839922e-01 0.00000000e+00
2.44833110e-01 0.00000000e+00
2.54826298e-01 0.00000000e+00
2.64819486e-01 0.00000000e+00
2.74812675e-01 0.00000000e+00
2.84805863e-01 0.00000000e+00
2.94799051e-01 0.00000000e+00
3.04792239e-01 0.00000000e+00
3.14785427e-01 0.00000000e+00
3.24778615e-01 0.00000000e+00
3.34771804e-01 0.00000000e+00
3.44764992e-01 0.00000000e+00
3.54758180e-01 0.00000000e+00
3.64751368e-01 0.00000000e+00
3.74744556e-01 0.00000000e+00
3.84737744e-01 0.00000000e+00
3.94730933e-01 0.00000000e+00
4.04724121e-01 0.00000000e+00
4.14717309e-01 0.00000000e+00
4.24710497e-01 0.00000000e+00
4.34703685e-01 0.00000000e+00
4.44696873e-01 0.00000000e+00
4.54690062e-01 0.00000000e+00
4.64683250e-01 0.00000000e+00
4.74676438e-01 0.00000000e+00
4.84669626e-01 0.00000000e+00
4.94662814e-01 0.00000000e+00
5.04656002e-01 0.00000000e+00
0.00000000e+00 4.99659408e-03
0.00000000e+00 1.49897823e-02
0.00000000e+00 2.49829704e-02
0.00000000e+00 3.49761586e-02
0.00000000e+00 4.49693468e-02
0.00000000e+00 5.49625349e-02
0.00000000e+00 6.49557231e-02
0.00000000e+00 7.49489113e-02
0.00000000e+00 8.49420994e-02
0.00000000e+00 9.49352876e-02
0.00000000e+00 1.04928476e-01
0.00000000e+00 1.14921664e-01
0.00000000e+00 1.24914852e-01
0.00000000e+00 1.34908040e-01
0.00000000e+00 1.44901228e-01
0.00000000e+00 1.54894417e-01
0.00000000e+00 1.64887605e-01
0.00000000e+00 1.74880793e-01
0.00000000e+00 1.84873981e-01
0.00000000e+00 1.94867169e-01
0.00000000e+00 2.04860357e-01
0.00000000e+00 2.14853546e-01
0.00000000e+00 2.24846734e-01
0.00000000e+00 2.34839922e-01
0.00000000e+00 2.44833110e-01
0.00000000e+00 2.54826298e-01
0.00000000e+00 2.64819486e-01
0.00000000e+00 2.74812675e-01
0.00000000e+00 2.84805863e-01
0.00000000e+00 2.94799051e-01
0.00000000e+00 3.04792239e-01
0.00000000e+00 3.14785427e-01
0.00000000e+00 3.24778615e-01
0.00000000e+00 3.34771804e-01
0.00000000e+00 3.44764992e-01
0.00000000e+00 3.54758180e-01
0.00000000e+00 3.64751368e-01
0.00000000e+00 3.74744556e-01
0.00000000e+00 3.84737744e-01
0.00000000e+00 3.94730933e-01
0.00000000e+00 4.04724121e-01
0.00000000e+00 4.14717309e-01
0.00000000e+00 4.24710497e-01
0.00000000e+00 4.34703685e-01
0.00000000e+00 4.44696873e-01
0.00000000e+00 4.54690062e-01
0.00000000e+00 4.64683250e-01
0.00000000e+00 4.74676438e-01
0.00000000e+00 4.84669626e-01
0.00000000e+00 4.94662814e-01
0.00000000e+00 5.04656002e-01
