% L-Bracket Geometry
% N_total=2036, N_horizontal=1018, N_vertical=1018
% Resolution: 100 segments per wavelength
% Format: x(m) y(m)
2.45734135e-04 0.00000000e+00
7.37202406e-04 0.00000000e+00
1.22867068e-03 0.00000000e+00
1.72013895e-03 0.00000000e+00
2.21160722e-03 0.00000000e+00
2.70307549e-03 0.00000000e+00
3.19454376e-03 0.00000000e+00
3.68601203e-03 0.00000000e+00
4.17748030e-03 0.00000000e+00
4.66894857e-03 0.00000000e+00
5.16041684e-03 0.00000000e+00
5.65188511e-03 0.00000000e+00
6.14335338e-03 0.00000000e+00
6.63482165e-03 0.00000000e+00
7.12628992e-03 0.00000000e+00
7.61775819e-03 0.00000000e+00
8.10922646e-03 0.00000000e+00
8.60069473e-03 0.00000000e+00
9.09216300e-03 0.00000000e+00
9.58363128e-03 0.00000000e+00
1.00750995e-02 0.00000000e+00
1.05665678e-02 0.00000000e+00
1.10580361e-02 0.00000000e+00
1.15495044e-02 0.00000000e+00
1.20409726e-02 0.00000000e+00
1.25324409e-02 0.00000000e+00
1.30239092e-02 0.00000000e+00
1.35153774e-02 0.00000000e+00
1.40068457e-02 0.00000000e+00
1.44983140e-02 0.00000000e+00
1.49897823e-02 0.00000000e+00
1.54812505e-02 0.00000000e+00
1.59727188e-02 0.00000000e+00
1.64641871e-02 0.00000000e+00
1.69556553e-02 0.00000000e+00
1.74471236e-02 0.00000000e+00
1.79385919e-02 0.00000000e+00
1.84300601e-02 0.00000000e+00
1.89215284e-02 0.00000000e+00
1.94129967e-02 0.00000000e+00
1.99044650e-02 0.00000000e+00
2.03959332e-02 0.00000000e+00
2.08874015e-02 0.00000000e+00
2.13788698e-02 0.00000000e+00
2.18703380e-02 0.00000000e+00
2.23618063e-02 0.00000000e+00
2.28532746e-02 0.00000000e+00
2.33447429e-02 0.00000000e+00
2.38362111e-02 0.00000000e+00
2.43276794e-02 0.00000000e+00
2.48191477e-02 0.00000000e+00
2.53106159e-02 0.00000000e+00
2.58020842e-02 0.00000000e+00
2.62935525e-02 0.00000000e+00
2.67850207e-02 0.00000000e+00
2.72764890e-02 0.00000000e+00
2.77679573e-02 0.00000000e+00
2.82594256e-02 0.00000000e+00
2.87508938e-02 0.00000000e+00
2.92423621e-02 0.00000000e+00
2.97338304e-02 0.00000000e+00
3.02252986e-02 0.00000000e+00
3.07167669e-02 0.00000000e+00
3.12082352e-02 0.00000000e+00
3.16997034e-02 0.00000000e+00
3.21911717e-02 0.00000000e+00
3.26826400e-02 0.00000000e+00
3.31741083e-02 0.00000000e+00
3.36655765e-02 0.00000000e+00
3.41570448e-02 0.00000000e+00
3.46485131e-02 0.00000000e+00
3.51399813e-02 0.00000000e+00
3.56314496e-02 0.00000000e+00
3.61229179e-02 0.00000000e+00
3.66143862e-02 0.00000000e+00
3.71058544e-02 0.00000000e+00
3.75973227e-02 0.00000000e+00
3.80887910e-02 0.00000000e+00
3.85802592e-02 0.00000000e+00
3.90717275e-02 0.00000000e+00
3.95631958e-02 0.00000000e+00
4.00546640e-02 0.00000000e+00
4.05461323e-02 0.00000000e+00
4.10376006e-02 0.00000000e+00
4.15290689e-02 0.00000000e+00
4.20205371e-02 0.00000000e+00
4.25120054e-02 0.00000000e+00
4.30034737e-02 0.00000000e+00
4.34949419e-02 0.00000000e+00
4.39864102e-02 0.00000000e+00
4.44778785e-02 0.00000000e+00
4.49693468e-02 0.00000000e+00
4.54608150e-02 0.00000000e+00
4.59522833e-02 0.00000000e+00
4.64437516e-02 0.00000000e+00
4.69352198e-02 0.00000000e+00
4.74266881e-02 0.00000000e+00
4.79181564e-02 0.00000000e+00
4.84096246e-02 0.00000000e+00
4.89010929e-02 0.00000000e+00
4.93925612e-02 0.00000000e+00
4.98840295e-02 0.00000000e+00
5.03754977e-02 0.00000000e+00
5.08669660e-02 0.00000000e+00
5.13584343e-02 0.00000000e+00
5.18499025e-02 0.00000000e+00
5.23413708e-02 0.00000000e+00
5.28328391e-02 0.00000000e+00
5.33243074e-02 0.00000000e+00
5.38157756e-02 0.00000000e+00
5.43072439e-02 0.00000000e+00
5.47987122e-02 0.00000000e+00
5.52901804e-02 0.00000000e+00
5.57816487e-02 0.00000000e+00
5.62731170e-02 0.00000000e+00
5.67645852e-02 0.00000000e+00
5.72560535e-02 0.00000000e+00
5.77475218e-02 0.00000000e+00
5.82389901e-02 0.00000000e+00
5.87304583e-02 0.00000000e+00
5.92219266e-02 0.00000000e+00
5.97133949e-02 0.00000000e+00
6.02048631e-02 0.00000000e+00
6.06963314e-02 0.00000000e+00
6.11877997e-02 0.00000000e+00
6.16792680e-02 0.00000000e+00
6.21707362e-02 0.00000000e+00
6.26622045e-02 0.00000000e+00
6.31536728e-02 0.00000000e+00
6.36451410e-02 0.00000000e+00
6.41366093e-02 0.00000000e+00
6.46280776e-02 0.00000000e+00
6.51195458e-02 0.00000000e+00
6.56110141e-02 0.00000000e+00
6.61024824e-02 0.00000000e+00
6.65939507e-02 0.00000000e+00
6.70854189e-02 0.00000000e+00
6.75768872e-02 0.00000000e+00
6.80683555e-02 0.00000000e+00
6.85598237e-02 0.00000000e+00
6.90512920e-02 0.00000000e+00
6.95427603e-02 0.00000000e+00
7.00342286e-02 0.00000000e+00
7.05256968e-02 0.00000000e+00
7.10171651e-02 0.00000000e+00
7.15086334e-02 0.00000000e+00
7.20001016e-02 0.00000000e+00
7.24915699e-02 0.00000000e+00
7.29830382e-02 0.00000000e+00
7.34745064e-02 0.00000000e+00
7.39659747e-02 0.00000000e+00
7.44574430e-02 0.00000000e+00
7.49489113e-02 0.00000000e+00
7.54403795e-02 0.00000000e+00
7.59318478e-02 0.00000000e+00
7.64233161e-02 0.00000000e+00
7.69147843e-02 0.00000000e+00
7.74062526e-02 0.00000000e+00
7.78977209e-02 0.00000000e+00
7.83891891e-02 0.00000000e+00
7.88806574e-02 0.00000000e+00
7.93721257e-02 0.00000000e+00
7.98635940e-02 0.00000000e+00
8.03550622e-02 0.00000000e+00
8.08465305e-02 0.00000000e+00
8.13379988e-02 0.00000000e+00
8.18294670e-02 0.00000000e+00
8.23209353e-02 0.00000000e+00
8.28124036e-02 0.00000000e+00
8.33038719e-02 0.00000000e+00
8.37953401e-02 0.00000000e+00
8.42868084e-02 0.00000000e+00
8.47782767e-02 0.00000000e+00
8.52697449e-02 0.00000000e+00
8.57612132e-02 0.00000000e+00
8.62526815e-02 0.00000000e+00
8.67441497e-02 0.00000000e+00
8.72356180e-02 0.00000000e+00
8.77270863e-02 0.00000000e+00
8.82185546e-02 0.00000000e+00
8.87100228e-02 0.00000000e+00
8.92014911e-02 0.00000000e+00
8.96929594e-02 0.00000000e+00
9.01844276e-02 0.00000000e+00
9.06758959e-02 0.00000000e+00
9.11673642e-02 0.00000000e+00
9.16588325e-02 0.00000000e+00
9.21503007e-02 0.00000000e+00
9.26417690e-02 0.00000000e+00
9.31332373e-02 0.00000000e+00
9.36247055e-02 0.00000000e+00
9.41161738e-02 0.00000000e+00
9.46076421e-02 0.00000000e+00
9.50991103e-02 0.00000000e+00
9.55905786e-02 0.00000000e+00
9.60820469e-02 0.00000000e+00
9.65735152e-02 0.00000000e+00
9.70649834e-02 0.00000000e+00
9.75564517e-02 0.00000000e+00
9.80479200e-02 0.00000000e+00
9.85393882e-02 0.00000000e+00
9.90308565e-02 0.00000000e+00
9.95223248e-02 0.00000000e+00
1.00013793e-01 0.00000000e+00
1.00505261e-01 0.00000000e+00
1.00996730e-01 0.00000000e+00
1.01488198e-01 0.00000000e+00
1.01979666e-01 0.00000000e+00
1.02471134e-01 0.00000000e+00
1.02962603e-01 0.00000000e+00
1.03454071e-01 0.00000000e+00
1.03945539e-01 0.00000000e+00
1.04437007e-01 0.00000000e+00
1.04928476e-01 0.00000000e+00
1.05419944e-01 0.00000000e+00
1.05911412e-01 0.00000000e+00
1.06402881e-01 0.00000000e+00
1.06894349e-01 0.00000000e+00
1.07385817e-01 0.00000000e+00
1.07877285e-01 0.00000000e+00
1.08368754e-01 0.00000000e+00
1.08860222e-01 0.00000000e+00
1.09351690e-01 0.00000000e+00
1.09843158e-01 0.00000000e+00
1.10334627e-01 0.00000000e+00
1.10826095e-01 0.00000000e+00
1.11317563e-01 0.00000000e+00
1.11809032e-01 0.00000000e+00
1.12300500e-01 0.00000000e+00
1.12791968e-01 0.00000000e+00
1.13283436e-01 0.00000000e+00
1.13774905e-01 0.00000000e+00
1.14266373e-01 0.00000000e+00
1.14757841e-01 0.00000000e+00
1.15249309e-01 0.00000000e+00
1.15740778e-01 0.00000000e+00
1.16232246e-01 0.00000000e+00
1.16723714e-01 0.00000000e+00
1.17215183e-01 0.00000000e+00
1.17706651e-01 0.00000000e+00
1.18198119e-01 0.00000000e+00
1.18689587e-01 0.00000000e+00
1.19181056e-01 0.00000000e+00
1.19672524e-01 0.00000000e+00
1.20163992e-01 0.00000000e+00
1.20655460e-01 0.00000000e+00
1.21146929e-01 0.00000000e+00
1.21638397e-01 0.00000000e+00
1.22129865e-01 0.00000000e+00
1.22621333e-01 0.00000000e+00
1.23112802e-01 0.00000000e+00
1.23604270e-01 0.00000000e+00
1.24095738e-01 0.00000000e+00
1.24587207e-01 0.00000000e+00
1.25078675e-01 0.00000000e+00
1.25570143e-01 0.00000000e+00
1.26061611e-01 0.00000000e+00
1.26553080e-01 0.00000000e+00
1.27044548e-01 0.00000000e+00
1.27536016e-01 0.00000000e+00
1.28027484e-01 0.00000000e+00
1.28518953e-01 0.00000000e+00
1.29010421e-01 0.00000000e+00
1.29501889e-01 0.00000000e+00
1.29993358e-01 0.00000000e+00
1.30484826e-01 0.00000000e+00
1.30976294e-01 0.00000000e+00
1.31467762e-01 0.00000000e+00
1.31959231e-01 0.00000000e+00
1.32450699e-01 0.00000000e+00
1.32942167e-01 0.00000000e+00
1.33433635e-01 0.00000000e+00
1.33925104e-01 0.00000000e+00
1.34416572e-01 0.00000000e+00
1.34908040e-01 0.00000000e+00
1.35399509e-01 0.00000000e+00
1.35890977e-01 0.00000000e+00
1.36382445e-01 0.00000000e+00
1.36873913e-01 0.00000000e+00
1.37365382e-01 0.00000000e+00
1.37856850e-01 0.00000000e+00
1.38348318e-01 0.00000000e+00
1.38839786e-01 0.00000000e+00
1.39331255e-01 0.00000000e+00
1.39822723e-01 0.00000000e+00
1.40314191e-01 0.00000000e+00
1.40805660e-01 0.00000000e+00
1.41297128e-01 0.00000000e+00
1.41788596e-01 0.00000000e+00
1.42280064e-01 0.00000000e+00
1.42771533e-01 0.00000000e+00
1.43263001e-01 0.00000000e+00
1.43754469e-01 0.00000000e+00
1.44245937e-01 0.00000000e+00
1.44737406e-01 0.00000000e+00
1.45228874e-01 0.00000000e+00
1.45720342e-01 0.00000000e+00
1.46211810e-01 0.00000000e+00
1.46703279e-01 0.00000000e+00
1.47194747e-01 0.00000000e+00
1.47686215e-01 0.00000000e+00
1.48177684e-01 0.00000000e+00
1.48669152e-01 0.00000000e+00
1.49160620e-01 0.00000000e+00
1.49652088e-01 0.00000000e+00
1.50143557e-01 0.00000000e+00
1.50635025e-01 0.00000000e+00
1.51126493e-01 0.00000000e+00
1.51617961e-01 0.00000000e+00
1.52109430e-01 0.00000000e+00
1.52600898e-01 0.00000000e+00
1.53092366e-01 0.00000000e+00
1.53583835e-01 0.00000000e+00
1.54075303e-01 0.00000000e+00
1.54566771e-01 0.00000000e+00
1.55058239e-01 0.00000000e+00
1.55549708e-01 0.00000000e+00
1.56041176e-01 0.00000000e+00
1.56532644e-01 0.00000000e+00
1.57024112e-01 0.00000000e+00
1.57515581e-01 0.00000000e+00
1.58007049e-01 0.00000000e+00
1.58498517e-01 0.00000000e+00
1.58989986e-01 0.00000000e+00
1.59481454e-01 0.00000000e+00
1.59972922e-01 0.00000000e+00
1.60464390e-01 0.00000000e+00
1.60955859e-01 0.00000000e+00
1.61447327e-01 0.00000000e+00
1.61938795e-01 0.00000000e+00
1.62430263e-01 0.00000000e+00
1.62921732e-01 0.00000000e+00
1.63413200e-01 0.00000000e+00
1.63904668e-01 0.00000000e+00
1.64396136e-01 0.00000000e+00
1.64887605e-01 0.00000000e+00
1.65379073e-01 0.00000000e+00
1.65870541e-01 0.00000000e+00
1.66362010e-01 0.00000000e+00
1.66853478e-01 0.00000000e+00
1.67344946e-01 0.00000000e+00
1.67836414e-01 0.00000000e+00
1.68327883e-01 0.00000000e+00
1.68819351e-01 0.00000000e+00
1.69310819e-01 0.00000000e+00
1.69802287e-01 0.00000000e+00
1.70293756e-01 0.00000000e+00
1.70785224e-01 0.00000000e+00
1.71276692e-01 0.00000000e+00
1.71768161e-01 0.00000000e+00
1.72259629e-01 0.00000000e+00
1.72751097e-01 0.00000000e+00
1.73242565e-01 0.00000000e+00
1.73734034e-01 0.00000000e+00
1.74225502e-01 0.00000000e+00
1.74716970e-01 0.00000000e+00
1.75208438e-01 0.00000000e+00
1.75699907e-01 0.00000000e+00
1.76191375e-01 0.00000000e+00
1.76682843e-01 0.00000000e+00
1.77174312e-01 0.00000000e+00
1.77665780e-01 0.00000000e+00
1.78157248e-01 0.00000000e+00
1.78648716e-01 0.00000000e+00
1.79140185e-01 0.00000000e+00
1.79631653e-01 0.00000000e+00
1.80123121e-01 0.00000000e+00
1.80614589e-01 0.00000000e+00
1.81106058e-01 0.00000000e+00
1.81597526e-01 0.00000000e+00
1.82088994e-01 0.00000000e+00
1.82580463e-01 0.00000000e+00
1.83071931e-01 0.00000000e+00
1.83563399e-01 0.00000000e+00
1.84054867e-01 0.00000000e+00
1.84546336e-01 0.00000000e+00
1.85037804e-01 0.00000000e+00
1.85529272e-01 0.00000000e+00
1.86020740e-01 0.00000000e+00
1.86512209e-01 0.00000000e+00
1.87003677e-01 0.00000000e+00
1.87495145e-01 0.00000000e+00
1.87986613e-01 0.00000000e+00
1.88478082e-01 0.00000000e+00
1.88969550e-01 0.00000000e+00
1.89461018e-01 0.00000000e+00
1.89952487e-01 0.00000000e+00
1.90443955e-01 0.00000000e+00
1.90935423e-01 0.00000000e+00
1.91426891e-01 0.00000000e+00
1.91918360e-01 0.00000000e+00
1.92409828e-01 0.00000000e+00
1.92901296e-01 0.00000000e+00
1.93392764e-01 0.00000000e+00
1.93884233e-01 0.00000000e+00
1.94375701e-01 0.00000000e+00
1.94867169e-01 0.00000000e+00
1.95358638e-01 0.00000000e+00
1.95850106e-01 0.00000000e+00
1.96341574e-01 0.00000000e+00
1.96833042e-01 0.00000000e+00
1.97324511e-01 0.00000000e+00
1.97815979e-01 0.00000000e+00
1.98307447e-01 0.00000000e+00
1.98798915e-01 0.00000000e+00
1.99290384e-01 0.00000000e+00
1.99781852e-01 0.00000000e+00
2.00273320e-01 0.00000000e+00
2.00764789e-01 0.00000000e+00
2.01256257e-01 0.00000000e+00
2.01747725e-01 0.00000000e+00
2.02239193e-01 0.00000000e+00
2.02730662e-01 0.00000000e+00
2.03222130e-01 0.00000000e+00
2.03713598e-01 0.00000000e+00
2.04205066e-01 0.00000000e+00
2.04696535e-01 0.00000000e+00
2.05188003e-01 0.00000000e+00
2.05679471e-01 0.00000000e+00
2.06170939e-01 0.00000000e+00
2.06662408e-01 0.00000000e+00
2.07153876e-01 0.00000000e+00
2.07645344e-01 0.00000000e+00
2.08136813e-01 0.00000000e+00
2.08628281e-01 0.00000000e+00
2.09119749e-01 0.00000000e+00
2.09611217e-01 0.00000000e+00
2.10102686e-01 0.00000000e+00
2.10594154e-01 0.00000000e+00
2.11085622e-01 0.00000000e+00
2.11577090e-01 0.00000000e+00
2.12068559e-01 0.00000000e+00
2.12560027e-01 0.00000000e+00
2.13051495e-01 0.00000000e+00
2.13542964e-01 0.00000000e+00
2.14034432e-01 0.00000000e+00
2.14525900e-01 0.00000000e+00
2.15017368e-01 0.00000000e+00
2.15508837e-01 0.00000000e+00
2.16000305e-01 0.00000000e+00
2.16491773e-01 0.00000000e+00
2.16983241e-01 0.00000000e+00
2.17474710e-01 0.00000000e+00
2.17966178e-01 0.00000000e+00
2.18457646e-01 0.00000000e+00
2.18949115e-01 0.00000000e+00
2.19440583e-01 0.00000000e+00
2.19932051e-01 0.00000000e+00
2.20423519e-01 0.00000000e+00
2.20914988e-01 0.00000000e+00
2.21406456e-01 0.00000000e+00
2.21897924e-01 0.00000000e+00
2.22389392e-01 0.00000000e+00
2.22880861e-01 0.00000000e+00
2.23372329e-01 0.00000000e+00
2.23863797e-01 0.00000000e+00
2.24355265e-01 0.00000000e+00
2.24846734e-01 0.00000000e+00
2.25338202e-01 0.00000000e+00
2.25829670e-01 0.00000000e+00
2.26321139e-01 0.00000000e+00
2.26812607e-01 0.00000000e+00
2.27304075e-01 0.00000000e+00
2.27795543e-01 0.00000000e+00
2.28287012e-01 0.00000000e+00
2.28778480e-01 0.00000000e+00
2.29269948e-01 0.00000000e+00
2.29761416e-01 0.00000000e+00
2.30252885e-01 0.00000000e+00
2.30744353e-01 0.00000000e+00
2.31235821e-01 0.00000000e+00
2.31727290e-01 0.00000000e+00
2.32218758e-01 0.00000000e+00
2.32710226e-01 0.00000000e+00
2.33201694e-01 0.00000000e+00
2.33693163e-01 0.00000000e+00
2.34184631e-01 0.00000000e+00
2.34676099e-01 0.00000000e+00
2.35167567e-01 0.00000000e+00
2.35659036e-01 0.00000000e+00
2.36150504e-01 0.00000000e+00
2.36641972e-01 0.00000000e+00
2.37133441e-01 0.00000000e+00
2.37624909e-01 0.00000000e+00
2.38116377e-01 0.00000000e+00
2.38607845e-01 0.00000000e+00
2.39099314e-01 0.00000000e+00
2.39590782e-01 0.00000000e+00
2.40082250e-01 0.00000000e+00
2.40573718e-01 0.00000000e+00
2.41065187e-01 0.00000000e+00
2.41556655e-01 0.00000000e+00
2.42048123e-01 0.00000000e+00
2.42539592e-01 0.00000000e+00
2.43031060e-01 0.00000000e+00
2.43522528e-01 0.00000000e+00
2.44013996e-01 0.00000000e+00
2.44505465e-01 0.00000000e+00
2.44996933e-01 0.00000000e+00
2.45488401e-01 0.00000000e+00
2.45979869e-01 0.00000000e+00
2.46471338e-01 0.00000000e+00
2.46962806e-01 0.00000000e+00
2.47454274e-01 0.00000000e+00
2.47945742e-01 0.00000000e+00
2.48437211e-01 0.00000000e+00
2.48928679e-01 0.00000000e+00
2.49420147e-01 0.00000000e+00
2.49911616e-01 0.00000000e+00
2.50403084e-01 0.00000000e+00
2.50894552e-01 0.00000000e+00
2.51386020e-01 0.00000000e+00
2.51877489e-01 0.00000000e+00
2.52368957e-01 0.00000000e+00
2.52860425e-01 0.00000000e+00
2.53351893e-01 0.00000000e+00
2.53843362e-01 0.00000000e+00
2.54334830e-01 0.00000000e+00
2.54826298e-01 0.00000000e+00
2.55317767e-01 0.00000000e+00
2.55809235e-01 0.00000000e+00
2.56300703e-01 0.00000000e+00
2.56792171e-01 0.00000000e+00
2.57283640e-01 0.00000000e+00
2.57775108e-01 0.00000000e+00
2.58266576e-01 0.00000000e+00
2.58758044e-01 0.00000000e+00
2.59249513e-01 0.00000000e+00
2.59740981e-01 0.00000000e+00
2.60232449e-01 0.00000000e+00
2.60723918e-01 0.00000000e+00
2.61215386e-01 0.00000000e+00
2.61706854e-01 0.00000000e+00
2.62198322e-01 0.00000000e+00
2.62689791e-01 0.00000000e+00
2.63181259e-01 0.00000000e+00
2.63672727e-01 0.00000000e+00
2.64164195e-01 0.00000000e+00
2.64655664e-01 0.00000000e+00
2.65147132e-01 0.00000000e+00
2.65638600e-01 0.00000000e+00
2.66130068e-01 0.00000000e+00
2.66621537e-01 0.00000000e+00
2.67113005e-01 0.00000000e+00
2.67604473e-01 0.00000000e+00
2.68095942e-01 0.00000000e+00
2.68587410e-01 0.00000000e+00
2.69078878e-01 0.00000000e+00
2.69570346e-01 0.00000000e+00
2.70061815e-01 0.00000000e+00
2.70553283e-01 0.00000000e+00
2.71044751e-01 0.00000000e+00
2.71536219e-01 0.00000000e+00
2.72027688e-01 0.00000000e+00
2.72519156e-01 0.00000000e+00
2.73010624e-01 0.00000000e+00
2.73502093e-01 0.00000000e+00
2.73993561e-01 0.00000000e+00
2.74485029e-01 0.00000000e+00
2.74976497e-01 0.00000000e+00
2.75467966e-01 0.00000000e+00
2.75959434e-01 0.00000000e+00
2.76450902e-01 0.00000000e+00
2.76942370e-01 0.00000000e+00
2.77433839e-01 0.00000000e+00
2.77925307e-01 0.00000000e+00
2.78416775e-01 0.00000000e+00
2.78908244e-01 0.00000000e+00
2.79399712e-01 0.00000000e+00
2.79891180e-01 0.00000000e+00
2.80382648e-01 0.00000000e+00
2.80874117e-01 0.00000000e+00
2.81365585e-01 0.00000000e+00
2.81857053e-01 0.00000000e+00
2.82348521e-01 0.00000000e+00
2.82839990e-01 0.00000000e+00
2.83331458e-01 0.00000000e+00
2.83822926e-01 0.00000000e+00
2.84314394e-01 0.00000000e+00
2.84805863e-01 0.00000000e+00
2.85297331e-01 0.00000000e+00
2.85788799e-01 0.00000000e+00
2.86280268e-01 0.00000000e+00
2.86771736e-01 0.00000000e+00
2.87263204e-01 0.00000000e+00
2.87754672e-01 0.00000000e+00
2.88246141e-01 0.00000000e+00
2.88737609e-01 0.00000000e+00
2.89229077e-01 0.00000000e+00
2.89720545e-01 0.00000000e+00
2.90212014e-01 0.00000000e+00
2.90703482e-01 0.00000000e+00
2.91194950e-01 0.00000000e+00
2.91686419e-01 0.00000000e+00
2.92177887e-01 0.00000000e+00
2.92669355e-01 0.00000000e+00
2.93160823e-01 0.00000000e+00
2.93652292e-01 0.00000000e+00
2.94143760e-01 0.00000000e+00
2.94635228e-01 0.00000000e+00
2.95126696e-01 0.00000000e+00
2.95618165e-01 0.00000000e+00
2.96109633e-01 0.00000000e+00
2.96601101e-01 0.00000000e+00
2.97092570e-01 0.00000000e+00
2.97584038e-01 0.00000000e+00
2.98075506e-01 0.00000000e+00
2.98566974e-01 0.00000000e+00
2.99058443e-01 0.00000000e+00
2.99549911e-01 0.00000000e+00
3.00041379e-01 0.00000000e+00
3.00532847e-01 0.00000000e+00
3.01024316e-01 0.00000000e+00
3.01515784e-01 0.00000000e+00
3.02007252e-01 0.00000000e+00
3.02498721e-01 0.00000000e+00
3.02990189e-01 0.00000000e+00
3.03481657e-01 0.00000000e+00
3.03973125e-01 0.00000000e+00
3.04464594e-01 0.00000000e+00
3.04956062e-01 0.00000000e+00
3.05447530e-01 0.00000000e+00
3.05938998e-01 0.00000000e+00
3.06430467e-01 0.00000000e+00
3.06921935e-01 0.00000000e+00
3.07413403e-01 0.00000000e+00
3.07904871e-01 0.00000000e+00
3.08396340e-01 0.00000000e+00
3.08887808e-01 0.00000000e+00
3.09379276e-01 0.00000000e+00
3.09870745e-01 0.00000000e+00
3.10362213e-01 0.00000000e+00
3.10853681e-01 0.00000000e+00
3.11345149e-01 0.00000000e+00
3.11836618e-01 0.00000000e+00
3.12328086e-01 0.00000000e+00
3.12819554e-01 0.00000000e+00
3.13311022e-01 0.00000000e+00
3.13802491e-01 0.00000000e+00
3.14293959e-01 0.00000000e+00
3.14785427e-01 0.00000000e+00
3.15276896e-01 0.00000000e+00
3.15768364e-01 0.00000000e+00
3.16259832e-01 0.00000000e+00
3.16751300e-01 0.00000000e+00
3.17242769e-01 0.00000000e+00
3.17734237e-01 0.00000000e+00
3.18225705e-01 0.00000000e+00
3.18717173e-01 0.00000000e+00
3.19208642e-01 0.00000000e+00
3.19700110e-01 0.00000000e+00
3.20191578e-01 0.00000000e+00
3.20683047e-01 0.00000000e+00
3.21174515e-01 0.00000000e+00
3.21665983e-01 0.00000000e+00
3.22157451e-01 0.00000000e+00
3.22648920e-01 0.00000000e+00
3.23140388e-01 0.00000000e+00
3.23631856e-01 0.00000000e+00
3.24123324e-01 0.00000000e+00
3.24614793e-01 0.00000000e+00
3.25106261e-01 0.00000000e+00
3.25597729e-01 0.00000000e+00
3.26089197e-01 0.00000000e+00
3.26580666e-01 0.00000000e+00
3.27072134e-01 0.00000000e+00
3.27563602e-01 0.00000000e+00
3.28055071e-01 0.00000000e+00
3.28546539e-01 0.00000000e+00
3.29038007e-01 0.00000000e+00
3.29529475e-01 0.00000000e+00
3.30020944e-01 0.00000000e+00
3.30512412e-01 0.00000000e+00
3.31003880e-01 0.00000000e+00
3.31495348e-01 0.00000000e+00
3.31986817e-01 0.00000000e+00
3.32478285e-01 0.00000000e+00
3.32969753e-01 0.00000000e+00
3.33461222e-01 0.00000000e+00
3.33952690e-01 0.00000000e+00
3.34444158e-01 0.00000000e+00
3.34935626e-01 0.00000000e+00
3.35427095e-01 0.00000000e+00
3.35918563e-01 0.00000000e+00
3.36410031e-01 0.00000000e+00
3.36901499e-01 0.00000000e+00
3.37392968e-01 0.00000000e+00
3.37884436e-01 0.00000000e+00
3.38375904e-01 0.00000000e+00
3.38867373e-01 0.00000000e+00
3.39358841e-01 0.00000000e+00
3.39850309e-01 0.00000000e+00
3.40341777e-01 0.00000000e+00
3.40833246e-01 0.00000000e+00
3.41324714e-01 0.00000000e+00
3.41816182e-01 0.00000000e+00
3.42307650e-01 0.00000000e+00
3.42799119e-01 0.00000000e+00
3.43290587e-01 0.00000000e+00
3.43782055e-01 0.00000000e+00
3.44273524e-01 0.00000000e+00
3.44764992e-01 0.00000000e+00
3.45256460e-01 0.00000000e+00
3.45747928e-01 0.00000000e+00
3.46239397e-01 0.00000000e+00
3.46730865e-01 0.00000000e+00
3.47222333e-01 0.00000000e+00
3.47713801e-01 0.00000000e+00
3.48205270e-01 0.00000000e+00
3.48696738e-01 0.00000000e+00
3.49188206e-01 0.00000000e+00
3.49679674e-01 0.00000000e+00
3.50171143e-01 0.00000000e+00
3.50662611e-01 0.00000000e+00
3.51154079e-01 0.00000000e+00
3.51645548e-01 0.00000000e+00
3.52137016e-01 0.00000000e+00
3.52628484e-01 0.00000000e+00
3.53119952e-01 0.00000000e+00
3.53611421e-01 0.00000000e+00
3.54102889e-01 0.00000000e+00
3.54594357e-01 0.00000000e+00
3.55085825e-01 0.00000000e+00
3.55577294e-01 0.00000000e+00
3.56068762e-01 0.00000000e+00
3.56560230e-01 0.00000000e+00
3.57051699e-01 0.00000000e+00
3.57543167e-01 0.00000000e+00
3.58034635e-01 0.00000000e+00
3.58526103e-01 0.00000000e+00
3.59017572e-01 0.00000000e+00
3.59509040e-01 0.00000000e+00
3.60000508e-01 0.00000000e+00
3.60491976e-01 0.00000000e+00
3.60983445e-01 0.00000000e+00
3.61474913e-01 0.00000000e+00
3.61966381e-01 0.00000000e+00
3.62457850e-01 0.00000000e+00
3.62949318e-01 0.00000000e+00
3.63440786e-01 0.00000000e+00
3.63932254e-01 0.00000000e+00
3.64423723e-01 0.00000000e+00
3.64915191e-01 0.00000000e+00
3.65406659e-01 0.00000000e+00
3.65898127e-01 0.00000000e+00
3.66389596e-01 0.00000000e+00
3.66881064e-01 0.00000000e+00
3.67372532e-01 0.00000000e+00
3.67864000e-01 0.00000000e+00
3.68355469e-01 0.00000000e+00
3.68846937e-01 0.00000000e+00
3.69338405e-01 0.00000000e+00
3.69829874e-01 0.00000000e+00
3.70321342e-01 0.00000000e+00
3.70812810e-01 0.00000000e+00
3.71304278e-01 0.00000000e+00
3.71795747e-01 0.00000000e+00
3.72287215e-01 0.00000000e+00
3.72778683e-01 0.00000000e+00
3.73270151e-01 0.00000000e+00
3.73761620e-01 0.00000000e+00
3.74253088e-01 0.00000000e+00
3.74744556e-01 0.00000000e+00
3.75236025e-01 0.00000000e+00
3.75727493e-01 0.00000000e+00
3.76218961e-01 0.00000000e+00
3.76710429e-01 0.00000000e+00
3.77201898e-01 0.00000000e+00
3.77693366e-01 0.00000000e+00
3.78184834e-01 0.00000000e+00
3.78676302e-01 0.00000000e+00
3.79167771e-01 0.00000000e+00
3.79659239e-01 0.00000000e+00
3.80150707e-01 0.00000000e+00
3.80642176e-01 0.00000000e+00
3.81133644e-01 0.00000000e+00
3.81625112e-01 0.00000000e+00
3.82116580e-01 0.00000000e+00
3.82608049e-01 0.00000000e+00
3.83099517e-01 0.00000000e+00
3.83590985e-01 0.00000000e+00
3.84082453e-01 0.00000000e+00
3.84573922e-01 0.00000000e+00
3.85065390e-01 0.00000000e+00
3.85556858e-01 0.00000000e+00
3.86048326e-01 0.00000000e+00
3.86539795e-01 0.00000000e+00
3.87031263e-01 0.00000000e+00
3.87522731e-01 0.00000000e+00
3.88014200e-01 0.00000000e+00
3.88505668e-01 0.00000000e+00
3.88997136e-01 0.00000000e+00
3.89488604e-01 0.00000000e+00
3.89980073e-01 0.00000000e+00
3.90471541e-01 0.00000000e+00
3.90963009e-01 0.00000000e+00
3.91454477e-01 0.00000000e+00
3.91945946e-01 0.00000000e+00
3.92437414e-01 0.00000000e+00
3.92928882e-01 0.00000000e+00
3.93420351e-01 0.00000000e+00
3.93911819e-01 0.00000000e+00
3.94403287e-01 0.00000000e+00
3.94894755e-01 0.00000000e+00
3.95386224e-01 0.00000000e+00
3.95877692e-01 0.00000000e+00
3.96369160e-01 0.00000000e+00
3.96860628e-01 0.00000000e+00
3.97352097e-01 0.00000000e+00
3.97843565e-01 0.00000000e+00
3.98335033e-01 0.00000000e+00
3.98826502e-01 0.00000000e+00
3.99317970e-01 0.00000000e+00
3.99809438e-01 0.00000000e+00
4.00300906e-01 0.00000000e+00
4.00792375e-01 0.00000000e+00
4.01283843e-01 0.00000000e+00
4.01775311e-01 0.00000000e+00
4.02266779e-01 0.00000000e+00
4.02758248e-01 0.00000000e+00
4.03249716e-01 0.00000000e+00
4.03741184e-01 0.00000000e+00
4.04232653e-01 0.00000000e+00
4.04724121e-01 0.00000000e+00
4.05215589e-01 0.00000000e+00
4.05707057e-01 0.00000000e+00
4.06198526e-01 0.00000000e+00
4.06689994e-01 0.00000000e+00
4.07181462e-01 0.00000000e+00
4.07672930e-01 0.00000000e+00
4.08164399e-01 0.00000000e+00
4.08655867e-01 0.00000000e+00
4.09147335e-01 0.00000000e+00
4.09638803e-01 0.00000000e+00
4.10130272e-01 0.00000000e+00
4.10621740e-01 0.00000000e+00
4.11113208e-01 0.00000000e+00
4.11604677e-01 0.00000000e+00
4.12096145e-01 0.00000000e+00
4.12587613e-01 0.00000000e+00
4.13079081e-01 0.00000000e+00
4.13570550e-01 0.00000000e+00
4.14062018e-01 0.00000000e+00
4.14553486e-01 0.00000000e+00
4.15044954e-01 0.00000000e+00
4.15536423e-01 0.00000000e+00
4.16027891e-01 0.00000000e+00
4.16519359e-01 0.00000000e+00
4.17010828e-01 0.00000000e+00
4.17502296e-01 0.00000000e+00
4.17993764e-01 0.00000000e+00
4.18485232e-01 0.00000000e+00
4.18976701e-01 0.00000000e+00
4.19468169e-01 0.00000000e+00
4.19959637e-01 0.00000000e+00
4.20451105e-01 0.00000000e+00
4.20942574e-01 0.00000000e+00
4.21434042e-01 0.00000000e+00
4.21925510e-01 0.00000000e+00
4.22416979e-01 0.00000000e+00
4.22908447e-01 0.00000000e+00
4.23399915e-01 0.00000000e+00
4.23891383e-01 0.00000000e+00
4.24382852e-01 0.00000000e+00
4.24874320e-01 0.00000000e+00
4.25365788e-01 0.00000000e+00
4.25857256e-01 0.00000000e+00
4.26348725e-01 0.00000000e+00
4.26840193e-01 0.00000000e+00
4.27331661e-01 0.00000000e+00
4.27823129e-01 0.00000000e+00
4.28314598e-01 0.00000000e+00
4.28806066e-01 0.00000000e+00
4.29297534e-01 0.00000000e+00
4.29789003e-01 0.00000000e+00
4.30280471e-01 0.00000000e+00
4.30771939e-01 0.00000000e+00
4.31263407e-01 0.00000000e+00
4.31754876e-01 0.00000000e+00
4.32246344e-01 0.00000000e+00
4.32737812e-01 0.00000000e+00
4.33229280e-01 0.00000000e+00
4.33720749e-01 0.00000000e+00
4.34212217e-01 0.00000000e+00
4.34703685e-01 0.00000000e+00
4.35195154e-01 0.00000000e+00
4.35686622e-01 0.00000000e+00
4.36178090e-01 0.00000000e+00
4.36669558e-01 0.00000000e+00
4.37161027e-01 0.00000000e+00
4.37652495e-01 0.00000000e+00
4.38143963e-01 0.00000000e+00
4.38635431e-01 0.00000000e+00
4.39126900e-01 0.00000000e+00
4.39618368e-01 0.00000000e+00
4.40109836e-01 0.00000000e+00
4.40601305e-01 0.00000000e+00
4.41092773e-01 0.00000000e+00
4.41584241e-01 0.00000000e+00
4.42075709e-01 0.00000000e+00
4.42567178e-01 0.00000000e+00
4.43058646e-01 0.00000000e+00
4.43550114e-01 0.00000000e+00
4.44041582e-01 0.00000000e+00
4.44533051e-01 0.00000000e+00
4.45024519e-01 0.00000000e+00
4.45515987e-01 0.00000000e+00
4.46007456e-01 0.00000000e+00
4.46498924e-01 0.00000000e+00
4.46990392e-01 0.00000000e+00
4.47481860e-01 0.00000000e+00
4.47973329e-01 0.00000000e+00
4.48464797e-01 0.00000000e+00
4.48956265e-01 0.00000000e+00
4.49447733e-01 0.00000000e+00
4.49939202e-01 0.00000000e+00
4.50430670e-01 0.00000000e+00
4.50922138e-01 0.00000000e+00
4.51413606e-01 0.00000000e+00
4.51905075e-01 0.00000000e+00
4.52396543e-01 0.00000000e+00
4.52888011e-01 0.00000000e+00
4.53379480e-01 0.00000000e+00
4.53870948e-01 0.00000000e+00
4.54362416e-01 0.00000000e+00
4.54853884e-01 0.00000000e+00
4.55345353e-01 0.00000000e+00
4.55836821e-01 0.00000000e+00
4.56328289e-01 0.00000000e+00
4.56819757e-01 0.00000000e+00
4.57311226e-01 0.00000000e+00
4.57802694e-01 0.00000000e+00
4.58294162e-01 0.00000000e+00
4.58785631e-01 0.00000000e+00
4.59277099e-01 0.00000000e+00
4.59768567e-01 0.00000000e+00
4.60260035e-01 0.00000000e+00
4.60751504e-01 0.00000000e+00
4.61242972e-01 0.00000000e+00
4.61734440e-01 0.00000000e+00
4.62225908e-01 0.00000000e+00
4.62717377e-01 0.00000000e+00
4.63208845e-01 0.00000000e+00
4.63700313e-01 0.00000000e+00
4.64191782e-01 0.00000000e+00
4.64683250e-01 0.00000000e+00
4.65174718e-01 0.00000000e+00
4.65666186e-01 0.00000000e+00
4.66157655e-01 0.00000000e+00
4.66649123e-01 0.00000000e+00
4.67140591e-01 0.00000000e+00
4.67632059e-01 0.00000000e+00
4.68123528e-01 0.00000000e+00
4.68614996e-01 0.00000000e+00
4.69106464e-01 0.00000000e+00
4.69597932e-01 0.00000000e+00
4.70089401e-01 0.00000000e+00
4.70580869e-01 0.00000000e+00
4.71072337e-01 0.00000000e+00
4.71563806e-01 0.00000000e+00
4.72055274e-01 0.00000000e+00
4.72546742e-01 0.00000000e+00
4.73038210e-01 0.00000000e+00
4.73529679e-01 0.00000000e+00
4.74021147e-01 0.00000000e+00
4.74512615e-01 0.00000000e+00
4.75004083e-01 0.00000000e+00
4.75495552e-01 0.00000000e+00
4.75987020e-01 0.00000000e+00
4.76478488e-01 0.00000000e+00
4.76969957e-01 0.00000000e+00
4.77461425e-01 0.00000000e+00
4.77952893e-01 0.00000000e+00
4.78444361e-01 0.00000000e+00
4.78935830e-01 0.00000000e+00
4.79427298e-01 0.00000000e+00
4.79918766e-01 0.00000000e+00
4.80410234e-01 0.00000000e+00
4.80901703e-01 0.00000000e+00
4.81393171e-01 0.00000000e+00
4.81884639e-01 0.00000000e+00
4.82376108e-01 0.00000000e+00
4.82867576e-01 0.00000000e+00
4.83359044e-01 0.00000000e+00
4.83850512e-01 0.00000000e+00
4.84341981e-01 0.00000000e+00
4.84833449e-01 0.00000000e+00
4.85324917e-01 0.00000000e+00
4.85816385e-01 0.00000000e+00
4.86307854e-01 0.00000000e+00
4.86799322e-01 0.00000000e+00
4.87290790e-01 0.00000000e+00
4.87782258e-01 0.00000000e+00
4.88273727e-01 0.00000000e+00
4.88765195e-01 0.00000000e+00
4.89256663e-01 0.00000000e+00
4.89748132e-01 0.00000000e+00
4.90239600e-01 0.00000000e+00
4.90731068e-01 0.00000000e+00
4.91222536e-01 0.00000000e+00
4.91714005e-01 0.00000000e+00
4.92205473e-01 0.00000000e+00
4.92696941e-01 0.00000000e+00
4.93188409e-01 0.00000000e+00
4.93679878e-01 0.00000000e+00
4.94171346e-01 0.00000000e+00
4.94662814e-01 0.00000000e+00
4.95154283e-01 0.00000000e+00
4.95645751e-01 0.00000000e+00
4.96137219e-01 0.00000000e+00
4.96628687e-01 0.00000000e+00
4.97120156e-01 0.00000000e+00
4.97611624e-01 0.00000000e+00
4.98103092e-01 0.00000000e+00
4.98594560e-01 0.00000000e+00
4.99086029e-01 0.00000000e+00
4.99577497e-01 0.00000000e+00
5.00068965e-01 0.00000000e+00
0.00000000e+00 2.45734135e-04
0.00000000e+00 7.37202406e-04
0.00000000e+00 1.22867068e-03
0.00000000e+00 1.72013895e-03
0.00000000e+00 2.21160722e-03
0.00000000e+00 2.70307549e-03
0.00000000e+00 3.19454376e-03
0.00000000e+00 3.68601203e-03
0.00000000e+00 4.17748030e-03
0.00000000e+00 4.66894857e-03
0.00000000e+00 5.16041684e-03
0.00000000e+00 5.65188511e-03
0.00000000e+00 6.14335338e-03
0.00000000e+00 6.63482165e-03
0.00000000e+00 7.12628992e-03
0.00000000e+00 7.61775819e-03
0.00000000e+00 8.10922646e-03
0.00000000e+00 8.60069473e-03
0.00000000e+00 9.09216300e-03
0.00000000e+00 9.58363128e-03
0.00000000e+00 1.00750995e-02
0.00000000e+00 1.05665678e-02
0.00000000e+00 1.10580361e-02
0.00000000e+00 1.15495044e-02
0.00000000e+00 1.20409726e-02
0.00000000e+00 1.25324409e-02
0.00000000e+00 1.30239092e-02
0.00000000e+00 1.35153774e-02
0.00000000e+00 1.40068457e-02
0.00000000e+00 1.44983140e-02
0.00000000e+00 1.49897823e-02
0.00000000e+00 1.54812505e-02
0.00000000e+00 1.59727188e-02
0.00000000e+00 1.64641871e-02
0.00000000e+00 1.69556553e-02
0.00000000e+00 1.74471236e-02
0.00000000e+00 1.79385919e-02
0.00000000e+00 1.84300601e-02
0.00000000e+00 1.89215284e-02
0.00000000e+00 1.94129967e-02
0.00000000e+00 1.99044650e-02
0.00000000e+00 2.03959332e-02
0.00000000e+00 2.08874015e-02
0.00000000e+00 2.13788698e-02
0.00000000e+00 2.18703380e-02
0.00000000e+00 2.23618063e-02
0.00000000e+00 2.28532746e-02
0.00000000e+00 2.33447429e-02
0.00000000e+00 2.38362111e-02
0.00000000e+00 2.43276794e-02
0.00000000e+00 2.48191477e-02
0.00000000e+00 2.53106159e-02
0.00000000e+00 2.58020842e-02
0.00000000e+00 2.62935525e-02
0.00000000e+00 2.67850207e-02
0.00000000e+00 2.72764890e-02
0.00000000e+00 2.77679573e-02
0.00000000e+00 2.82594256e-02
0.00000000e+00 2.87508938e-02
0.00000000e+00 2.92423621e-02
0.00000000e+00 2.97338304e-02
0.00000000e+00 3.02252986e-02
0.00000000e+00 3.07167669e-02
0.00000000e+00 3.12082352e-02
0.00000000e+00 3.16997034e-02
0.00000000e+00 3.21911717e-02
0.00000000e+00 3.26826400e-02
0.00000000e+00 3.31741083e-02
0.00000000e+00 3.36655765e-02
0.00000000e+00 3.41570448e-02
0.00000000e+00 3.46485131e-02
0.00000000e+00 3.51399813e-02
0.00000000e+00 3.56314496e-02
0.00000000e+00 3.61229179e-02
0.00000000e+00 3.66143862e-02
0.00000000e+00 3.71058544e-02
0.00000000e+00 3.75973227e-02
0.00000000e+00 3.80887910e-02
0.00000000e+00 3.85802592e-02
0.00000000e+00 3.90717275e-02
0.00000000e+00 3.95631958e-02
0.00000000e+00 4.00546640e-02
0.00000000e+00 4.05461323e-02
0.00000000e+00 4.10376006e-02
0.00000000e+00 4.15290689e-02
0.00000000e+00 4.20205371e-02
0.00000000e+00 4.25120054e-02
0.00000000e+00 4.30034737e-02
0.00000000e+00 4.34949419e-02
0.00000000e+00 4.39864102e-02
0.00000000e+00 4.44778785e-02
0.00000000e+00 4.49693468e-02
0.00000000e+00 4.54608150e-02
0.00000000e+00 4.59522833e-02
0.00000000e+00 4.64437516e-02
0.00000000e+00 4.69352198e-02
0.00000000e+00 4.74266881e-02
0.00000000e+00 4.79181564e-02
0.00000000e+00 4.84096246e-02
0.00000000e+00 4.89010929e-02
0.00000000e+00 4.93925612e-02
0.00000000e+00 4.98840295e-02
0.00000000e+00 5.03754977e-02
0.00000000e+00 5.08669660e-02
0.00000000e+00 5.13584343e-02
0.00000000e+00 5.18499025e-02
0.00000000e+00 5.23413708e-02
0.00000000e+00 5.28328391e-02
0.00000000e+00 5.33243074e-02
0.00000000e+00 5.38157756e-02
0.00000000e+00 5.43072439e-02
0.00000000e+00 5.47987122e-02
0.00000000e+00 5.52901804e-02
0.00000000e+00 5.57816487e-02
0.00000000e+00 5.62731170e-02
0.00000000e+00 5.67645852e-02
0.00000000e+00 5.72560535e-02
0.00000000e+00 5.77475218e-02
0.00000000e+00 5.82389901e-02
0.00000000e+00 5.87304583e-02
0.00000000e+00 5.92219266e-02
0.00000000e+00 5.97133949e-02
0.00000000e+00 6.02048631e-02
0.00000000e+00 6.06963314e-02
0.00000000e+00 6.11877997e-02
0.00000000e+00 6.16792680e-02
0.00000000e+00 6.21707362e-02
0.00000000e+00 6.26622045e-02
0.00000000e+00 6.31536728e-02
0.00000000e+00 6.36451410e-02
0.00000000e+00 6.41366093e-02
0.00000000e+00 6.46280776e-02
0.00000000e+00 6.51195458e-02
0.00000000e+00 6.56110141e-02
0.00000000e+00 6.61024824e-02
0.00000000e+00 6.65939507e-02
0.00000000e+00 6.70854189e-02
0.00000000e+00 6.75768872e-02
0.00000000e+00 6.80683555e-02
0.00000000e+00 6.85598237e-02
0.00000000e+00 6.90512920e-02
0.00000000e+00 6.95427603e-02
0.00000000e+00 7.00342286e-02
0.00000000e+00 7.05256968e-02
0.00000000e+00 7.10171651e-02
0.00000000e+00 7.15086334e-02
0.00000000e+00 7.20001016e-02
0.00000000e+00 7.24915699e-02
0.00000000e+00 7.29830382e-02
0.00000000e+00 7.34745064e-02
0.00000000e+00 7.39659747e-02
0.00000000e+00 7.44574430e-02
0.00000000e+00 7.49489113e-02
0.00000000e+00 7.54403795e-02
0.00000000e+00 7.59318478e-02
0.00000000e+00 7.64233161e-02
0.00000000e+00 7.69147843e-02
0.00000000e+00 7.74062526e-02
0.00000000e+00 7.78977209e-02
0.00000000e+00 7.83891891e-02
0.00000000e+00 7.88806574e-02
0.00000000e+00 7.93721257e-02
0.00000000e+00 7.98635940e-02
0.00000000e+00 8.03550622e-02
0.00000000e+00 8.08465305e-02
0.00000000e+00 8.13379988e-02
0.00000000e+00 8.18294670e-02
0.00000000e+00 8.23209353e-02
0.00000000e+00 8.28124036e-02
0.00000000e+00 8.33038719e-02
0.00000000e+00 8.37953401e-02
0.00000000e+00 8.42868084e-02
0.00000000e+00 8.47782767e-02
0.00000000e+00 8.52697449e-02
0.00000000e+00 8.57612132e-02
0.00000000e+00 8.62526815e-02
0.00000000e+00 8.67441497e-02
0.00000000e+00 8.72356180e-02
0.00000000e+00 8.77270863e-02
0.00000000e+00 8.82185546e-02
0.00000000e+00 8.87100228e-02
0.00000000e+00 8.92014911e-02
0.00000000e+00 8.96929594e-02
0.00000000e+00 9.01844276e-02
0.00000000e+00 9.06758959e-02
0.00000000e+00 9.11673642e-02
0.00000000e+00 9.16588325e-02
0.00000000e+00 9.21503007e-02
0.00000000e+00 9.26417690e-02
0.00000000e+00 9.31332373e-02
0.00000000e+00 9.36247055e-02
0.00000000e+00 9.41161738e-02
0.00000000e+00 9.46076421e-02
0.00000000e+00 9.50991103e-02
0.00000000e+00 9.55905786e-02
0.00000000e+00 9.60820469e-02
0.00000000e+00 9.65735152e-02
0.00000000e+00 9.70649834e-02
0.00000000e+00 9.75564517e-02
0.00000000e+00 9.80479200e-02
0.00000000e+00 9.85393882e-02
0.00000000e+00 9.90308565e-02
0.00000000e+00 9.95223248e-02
0.00000000e+00 1.00013793e-01
0.00000000e+00 1.00505261e-01
0.00000000e+00 1.00996730e-01
0.00000000e+00 1.01488198e-01
0.00000000e+00 1.01979666e-01
0.00000000e+00 1.02471134e-01
0.00000000e+00 1.02962603e-01
0.00000000e+00 1.03454071e-01
0.00000000e+00 1.03945539e-01
0.00000000e+00 1.04437007e-01
0.00000000e+00 1.04928476e-01
0.00000000e+00 1.05419944e-01
0.00000000e+00 1.05911412e-01
0.00000000e+00 1.06402881e-01
0.00000000e+00 1.06894349e-01
0.00000000e+00 1.07385817e-01
0.00000000e+00 1.07877285e-01
0.00000000e+00 1.08368754e-01
0.00000000e+00 1.08860222e-01
0.00000000e+00 1.09351690e-01
0.00000000e+00 1.09843158e-01
0.00000000e+00 1.10334627e-01
0.00000000e+00 1.10826095e-01
0.00000000e+00 1.11317563e-01
0.00000000e+00 1.11809032e-01
0.00000000e+00 1.12300500e-01
0.00000000e+00 1.12791968e-01
0.00000000e+00 1.13283436e-01
0.00000000e+00 1.13774905e-01
0.00000000e+00 1.14266373e-01
0.00000000e+00 1.14757841e-01
0.00000000e+00 1.15249309e-01
0.00000000e+00 1.15740778e-01
0.00000000e+00 1.16232246e-01
0.00000000e+00 1.16723714e-01
0.00000000e+00 1.17215183e-01
0.00000000e+00 1.17706651e-01
0.00000000e+00 1.18198119e-01
0.00000000e+00 1.18689587e-01
0.00000000e+00 1.19181056e-01
0.00000000e+00 1.19672524e-01
0.00000000e+00 1.20163992e-01
0.00000000e+00 1.20655460e-01
0.00000000e+00 1.21146929e-01
0.00000000e+00 1.21638397e-01
0.00000000e+00 1.22129865e-01
0.00000000e+00 1.22621333e-01
0.00000000e+00 1.23112802e-01
0.00000000e+00 1.23604270e-01
0.00000000e+00 1.24095738e-01
0.00000000e+00 1.24587207e-01
0.00000000e+00 1.25078675e-01
0.00000000e+00 1.25570143e-01
0.00000000e+00 1.26061611e-01
0.00000000e+00 1.26553080e-01
0.00000000e+00 1.27044548e-01
0.00000000e+00 1.27536016e-01
0.00000000e+00 1.28027484e-01
0.00000000e+00 1.28518953e-01
0.00000000e+00 1.29010421e-01
0.00000000e+00 1.29501889e-01
0.00000000e+00 1.29993358e-01
0.00000000e+00 1.30484826e-01
0.00000000e+00 1.30976294e-01
0.00000000e+00 1.31467762e-01
0.00000000e+00 1.31959231e-01
0.00000000e+00 1.32450699e-01
0.00000000e+00 1.32942167e-01
0.00000000e+00 1.33433635e-01
0.00000000e+00 1.33925104e-01
0.00000000e+00 1.34416572e-01
0.00000000e+00 1.34908040e-01
0.00000000e+00 1.35399509e-01
0.00000000e+00 1.35890977e-01
0.00000000e+00 1.36382445e-01
0.00000000e+00 1.36873913e-01
0.00000000e+00 1.37365382e-01
0.00000000e+00 1.37856850e-01
0.00000000e+00 1.38348318e-01
0.00000000e+00 1.38839786e-01
0.00000000e+00 1.39331255e-01
0.00000000e+00 1.39822723e-01
0.00000000e+00 1.40314191e-01
0.00000000e+00 1.40805660e-01
0.00000000e+00 1.41297128e-01
0.00000000e+00 1.41788596e-01
0.00000000e+00 1.42280064e-01
0.00000000e+00 1.42771533e-01
0.00000000e+00 1.43263001e-01
0.00000000e+00 1.43754469e-01
0.00000000e+00 1.44245937e-01
0.00000000e+00 1.44737406e-01
0.00000000e+00 1.45228874e-01
0.00000000e+00 1.45720342e-01
0.00000000e+00 1.46211810e-01
0.00000000e+00 1.46703279e-01
0.00000000e+00 1.47194747e-01
0.00000000e+00 1.47686215e-01
0.00000000e+00 1.48177684e-01
0.00000000e+00 1.48669152e-01
0.00000000e+00 1.49160620e-01
0.00000000e+00 1.49652088e-01
0.00000000e+00 1.50143557e-01
0.00000000e+00 1.50635025e-01
0.00000000e+00 1.51126493e-01
0.00000000e+00 1.51617961e-01
0.00000000e+00 1.52109430e-01
0.00000000e+00 1.52600898e-01
0.00000000e+00 1.53092366e-01
0.00000000e+00 1.53583835e-01
0.00000000e+00 1.54075303e-01
0.00000000e+00 1.54566771e-01
0.00000000e+00 1.55058239e-01
0.00000000e+00 1.55549708e-01
0.00000000e+00 1.56041176e-01
0.00000000e+00 1.56532644e-01
0.00000000e+00 1.57024112e-01
0.00000000e+00 1.57515581e-01
0.00000000e+00 1.58007049e-01
0.00000000e+00 1.58498517e-01
0.00000000e+00 1.58989986e-01
0.00000000e+00 1.59481454e-01
0.00000000e+00 1.59972922e-01
0.00000000e+00 1.60464390e-01
0.00000000e+00 1.60955859e-01
0.00000000e+00 1.61447327e-01
0.00000000e+00 1.61938795e-01
0.00000000e+00 1.62430263e-01
0.00000000e+00 1.62921732e-01
0.00000000e+00 1.63413200e-01
0.00000000e+00 1.63904668e-01
0.00000000e+00 1.64396136e-01
0.00000000e+00 1.64887605e-01
0.00000000e+00 1.65379073e-01
0.00000000e+00 1.65870541e-01
0.00000000e+00 1.66362010e-01
0.00000000e+00 1.66853478e-01
0.00000000e+00 1.67344946e-01
0.00000000e+00 1.67836414e-01
0.00000000e+00 1.68327883e-01
0.00000000e+00 1.68819351e-01
0.00000000e+00 1.69310819e-01
0.00000000e+00 1.69802287e-01
0.00000000e+00 1.70293756e-01
0.00000000e+00 1.70785224e-01
0.00000000e+00 1.71276692e-01
0.00000000e+00 1.71768161e-01
0.00000000e+00 1.72259629e-01
0.00000000e+00 1.72751097e-01
0.00000000e+00 1.73242565e-01
0.00000000e+00 1.73734034e-01
0.00000000e+00 1.74225502e-01
0.00000000e+00 1.74716970e-01
0.00000000e+00 1.75208438e-01
0.00000000e+00 1.75699907e-01
0.00000000e+00 1.76191375e-01
0.00000000e+00 1.76682843e-01
0.00000000e+00 1.77174312e-01
0.00000000e+00 1.77665780e-01
0.00000000e+00 1.78157248e-01
0.00000000e+00 1.78648716e-01
0.00000000e+00 1.79140185e-01
0.00000000e+00 1.79631653e-01
0.00000000e+00 1.80123121e-01
0.00000000e+00 1.80614589e-01
0.00000000e+00 1.81106058e-01
0.00000000e+00 1.81597526e-01
0.00000000e+00 1.82088994e-01
0.00000000e+00 1.82580463e-01
0.00000000e+00 1.83071931e-01
0.00000000e+00 1.83563399e-01
0.00000000e+00 1.84054867e-01
0.00000000e+00 1.84546336e-01
0.00000000e+00 1.85037804e-01
0.00000000e+00 1.85529272e-01
0.00000000e+00 1.86020740e-01
0.00000000e+00 1.86512209e-01
0.00000000e+00 1.87003677e-01
0.00000000e+00 1.87495145e-01
0.00000000e+00 1.87986613e-01
0.00000000e+00 1.88478082e-01
0.00000000e+00 1.88969550e-01
0.00000000e+00 1.89461018e-01
0.00000000e+00 1.89952487e-01
0.00000000e+00 1.90443955e-01
0.00000000e+00 1.90935423e-01
0.00000000e+00 1.91426891e-01
0.00000000e+00 1.91918360e-01
0.00000000e+00 1.92409828e-01
0.00000000e+00 1.92901296e-01
0.00000000e+00 1.93392764e-01
0.00000000e+00 1.93884233e-01
0.00000000e+00 1.94375701e-01
0.00000000e+00 1.94867169e-01
0.00000000e+00 1.95358638e-01
0.00000000e+00 1.95850106e-01
0.00000000e+00 1.96341574e-01
0.00000000e+00 1.96833042e-01
0.00000000e+00 1.97324511e-01
0.00000000e+00 1.97815979e-01
0.00000000e+00 1.98307447e-01
0.00000000e+00 1.98798915e-01
0.00000000e+00 1.99290384e-01
0.00000000e+00 1.99781852e-01
0.00000000e+00 2.00273320e-01
0.00000000e+00 2.00764789e-01
0.00000000e+00 2.01256257e-01
0.00000000e+00 2.01747725e-01
0.00000000e+00 2.02239193e-01
0.00000000e+00 2.02730662e-01
0.00000000e+00 2.03222130e-01
0.00000000e+00 2.03713598e-01
0.00000000e+00 2.04205066e-01
0.00000000e+00 2.04696535e-01
0.00000000e+00 2.05188003e-01
0.00000000e+00 2.05679471e-01
0.00000000e+00 2.06170939e-01
0.00000000e+00 2.06662408e-01
0.00000000e+00 2.07153876e-01
0.00000000e+00 2.07645344e-01
0.00000000e+00 2.08136813e-01
0.00000000e+00 2.08628281e-01
0.00000000e+00 2.09119749e-01
0.00000000e+00 2.09611217e-01
0.00000000e+00 2.10102686e-01
0.00000000e+00 2.10594154e-01
0.00000000e+00 2.11085622e-01
0.00000000e+00 2.11577090e-01
0.00000000e+00 2.12068559e-01
0.00000000e+00 2.12560027e-01
0.00000000e+00 2.13051495e-01
0.00000000e+00 2.13542964e-01
0.00000000e+00 2.14034432e-01
0.00000000e+00 2.14525900e-01
0.00000000e+00 2.15017368e-01
0.00000000e+00 2.15508837e-01
0.00000000e+00 2.16000305e-01
0.00000000e+00 2.16491773e-01
0.00000000e+00 2.16983241e-01
0.00000000e+00 2.17474710e-01
0.00000000e+00 2.17966178e-01
0.00000000e+00 2.18457646e-01
0.00000000e+00 2.18949115e-01
0.00000000e+00 2.19440583e-01
0.00000000e+00 2.19932051e-01
0.00000000e+00 2.20423519e-01
0.00000000e+00 2.20914988e-01
0.00000000e+00 2.21406456e-01
0.00000000e+00 2.21897924e-01
0.00000000e+00 2.22389392e-01
0.00000000e+00 2.22880861e-01
0.00000000e+00 2.23372329e-01
0.00000000e+00 2.23863797e-01
0.00000000e+00 2.24355265e-01
0.00000000e+00 2.24846734e-01
0.00000000e+00 2.25338202e-01
0.00000000e+00 2.25829670e-01
0.00000000e+00 2.26321139e-01
0.00000000e+00 2.26812607e-01
0.00000000e+00 2.27304075e-01
0.00000000e+00 2.27795543e-01
0.00000000e+00 2.28287012e-01
0.00000000e+00 2.28778480e-01
0.00000000e+00 2.29269948e-01
0.00000000e+00 2.29761416e-01
0.00000000e+00 2.30252885e-01
0.00000000e+00 2.30744353e-01
0.00000000e+00 2.31235821e-01
0.00000000e+00 2.31727290e-01
0.00000000e+00 2.32218758e-01
0.00000000e+00 2.32710226e-01
0.00000000e+00 2.33201694e-01
0.00000000e+00 2.33693163e-01
0.00000000e+00 2.34184631e-01
0.00000000e+00 2.34676099e-01
0.00000000e+00 2.35167567e-01
0.00000000e+00 2.35659036e-01
0.00000000e+00 2.36150504e-01
0.00000000e+00 2.36641972e-01
0.00000000e+00 2.37133441e-01
0.00000000e+00 2.37624909e-01
0.00000000e+00 2.38116377e-01
0.00000000e+00 2.38607845e-01
0.00000000e+00 2.39099314e-01
0.00000000e+00 2.39590782e-01
0.00000000e+00 2.40082250e-01
0.00000000e+00 2.40573718e-01
0.00000000e+00 2.41065187e-01
0.00000000e+00 2.41556655e-01
0.00000000e+00 2.42048123e-01
0.00000000e+00 2.42539592e-01
0.00000000e+00 2.43031060e-01
0.00000000e+00 2.43522528e-01
0.00000000e+00 2.44013996e-01
0.00000000e+00 2.44505465e-01
0.00000000e+00 2.44996933e-01
0.00000000e+00 2.45488401e-01
0.00000000e+00 2.45979869e-01
0.00000000e+00 2.46471338e-01
0.00000000e+00 2.46962806e-01
0.00000000e+00 2.47454274e-01
0.00000000e+00 2.47945742e-01
0.00000000e+00 2.48437211e-01
0.00000000e+00 2.48928679e-01
0.00000000e+00 2.49420147e-01
0.00000000e+00 2.49911616e-01
0.00000000e+00 2.50403084e-01
0.00000000e+00 2.50894552e-01
0.00000000e+00 2.51386020e-01
0.00000000e+00 2.51877489e-01
0.00000000e+00 2.52368957e-01
0.00000000e+00 2.52860425e-01
0.00000000e+00 2.53351893e-01
0.00000000e+00 2.53843362e-01
0.00000000e+00 2.54334830e-01
0.00000000e+00 2.54826298e-01
0.00000000e+00 2.55317767e-01
0.00000000e+00 2.55809235e-01
0.00000000e+00 2.56300703e-01
0.00000000e+00 2.56792171e-01
0.00000000e+00 2.57283640e-01
0.00000000e+00 2.57775108e-01
0.00000000e+00 2.58266576e-01
0.00000000e+00 2.58758044e-01
0.00000000e+00 2.59249513e-01
0.00000000e+00 2.59740981e-01
0.00000000e+00 2.60232449e-01
0.00000000e+00 2.60723918e-01
0.00000000e+00 2.61215386e-01
0.00000000e+00 2.61706854e-01
0.00000000e+00 2.62198322e-01
0.00000000e+00 2.62689791e-01
0.00000000e+00 2.63181259e-01
0.00000000e+00 2.63672727e-01
0.00000000e+00 2.64164195e-01
0.00000000e+00 2.64655664e-01
0.00000000e+00 2.65147132e-01
0.00000000e+00 2.65638600e-01
0.00000000e+00 2.66130068e-01
0.00000000e+00 2.66621537e-01
0.00000000e+00 2.67113005e-01
0.00000000e+00 2.67604473e-01
0.00000000e+00 2.68095942e-01
0.00000000e+00 2.68587410e-01
0.00000000e+00 2.69078878e-01
0.00000000e+00 2.69570346e-01
0.00000000e+00 2.70061815e-01
0.00000000e+00 2.70553283e-01
0.00000000e+00 2.71044751e-01
0.00000000e+00 2.71536219e-01
0.00000000e+00 2.72027688e-01
0.00000000e+00 2.72519156e-01
0.00000000e+00 2.73010624e-01
0.00000000e+00 2.73502093e-01
0.00000000e+00 2.73993561e-01
0.00000000e+00 2.74485029e-01
0.00000000e+00 2.74976497e-01
0.00000000e+00 2.75467966e-01
0.00000000e+00 2.75959434e-01
0.00000000e+00 2.76450902e-01
0.00000000e+00 2.76942370e-01
0.00000000e+00 2.77433839e-01
0.00000000e+00 2.77925307e-01
0.00000000e+00 2.78416775e-01
0.00000000e+00 2.78908244e-01
0.00000000e+00 2.79399712e-01
0.00000000e+00 2.79891180e-01
0.00000000e+00 2.80382648e-01
0.00000000e+00 2.80874117e-01
0.00000000e+00 2.81365585e-01
0.00000000e+00 2.81857053e-01
0.00000000e+00 2.82348521e-01
0.00000000e+00 2.82839990e-01
0.00000000e+00 2.83331458e-01
0.00000000e+00 2.83822926e-01
0.00000000e+00 2.84314394e-01
0.00000000e+00 2.84805863e-01
0.00000000e+00 2.85297331e-01
0.00000000e+00 2.85788799e-01
0.00000000e+00 2.86280268e-01
0.00000000e+00 2.86771736e-01
0.00000000e+00 2.87263204e-01
0.00000000e+00 2.87754672e-01
0.00000000e+00 2.88246141e-01
0.00000000e+00 2.88737609e-01
0.00000000e+00 2.89229077e-01
0.00000000e+00 2.89720545e-01
0.00000000e+00 2.90212014e-01
0.00000000e+00 2.90703482e-01
0.00000000e+00 2.91194950e-01
0.00000000e+00 2.91686419e-01
0.00000000e+00 2.92177887e-01
0.00000000e+00 2.92669355e-01
0.00000000e+00 2.93160823e-01
0.00000000e+00 2.93652292e-01
0.00000000e+00 2.94143760e-01
0.00000000e+00 2.94635228e-01
0.00000000e+00 2.95126696e-01
0.00000000e+00 2.95618165e-01
0.00000000e+00 2.96109633e-01
0.00000000e+00 2.96601101e-01
0.00000000e+00 2.97092570e-01
0.00000000e+00 2.97584038e-01
0.00000000e+00 2.98075506e-01
0.00000000e+00 2.98566974e-01
0.00000000e+00 2.99058443e-01
0.00000000e+00 2.99549911e-01
0.00000000e+00 3.00041379e-01
0.00000000e+00 3.00532847e-01
0.00000000e+00 3.01024316e-01
0.00000000e+00 3.01515784e-01
0.00000000e+00 3.02007252e-01
0.00000000e+00 3.02498721e-01
0.00000000e+00 3.02990189e-01
0.00000000e+00 3.03481657e-01
0.00000000e+00 3.03973125e-01
0.00000000e+00 3.04464594e-01
0.00000000e+00 3.04956062e-01
0.00000000e+00 3.05447530e-01
0.00000000e+00 3.05938998e-01
0.00000000e+00 3.06430467e-01
0.00000000e+00 3.06921935e-01
0.00000000e+00 3.07413403e-01
0.00000000e+00 3.07904871e-01
0.00000000e+00 3.08396340e-01
0.00000000e+00 3.08887808e-01
0.00000000e+00 3.09379276e-01
0.00000000e+00 3.09870745e-01
0.00000000e+00 3.10362213e-01
0.00000000e+00 3.10853681e-01
0.00000000e+00 3.11345149e-01
0.00000000e+00 3.11836618e-01
0.00000000e+00 3.12328086e-01
0.00000000e+00 3.12819554e-01
0.00000000e+00 3.13311022e-01
0.00000000e+00 3.13802491e-01
0.00000000e+00 3.14293959e-01
0.00000000e+00 3.14785427e-01
0.00000000e+00 3.15276896e-01
0.00000000e+00 3.15768364e-01
0.00000000e+00 3.16259832e-01
0.00000000e+00 3.16751300e-01
0.00000000e+00 3.17242769e-01
0.00000000e+00 3.17734237e-01
0.00000000e+00 3.18225705e-01
0.00000000e+00 3.18717173e-01
0.00000000e+00 3.19208642e-01
0.00000000e+00 3.19700110e-01
0.00000000e+00 3.20191578e-01
0.00000000e+00 3.20683047e-01
0.00000000e+00 3.21174515e-01
0.00000000e+00 3.21665983e-01
0.00000000e+00 3.22157451e-01
0.00000000e+00 3.22648920e-01
0.00000000e+00 3.23140388e-01
0.00000000e+00 3.23631856e-01
0.00000000e+00 3.24123324e-01
0.00000000e+00 3.24614793e-01
0.00000000e+00 3.25106261e-01
0.00000000e+00 3.25597729e-01
0.00000000e+00 3.26089197e-01
0.00000000e+00 3.26580666e-01
0.00000000e+00 3.27072134e-01
0.00000000e+00 3.27563602e-01
0.00000000e+00 3.28055071e-01
0.00000000e+00 3.28546539e-01
0.00000000e+00 3.29038007e-01
0.00000000e+00 3.29529475e-01
0.00000000e+00 3.30020944e-01
0.00000000e+00 3.30512412e-01
0.00000000e+00 3.31003880e-01
0.00000000e+00 3.31495348e-01
0.00000000e+00 3.31986817e-01
0.00000000e+00 3.32478285e-01
0.00000000e+00 3.32969753e-01
0.00000000e+00 3.33461222e-01
0.00000000e+00 3.33952690e-01
0.00000000e+00 3.34444158e-01
0.00000000e+00 3.34935626e-01
0.00000000e+00 3.35427095e-01
0.00000000e+00 3.35918563e-01
0.00000000e+00 3.36410031e-01
0.00000000e+00 3.36901499e-01
0.00000000e+00 3.37392968e-01
0.00000000e+00 3.37884436e-01
0.00000000e+00 3.38375904e-01
0.00000000e+00 3.38867373e-01
0.00000000e+00 3.39358841e-01
0.00000000e+00 3.39850309e-01
0.00000000e+00 3.40341777e-01
0.00000000e+00 3.40833246e-01
0.00000000e+00 3.41324714e-01
0.00000000e+00 3.41816182e-01
0.00000000e+00 3.42307650e-01
0.00000000e+00 3.42799119e-01
0.00000000e+00 3.43290587e-01
0.00000000e+00 3.43782055e-01
0.00000000e+00 3.44273524e-01
0.00000000e+00 3.44764992e-01
0.00000000e+00 3.45256460e-01
0.00000000e+00 3.45747928e-01
0.00000000e+00 3.46239397e-01
0.00000000e+00 3.46730865e-01
0.00000000e+00 3.47222333e-01
0.00000000e+00 3.47713801e-01
0.00000000e+00 3.48205270e-01
0.00000000e+00 3.48696738e-01
0.00000000e+00 3.49188206e-01
0.00000000e+00 3.49679674e-01
0.00000000e+00 3.50171143e-01
0.00000000e+00 3.50662611e-01
0.00000000e+00 3.51154079e-01
0.00000000e+00 3.51645548e-01
0.00000000e+00 3.52137016e-01
0.00000000e+00 3.52628484e-01
0.00000000e+00 3.53119952e-01
0.00000000e+00 3.53611421e-01
0.00000000e+00 3.54102889e-01
0.00000000e+00 3.54594357e-01
0.00000000e+00 3.55085825e-01
0.00000000e+00 3.55577294e-01
0.00000000e+00 3.56068762e-01
0.00000000e+00 3.56560230e-01
0.00000000e+00 3.57051699e-01
0.00000000e+00 3.57543167e-01
0.00000000e+00 3.58034635e-01
0.00000000e+00 3.58526103e-01
0.00000000e+00 3.59017572e-01
0.00000000e+00 3.59509040e-01
0.00000000e+00 3.60000508e-01
0.00000000e+00 3.60491976e-01
0.00000000e+00 3.60983445e-01
0.00000000e+00 3.61474913e-01
0.00000000e+00 3.61966381e-01
0.00000000e+00 3.62457850e-01
0.00000000e+00 3.62949318e-01
0.00000000e+00 3.63440786e-01
0.00000000e+00 3.63932254e-01
0.00000000e+00 3.64423723e-01
0.00000000e+00 3.64915191e-01
0.00000000e+00 3.65406659e-01
0.00000000e+00 3.65898127e-01
0.00000000e+00 3.66389596e-01
0.00000000e+00 3.66881064e-01
0.00000000e+00 3.67372532e-01
0.00000000e+00 3.67864000e-01
0.00000000e+00 3.68355469e-01
0.00000000e+00 3.68846937e-01
0.00000000e+00 3.69338405e-01
0.00000000e+00 3.69829874e-01
0.00000000e+00 3.70321342e-01
0.00000000e+00 3.70812810e-01
0.00000000e+00 3.71304278e-01
0.00000000e+00 3.71795747e-01
0.00000000e+00 3.72287215e-01
0.00000000e+00 3.72778683e-01
0.00000000e+00 3.73270151e-01
0.00000000e+00 3.73761620e-01
0.00000000e+00 3.74253088e-01
0.00000000e+00 3.74744556e-01
0.00000000e+00 3.75236025e-01
0.00000000e+00 3.75727493e-01
0.00000000e+00 3.76218961e-01
0.00000000e+00 3.76710429e-01
0.00000000e+00 3.77201898e-01
0.00000000e+00 3.77693366e-01
0.00000000e+00 3.78184834e-01
0.00000000e+00 3.78676302e-01
0.00000000e+00 3.79167771e-01
0.00000000e+00 3.79659239e-01
0.00000000e+00 3.80150707e-01
0.00000000e+00 3.80642176e-01
0.00000000e+00 3.81133644e-01
0.00000000e+00 3.81625112e-01
0.00000000e+00 3.82116580e-01
0.00000000e+00 3.82608049e-01
0.00000000e+00 3.83099517e-01
0.00000000e+00 3.83590985e-01
0.00000000e+00 3.84082453e-01
0.00000000e+00 3.84573922e-01
0.00000000e+00 3.85065390e-01
0.00000000e+00 3.85556858e-01
0.00000000e+00 3.86048326e-01
0.00000000e+00 3.86539795e-01
0.00000000e+00 3.87031263e-01
0.00000000e+00 3.87522731e-01
0.00000000e+00 3.88014200e-01
0.00000000e+00 3.88505668e-01
0.00000000e+00 3.88997136e-01
0.00000000e+00 3.89488604e-01
0.00000000e+00 3.89980073e-01
0.00000000e+00 3.90471541e-01
0.00000000e+00 3.90963009e-01
0.00000000e+00 3.91454477e-01
0.00000000e+00 3.91945946e-01
0.00000000e+00 3.92437414e-01
0.00000000e+00 3.92928882e-01
0.00000000e+00 3.93420351e-01
0.00000000e+00 3.93911819e-01
0.00000000e+00 3.94403287e-01
0.00000000e+00 3.94894755e-01
0.00000000e+00 3.95386224e-01
0.00000000e+00 3.95877692e-01
0.00000000e+00 3.96369160e-01
0.00000000e+00 3.96860628e-01
0.00000000e+00 3.97352097e-01
0.00000000e+00 3.97843565e-01
0.00000000e+00 3.98335033e-01
0.00000000e+00 3.98826502e-01
0.00000000e+00 3.99317970e-01
0.00000000e+00 3.99809438e-01
0.00000000e+00 4.00300906e-01
0.00000000e+00 4.00792375e-01
0.00000000e+00 4.01283843e-01
0.00000000e+00 4.01775311e-01
0.00000000e+00 4.02266779e-01
0.00000000e+00 4.02758248e-01
0.00000000e+00 4.03249716e-01
0.00000000e+00 4.03741184e-01
0.00000000e+00 4.04232653e-01
0.00000000e+00 4.04724121e-01
0.00000000e+00 4.05215589e-01
0.00000000e+00 4.05707057e-01
0.00000000e+00 4.06198526e-01
0.00000000e+00 4.06689994e-01
0.00000000e+00 4.07181462e-01
0.00000000e+00 4.07672930e-01
0.00000000e+00 4.08164399e-01
0.00000000e+00 4.08655867e-01
0.00000000e+00 4.09147335e-01
0.00000000e+00 4.09638803e-01
0.00000000e+00 4.10130272e-01
0.00000000e+00 4.10621740e-01
0.00000000e+00 4.11113208e-01
0.00000000e+00 4.11604677e-01
0.00000000e+00 4.12096145e-01
0.00000000e+00 4.12587613e-01
0.00000000e+00 4.13079081e-01
0.00000000e+00 4.13570550e-01
0.00000000e+00 4.14062018e-01
0.00000000e+00 4.14553486e-01
0.00000000e+00 4.15044954e-01
0.00000000e+00 4.15536423e-01
0.00000000e+00 4.16027891e-01
0.00000000e+00 4.16519359e-01
0.00000000e+00 4.17010828e-01
0.00000000e+00 4.17502296e-01
0.00000000e+00 4.17993764e-01
0.00000000e+00 4.18485232e-01
0.00000000e+00 4.18976701e-01
0.00000000e+00 4.19468169e-01
0.00000000e+00 4.19959637e-01
0.00000000e+00 4.20451105e-01
0.00000000e+00 4.20942574e-01
0.00000000e+00 4.21434042e-01
0.00000000e+00 4.21925510e-01
0.00000000e+00 4.22416979e-01
0.00000000e+00 4.22908447e-01
0.00000000e+00 4.23399915e-01
0.00000000e+00 4.23891383e-01
0.00000000e+00 4.24382852e-01
0.00000000e+00 4.24874320e-01
0.00000000e+00 4.25365788e-01
0.00000000e+00 4.25857256e-01
0.00000000e+00 4.26348725e-01
0.00000000e+00 4.26840193e-01
0.00000000e+00 4.27331661e-01
0.00000000e+00 4.27823129e-01
0.00000000e+00 4.28314598e-01
0.00000000e+00 4.28806066e-01
0.00000000e+00 4.29297534e-01
0.00000000e+00 4.29789003e-01
0.00000000e+00 4.30280471e-01
0.00000000e+00 4.30771939e-01
0.00000000e+00 4.31263407e-01
0.00000000e+00 4.31754876e-01
0.00000000e+00 4.32246344e-01
0.00000000e+00 4.32737812e-01
0.00000000e+00 4.33229280e-01
0.00000000e+00 4.33720749e-01
0.00000000e+00 4.34212217e-01
0.00000000e+00 4.34703685e-01
0.00000000e+00 4.35195154e-01
0.00000000e+00 4.35686622e-01
0.00000000e+00 4.36178090e-01
0.00000000e+00 4.36669558e-01
0.00000000e+00 4.37161027e-01
0.00000000e+00 4.37652495e-01
0.00000000e+00 4.38143963e-01
0.00000000e+00 4.38635431e-01
0.00000000e+00 4.39126900e-01
0.00000000e+00 4.39618368e-01
0.00000000e+00 4.40109836e-01
0.00000000e+00 4.40601305e-01
0.00000000e+00 4.41092773e-01
0.00000000e+00 4.41584241e-01
0.00000000e+00 4.42075709e-01
0.00000000e+00 4.42567178e-01
0.00000000e+00 4.43058646e-01
0.00000000e+00 4.43550114e-01
0.00000000e+00 4.44041582e-01
0.00000000e+00 4.44533051e-01
0.00000000e+00 4.45024519e-01
0.00000000e+00 4.45515987e-01
0.00000000e+00 4.46007456e-01
0.00000000e+00 4.46498924e-01
0.00000000e+00 4.46990392e-01
0.00000000e+00 4.47481860e-01
0.00000000e+00 4.47973329e-01
0.00000000e+00 4.48464797e-01
0.00000000e+00 4.48956265e-01
0.00000000e+00 4.49447733e-01
0.00000000e+00 4.49939202e-01
0.00000000e+00 4.50430670e-01
0.00000000e+00 4.50922138e-01
0.00000000e+00 4.51413606e-01
0.00000000e+00 4.51905075e-01
0.00000000e+00 4.52396543e-01
0.00000000e+00 4.52888011e-01
0.00000000e+00 4.53379480e-01
0.00000000e+00 4.53870948e-01
0.00000000e+00 4.54362416e-01
0.00000000e+00 4.54853884e-01
0.00000000e+00 4.55345353e-01
0.00000000e+00 4.55836821e-01
0.00000000e+00 4.56328289e-01
0.00000000e+00 4.56819757e-01
0.00000000e+00 4.57311226e-01
0.00000000e+00 4.57802694e-01
0.00000000e+00 4.58294162e-01
0.00000000e+00 4.58785631e-01
0.00000000e+00 4.59277099e-01
0.00000000e+00 4.59768567e-01
0.00000000e+00 4.60260035e-01
0.00000000e+00 4.60751504e-01
0.00000000e+00 4.61242972e-01
0.00000000e+00 4.61734440e-01
0.00000000e+00 4.62225908e-01
0.00000000e+00 4.62717377e-01
0.00000000e+00 4.63208845e-01
0.00000000e+00 4.63700313e-01
0.00000000e+00 4.64191782e-01
0.00000000e+00 4.64683250e-01
0.00000000e+00 4.65174718e-01
0.00000000e+00 4.65666186e-01
0.00000000e+00 4.66157655e-01
0.00000000e+00 4.66649123e-01
0.00000000e+00 4.67140591e-01
0.00000000e+00 4.67632059e-01
0.00000000e+00 4.68123528e-01
0.00000000e+00 4.68614996e-01
0.00000000e+00 4.69106464e-01
0.00000000e+00 4.69597932e-01
0.00000000e+00 4.70089401e-01
0.00000000e+00 4.70580869e-01
0.00000000e+00 4.71072337e-01
0.00000000e+00 4.71563806e-01
0.00000000e+00 4.72055274e-01
0.00000000e+00 4.72546742e-01
0.00000000e+00 4.73038210e-01
0.00000000e+00 4.73529679e-01
0.00000000e+00 4.74021147e-01
0.00000000e+00 4.74512615e-01
0.00000000e+00 4.75004083e-01
0.00000000e+00 4.75495552e-01
0.00000000e+00 4.75987020e-01
0.00000000e+00 4.76478488e-01
0.00000000e+00 4.76969957e-01
0.00000000e+00 4.77461425e-01
0.00000000e+00 4.77952893e-01
0.00000000e+00 4.78444361e-01
0.00000000e+00 4.78935830e-01
0.00000000e+00 4.79427298e-01
0.00000000e+00 4.79918766e-01
0.00000000e+00 4.80410234e-01
0.00000000e+00 4.80901703e-01
0.00000000e+00 4.81393171e-01
0.00000000e+00 4.81884639e-01
0.00000000e+00 4.82376108e-01
0.00000000e+00 4.82867576e-01
0.00000000e+00 4.83359044e-01
0.00000000e+00 4.83850512e-01
0.00000000e+00 4.84341981e-01
0.00000000e+00 4.84833449e-01
0.00000000e+00 4.85324917e-01
0.00000000e+00 4.85816385e-01
0.00000000e+00 4.86307854e-01
0.00000000e+00 4.86799322e-01
0.00000000e+00 4.87290790e-01
0.00000000e+00 4.87782258e-01
0.00000000e+00 4.88273727e-01
0.00000000e+00 4.88765195e-01
0.00000000e+00 4.89256663e-01
0.00000000e+00 4.89748132e-01
0.00000000e+00 4.90239600e-01
0.00000000e+00 4.90731068e-01
0.00000000e+00 4.91222536e-01
0.00000000e+00 4.91714005e-01
0.00000000e+00 4.92205473e-01
0.00000000e+00 4.92696941e-01
0.00000000e+00 4.93188409e-01
0.00000000e+00 4.93679878e-01
0.00000000e+00 4.94171346e-01
0.00000000e+00 4.94662814e-01
0.00000000e+00 4.95154283e-01
0.00000000e+00 4.95645751e-01
0.00000000e+00 4.96137219e-01
0.00000000e+00 4.96628687e-01
0.00000000e+00 4.97120156e-01
0.00000000e+00 4.97611624e-01
0.00000000e+00 4.98103092e-01
0.00000000e+00 4.98594560e-01
0.00000000e+00 4.99086029e-01
0.00000000e+00 4.99577497e-01
0.00000000e+00 5.00068965e-01
