% L-Bracket Geometry
% N_total=402, N_horizontal=201, N_vertical=201
% Resolution: 100 segments per wavelength
% Format: x(m) y(m)
1.24914852e-03 0.00000000e+00
3.74744556e-03 0.00000000e+00
6.24574260e-03 0.00000000e+00
8.74403965e-03 0.00000000e+00
1.12423367e-02 0.00000000e+00
1.37406337e-02 0.00000000e+00
1.62389308e-02 0.00000000e+00
1.87372278e-02 0.00000000e+00
2.12355249e-02 0.00000000e+00
2.37338219e-02 0.00000000e+00
2.62321189e-02 0.00000000e+00
2.87304160e-02 0.00000000e+00
3.12287130e-02 0.00000000e+00
3.37270101e-02 0.00000000e+00
3.62253071e-02 0.00000000e+00
3.87236041e-02 0.00000000e+00
4.12219012e-02 0.00000000e+00
4.37201982e-02 0.00000000e+00
4.62184953e-02 0.00000000e+00
4.87167923e-02 0.00000000e+00
5.12150894e-02 0.00000000e+00
5.37133864e-02 0.00000000e+00
5.62116834e-02 0.00000000e+00
5.87099805e-02 0.00000000e+00
6.12082775e-02 0.00000000e+00
6.37065746e-02 0.00000000e+00
6.62048716e-02 0.00000000e+00
6.87031687e-02 0.00000000e+00
7.12014657e-02 0.00000000e+00
7.36997627e-02 0.00000000e+00
7.61980598e-02 0.00000000e+00
7.86963568e-02 0.00000000e+00
8.11946539e-02 0.00000000e+00
8.36929509e-02 0.00000000e+00
8.61912479e-02 0.00000000e+00
8.86895450e-02 0.00000000e+00
9.11878420e-02 0.00000000e+00
9.36861391e-02 0.00000000e+00
9.61844361e-02 0.00000000e+00
9.86827332e-02 0.00000000e+00
1.01181030e-01 0.00000000e+00
1.03679327e-01 0.00000000e+00
1.06177624e-01 0.00000000e+00
1.08675921e-01 0.00000000e+00
1.11174218e-01 0.00000000e+00
1.13672515e-01 0.00000000e+00
1.16170812e-01 0.00000000e+00
1.18669109e-01 0.00000000e+00
1.21167407e-01 0.00000000e+00
1.23665704e-01 0.00000000e+00
1.26164001e-01 0.00000000e+00
1.28662298e-01 0.00000000e+00
1.31160595e-01 0.00000000e+00
1.33658892e-01 0.00000000e+00
1.36157189e-01 0.00000000e+00
1.38655486e-01 0.00000000e+00
1.41153783e-01 0.00000000e+00
1.43652080e-01 0.00000000e+00
1.46150377e-01 0.00000000e+00
1.48648674e-01 0.00000000e+00
1.51146971e-01 0.00000000e+00
1.53645268e-01 0.00000000e+00
1.56143565e-01 0.00000000e+00
1.58641862e-01 0.00000000e+00
1.61140159e-01 0.00000000e+00
1.63638456e-01 0.00000000e+00
1.66136753e-01 0.00000000e+00
1.68635050e-01 0.00000000e+00
1.71133347e-01 0.00000000e+00
1.73631644e-01 0.00000000e+00
1.76129941e-01 0.00000000e+00
1.78628238e-01 0.00000000e+00
1.81126536e-01 0.00000000e+00
1.83624833e-01 0.00000000e+00
1.86123130e-01 0.00000000e+00
1.88621427e-01 0.00000000e+00
1.91119724e-01 0.00000000e+00
1.93618021e-01 0.00000000e+00
1.96116318e-01 0.00000000e+00
1.98614615e-01 0.00000000e+00
2.01112912e-01 0.00000000e+00
2.03611209e-01 0.00000000e+00
2.06109506e-01 0.00000000e+00
2.08607803e-01 0.00000000e+00
2.11106100e-01 0.00000000e+00
2.13604397e-01 0.00000000e+00
2.16102694e-01 0.00000000e+00
2.18600991e-01 0.00000000e+00
2.21099288e-01 0.00000000e+00
2.23597585e-01 0.00000000e+00
2.26095882e-01 0.00000000e+00
2.28594179e-01 0.00000000e+00
2.31092476e-01 0.00000000e+00
2.33590773e-01 0.00000000e+00
2.36089070e-01 0.00000000e+00
2.38587367e-01 0.00000000e+00
2.41085665e-01 0.00000000e+00
2.43583962e-01 0.00000000e+00
2.46082259e-01 0.00000000e+00
2.48580556e-01 0.00000000e+00
2.51078853e-01 0.00000000e+00
2.53577150e-01 0.00000000e+00
2.56075447e-01 0.00000000e+00
2.58573744e-01 0.00000000e+00
2.61072041e-01 0.00000000e+00
2.63570338e-01 0.00000000e+00
2.66068635e-01 0.00000000e+00
2.68566932e-01 0.00000000e+00
2.71065229e-01 0.00000000e+00
2.73563526e-01 0.00000000e+00
2.76061823e-01 0.00000000e+00
2.78560120e-01 0.00000000e+00
2.81058417e-01 0.00000000e+00
2.83556714e-01 0.00000000e+00
2.86055011e-01 0.00000000e+00
2.88553308e-01 0.00000000e+00
2.91051605e-01 0.00000000e+00
2.93549902e-01 0.00000000e+00
2.96048199e-01 0.00000000e+00
2.98546497e-01 0.00000000e+00
3.01044794e-01 0.00000000e+00
3.03543091e-01 0.00000000e+00
3.06041388e-01 0.00000000e+00
3.08539685e-01 0.00000000e+00
3.11037982e-01 0.00000000e+00
3.13536279e-01 0.00000000e+00
3.16034576e-01 0.00000000e+00
3.18532873e-01 0.00000000e+00
3.21031170e-01 0.00000000e+00
3.23529467e-01 0.00000000e+00
3.26027764e-01 0.00000000e+00
3.28526061e-01 0.00000000e+00
3.31024358e-01 0.00000000e+00
3.33522655e-01 0.00000000e+00
3.36020952e-01 0.00000000e+00
3.38519249e-01 0.00000000e+00
3.41017546e-01 0.00000000e+00
3.43515843e-01 0.00000000e+00
3.46014140e-01 0.00000000e+00
3.48512437e-01 0.00000000e+00
3.51010734e-01 0.00000000e+00
3.53509031e-01 0.00000000e+00
3.56007328e-01 0.00000000e+00
3.58505626e-01 0.00000000e+00
3.61003923e-01 0.00000000e+00
3.63502220e-01 0.00000000e+00
3.66000517e-01 0.00000000e+00
3.68498814e-01 0.00000000e+00
3.70997111e-01 0.00000000e+00
3.73495408e-01 0.00000000e+00
3.75993705e-01 0.00000000e+00
3.78492002e-01 0.00000000e+00
3.80990299e-01 0.00000000e+00
3.83488596e-01 0.00000000e+00
3.85986893e-01 0.00000000e+00
3.88485190e-01 0.00000000e+00
3.90983487e-01 0.00000000e+00
3.93481784e-01 0.00000000e+00
3.95980081e-01 0.00000000e+00
3.98478378e-01 0.00000000e+00
4.00976675e-01 0.00000000e+00
4.03474972e-01 0.00000000e+00
4.05973269e-01 0.00000000e+00
4.08471566e-01 0.00000000e+00
4.10969863e-01 0.00000000e+00
4.13468160e-01 0.00000000e+00
4.15966457e-01 0.00000000e+00
4.18464755e-01 0.00000000e+00
4.20963052e-01 0.00000000e+00
4.23461349e-01 0.00000000e+00
4.25959646e-01 0.00000000e+00
4.28457943e-01 0.00000000e+00
4.30956240e-01 0.00000000e+00
4.33454537e-01 0.00000000e+00
4.35952834e-01 0.00000000e+00
4.38451131e-01 0.00000000e+00
4.40949428e-01 0.00000000e+00
4.43447725e-01 0.00000000e+00
4.45946022e-01 0.00000000e+00
4.48444319e-01 0.00000000e+00
4.50942616e-01 0.00000000e+00
4.53440913e-01 0.00000000e+00
4.55939210e-01 0.00000000e+00
4.58437507e-01 0.00000000e+00
4.60935804e-01 0.00000000e+00
4.63434101e-01 0.00000000e+00
4.65932398e-01 0.00000000e+00
4.68430695e-01 0.00000000e+00
4.70928992e-01 0.00000000e+00
4.73427289e-01 0.00000000e+00
4.75925586e-01 0.00000000e+00
4.78423884e-01 0.00000000e+00
4.80922181e-01 0.00000000e+00
4.83420478e-01 0.00000000e+00
4.85918775e-01 0.00000000e+00
4.88417072e-01 0.00000000e+00
4.90915369e-01 0.00000000e+00
4.93413666e-01 0.00000000e+00
4.95911963e-01 0.00000000e+00
4.98410260e-01 0.00000000e+00
5.00908557e-01 0.00000000e+00
0.00000000e+00 1.24914852e-03
0.00000000e+00 3.74744556e-03
0.00000000e+00 6.24574260e-03
0.00000000e+00 8.74403965e-03
0.00000000e+00 1.12423367e-02
0.00000000e+00 1.37406337e-02
0.00000000e+00 1.62389308e-02
0.00000000e+00 1.87372278e-02
0.00000000e+00 2.12355249e-02
0.00000000e+00 2.37338219e-02
0.00000000e+00 2.62321189e-02
0.00000000e+00 2.87304160e-02
0.00000000e+00 3.12287130e-02
0.00000000e+00 3.37270101e-02
0.00000000e+00 3.62253071e-02
0.00000000e+00 3.87236041e-02
0.00000000e+00 4.12219012e-02
0.00000000e+00 4.37201982e-02
0.00000000e+00 4.62184953e-02
0.00000000e+00 4.87167923e-02
0.00000000e+00 5.12150894e-02
0.00000000e+00 5.37133864e-02
0.00000000e+00 5.62116834e-02
0.00000000e+00 5.87099805e-02
0.00000000e+00 6.12082775e-02
0.00000000e+00 6.37065746e-02
0.00000000e+00 6.62048716e-02
0.00000000e+00 6.87031687e-02
0.00000000e+00 7.12014657e-02
0.00000000e+00 7.36997627e-02
0.00000000e+00 7.61980598e-02
0.00000000e+00 7.86963568e-02
0.00000000e+00 8.11946539e-02
0.00000000e+00 8.36929509e-02
0.00000000e+00 8.61912479e-02
0.00000000e+00 8.86895450e-02
0.00000000e+00 9.11878420e-02
0.00000000e+00 9.36861391e-02
0.00000000e+00 9.61844361e-02
0.00000000e+00 9.86827332e-02
0.00000000e+00 1.01181030e-01
0.00000000e+00 1.03679327e-01
0.00000000e+00 1.06177624e-01
0.00000000e+00 1.08675921e-01
0.00000000e+00 1.11174218e-01
0.00000000e+00 1.13672515e-01
0.00000000e+00 1.16170812e-01
0.00000000e+00 1.18669109e-01
0.00000000e+00 1.21167407e-01
0.00000000e+00 1.23665704e-01
0.00000000e+00 1.26164001e-01
0.00000000e+00 1.28662298e-01
0.00000000e+00 1.31160595e-01
0.00000000e+00 1.33658892e-01
0.00000000e+00 1.36157189e-01
0.00000000e+00 1.38655486e-01
0.00000000e+00 1.41153783e-01
0.00000000e+00 1.43652080e-01
0.00000000e+00 1.46150377e-01
0.00000000e+00 1.48648674e-01
0.00000000e+00 1.51146971e-01
0.00000000e+00 1.53645268e-01
0.00000000e+00 1.56143565e-01
0.00000000e+00 1.58641862e-01
0.00000000e+00 1.61140159e-01
0.00000000e+00 1.63638456e-01
0.00000000e+00 1.66136753e-01
0.00000000e+00 1.68635050e-01
0.00000000e+00 1.71133347e-01
0.00000000e+00 1.73631644e-01
0.00000000e+00 1.76129941e-01
0.00000000e+00 1.78628238e-01
0.00000000e+00 1.81126536e-01
0.00000000e+00 1.83624833e-01
0.00000000e+00 1.86123130e-01
0.00000000e+00 1.88621427e-01
0.00000000e+00 1.91119724e-01
0.00000000e+00 1.93618021e-01
0.00000000e+00 1.96116318e-01
0.00000000e+00 1.98614615e-01
0.00000000e+00 2.01112912e-01
0.00000000e+00 2.03611209e-01
0.00000000e+00 2.06109506e-01
0.00000000e+00 2.08607803e-01
0.00000000e+00 2.11106100e-01
0.00000000e+00 2.13604397e-01
0.00000000e+00 2.16102694e-01
0.00000000e+00 2.18600991e-01
0.00000000e+00 2.21099288e-01
0.00000000e+00 2.23597585e-01
0.00000000e+00 2.26095882e-01
0.00000000e+00 2.28594179e-01
0.00000000e+00 2.31092476e-01
0.00000000e+00 2.33590773e-01
0.00000000e+00 2.36089070e-01
0.00000000e+00 2.38587367e-01
0.00000000e+00 2.41085665e-01
0.00000000e+00 2.43583962e-01
0.00000000e+00 2.46082259e-01
0.00000000e+00 2.48580556e-01
0.00000000e+00 2.51078853e-01
0.00000000e+00 2.53577150e-01
0.00000000e+00 2.56075447e-01
0.00000000e+00 2.58573744e-01
0.00000000e+00 2.61072041e-01
0.00000000e+00 2.63570338e-01
0.00000000e+00 2.66068635e-01
0.00000000e+00 2.68566932e-01
0.00000000e+00 2.71065229e-01
0.00000000e+00 2.73563526e-01
0.00000000e+00 2.76061823e-01
0.00000000e+00 2.78560120e-01
0.00000000e+00 2.81058417e-01
0.00000000e+00 2.83556714e-01
0.00000000e+00 2.86055011e-01
0.00000000e+00 2.88553308e-01
0.00000000e+00 2.91051605e-01
0.00000000e+00 2.93549902e-01
0.00000000e+00 2.96048199e-01
0.00000000e+00 2.98546497e-01
0.00000000e+00 3.01044794e-01
0.00000000e+00 3.03543091e-01
0.00000000e+00 3.06041388e-01
0.00000000e+00 3.08539685e-01
0.00000000e+00 3.11037982e-01
0.00000000e+00 3.13536279e-01
0.00000000e+00 3.16034576e-01
0.00000000e+00 3.18532873e-01
0.00000000e+00 3.21031170e-01
0.00000000e+00 3.23529467e-01
0.00000000e+00 3.26027764e-01
0.00000000e+00 3.28526061e-01
0.00000000e+00 3.31024358e-01
0.00000000e+00 3.33522655e-01
0.00000000e+00 3.36020952e-01
0.00000000e+00 3.38519249e-01
0.00000000e+00 3.41017546e-01
0.00000000e+00 3.43515843e-01
0.00000000e+00 3.46014140e-01
0.00000000e+00 3.48512437e-01
0.00000000e+00 3.51010734e-01
0.00000000e+00 3.53509031e-01
0.00000000e+00 3.56007328e-01
0.00000000e+00 3.58505626e-01
0.00000000e+00 3.61003923e-01
0.00000000e+00 3.63502220e-01
0.00000000e+00 3.66000517e-01
0.00000000e+00 3.68498814e-01
0.00000000e+00 3.70997111e-01
0.00000000e+00 3.73495408e-01
0.00000000e+00 3.75993705e-01
0.00000000e+00 3.78492002e-01
0.00000000e+00 3.80990299e-01
0.00000000e+00 3.83488596e-01
0.00000000e+00 3.85986893e-01
0.00000000e+00 3.88485190e-01
0.00000000e+00 3.90983487e-01
0.00000000e+00 3.93481784e-01
0.00000000e+00 3.95980081e-01
0.00000000e+00 3.98478378e-01
0.00000000e+00 4.00976675e-01
0.00000000e+00 4.03474972e-01
0.00000000e+00 4.05973269e-01
0.00000000e+00 4.08471566e-01
0.00000000e+00 4.10969863e-01
0.00000000e+00 4.13468160e-01
0.00000000e+00 4.15966457e-01
0.00000000e+00 4.18464755e-01
0.00000000e+00 4.20963052e-01
0.00000000e+00 4.23461349e-01
0.00000000e+00 4.25959646e-01
0.00000000e+00 4.28457943e-01
0.00000000e+00 4.30956240e-01
0.00000000e+00 4.33454537e-01
0.00000000e+00 4.35952834e-01
0.00000000e+00 4.38451131e-01
0.00000000e+00 4.40949428e-01
0.00000000e+00 4.43447725e-01
0.00000000e+00 4.45946022e-01
0.00000000e+00 4.48444319e-01
0.00000000e+00 4.50942616e-01
0.00000000e+00 4.53440913e-01
0.00000000e+00 4.55939210e-01
0.00000000e+00 4.58437507e-01
0.00000000e+00 4.60935804e-01
0.00000000e+00 4.63434101e-01
0.00000000e+00 4.65932398e-01
0.00000000e+00 4.68430695e-01
0.00000000e+00 4.70928992e-01
0.00000000e+00 4.73427289e-01
0.00000000e+00 4.75925586e-01
0.00000000e+00 4.78423884e-01
0.00000000e+00 4.80922181e-01
0.00000000e+00 4.83420478e-01
0.00000000e+00 4.85918775e-01
0.00000000e+00 4.88417072e-01
0.00000000e+00 4.90915369e-01
0.00000000e+00 4.93413666e-01
0.00000000e+00 4.95911963e-01
0.00000000e+00 4.98410260e-01
0.00000000e+00 5.00908557e-01
