% L-Bracket Geometry
% N_total=968, N_horizontal=484, N_vertical=484
% Resolution: 100 segments per wavelength
% Format: x(m) y(m)
5.16889043e-04 0.00000000e+00
1.55066713e-03 0.00000000e+00
2.58444522e-03 0.00000000e+00
3.61822330e-03 0.00000000e+00
4.65200139e-03 0.00000000e+00
5.68577947e-03 0.00000000e+00
6.71955756e-03 0.00000000e+00
7.75333565e-03 0.00000000e+00
8.78711373e-03 0.00000000e+00
9.82089182e-03 0.00000000e+00
1.08546699e-02 0.00000000e+00
1.18884480e-02 0.00000000e+00
1.29222261e-02 0.00000000e+00
1.39560042e-02 0.00000000e+00
1.49897823e-02 0.00000000e+00
1.60235603e-02 0.00000000e+00
1.70573384e-02 0.00000000e+00
1.80911165e-02 0.00000000e+00
1.91248946e-02 0.00000000e+00
2.01586727e-02 0.00000000e+00
2.11924508e-02 0.00000000e+00
2.22262289e-02 0.00000000e+00
2.32600069e-02 0.00000000e+00
2.42937850e-02 0.00000000e+00
2.53275631e-02 0.00000000e+00
2.63613412e-02 0.00000000e+00
2.73951193e-02 0.00000000e+00
2.84288974e-02 0.00000000e+00
2.94626755e-02 0.00000000e+00
3.04964535e-02 0.00000000e+00
3.15302316e-02 0.00000000e+00
3.25640097e-02 0.00000000e+00
3.35977878e-02 0.00000000e+00
3.46315659e-02 0.00000000e+00
3.56653440e-02 0.00000000e+00
3.66991221e-02 0.00000000e+00
3.77329001e-02 0.00000000e+00
3.87666782e-02 0.00000000e+00
3.98004563e-02 0.00000000e+00
4.08342344e-02 0.00000000e+00
4.18680125e-02 0.00000000e+00
4.29017906e-02 0.00000000e+00
4.39355687e-02 0.00000000e+00
4.49693468e-02 0.00000000e+00
4.60031248e-02 0.00000000e+00
4.70369029e-02 0.00000000e+00
4.80706810e-02 0.00000000e+00
4.91044591e-02 0.00000000e+00
5.01382372e-02 0.00000000e+00
5.11720153e-02 0.00000000e+00
5.22057934e-02 0.00000000e+00
5.32395714e-02 0.00000000e+00
5.42733495e-02 0.00000000e+00
5.53071276e-02 0.00000000e+00
5.63409057e-02 0.00000000e+00
5.73746838e-02 0.00000000e+00
5.84084619e-02 0.00000000e+00
5.94422400e-02 0.00000000e+00
6.04760180e-02 0.00000000e+00
6.15097961e-02 0.00000000e+00
6.25435742e-02 0.00000000e+00
6.35773523e-02 0.00000000e+00
6.46111304e-02 0.00000000e+00
6.56449085e-02 0.00000000e+00
6.66786866e-02 0.00000000e+00
6.77124647e-02 0.00000000e+00
6.87462427e-02 0.00000000e+00
6.97800208e-02 0.00000000e+00
7.08137989e-02 0.00000000e+00
7.18475770e-02 0.00000000e+00
7.28813551e-02 0.00000000e+00
7.39151332e-02 0.00000000e+00
7.49489113e-02 0.00000000e+00
7.59826893e-02 0.00000000e+00
7.70164674e-02 0.00000000e+00
7.80502455e-02 0.00000000e+00
7.90840236e-02 0.00000000e+00
8.01178017e-02 0.00000000e+00
8.11515798e-02 0.00000000e+00
8.21853579e-02 0.00000000e+00
8.32191359e-02 0.00000000e+00
8.42529140e-02 0.00000000e+00
8.52866921e-02 0.00000000e+00
8.63204702e-02 0.00000000e+00
8.73542483e-02 0.00000000e+00
8.83880264e-02 0.00000000e+00
8.94218045e-02 0.00000000e+00
9.04555825e-02 0.00000000e+00
9.14893606e-02 0.00000000e+00
9.25231387e-02 0.00000000e+00
9.35569168e-02 0.00000000e+00
9.45906949e-02 0.00000000e+00
9.56244730e-02 0.00000000e+00
9.66582511e-02 0.00000000e+00
9.76920292e-02 0.00000000e+00
9.87258072e-02 0.00000000e+00
9.97595853e-02 0.00000000e+00
1.00793363e-01 0.00000000e+00
1.01827141e-01 0.00000000e+00
1.02860920e-01 0.00000000e+00
1.03894698e-01 0.00000000e+00
1.04928476e-01 0.00000000e+00
1.05962254e-01 0.00000000e+00
1.06996032e-01 0.00000000e+00
1.08029810e-01 0.00000000e+00
1.09063588e-01 0.00000000e+00
1.10097366e-01 0.00000000e+00
1.11131144e-01 0.00000000e+00
1.12164922e-01 0.00000000e+00
1.13198700e-01 0.00000000e+00
1.14232479e-01 0.00000000e+00
1.15266257e-01 0.00000000e+00
1.16300035e-01 0.00000000e+00
1.17333813e-01 0.00000000e+00
1.18367591e-01 0.00000000e+00
1.19401369e-01 0.00000000e+00
1.20435147e-01 0.00000000e+00
1.21468925e-01 0.00000000e+00
1.22502703e-01 0.00000000e+00
1.23536481e-01 0.00000000e+00
1.24570259e-01 0.00000000e+00
1.25604037e-01 0.00000000e+00
1.26637816e-01 0.00000000e+00
1.27671594e-01 0.00000000e+00
1.28705372e-01 0.00000000e+00
1.29739150e-01 0.00000000e+00
1.30772928e-01 0.00000000e+00
1.31806706e-01 0.00000000e+00
1.32840484e-01 0.00000000e+00
1.33874262e-01 0.00000000e+00
1.34908040e-01 0.00000000e+00
1.35941818e-01 0.00000000e+00
1.36975596e-01 0.00000000e+00
1.38009375e-01 0.00000000e+00
1.39043153e-01 0.00000000e+00
1.40076931e-01 0.00000000e+00
1.41110709e-01 0.00000000e+00
1.42144487e-01 0.00000000e+00
1.43178265e-01 0.00000000e+00
1.44212043e-01 0.00000000e+00
1.45245821e-01 0.00000000e+00
1.46279599e-01 0.00000000e+00
1.47313377e-01 0.00000000e+00
1.48347155e-01 0.00000000e+00
1.49380933e-01 0.00000000e+00
1.50414712e-01 0.00000000e+00
1.51448490e-01 0.00000000e+00
1.52482268e-01 0.00000000e+00
1.53516046e-01 0.00000000e+00
1.54549824e-01 0.00000000e+00
1.55583602e-01 0.00000000e+00
1.56617380e-01 0.00000000e+00
1.57651158e-01 0.00000000e+00
1.58684936e-01 0.00000000e+00
1.59718714e-01 0.00000000e+00
1.60752492e-01 0.00000000e+00
1.61786271e-01 0.00000000e+00
1.62820049e-01 0.00000000e+00
1.63853827e-01 0.00000000e+00
1.64887605e-01 0.00000000e+00
1.65921383e-01 0.00000000e+00
1.66955161e-01 0.00000000e+00
1.67988939e-01 0.00000000e+00
1.69022717e-01 0.00000000e+00
1.70056495e-01 0.00000000e+00
1.71090273e-01 0.00000000e+00
1.72124051e-01 0.00000000e+00
1.73157829e-01 0.00000000e+00
1.74191608e-01 0.00000000e+00
1.75225386e-01 0.00000000e+00
1.76259164e-01 0.00000000e+00
1.77292942e-01 0.00000000e+00
1.78326720e-01 0.00000000e+00
1.79360498e-01 0.00000000e+00
1.80394276e-01 0.00000000e+00
1.81428054e-01 0.00000000e+00
1.82461832e-01 0.00000000e+00
1.83495610e-01 0.00000000e+00
1.84529388e-01 0.00000000e+00
1.85563166e-01 0.00000000e+00
1.86596945e-01 0.00000000e+00
1.87630723e-01 0.00000000e+00
1.88664501e-01 0.00000000e+00
1.89698279e-01 0.00000000e+00
1.90732057e-01 0.00000000e+00
1.91765835e-01 0.00000000e+00
1.92799613e-01 0.00000000e+00
1.93833391e-01 0.00000000e+00
1.94867169e-01 0.00000000e+00
1.95900947e-01 0.00000000e+00
1.96934725e-01 0.00000000e+00
1.97968504e-01 0.00000000e+00
1.99002282e-01 0.00000000e+00
2.00036060e-01 0.00000000e+00
2.01069838e-01 0.00000000e+00
2.02103616e-01 0.00000000e+00
2.03137394e-01 0.00000000e+00
2.04171172e-01 0.00000000e+00
2.05204950e-01 0.00000000e+00
2.06238728e-01 0.00000000e+00
2.07272506e-01 0.00000000e+00
2.08306284e-01 0.00000000e+00
2.09340062e-01 0.00000000e+00
2.10373841e-01 0.00000000e+00
2.11407619e-01 0.00000000e+00
2.12441397e-01 0.00000000e+00
2.13475175e-01 0.00000000e+00
2.14508953e-01 0.00000000e+00
2.15542731e-01 0.00000000e+00
2.16576509e-01 0.00000000e+00
2.17610287e-01 0.00000000e+00
2.18644065e-01 0.00000000e+00
2.19677843e-01 0.00000000e+00
2.20711621e-01 0.00000000e+00
2.21745400e-01 0.00000000e+00
2.22779178e-01 0.00000000e+00
2.23812956e-01 0.00000000e+00
2.24846734e-01 0.00000000e+00
2.25880512e-01 0.00000000e+00
2.26914290e-01 0.00000000e+00
2.27948068e-01 0.00000000e+00
2.28981846e-01 0.00000000e+00
2.30015624e-01 0.00000000e+00
2.31049402e-01 0.00000000e+00
2.32083180e-01 0.00000000e+00
2.33116958e-01 0.00000000e+00
2.34150737e-01 0.00000000e+00
2.35184515e-01 0.00000000e+00
2.36218293e-01 0.00000000e+00
2.37252071e-01 0.00000000e+00
2.38285849e-01 0.00000000e+00
2.39319627e-01 0.00000000e+00
2.40353405e-01 0.00000000e+00
2.41387183e-01 0.00000000e+00
2.42420961e-01 0.00000000e+00
2.43454739e-01 0.00000000e+00
2.44488517e-01 0.00000000e+00
2.45522295e-01 0.00000000e+00
2.46556074e-01 0.00000000e+00
2.47589852e-01 0.00000000e+00
2.48623630e-01 0.00000000e+00
2.49657408e-01 0.00000000e+00
2.50691186e-01 0.00000000e+00
2.51724964e-01 0.00000000e+00
2.52758742e-01 0.00000000e+00
2.53792520e-01 0.00000000e+00
2.54826298e-01 0.00000000e+00
2.55860076e-01 0.00000000e+00
2.56893854e-01 0.00000000e+00
2.57927633e-01 0.00000000e+00
2.58961411e-01 0.00000000e+00
2.59995189e-01 0.00000000e+00
2.61028967e-01 0.00000000e+00
2.62062745e-01 0.00000000e+00
2.63096523e-01 0.00000000e+00
2.64130301e-01 0.00000000e+00
2.65164079e-01 0.00000000e+00
2.66197857e-01 0.00000000e+00
2.67231635e-01 0.00000000e+00
2.68265413e-01 0.00000000e+00
2.69299191e-01 0.00000000e+00
2.70332970e-01 0.00000000e+00
2.71366748e-01 0.00000000e+00
2.72400526e-01 0.00000000e+00
2.73434304e-01 0.00000000e+00
2.74468082e-01 0.00000000e+00
2.75501860e-01 0.00000000e+00
2.76535638e-01 0.00000000e+00
2.77569416e-01 0.00000000e+00
2.78603194e-01 0.00000000e+00
2.79636972e-01 0.00000000e+00
2.80670750e-01 0.00000000e+00
2.81704529e-01 0.00000000e+00
2.82738307e-01 0.00000000e+00
2.83772085e-01 0.00000000e+00
2.84805863e-01 0.00000000e+00
2.85839641e-01 0.00000000e+00
2.86873419e-01 0.00000000e+00
2.87907197e-01 0.00000000e+00
2.88940975e-01 0.00000000e+00
2.89974753e-01 0.00000000e+00
2.91008531e-01 0.00000000e+00
2.92042309e-01 0.00000000e+00
2.93076087e-01 0.00000000e+00
2.94109866e-01 0.00000000e+00
2.95143644e-01 0.00000000e+00
2.96177422e-01 0.00000000e+00
2.97211200e-01 0.00000000e+00
2.98244978e-01 0.00000000e+00
2.99278756e-01 0.00000000e+00
3.00312534e-01 0.00000000e+00
3.01346312e-01 0.00000000e+00
3.02380090e-01 0.00000000e+00
3.03413868e-01 0.00000000e+00
3.04447646e-01 0.00000000e+00
3.05481424e-01 0.00000000e+00
3.06515203e-01 0.00000000e+00
3.07548981e-01 0.00000000e+00
3.08582759e-01 0.00000000e+00
3.09616537e-01 0.00000000e+00
3.10650315e-01 0.00000000e+00
3.11684093e-01 0.00000000e+00
3.12717871e-01 0.00000000e+00
3.13751649e-01 0.00000000e+00
3.14785427e-01 0.00000000e+00
3.15819205e-01 0.00000000e+00
3.16852983e-01 0.00000000e+00
3.17886762e-01 0.00000000e+00
3.18920540e-01 0.00000000e+00
3.19954318e-01 0.00000000e+00
3.20988096e-01 0.00000000e+00
3.22021874e-01 0.00000000e+00
3.23055652e-01 0.00000000e+00
3.24089430e-01 0.00000000e+00
3.25123208e-01 0.00000000e+00
3.26156986e-01 0.00000000e+00
3.27190764e-01 0.00000000e+00
3.28224542e-01 0.00000000e+00
3.29258320e-01 0.00000000e+00
3.30292099e-01 0.00000000e+00
3.31325877e-01 0.00000000e+00
3.32359655e-01 0.00000000e+00
3.33393433e-01 0.00000000e+00
3.34427211e-01 0.00000000e+00
3.35460989e-01 0.00000000e+00
3.36494767e-01 0.00000000e+00
3.37528545e-01 0.00000000e+00
3.38562323e-01 0.00000000e+00
3.39596101e-01 0.00000000e+00
3.40629879e-01 0.00000000e+00
3.41663658e-01 0.00000000e+00
3.42697436e-01 0.00000000e+00
3.43731214e-01 0.00000000e+00
3.44764992e-01 0.00000000e+00
3.45798770e-01 0.00000000e+00
3.46832548e-01 0.00000000e+00
3.47866326e-01 0.00000000e+00
3.48900104e-01 0.00000000e+00
3.49933882e-01 0.00000000e+00
3.50967660e-01 0.00000000e+00
3.52001438e-01 0.00000000e+00
3.53035216e-01 0.00000000e+00
3.54068995e-01 0.00000000e+00
3.55102773e-01 0.00000000e+00
3.56136551e-01 0.00000000e+00
3.57170329e-01 0.00000000e+00
3.58204107e-01 0.00000000e+00
3.59237885e-01 0.00000000e+00
3.60271663e-01 0.00000000e+00
3.61305441e-01 0.00000000e+00
3.62339219e-01 0.00000000e+00
3.63372997e-01 0.00000000e+00
3.64406775e-01 0.00000000e+00
3.65440554e-01 0.00000000e+00
3.66474332e-01 0.00000000e+00
3.67508110e-01 0.00000000e+00
3.68541888e-01 0.00000000e+00
3.69575666e-01 0.00000000e+00
3.70609444e-01 0.00000000e+00
3.71643222e-01 0.00000000e+00
3.72677000e-01 0.00000000e+00
3.73710778e-01 0.00000000e+00
3.74744556e-01 0.00000000e+00
3.75778334e-01 0.00000000e+00
3.76812112e-01 0.00000000e+00
3.77845891e-01 0.00000000e+00
3.78879669e-01 0.00000000e+00
3.79913447e-01 0.00000000e+00
3.80947225e-01 0.00000000e+00
3.81981003e-01 0.00000000e+00
3.83014781e-01 0.00000000e+00
3.84048559e-01 0.00000000e+00
3.85082337e-01 0.00000000e+00
3.86116115e-01 0.00000000e+00
3.87149893e-01 0.00000000e+00
3.88183671e-01 0.00000000e+00
3.89217449e-01 0.00000000e+00
3.90251228e-01 0.00000000e+00
3.91285006e-01 0.00000000e+00
3.92318784e-01 0.00000000e+00
3.93352562e-01 0.00000000e+00
3.94386340e-01 0.00000000e+00
3.95420118e-01 0.00000000e+00
3.96453896e-01 0.00000000e+00
3.97487674e-01 0.00000000e+00
3.98521452e-01 0.00000000e+00
3.99555230e-01 0.00000000e+00
4.00589008e-01 0.00000000e+00
4.01622787e-01 0.00000000e+00
4.02656565e-01 0.00000000e+00
4.03690343e-01 0.00000000e+00
4.04724121e-01 0.00000000e+00
4.05757899e-01 0.00000000e+00
4.06791677e-01 0.00000000e+00
4.07825455e-01 0.00000000e+00
4.08859233e-01 0.00000000e+00
4.09893011e-01 0.00000000e+00
4.10926789e-01 0.00000000e+00
4.11960567e-01 0.00000000e+00
4.12994345e-01 0.00000000e+00
4.14028124e-01 0.00000000e+00
4.15061902e-01 0.00000000e+00
4.16095680e-01 0.00000000e+00
4.17129458e-01 0.00000000e+00
4.18163236e-01 0.00000000e+00
4.19197014e-01 0.00000000e+00
4.20230792e-01 0.00000000e+00
4.21264570e-01 0.00000000e+00
4.22298348e-01 0.00000000e+00
4.23332126e-01 0.00000000e+00
4.24365904e-01 0.00000000e+00
4.25399683e-01 0.00000000e+00
4.26433461e-01 0.00000000e+00
4.27467239e-01 0.00000000e+00
4.28501017e-01 0.00000000e+00
4.29534795e-01 0.00000000e+00
4.30568573e-01 0.00000000e+00
4.31602351e-01 0.00000000e+00
4.32636129e-01 0.00000000e+00
4.33669907e-01 0.00000000e+00
4.34703685e-01 0.00000000e+00
4.35737463e-01 0.00000000e+00
4.36771241e-01 0.00000000e+00
4.37805020e-01 0.00000000e+00
4.38838798e-01 0.00000000e+00
4.39872576e-01 0.00000000e+00
4.40906354e-01 0.00000000e+00
4.41940132e-01 0.00000000e+00
4.42973910e-01 0.00000000e+00
4.44007688e-01 0.00000000e+00
4.45041466e-01 0.00000000e+00
4.46075244e-01 0.00000000e+00
4.47109022e-01 0.00000000e+00
4.48142800e-01 0.00000000e+00
4.49176578e-01 0.00000000e+00
4.50210357e-01 0.00000000e+00
4.51244135e-01 0.00000000e+00
4.52277913e-01 0.00000000e+00
4.53311691e-01 0.00000000e+00
4.54345469e-01 0.00000000e+00
4.55379247e-01 0.00000000e+00
4.56413025e-01 0.00000000e+00
4.57446803e-01 0.00000000e+00
4.58480581e-01 0.00000000e+00
4.59514359e-01 0.00000000e+00
4.60548137e-01 0.00000000e+00
4.61581916e-01 0.00000000e+00
4.62615694e-01 0.00000000e+00
4.63649472e-01 0.00000000e+00
4.64683250e-01 0.00000000e+00
4.65717028e-01 0.00000000e+00
4.66750806e-01 0.00000000e+00
4.67784584e-01 0.00000000e+00
4.68818362e-01 0.00000000e+00
4.69852140e-01 0.00000000e+00
4.70885918e-01 0.00000000e+00
4.71919696e-01 0.00000000e+00
4.72953474e-01 0.00000000e+00
4.73987253e-01 0.00000000e+00
4.75021031e-01 0.00000000e+00
4.76054809e-01 0.00000000e+00
4.77088587e-01 0.00000000e+00
4.78122365e-01 0.00000000e+00
4.79156143e-01 0.00000000e+00
4.80189921e-01 0.00000000e+00
4.81223699e-01 0.00000000e+00
4.82257477e-01 0.00000000e+00
4.83291255e-01 0.00000000e+00
4.84325033e-01 0.00000000e+00
4.85358812e-01 0.00000000e+00
4.86392590e-01 0.00000000e+00
4.87426368e-01 0.00000000e+00
4.88460146e-01 0.00000000e+00
4.89493924e-01 0.00000000e+00
4.90527702e-01 0.00000000e+00
4.91561480e-01 0.00000000e+00
4.92595258e-01 0.00000000e+00
4.93629036e-01 0.00000000e+00
4.94662814e-01 0.00000000e+00
4.95696592e-01 0.00000000e+00
4.96730370e-01 0.00000000e+00
4.97764149e-01 0.00000000e+00
4.98797927e-01 0.00000000e+00
4.99831705e-01 0.00000000e+00
0.00000000e+00 5.16889043e-04
0.00000000e+00 1.55066713e-03
0.00000000e+00 2.58444522e-03
0.00000000e+00 3.61822330e-03
0.00000000e+00 4.65200139e-03
0.00000000e+00 5.68577947e-03
0.00000000e+00 6.71955756e-03
0.00000000e+00 7.75333565e-03
0.00000000e+00 8.78711373e-03
0.00000000e+00 9.82089182e-03
0.00000000e+00 1.08546699e-02
0.00000000e+00 1.18884480e-02
0.00000000e+00 1.29222261e-02
0.00000000e+00 1.39560042e-02
0.00000000e+00 1.49897823e-02
0.00000000e+00 1.60235603e-02
0.00000000e+00 1.70573384e-02
0.00000000e+00 1.80911165e-02
0.00000000e+00 1.91248946e-02
0.00000000e+00 2.01586727e-02
0.00000000e+00 2.11924508e-02
0.00000000e+00 2.22262289e-02
0.00000000e+00 2.32600069e-02
0.00000000e+00 2.42937850e-02
0.00000000e+00 2.53275631e-02
0.00000000e+00 2.63613412e-02
0.00000000e+00 2.73951193e-02
0.00000000e+00 2.84288974e-02
0.00000000e+00 2.94626755e-02
0.00000000e+00 3.04964535e-02
0.00000000e+00 3.15302316e-02
0.00000000e+00 3.25640097e-02
0.00000000e+00 3.35977878e-02
0.00000000e+00 3.46315659e-02
0.00000000e+00 3.56653440e-02
0.00000000e+00 3.66991221e-02
0.00000000e+00 3.77329001e-02
0.00000000e+00 3.87666782e-02
0.00000000e+00 3.98004563e-02
0.00000000e+00 4.08342344e-02
0.00000000e+00 4.18680125e-02
0.00000000e+00 4.29017906e-02
0.00000000e+00 4.39355687e-02
0.00000000e+00 4.49693468e-02
0.00000000e+00 4.60031248e-02
0.00000000e+00 4.70369029e-02
0.00000000e+00 4.80706810e-02
0.00000000e+00 4.91044591e-02
0.00000000e+00 5.01382372e-02
0.00000000e+00 5.11720153e-02
0.00000000e+00 5.22057934e-02
0.00000000e+00 5.32395714e-02
0.00000000e+00 5.42733495e-02
0.00000000e+00 5.53071276e-02
0.00000000e+00 5.63409057e-02
0.00000000e+00 5.73746838e-02
0.00000000e+00 5.84084619e-02
0.00000000e+00 5.94422400e-02
0.00000000e+00 6.04760180e-02
0.00000000e+00 6.15097961e-02
0.00000000e+00 6.25435742e-02
0.00000000e+00 6.35773523e-02
0.00000000e+00 6.46111304e-02
0.00000000e+00 6.56449085e-02
0.00000000e+00 6.66786866e-02
0.00000000e+00 6.77124647e-02
0.00000000e+00 6.87462427e-02
0.00000000e+00 6.97800208e-02
0.00000000e+00 7.08137989e-02
0.00000000e+00 7.18475770e-02
0.00000000e+00 7.28813551e-02
0.00000000e+00 7.39151332e-02
0.00000000e+00 7.49489113e-02
0.00000000e+00 7.59826893e-02
0.00000000e+00 7.70164674e-02
0.00000000e+00 7.80502455e-02
0.00000000e+00 7.90840236e-02
0.00000000e+00 8.01178017e-02
0.00000000e+00 8.11515798e-02
0.00000000e+00 8.21853579e-02
0.00000000e+00 8.32191359e-02
0.00000000e+00 8.42529140e-02
0.00000000e+00 8.52866921e-02
0.00000000e+00 8.63204702e-02
0.00000000e+00 8.73542483e-02
0.00000000e+00 8.83880264e-02
0.00000000e+00 8.94218045e-02
0.00000000e+00 9.04555825e-02
0.00000000e+00 9.14893606e-02
0.00000000e+00 9.25231387e-02
0.00000000e+00 9.35569168e-02
0.00000000e+00 9.45906949e-02
0.00000000e+00 9.56244730e-02
0.00000000e+00 9.66582511e-02
0.00000000e+00 9.76920292e-02
0.00000000e+00 9.87258072e-02
0.00000000e+00 9.97595853e-02
0.00000000e+00 1.00793363e-01
0.00000000e+00 1.01827141e-01
0.00000000e+00 1.02860920e-01
0.00000000e+00 1.03894698e-01
0.00000000e+00 1.04928476e-01
0.00000000e+00 1.05962254e-01
0.00000000e+00 1.06996032e-01
0.00000000e+00 1.08029810e-01
0.00000000e+00 1.09063588e-01
0.00000000e+00 1.10097366e-01
0.00000000e+00 1.11131144e-01
0.00000000e+00 1.12164922e-01
0.00000000e+00 1.13198700e-01
0.00000000e+00 1.14232479e-01
0.00000000e+00 1.15266257e-01
0.00000000e+00 1.16300035e-01
0.00000000e+00 1.17333813e-01
0.00000000e+00 1.18367591e-01
0.00000000e+00 1.19401369e-01
0.00000000e+00 1.20435147e-01
0.00000000e+00 1.21468925e-01
0.00000000e+00 1.22502703e-01
0.00000000e+00 1.23536481e-01
0.00000000e+00 1.24570259e-01
0.00000000e+00 1.25604037e-01
0.00000000e+00 1.26637816e-01
0.00000000e+00 1.27671594e-01
0.00000000e+00 1.28705372e-01
0.00000000e+00 1.29739150e-01
0.00000000e+00 1.30772928e-01
0.00000000e+00 1.31806706e-01
0.00000000e+00 1.32840484e-01
0.00000000e+00 1.33874262e-01
0.00000000e+00 1.34908040e-01
0.00000000e+00 1.35941818e-01
0.00000000e+00 1.36975596e-01
0.00000000e+00 1.38009375e-01
0.00000000e+00 1.39043153e-01
0.00000000e+00 1.40076931e-01
0.00000000e+00 1.41110709e-01
0.00000000e+00 1.42144487e-01
0.00000000e+00 1.43178265e-01
0.00000000e+00 1.44212043e-01
0.00000000e+00 1.45245821e-01
0.00000000e+00 1.46279599e-01
0.00000000e+00 1.47313377e-01
0.00000000e+00 1.48347155e-01
0.00000000e+00 1.49380933e-01
0.00000000e+00 1.50414712e-01
0.00000000e+00 1.51448490e-01
0.00000000e+00 1.52482268e-01
0.00000000e+00 1.53516046e-01
0.00000000e+00 1.54549824e-01
0.00000000e+00 1.55583602e-01
0.00000000e+00 1.56617380e-01
0.00000000e+00 1.57651158e-01
0.00000000e+00 1.58684936e-01
0.00000000e+00 1.59718714e-01
0.00000000e+00 1.60752492e-01
0.00000000e+00 1.61786271e-01
0.00000000e+00 1.62820049e-01
0.00000000e+00 1.63853827e-01
0.00000000e+00 1.64887605e-01
0.00000000e+00 1.65921383e-01
0.00000000e+00 1.66955161e-01
0.00000000e+00 1.67988939e-01
0.00000000e+00 1.69022717e-01
0.00000000e+00 1.70056495e-01
0.00000000e+00 1.71090273e-01
0.00000000e+00 1.72124051e-01
0.00000000e+00 1.73157829e-01
0.00000000e+00 1.74191608e-01
0.00000000e+00 1.75225386e-01
0.00000000e+00 1.76259164e-01
0.00000000e+00 1.77292942e-01
0.00000000e+00 1.78326720e-01
0.00000000e+00 1.79360498e-01
0.00000000e+00 1.80394276e-01
0.00000000e+00 1.81428054e-01
0.00000000e+00 1.82461832e-01
0.00000000e+00 1.83495610e-01
0.00000000e+00 1.84529388e-01
0.00000000e+00 1.85563166e-01
0.00000000e+00 1.86596945e-01
0.00000000e+00 1.87630723e-01
0.00000000e+00 1.88664501e-01
0.00000000e+00 1.89698279e-01
0.00000000e+00 1.90732057e-01
0.00000000e+00 1.91765835e-01
0.00000000e+00 1.92799613e-01
0.00000000e+00 1.93833391e-01
0.00000000e+00 1.94867169e-01
0.00000000e+00 1.95900947e-01
0.00000000e+00 1.96934725e-01
0.00000000e+00 1.97968504e-01
0.00000000e+00 1.99002282e-01
0.00000000e+00 2.00036060e-01
0.00000000e+00 2.01069838e-01
0.00000000e+00 2.02103616e-01
0.00000000e+00 2.03137394e-01
0.00000000e+00 2.04171172e-01
0.00000000e+00 2.05204950e-01
0.00000000e+00 2.06238728e-01
0.00000000e+00 2.07272506e-01
0.00000000e+00 2.08306284e-01
0.00000000e+00 2.09340062e-01
0.00000000e+00 2.10373841e-01
0.00000000e+00 2.11407619e-01
0.00000000e+00 2.12441397e-01
0.00000000e+00 2.13475175e-01
0.00000000e+00 2.14508953e-01
0.00000000e+00 2.15542731e-01
0.00000000e+00 2.16576509e-01
0.00000000e+00 2.17610287e-01
0.00000000e+00 2.18644065e-01
0.00000000e+00 2.19677843e-01
0.00000000e+00 2.20711621e-01
0.00000000e+00 2.21745400e-01
0.00000000e+00 2.22779178e-01
0.00000000e+00 2.23812956e-01
0.00000000e+00 2.24846734e-01
0.00000000e+00 2.25880512e-01
0.00000000e+00 2.26914290e-01
0.00000000e+00 2.27948068e-01
0.00000000e+00 2.28981846e-01
0.00000000e+00 2.30015624e-01
0.00000000e+00 2.31049402e-01
0.00000000e+00 2.32083180e-01
0.00000000e+00 2.33116958e-01
0.00000000e+00 2.34150737e-01
0.00000000e+00 2.35184515e-01
0.00000000e+00 2.36218293e-01
0.00000000e+00 2.37252071e-01
0.00000000e+00 2.38285849e-01
0.00000000e+00 2.39319627e-01
0.00000000e+00 2.40353405e-01
0.00000000e+00 2.41387183e-01
0.00000000e+00 2.42420961e-01
0.00000000e+00 2.43454739e-01
0.00000000e+00 2.44488517e-01
0.00000000e+00 2.45522295e-01
0.00000000e+00 2.46556074e-01
0.00000000e+00 2.47589852e-01
0.00000000e+00 2.48623630e-01
0.00000000e+00 2.49657408e-01
0.00000000e+00 2.50691186e-01
0.00000000e+00 2.51724964e-01
0.00000000e+00 2.52758742e-01
0.00000000e+00 2.53792520e-01
0.00000000e+00 2.54826298e-01
0.00000000e+00 2.55860076e-01
0.00000000e+00 2.56893854e-01
0.00000000e+00 2.57927633e-01
0.00000000e+00 2.58961411e-01
0.00000000e+00 2.59995189e-01
0.00000000e+00 2.61028967e-01
0.00000000e+00 2.62062745e-01
0.00000000e+00 2.63096523e-01
0.00000000e+00 2.64130301e-01
0.00000000e+00 2.65164079e-01
0.00000000e+00 2.66197857e-01
0.00000000e+00 2.67231635e-01
0.00000000e+00 2.68265413e-01
0.00000000e+00 2.69299191e-01
0.00000000e+00 2.70332970e-01
0.00000000e+00 2.71366748e-01
0.00000000e+00 2.72400526e-01
0.00000000e+00 2.73434304e-01
0.00000000e+00 2.74468082e-01
0.00000000e+00 2.75501860e-01
0.00000000e+00 2.76535638e-01
0.00000000e+00 2.77569416e-01
0.00000000e+00 2.78603194e-01
0.00000000e+00 2.79636972e-01
0.00000000e+00 2.80670750e-01
0.00000000e+00 2.81704529e-01
0.00000000e+00 2.82738307e-01
0.00000000e+00 2.83772085e-01
0.00000000e+00 2.84805863e-01
0.00000000e+00 2.85839641e-01
0.00000000e+00 2.86873419e-01
0.00000000e+00 2.87907197e-01
0.00000000e+00 2.88940975e-01
0.00000000e+00 2.89974753e-01
0.00000000e+00 2.91008531e-01
0.00000000e+00 2.92042309e-01
0.00000000e+00 2.93076087e-01
0.00000000e+00 2.94109866e-01
0.00000000e+00 2.95143644e-01
0.00000000e+00 2.96177422e-01
0.00000000e+00 2.97211200e-01
0.00000000e+00 2.98244978e-01
0.00000000e+00 2.99278756e-01
0.00000000e+00 3.00312534e-01
0.00000000e+00 3.01346312e-01
0.00000000e+00 3.02380090e-01
0.00000000e+00 3.03413868e-01
0.00000000e+00 3.04447646e-01
0.00000000e+00 3.05481424e-01
0.00000000e+00 3.06515203e-01
0.00000000e+00 3.07548981e-01
0.00000000e+00 3.08582759e-01
0.00000000e+00 3.09616537e-01
0.00000000e+00 3.10650315e-01
0.00000000e+00 3.11684093e-01
0.00000000e+00 3.12717871e-01
0.00000000e+00 3.13751649e-01
0.00000000e+00 3.14785427e-01
0.00000000e+00 3.15819205e-01
0.00000000e+00 3.16852983e-01
0.00000000e+00 3.17886762e-01
0.00000000e+00 3.18920540e-01
0.00000000e+00 3.19954318e-01
0.00000000e+00 3.20988096e-01
0.00000000e+00 3.22021874e-01
0.00000000e+00 3.23055652e-01
0.00000000e+00 3.24089430e-01
0.00000000e+00 3.25123208e-01
0.00000000e+00 3.26156986e-01
0.00000000e+00 3.27190764e-01
0.00000000e+00 3.28224542e-01
0.00000000e+00 3.29258320e-01
0.00000000e+00 3.30292099e-01
0.00000000e+00 3.31325877e-01
0.00000000e+00 3.32359655e-01
0.00000000e+00 3.33393433e-01
0.00000000e+00 3.34427211e-01
0.00000000e+00 3.35460989e-01
0.00000000e+00 3.36494767e-01
0.00000000e+00 3.37528545e-01
0.00000000e+00 3.38562323e-01
0.00000000e+00 3.39596101e-01
0.00000000e+00 3.40629879e-01
0.00000000e+00 3.41663658e-01
0.00000000e+00 3.42697436e-01
0.00000000e+00 3.43731214e-01
0.00000000e+00 3.44764992e-01
0.00000000e+00 3.45798770e-01
0.00000000e+00 3.46832548e-01
0.00000000e+00 3.47866326e-01
0.00000000e+00 3.48900104e-01
0.00000000e+00 3.49933882e-01
0.00000000e+00 3.50967660e-01
0.00000000e+00 3.52001438e-01
0.00000000e+00 3.53035216e-01
0.00000000e+00 3.54068995e-01
0.00000000e+00 3.55102773e-01
0.00000000e+00 3.56136551e-01
0.00000000e+00 3.57170329e-01
0.00000000e+00 3.58204107e-01
0.00000000e+00 3.59237885e-01
0.00000000e+00 3.60271663e-01
0.00000000e+00 3.61305441e-01
0.00000000e+00 3.62339219e-01
0.00000000e+00 3.63372997e-01
0.00000000e+00 3.64406775e-01
0.00000000e+00 3.65440554e-01
0.00000000e+00 3.66474332e-01
0.00000000e+00 3.67508110e-01
0.00000000e+00 3.68541888e-01
0.00000000e+00 3.69575666e-01
0.00000000e+00 3.70609444e-01
0.00000000e+00 3.71643222e-01
0.00000000e+00 3.72677000e-01
0.00000000e+00 3.73710778e-01
0.00000000e+00 3.74744556e-01
0.00000000e+00 3.75778334e-01
0.00000000e+00 3.76812112e-01
0.00000000e+00 3.77845891e-01
0.00000000e+00 3.78879669e-01
0.00000000e+00 3.79913447e-01
0.00000000e+00 3.80947225e-01
0.00000000e+00 3.81981003e-01
0.00000000e+00 3.83014781e-01
0.00000000e+00 3.84048559e-01
0.00000000e+00 3.85082337e-01
0.00000000e+00 3.86116115e-01
0.00000000e+00 3.87149893e-01
0.00000000e+00 3.88183671e-01
0.00000000e+00 3.89217449e-01
0.00000000e+00 3.90251228e-01
0.00000000e+00 3.91285006e-01
0.00000000e+00 3.92318784e-01
0.00000000e+00 3.93352562e-01
0.00000000e+00 3.94386340e-01
0.00000000e+00 3.95420118e-01
0.00000000e+00 3.96453896e-01
0.00000000e+00 3.97487674e-01
0.00000000e+00 3.98521452e-01
0.00000000e+00 3.99555230e-01
0.00000000e+00 4.00589008e-01
0.00000000e+00 4.01622787e-01
0.00000000e+00 4.02656565e-01
0.00000000e+00 4.03690343e-01
0.00000000e+00 4.04724121e-01
0.00000000e+00 4.05757899e-01
0.00000000e+00 4.06791677e-01
0.00000000e+00 4.07825455e-01
0.00000000e+00 4.08859233e-01
0.00000000e+00 4.09893011e-01
0.00000000e+00 4.10926789e-01
0.00000000e+00 4.11960567e-01
0.00000000e+00 4.12994345e-01
0.00000000e+00 4.14028124e-01
0.00000000e+00 4.15061902e-01
0.00000000e+00 4.16095680e-01
0.00000000e+00 4.17129458e-01
0.00000000e+00 4.18163236e-01
0.00000000e+00 4.19197014e-01
0.00000000e+00 4.20230792e-01
0.00000000e+00 4.21264570e-01
0.00000000e+00 4.22298348e-01
0.00000000e+00 4.23332126e-01
0.00000000e+00 4.24365904e-01
0.00000000e+00 4.25399683e-01
0.00000000e+00 4.26433461e-01
0.00000000e+00 4.27467239e-01
0.00000000e+00 4.28501017e-01
0.00000000e+00 4.29534795e-01
0.00000000e+00 4.30568573e-01
0.00000000e+00 4.31602351e-01
0.00000000e+00 4.32636129e-01
0.00000000e+00 4.33669907e-01
0.00000000e+00 4.34703685e-01
0.00000000e+00 4.35737463e-01
0.00000000e+00 4.36771241e-01
0.00000000e+00 4.37805020e-01
0.00000000e+00 4.38838798e-01
0.00000000e+00 4.39872576e-01
0.00000000e+00 4.40906354e-01
0.00000000e+00 4.41940132e-01
0.00000000e+00 4.42973910e-01
0.00000000e+00 4.44007688e-01
0.00000000e+00 4.45041466e-01
0.00000000e+00 4.46075244e-01
0.00000000e+00 4.47109022e-01
0.00000000e+00 4.48142800e-01
0.00000000e+00 4.49176578e-01
0.00000000e+00 4.50210357e-01
0.00000000e+00 4.51244135e-01
0.00000000e+00 4.52277913e-01
0.00000000e+00 4.53311691e-01
0.00000000e+00 4.54345469e-01
0.00000000e+00 4.55379247e-01
0.00000000e+00 4.56413025e-01
0.00000000e+00 4.57446803e-01
0.00000000e+00 4.58480581e-01
0.00000000e+00 4.59514359e-01
0.00000000e+00 4.60548137e-01
0.00000000e+00 4.61581916e-01
0.00000000e+00 4.62615694e-01
0.00000000e+00 4.63649472e-01
0.00000000e+00 4.64683250e-01
0.00000000e+00 4.65717028e-01
0.00000000e+00 4.66750806e-01
0.00000000e+00 4.67784584e-01
0.00000000e+00 4.68818362e-01
0.00000000e+00 4.69852140e-01
0.00000000e+00 4.70885918e-01
0.00000000e+00 4.71919696e-01
0.00000000e+00 4.72953474e-01
0.00000000e+00 4.73987253e-01
0.00000000e+00 4.75021031e-01
0.00000000e+00 4.76054809e-01
0.00000000e+00 4.77088587e-01
0.00000000e+00 4.78122365e-01
0.00000000e+00 4.79156143e-01
0.00000000e+00 4.80189921e-01
0.00000000e+00 4.81223699e-01
0.00000000e+00 4.82257477e-01
0.00000000e+00 4.83291255e-01
0.00000000e+00 4.84325033e-01
0.00000000e+00 4.85358812e-01
0.00000000e+00 4.86392590e-01
0.00000000e+00 4.87426368e-01
0.00000000e+00 4.88460146e-01
0.00000000e+00 4.89493924e-01
0.00000000e+00 4.90527702e-01
0.00000000e+00 4.91561480e-01
0.00000000e+00 4.92595258e-01
0.00000000e+00 4.93629036e-01
0.00000000e+00 4.94662814e-01
0.00000000e+00 4.95696592e-01
0.00000000e+00 4.96730370e-01
0.00000000e+00 4.97764149e-01
0.00000000e+00 4.98797927e-01
0.00000000e+00 4.99831705e-01
