% L-Bracket Geometry
% N_total=1236, N_horizontal=618, N_vertical=618
% Resolution: 100 segments per wavelength
% Format: x(m) y(m)
4.05129250e-04 0.00000000e+00
1.21538775e-03 0.00000000e+00
2.02564625e-03 0.00000000e+00
2.83590475e-03 0.00000000e+00
3.64616325e-03 0.00000000e+00
4.45642175e-03 0.00000000e+00
5.26668025e-03 0.00000000e+00
6.07693875e-03 0.00000000e+00
6.88719725e-03 0.00000000e+00
7.69745575e-03 0.00000000e+00
8.50771425e-03 0.00000000e+00
9.31797275e-03 0.00000000e+00
1.01282313e-02 0.00000000e+00
1.09384898e-02 0.00000000e+00
1.17487483e-02 0.00000000e+00
1.25590068e-02 0.00000000e+00
1.33692653e-02 0.00000000e+00
1.41795238e-02 0.00000000e+00
1.49897823e-02 0.00000000e+00
1.58000408e-02 0.00000000e+00
1.66102993e-02 0.00000000e+00
1.74205578e-02 0.00000000e+00
1.82308163e-02 0.00000000e+00
1.90410748e-02 0.00000000e+00
1.98513333e-02 0.00000000e+00
2.06615918e-02 0.00000000e+00
2.14718503e-02 0.00000000e+00
2.22821088e-02 0.00000000e+00
2.30923673e-02 0.00000000e+00
2.39026258e-02 0.00000000e+00
2.47128843e-02 0.00000000e+00
2.55231428e-02 0.00000000e+00
2.63334013e-02 0.00000000e+00
2.71436598e-02 0.00000000e+00
2.79539183e-02 0.00000000e+00
2.87641768e-02 0.00000000e+00
2.95744353e-02 0.00000000e+00
3.03846938e-02 0.00000000e+00
3.11949523e-02 0.00000000e+00
3.20052108e-02 0.00000000e+00
3.28154693e-02 0.00000000e+00
3.36257278e-02 0.00000000e+00
3.44359863e-02 0.00000000e+00
3.52462448e-02 0.00000000e+00
3.60565033e-02 0.00000000e+00
3.68667618e-02 0.00000000e+00
3.76770203e-02 0.00000000e+00
3.84872788e-02 0.00000000e+00
3.92975373e-02 0.00000000e+00
4.01077958e-02 0.00000000e+00
4.09180543e-02 0.00000000e+00
4.17283128e-02 0.00000000e+00
4.25385713e-02 0.00000000e+00
4.33488298e-02 0.00000000e+00
4.41590883e-02 0.00000000e+00
4.49693468e-02 0.00000000e+00
4.57796053e-02 0.00000000e+00
4.65898638e-02 0.00000000e+00
4.74001223e-02 0.00000000e+00
4.82103808e-02 0.00000000e+00
4.90206393e-02 0.00000000e+00
4.98308978e-02 0.00000000e+00
5.06411563e-02 0.00000000e+00
5.14514148e-02 0.00000000e+00
5.22616733e-02 0.00000000e+00
5.30719318e-02 0.00000000e+00
5.38821903e-02 0.00000000e+00
5.46924488e-02 0.00000000e+00
5.55027073e-02 0.00000000e+00
5.63129658e-02 0.00000000e+00
5.71232243e-02 0.00000000e+00
5.79334828e-02 0.00000000e+00
5.87437413e-02 0.00000000e+00
5.95539998e-02 0.00000000e+00
6.03642583e-02 0.00000000e+00
6.11745168e-02 0.00000000e+00
6.19847753e-02 0.00000000e+00
6.27950338e-02 0.00000000e+00
6.36052923e-02 0.00000000e+00
6.44155508e-02 0.00000000e+00
6.52258093e-02 0.00000000e+00
6.60360678e-02 0.00000000e+00
6.68463263e-02 0.00000000e+00
6.76565848e-02 0.00000000e+00
6.84668433e-02 0.00000000e+00
6.92771018e-02 0.00000000e+00
7.00873603e-02 0.00000000e+00
7.08976188e-02 0.00000000e+00
7.17078773e-02 0.00000000e+00
7.25181358e-02 0.00000000e+00
7.33283943e-02 0.00000000e+00
7.41386528e-02 0.00000000e+00
7.49489113e-02 0.00000000e+00
7.57591698e-02 0.00000000e+00
7.65694283e-02 0.00000000e+00
7.73796868e-02 0.00000000e+00
7.81899453e-02 0.00000000e+00
7.90002038e-02 0.00000000e+00
7.98104623e-02 0.00000000e+00
8.06207208e-02 0.00000000e+00
8.14309793e-02 0.00000000e+00
8.22412378e-02 0.00000000e+00
8.30514963e-02 0.00000000e+00
8.38617548e-02 0.00000000e+00
8.46720133e-02 0.00000000e+00
8.54822718e-02 0.00000000e+00
8.62925303e-02 0.00000000e+00
8.71027888e-02 0.00000000e+00
8.79130473e-02 0.00000000e+00
8.87233058e-02 0.00000000e+00
8.95335643e-02 0.00000000e+00
9.03438228e-02 0.00000000e+00
9.11540813e-02 0.00000000e+00
9.19643398e-02 0.00000000e+00
9.27745983e-02 0.00000000e+00
9.35848568e-02 0.00000000e+00
9.43951153e-02 0.00000000e+00
9.52053738e-02 0.00000000e+00
9.60156323e-02 0.00000000e+00
9.68258908e-02 0.00000000e+00
9.76361493e-02 0.00000000e+00
9.84464078e-02 0.00000000e+00
9.92566663e-02 0.00000000e+00
1.00066925e-01 0.00000000e+00
1.00877183e-01 0.00000000e+00
1.01687442e-01 0.00000000e+00
1.02497700e-01 0.00000000e+00
1.03307959e-01 0.00000000e+00
1.04118217e-01 0.00000000e+00
1.04928476e-01 0.00000000e+00
1.05738734e-01 0.00000000e+00
1.06548993e-01 0.00000000e+00
1.07359251e-01 0.00000000e+00
1.08169510e-01 0.00000000e+00
1.08979768e-01 0.00000000e+00
1.09790027e-01 0.00000000e+00
1.10600285e-01 0.00000000e+00
1.11410544e-01 0.00000000e+00
1.12220802e-01 0.00000000e+00
1.13031061e-01 0.00000000e+00
1.13841319e-01 0.00000000e+00
1.14651578e-01 0.00000000e+00
1.15461836e-01 0.00000000e+00
1.16272095e-01 0.00000000e+00
1.17082353e-01 0.00000000e+00
1.17892612e-01 0.00000000e+00
1.18702870e-01 0.00000000e+00
1.19513129e-01 0.00000000e+00
1.20323387e-01 0.00000000e+00
1.21133646e-01 0.00000000e+00
1.21943904e-01 0.00000000e+00
1.22754163e-01 0.00000000e+00
1.23564421e-01 0.00000000e+00
1.24374680e-01 0.00000000e+00
1.25184938e-01 0.00000000e+00
1.25995197e-01 0.00000000e+00
1.26805455e-01 0.00000000e+00
1.27615714e-01 0.00000000e+00
1.28425972e-01 0.00000000e+00
1.29236231e-01 0.00000000e+00
1.30046489e-01 0.00000000e+00
1.30856748e-01 0.00000000e+00
1.31667006e-01 0.00000000e+00
1.32477265e-01 0.00000000e+00
1.33287523e-01 0.00000000e+00
1.34097782e-01 0.00000000e+00
1.34908040e-01 0.00000000e+00
1.35718299e-01 0.00000000e+00
1.36528557e-01 0.00000000e+00
1.37338816e-01 0.00000000e+00
1.38149074e-01 0.00000000e+00
1.38959333e-01 0.00000000e+00
1.39769591e-01 0.00000000e+00
1.40579850e-01 0.00000000e+00
1.41390108e-01 0.00000000e+00
1.42200367e-01 0.00000000e+00
1.43010625e-01 0.00000000e+00
1.43820884e-01 0.00000000e+00
1.44631142e-01 0.00000000e+00
1.45441401e-01 0.00000000e+00
1.46251659e-01 0.00000000e+00
1.47061918e-01 0.00000000e+00
1.47872176e-01 0.00000000e+00
1.48682435e-01 0.00000000e+00
1.49492693e-01 0.00000000e+00
1.50302952e-01 0.00000000e+00
1.51113210e-01 0.00000000e+00
1.51923469e-01 0.00000000e+00
1.52733727e-01 0.00000000e+00
1.53543986e-01 0.00000000e+00
1.54354244e-01 0.00000000e+00
1.55164503e-01 0.00000000e+00
1.55974761e-01 0.00000000e+00
1.56785020e-01 0.00000000e+00
1.57595278e-01 0.00000000e+00
1.58405537e-01 0.00000000e+00
1.59215795e-01 0.00000000e+00
1.60026054e-01 0.00000000e+00
1.60836312e-01 0.00000000e+00
1.61646571e-01 0.00000000e+00
1.62456829e-01 0.00000000e+00
1.63267088e-01 0.00000000e+00
1.64077346e-01 0.00000000e+00
1.64887605e-01 0.00000000e+00
1.65697863e-01 0.00000000e+00
1.66508122e-01 0.00000000e+00
1.67318380e-01 0.00000000e+00
1.68128639e-01 0.00000000e+00
1.68938897e-01 0.00000000e+00
1.69749156e-01 0.00000000e+00
1.70559414e-01 0.00000000e+00
1.71369673e-01 0.00000000e+00
1.72179931e-01 0.00000000e+00
1.72990190e-01 0.00000000e+00
1.73800448e-01 0.00000000e+00
1.74610707e-01 0.00000000e+00
1.75420965e-01 0.00000000e+00
1.76231224e-01 0.00000000e+00
1.77041482e-01 0.00000000e+00
1.77851741e-01 0.00000000e+00
1.78661999e-01 0.00000000e+00
1.79472258e-01 0.00000000e+00
1.80282516e-01 0.00000000e+00
1.81092775e-01 0.00000000e+00
1.81903033e-01 0.00000000e+00
1.82713292e-01 0.00000000e+00
1.83523550e-01 0.00000000e+00
1.84333809e-01 0.00000000e+00
1.85144067e-01 0.00000000e+00
1.85954326e-01 0.00000000e+00
1.86764584e-01 0.00000000e+00
1.87574843e-01 0.00000000e+00
1.88385101e-01 0.00000000e+00
1.89195360e-01 0.00000000e+00
1.90005618e-01 0.00000000e+00
1.90815877e-01 0.00000000e+00
1.91626135e-01 0.00000000e+00
1.92436394e-01 0.00000000e+00
1.93246652e-01 0.00000000e+00
1.94056911e-01 0.00000000e+00
1.94867169e-01 0.00000000e+00
1.95677428e-01 0.00000000e+00
1.96487686e-01 0.00000000e+00
1.97297945e-01 0.00000000e+00
1.98108203e-01 0.00000000e+00
1.98918462e-01 0.00000000e+00
1.99728720e-01 0.00000000e+00
2.00538979e-01 0.00000000e+00
2.01349237e-01 0.00000000e+00
2.02159496e-01 0.00000000e+00
2.02969754e-01 0.00000000e+00
2.03780013e-01 0.00000000e+00
2.04590271e-01 0.00000000e+00
2.05400530e-01 0.00000000e+00
2.06210788e-01 0.00000000e+00
2.07021047e-01 0.00000000e+00
2.07831305e-01 0.00000000e+00
2.08641564e-01 0.00000000e+00
2.09451822e-01 0.00000000e+00
2.10262081e-01 0.00000000e+00
2.11072339e-01 0.00000000e+00
2.11882598e-01 0.00000000e+00
2.12692856e-01 0.00000000e+00
2.13503115e-01 0.00000000e+00
2.14313373e-01 0.00000000e+00
2.15123632e-01 0.00000000e+00
2.15933890e-01 0.00000000e+00
2.16744149e-01 0.00000000e+00
2.17554407e-01 0.00000000e+00
2.18364666e-01 0.00000000e+00
2.19174924e-01 0.00000000e+00
2.19985183e-01 0.00000000e+00
2.20795441e-01 0.00000000e+00
2.21605700e-01 0.00000000e+00
2.22415958e-01 0.00000000e+00
2.23226217e-01 0.00000000e+00
2.24036475e-01 0.00000000e+00
2.24846734e-01 0.00000000e+00
2.25656992e-01 0.00000000e+00
2.26467251e-01 0.00000000e+00
2.27277509e-01 0.00000000e+00
2.28087768e-01 0.00000000e+00
2.28898026e-01 0.00000000e+00
2.29708285e-01 0.00000000e+00
2.30518543e-01 0.00000000e+00
2.31328802e-01 0.00000000e+00
2.32139060e-01 0.00000000e+00
2.32949319e-01 0.00000000e+00
2.33759577e-01 0.00000000e+00
2.34569836e-01 0.00000000e+00
2.35380094e-01 0.00000000e+00
2.36190353e-01 0.00000000e+00
2.37000611e-01 0.00000000e+00
2.37810870e-01 0.00000000e+00
2.38621128e-01 0.00000000e+00
2.39431387e-01 0.00000000e+00
2.40241645e-01 0.00000000e+00
2.41051904e-01 0.00000000e+00
2.41862162e-01 0.00000000e+00
2.42672421e-01 0.00000000e+00
2.43482679e-01 0.00000000e+00
2.44292938e-01 0.00000000e+00
2.45103196e-01 0.00000000e+00
2.45913455e-01 0.00000000e+00
2.46723713e-01 0.00000000e+00
2.47533972e-01 0.00000000e+00
2.48344230e-01 0.00000000e+00
2.49154489e-01 0.00000000e+00
2.49964747e-01 0.00000000e+00
2.50775006e-01 0.00000000e+00
2.51585264e-01 0.00000000e+00
2.52395523e-01 0.00000000e+00
2.53205781e-01 0.00000000e+00
2.54016040e-01 0.00000000e+00
2.54826298e-01 0.00000000e+00
2.55636557e-01 0.00000000e+00
2.56446815e-01 0.00000000e+00
2.57257074e-01 0.00000000e+00
2.58067332e-01 0.00000000e+00
2.58877591e-01 0.00000000e+00
2.59687849e-01 0.00000000e+00
2.60498108e-01 0.00000000e+00
2.61308366e-01 0.00000000e+00
2.62118625e-01 0.00000000e+00
2.62928883e-01 0.00000000e+00
2.63739142e-01 0.00000000e+00
2.64549400e-01 0.00000000e+00
2.65359659e-01 0.00000000e+00
2.66169917e-01 0.00000000e+00
2.66980176e-01 0.00000000e+00
2.67790434e-01 0.00000000e+00
2.68600693e-01 0.00000000e+00
2.69410951e-01 0.00000000e+00
2.70221210e-01 0.00000000e+00
2.71031468e-01 0.00000000e+00
2.71841727e-01 0.00000000e+00
2.72651985e-01 0.00000000e+00
2.73462244e-01 0.00000000e+00
2.74272502e-01 0.00000000e+00
2.75082761e-01 0.00000000e+00
2.75893019e-01 0.00000000e+00
2.76703278e-01 0.00000000e+00
2.77513536e-01 0.00000000e+00
2.78323795e-01 0.00000000e+00
2.79134053e-01 0.00000000e+00
2.79944312e-01 0.00000000e+00
2.80754570e-01 0.00000000e+00
2.81564829e-01 0.00000000e+00
2.82375087e-01 0.00000000e+00
2.83185346e-01 0.00000000e+00
2.83995604e-01 0.00000000e+00
2.84805863e-01 0.00000000e+00
2.85616121e-01 0.00000000e+00
2.86426380e-01 0.00000000e+00
2.87236638e-01 0.00000000e+00
2.88046897e-01 0.00000000e+00
2.88857155e-01 0.00000000e+00
2.89667414e-01 0.00000000e+00
2.90477672e-01 0.00000000e+00
2.91287931e-01 0.00000000e+00
2.92098189e-01 0.00000000e+00
2.92908448e-01 0.00000000e+00
2.93718706e-01 0.00000000e+00
2.94528965e-01 0.00000000e+00
2.95339223e-01 0.00000000e+00
2.96149482e-01 0.00000000e+00
2.96959740e-01 0.00000000e+00
2.97769999e-01 0.00000000e+00
2.98580257e-01 0.00000000e+00
2.99390516e-01 0.00000000e+00
3.00200774e-01 0.00000000e+00
3.01011033e-01 0.00000000e+00
3.01821291e-01 0.00000000e+00
3.02631550e-01 0.00000000e+00
3.03441808e-01 0.00000000e+00
3.04252067e-01 0.00000000e+00
3.05062325e-01 0.00000000e+00
3.05872584e-01 0.00000000e+00
3.06682842e-01 0.00000000e+00
3.07493101e-01 0.00000000e+00
3.08303359e-01 0.00000000e+00
3.09113618e-01 0.00000000e+00
3.09923876e-01 0.00000000e+00
3.10734135e-01 0.00000000e+00
3.11544393e-01 0.00000000e+00
3.12354652e-01 0.00000000e+00
3.13164910e-01 0.00000000e+00
3.13975169e-01 0.00000000e+00
3.14785427e-01 0.00000000e+00
3.15595686e-01 0.00000000e+00
3.16405944e-01 0.00000000e+00
3.17216203e-01 0.00000000e+00
3.18026461e-01 0.00000000e+00
3.18836720e-01 0.00000000e+00
3.19646978e-01 0.00000000e+00
3.20457237e-01 0.00000000e+00
3.21267495e-01 0.00000000e+00
3.22077754e-01 0.00000000e+00
3.22888012e-01 0.00000000e+00
3.23698271e-01 0.00000000e+00
3.24508529e-01 0.00000000e+00
3.25318788e-01 0.00000000e+00
3.26129046e-01 0.00000000e+00
3.26939305e-01 0.00000000e+00
3.27749563e-01 0.00000000e+00
3.28559822e-01 0.00000000e+00
3.29370080e-01 0.00000000e+00
3.30180339e-01 0.00000000e+00
3.30990597e-01 0.00000000e+00
3.31800856e-01 0.00000000e+00
3.32611114e-01 0.00000000e+00
3.33421373e-01 0.00000000e+00
3.34231631e-01 0.00000000e+00
3.35041890e-01 0.00000000e+00
3.35852148e-01 0.00000000e+00
3.36662407e-01 0.00000000e+00
3.37472665e-01 0.00000000e+00
3.38282924e-01 0.00000000e+00
3.39093182e-01 0.00000000e+00
3.39903441e-01 0.00000000e+00
3.40713699e-01 0.00000000e+00
3.41523958e-01 0.00000000e+00
3.42334216e-01 0.00000000e+00
3.43144475e-01 0.00000000e+00
3.43954733e-01 0.00000000e+00
3.44764992e-01 0.00000000e+00
3.45575250e-01 0.00000000e+00
3.46385509e-01 0.00000000e+00
3.47195767e-01 0.00000000e+00
3.48006026e-01 0.00000000e+00
3.48816284e-01 0.00000000e+00
3.49626543e-01 0.00000000e+00
3.50436801e-01 0.00000000e+00
3.51247060e-01 0.00000000e+00
3.52057318e-01 0.00000000e+00
3.52867577e-01 0.00000000e+00
3.53677835e-01 0.00000000e+00
3.54488094e-01 0.00000000e+00
3.55298352e-01 0.00000000e+00
3.56108611e-01 0.00000000e+00
3.56918869e-01 0.00000000e+00
3.57729128e-01 0.00000000e+00
3.58539386e-01 0.00000000e+00
3.59349645e-01 0.00000000e+00
3.60159903e-01 0.00000000e+00
3.60970162e-01 0.00000000e+00
3.61780420e-01 0.00000000e+00
3.62590679e-01 0.00000000e+00
3.63400937e-01 0.00000000e+00
3.64211196e-01 0.00000000e+00
3.65021454e-01 0.00000000e+00
3.65831713e-01 0.00000000e+00
3.66641971e-01 0.00000000e+00
3.67452230e-01 0.00000000e+00
3.68262488e-01 0.00000000e+00
3.69072747e-01 0.00000000e+00
3.69883005e-01 0.00000000e+00
3.70693264e-01 0.00000000e+00
3.71503522e-01 0.00000000e+00
3.72313781e-01 0.00000000e+00
3.73124039e-01 0.00000000e+00
3.73934298e-01 0.00000000e+00
3.74744556e-01 0.00000000e+00
3.75554815e-01 0.00000000e+00
3.76365073e-01 0.00000000e+00
3.77175332e-01 0.00000000e+00
3.77985590e-01 0.00000000e+00
3.78795849e-01 0.00000000e+00
3.79606107e-01 0.00000000e+00
3.80416366e-01 0.00000000e+00
3.81226624e-01 0.00000000e+00
3.82036883e-01 0.00000000e+00
3.82847141e-01 0.00000000e+00
3.83657400e-01 0.00000000e+00
3.84467658e-01 0.00000000e+00
3.85277917e-01 0.00000000e+00
3.86088175e-01 0.00000000e+00
3.86898434e-01 0.00000000e+00
3.87708692e-01 0.00000000e+00
3.88518951e-01 0.00000000e+00
3.89329209e-01 0.00000000e+00
3.90139468e-01 0.00000000e+00
3.90949726e-01 0.00000000e+00
3.91759985e-01 0.00000000e+00
3.92570243e-01 0.00000000e+00
3.93380502e-01 0.00000000e+00
3.94190760e-01 0.00000000e+00
3.95001019e-01 0.00000000e+00
3.95811277e-01 0.00000000e+00
3.96621536e-01 0.00000000e+00
3.97431794e-01 0.00000000e+00
3.98242053e-01 0.00000000e+00
3.99052311e-01 0.00000000e+00
3.99862570e-01 0.00000000e+00
4.00672828e-01 0.00000000e+00
4.01483087e-01 0.00000000e+00
4.02293345e-01 0.00000000e+00
4.03103604e-01 0.00000000e+00
4.03913862e-01 0.00000000e+00
4.04724121e-01 0.00000000e+00
4.05534379e-01 0.00000000e+00
4.06344638e-01 0.00000000e+00
4.07154896e-01 0.00000000e+00
4.07965155e-01 0.00000000e+00
4.08775413e-01 0.00000000e+00
4.09585672e-01 0.00000000e+00
4.10395930e-01 0.00000000e+00
4.11206189e-01 0.00000000e+00
4.12016447e-01 0.00000000e+00
4.12826706e-01 0.00000000e+00
4.13636964e-01 0.00000000e+00
4.14447223e-01 0.00000000e+00
4.15257481e-01 0.00000000e+00
4.16067740e-01 0.00000000e+00
4.16877998e-01 0.00000000e+00
4.17688257e-01 0.00000000e+00
4.18498515e-01 0.00000000e+00
4.19308774e-01 0.00000000e+00
4.20119032e-01 0.00000000e+00
4.20929291e-01 0.00000000e+00
4.21739549e-01 0.00000000e+00
4.22549808e-01 0.00000000e+00
4.23360066e-01 0.00000000e+00
4.24170325e-01 0.00000000e+00
4.24980583e-01 0.00000000e+00
4.25790842e-01 0.00000000e+00
4.26601100e-01 0.00000000e+00
4.27411359e-01 0.00000000e+00
4.28221617e-01 0.00000000e+00
4.29031876e-01 0.00000000e+00
4.29842134e-01 0.00000000e+00
4.30652393e-01 0.00000000e+00
4.31462651e-01 0.00000000e+00
4.32272910e-01 0.00000000e+00
4.33083168e-01 0.00000000e+00
4.33893427e-01 0.00000000e+00
4.34703685e-01 0.00000000e+00
4.35513944e-01 0.00000000e+00
4.36324202e-01 0.00000000e+00
4.37134461e-01 0.00000000e+00
4.37944719e-01 0.00000000e+00
4.38754978e-01 0.00000000e+00
4.39565236e-01 0.00000000e+00
4.40375495e-01 0.00000000e+00
4.41185753e-01 0.00000000e+00
4.41996012e-01 0.00000000e+00
4.42806270e-01 0.00000000e+00
4.43616529e-01 0.00000000e+00
4.44426787e-01 0.00000000e+00
4.45237046e-01 0.00000000e+00
4.46047304e-01 0.00000000e+00
4.46857563e-01 0.00000000e+00
4.47667821e-01 0.00000000e+00
4.48478080e-01 0.00000000e+00
4.49288338e-01 0.00000000e+00
4.50098597e-01 0.00000000e+00
4.50908855e-01 0.00000000e+00
4.51719114e-01 0.00000000e+00
4.52529372e-01 0.00000000e+00
4.53339631e-01 0.00000000e+00
4.54149889e-01 0.00000000e+00
4.54960148e-01 0.00000000e+00
4.55770406e-01 0.00000000e+00
4.56580665e-01 0.00000000e+00
4.57390923e-01 0.00000000e+00
4.58201182e-01 0.00000000e+00
4.59011440e-01 0.00000000e+00
4.59821699e-01 0.00000000e+00
4.60631957e-01 0.00000000e+00
4.61442216e-01 0.00000000e+00
4.62252474e-01 0.00000000e+00
4.63062733e-01 0.00000000e+00
4.63872991e-01 0.00000000e+00
4.64683250e-01 0.00000000e+00
4.65493508e-01 0.00000000e+00
4.66303767e-01 0.00000000e+00
4.67114025e-01 0.00000000e+00
4.67924284e-01 0.00000000e+00
4.68734542e-01 0.00000000e+00
4.69544801e-01 0.00000000e+00
4.70355059e-01 0.00000000e+00
4.71165318e-01 0.00000000e+00
4.71975576e-01 0.00000000e+00
4.72785835e-01 0.00000000e+00
4.73596093e-01 0.00000000e+00
4.74406352e-01 0.00000000e+00
4.75216610e-01 0.00000000e+00
4.76026869e-01 0.00000000e+00
4.76837127e-01 0.00000000e+00
4.77647386e-01 0.00000000e+00
4.78457644e-01 0.00000000e+00
4.79267903e-01 0.00000000e+00
4.80078161e-01 0.00000000e+00
4.80888420e-01 0.00000000e+00
4.81698678e-01 0.00000000e+00
4.82508937e-01 0.00000000e+00
4.83319195e-01 0.00000000e+00
4.84129454e-01 0.00000000e+00
4.84939712e-01 0.00000000e+00
4.85749971e-01 0.00000000e+00
4.86560229e-01 0.00000000e+00
4.87370488e-01 0.00000000e+00
4.88180746e-01 0.00000000e+00
4.88991005e-01 0.00000000e+00
4.89801263e-01 0.00000000e+00
4.90611522e-01 0.00000000e+00
4.91421780e-01 0.00000000e+00
4.92232039e-01 0.00000000e+00
4.93042297e-01 0.00000000e+00
4.93852556e-01 0.00000000e+00
4.94662814e-01 0.00000000e+00
4.95473073e-01 0.00000000e+00
4.96283331e-01 0.00000000e+00
4.97093590e-01 0.00000000e+00
4.97903848e-01 0.00000000e+00
4.98714107e-01 0.00000000e+00
4.99524365e-01 0.00000000e+00
5.00334624e-01 0.00000000e+00
0.00000000e+00 4.05129250e-04
0.00000000e+00 1.21538775e-03
0.00000000e+00 2.02564625e-03
0.00000000e+00 2.83590475e-03
0.00000000e+00 3.64616325e-03
0.00000000e+00 4.45642175e-03
0.00000000e+00 5.26668025e-03
0.00000000e+00 6.07693875e-03
0.00000000e+00 6.88719725e-03
0.00000000e+00 7.69745575e-03
0.00000000e+00 8.50771425e-03
0.00000000e+00 9.31797275e-03
0.00000000e+00 1.01282313e-02
0.00000000e+00 1.09384898e-02
0.00000000e+00 1.17487483e-02
0.00000000e+00 1.25590068e-02
0.00000000e+00 1.33692653e-02
0.00000000e+00 1.41795238e-02
0.00000000e+00 1.49897823e-02
0.00000000e+00 1.58000408e-02
0.00000000e+00 1.66102993e-02
0.00000000e+00 1.74205578e-02
0.00000000e+00 1.82308163e-02
0.00000000e+00 1.90410748e-02
0.00000000e+00 1.98513333e-02
0.00000000e+00 2.06615918e-02
0.00000000e+00 2.14718503e-02
0.00000000e+00 2.22821088e-02
0.00000000e+00 2.30923673e-02
0.00000000e+00 2.39026258e-02
0.00000000e+00 2.47128843e-02
0.00000000e+00 2.55231428e-02
0.00000000e+00 2.63334013e-02
0.00000000e+00 2.71436598e-02
0.00000000e+00 2.79539183e-02
0.00000000e+00 2.87641768e-02
0.00000000e+00 2.95744353e-02
0.00000000e+00 3.03846938e-02
0.00000000e+00 3.11949523e-02
0.00000000e+00 3.20052108e-02
0.00000000e+00 3.28154693e-02
0.00000000e+00 3.36257278e-02
0.00000000e+00 3.44359863e-02
0.00000000e+00 3.52462448e-02
0.00000000e+00 3.60565033e-02
0.00000000e+00 3.68667618e-02
0.00000000e+00 3.76770203e-02
0.00000000e+00 3.84872788e-02
0.00000000e+00 3.92975373e-02
0.00000000e+00 4.01077958e-02
0.00000000e+00 4.09180543e-02
0.00000000e+00 4.17283128e-02
0.00000000e+00 4.25385713e-02
0.00000000e+00 4.33488298e-02
0.00000000e+00 4.41590883e-02
0.00000000e+00 4.49693468e-02
0.00000000e+00 4.57796053e-02
0.00000000e+00 4.65898638e-02
0.00000000e+00 4.74001223e-02
0.00000000e+00 4.82103808e-02
0.00000000e+00 4.90206393e-02
0.00000000e+00 4.98308978e-02
0.00000000e+00 5.06411563e-02
0.00000000e+00 5.14514148e-02
0.00000000e+00 5.22616733e-02
0.00000000e+00 5.30719318e-02
0.00000000e+00 5.38821903e-02
0.00000000e+00 5.46924488e-02
0.00000000e+00 5.55027073e-02
0.00000000e+00 5.63129658e-02
0.00000000e+00 5.71232243e-02
0.00000000e+00 5.79334828e-02
0.00000000e+00 5.87437413e-02
0.00000000e+00 5.95539998e-02
0.00000000e+00 6.03642583e-02
0.00000000e+00 6.11745168e-02
0.00000000e+00 6.19847753e-02
0.00000000e+00 6.27950338e-02
0.00000000e+00 6.36052923e-02
0.00000000e+00 6.44155508e-02
0.00000000e+00 6.52258093e-02
0.00000000e+00 6.60360678e-02
0.00000000e+00 6.68463263e-02
0.00000000e+00 6.76565848e-02
0.00000000e+00 6.84668433e-02
0.00000000e+00 6.92771018e-02
0.00000000e+00 7.00873603e-02
0.00000000e+00 7.08976188e-02
0.00000000e+00 7.17078773e-02
0.00000000e+00 7.25181358e-02
0.00000000e+00 7.33283943e-02
0.00000000e+00 7.41386528e-02
0.00000000e+00 7.49489113e-02
0.00000000e+00 7.57591698e-02
0.00000000e+00 7.65694283e-02
0.00000000e+00 7.73796868e-02
0.00000000e+00 7.81899453e-02
0.00000000e+00 7.90002038e-02
0.00000000e+00 7.98104623e-02
0.00000000e+00 8.06207208e-02
0.00000000e+00 8.14309793e-02
0.00000000e+00 8.22412378e-02
0.00000000e+00 8.30514963e-02
0.00000000e+00 8.38617548e-02
0.00000000e+00 8.46720133e-02
0.00000000e+00 8.54822718e-02
0.00000000e+00 8.62925303e-02
0.00000000e+00 8.71027888e-02
0.00000000e+00 8.79130473e-02
0.00000000e+00 8.87233058e-02
0.00000000e+00 8.95335643e-02
0.00000000e+00 9.03438228e-02
0.00000000e+00 9.11540813e-02
0.00000000e+00 9.19643398e-02
0.00000000e+00 9.27745983e-02
0.00000000e+00 9.35848568e-02
0.00000000e+00 9.43951153e-02
0.00000000e+00 9.52053738e-02
0.00000000e+00 9.60156323e-02
0.00000000e+00 9.68258908e-02
0.00000000e+00 9.76361493e-02
0.00000000e+00 9.84464078e-02
0.00000000e+00 9.92566663e-02
0.00000000e+00 1.00066925e-01
0.00000000e+00 1.00877183e-01
0.00000000e+00 1.01687442e-01
0.00000000e+00 1.02497700e-01
0.00000000e+00 1.03307959e-01
0.00000000e+00 1.04118217e-01
0.00000000e+00 1.04928476e-01
0.00000000e+00 1.05738734e-01
0.00000000e+00 1.06548993e-01
0.00000000e+00 1.07359251e-01
0.00000000e+00 1.08169510e-01
0.00000000e+00 1.08979768e-01
0.00000000e+00 1.09790027e-01
0.00000000e+00 1.10600285e-01
0.00000000e+00 1.11410544e-01
0.00000000e+00 1.12220802e-01
0.00000000e+00 1.13031061e-01
0.00000000e+00 1.13841319e-01
0.00000000e+00 1.14651578e-01
0.00000000e+00 1.15461836e-01
0.00000000e+00 1.16272095e-01
0.00000000e+00 1.17082353e-01
0.00000000e+00 1.17892612e-01
0.00000000e+00 1.18702870e-01
0.00000000e+00 1.19513129e-01
0.00000000e+00 1.20323387e-01
0.00000000e+00 1.21133646e-01
0.00000000e+00 1.21943904e-01
0.00000000e+00 1.22754163e-01
0.00000000e+00 1.23564421e-01
0.00000000e+00 1.24374680e-01
0.00000000e+00 1.25184938e-01
0.00000000e+00 1.25995197e-01
0.00000000e+00 1.26805455e-01
0.00000000e+00 1.27615714e-01
0.00000000e+00 1.28425972e-01
0.00000000e+00 1.29236231e-01
0.00000000e+00 1.30046489e-01
0.00000000e+00 1.30856748e-01
0.00000000e+00 1.31667006e-01
0.00000000e+00 1.32477265e-01
0.00000000e+00 1.33287523e-01
0.00000000e+00 1.34097782e-01
0.00000000e+00 1.34908040e-01
0.00000000e+00 1.35718299e-01
0.00000000e+00 1.36528557e-01
0.00000000e+00 1.37338816e-01
0.00000000e+00 1.38149074e-01
0.00000000e+00 1.38959333e-01
0.00000000e+00 1.39769591e-01
0.00000000e+00 1.40579850e-01
0.00000000e+00 1.41390108e-01
0.00000000e+00 1.42200367e-01
0.00000000e+00 1.43010625e-01
0.00000000e+00 1.43820884e-01
0.00000000e+00 1.44631142e-01
0.00000000e+00 1.45441401e-01
0.00000000e+00 1.46251659e-01
0.00000000e+00 1.47061918e-01
0.00000000e+00 1.47872176e-01
0.00000000e+00 1.48682435e-01
0.00000000e+00 1.49492693e-01
0.00000000e+00 1.50302952e-01
0.00000000e+00 1.51113210e-01
0.00000000e+00 1.51923469e-01
0.00000000e+00 1.52733727e-01
0.00000000e+00 1.53543986e-01
0.00000000e+00 1.54354244e-01
0.00000000e+00 1.55164503e-01
0.00000000e+00 1.55974761e-01
0.00000000e+00 1.56785020e-01
0.00000000e+00 1.57595278e-01
0.00000000e+00 1.58405537e-01
0.00000000e+00 1.59215795e-01
0.00000000e+00 1.60026054e-01
0.00000000e+00 1.60836312e-01
0.00000000e+00 1.61646571e-01
0.00000000e+00 1.62456829e-01
0.00000000e+00 1.63267088e-01
0.00000000e+00 1.64077346e-01
0.00000000e+00 1.64887605e-01
0.00000000e+00 1.65697863e-01
0.00000000e+00 1.66508122e-01
0.00000000e+00 1.67318380e-01
0.00000000e+00 1.68128639e-01
0.00000000e+00 1.68938897e-01
0.00000000e+00 1.69749156e-01
0.00000000e+00 1.70559414e-01
0.00000000e+00 1.71369673e-01
0.00000000e+00 1.72179931e-01
0.00000000e+00 1.72990190e-01
0.00000000e+00 1.73800448e-01
0.00000000e+00 1.74610707e-01
0.00000000e+00 1.75420965e-01
0.00000000e+00 1.76231224e-01
0.00000000e+00 1.77041482e-01
0.00000000e+00 1.77851741e-01
0.00000000e+00 1.78661999e-01
0.00000000e+00 1.79472258e-01
0.00000000e+00 1.80282516e-01
0.00000000e+00 1.81092775e-01
0.00000000e+00 1.81903033e-01
0.00000000e+00 1.82713292e-01
0.00000000e+00 1.83523550e-01
0.00000000e+00 1.84333809e-01
0.00000000e+00 1.85144067e-01
0.00000000e+00 1.85954326e-01
0.00000000e+00 1.86764584e-01
0.00000000e+00 1.87574843e-01
0.00000000e+00 1.88385101e-01
0.00000000e+00 1.89195360e-01
0.00000000e+00 1.90005618e-01
0.00000000e+00 1.90815877e-01
0.00000000e+00 1.91626135e-01
0.00000000e+00 1.92436394e-01
0.00000000e+00 1.93246652e-01
0.00000000e+00 1.94056911e-01
0.00000000e+00 1.94867169e-01
0.00000000e+00 1.95677428e-01
0.00000000e+00 1.96487686e-01
0.00000000e+00 1.97297945e-01
0.00000000e+00 1.98108203e-01
0.00000000e+00 1.98918462e-01
0.00000000e+00 1.99728720e-01
0.00000000e+00 2.00538979e-01
0.00000000e+00 2.01349237e-01
0.00000000e+00 2.02159496e-01
0.00000000e+00 2.02969754e-01
0.00000000e+00 2.03780013e-01
0.00000000e+00 2.04590271e-01
0.00000000e+00 2.05400530e-01
0.00000000e+00 2.06210788e-01
0.00000000e+00 2.07021047e-01
0.00000000e+00 2.07831305e-01
0.00000000e+00 2.08641564e-01
0.00000000e+00 2.09451822e-01
0.00000000e+00 2.10262081e-01
0.00000000e+00 2.11072339e-01
0.00000000e+00 2.11882598e-01
0.00000000e+00 2.12692856e-01
0.00000000e+00 2.13503115e-01
0.00000000e+00 2.14313373e-01
0.00000000e+00 2.15123632e-01
0.00000000e+00 2.15933890e-01
0.00000000e+00 2.16744149e-01
0.00000000e+00 2.17554407e-01
0.00000000e+00 2.18364666e-01
0.00000000e+00 2.19174924e-01
0.00000000e+00 2.19985183e-01
0.00000000e+00 2.20795441e-01
0.00000000e+00 2.21605700e-01
0.00000000e+00 2.22415958e-01
0.00000000e+00 2.23226217e-01
0.00000000e+00 2.24036475e-01
0.00000000e+00 2.24846734e-01
0.00000000e+00 2.25656992e-01
0.00000000e+00 2.26467251e-01
0.00000000e+00 2.27277509e-01
0.00000000e+00 2.28087768e-01
0.00000000e+00 2.28898026e-01
0.00000000e+00 2.29708285e-01
0.00000000e+00 2.30518543e-01
0.00000000e+00 2.31328802e-01
0.00000000e+00 2.32139060e-01
0.00000000e+00 2.32949319e-01
0.00000000e+00 2.33759577e-01
0.00000000e+00 2.34569836e-01
0.00000000e+00 2.35380094e-01
0.00000000e+00 2.36190353e-01
0.00000000e+00 2.37000611e-01
0.00000000e+00 2.37810870e-01
0.00000000e+00 2.38621128e-01
0.00000000e+00 2.39431387e-01
0.00000000e+00 2.40241645e-01
0.00000000e+00 2.41051904e-01
0.00000000e+00 2.41862162e-01
0.00000000e+00 2.42672421e-01
0.00000000e+00 2.43482679e-01
0.00000000e+00 2.44292938e-01
0.00000000e+00 2.45103196e-01
0.00000000e+00 2.45913455e-01
0.00000000e+00 2.46723713e-01
0.00000000e+00 2.47533972e-01
0.00000000e+00 2.48344230e-01
0.00000000e+00 2.49154489e-01
0.00000000e+00 2.49964747e-01
0.00000000e+00 2.50775006e-01
0.00000000e+00 2.51585264e-01
0.00000000e+00 2.52395523e-01
0.00000000e+00 2.53205781e-01
0.00000000e+00 2.54016040e-01
0.00000000e+00 2.54826298e-01
0.00000000e+00 2.55636557e-01
0.00000000e+00 2.56446815e-01
0.00000000e+00 2.57257074e-01
0.00000000e+00 2.58067332e-01
0.00000000e+00 2.58877591e-01
0.00000000e+00 2.59687849e-01
0.00000000e+00 2.60498108e-01
0.00000000e+00 2.61308366e-01
0.00000000e+00 2.62118625e-01
0.00000000e+00 2.62928883e-01
0.00000000e+00 2.63739142e-01
0.00000000e+00 2.64549400e-01
0.00000000e+00 2.65359659e-01
0.00000000e+00 2.66169917e-01
0.00000000e+00 2.66980176e-01
0.00000000e+00 2.67790434e-01
0.00000000e+00 2.68600693e-01
0.00000000e+00 2.69410951e-01
0.00000000e+00 2.70221210e-01
0.00000000e+00 2.71031468e-01
0.00000000e+00 2.71841727e-01
0.00000000e+00 2.72651985e-01
0.00000000e+00 2.73462244e-01
0.00000000e+00 2.74272502e-01
0.00000000e+00 2.75082761e-01
0.00000000e+00 2.75893019e-01
0.00000000e+00 2.76703278e-01
0.00000000e+00 2.77513536e-01
0.00000000e+00 2.78323795e-01
0.00000000e+00 2.79134053e-01
0.00000000e+00 2.79944312e-01
0.00000000e+00 2.80754570e-01
0.00000000e+00 2.81564829e-01
0.00000000e+00 2.82375087e-01
0.00000000e+00 2.83185346e-01
0.00000000e+00 2.83995604e-01
0.00000000e+00 2.84805863e-01
0.00000000e+00 2.85616121e-01
0.00000000e+00 2.86426380e-01
0.00000000e+00 2.87236638e-01
0.00000000e+00 2.88046897e-01
0.00000000e+00 2.88857155e-01
0.00000000e+00 2.89667414e-01
0.00000000e+00 2.90477672e-01
0.00000000e+00 2.91287931e-01
0.00000000e+00 2.92098189e-01
0.00000000e+00 2.92908448e-01
0.00000000e+00 2.93718706e-01
0.00000000e+00 2.94528965e-01
0.00000000e+00 2.95339223e-01
0.00000000e+00 2.96149482e-01
0.00000000e+00 2.96959740e-01
0.00000000e+00 2.97769999e-01
0.00000000e+00 2.98580257e-01
0.00000000e+00 2.99390516e-01
0.00000000e+00 3.00200774e-01
0.00000000e+00 3.01011033e-01
0.00000000e+00 3.01821291e-01
0.00000000e+00 3.02631550e-01
0.00000000e+00 3.03441808e-01
0.00000000e+00 3.04252067e-01
0.00000000e+00 3.05062325e-01
0.00000000e+00 3.05872584e-01
0.00000000e+00 3.06682842e-01
0.00000000e+00 3.07493101e-01
0.00000000e+00 3.08303359e-01
0.00000000e+00 3.09113618e-01
0.00000000e+00 3.09923876e-01
0.00000000e+00 3.10734135e-01
0.00000000e+00 3.11544393e-01
0.00000000e+00 3.12354652e-01
0.00000000e+00 3.13164910e-01
0.00000000e+00 3.13975169e-01
0.00000000e+00 3.14785427e-01
0.00000000e+00 3.15595686e-01
0.00000000e+00 3.16405944e-01
0.00000000e+00 3.17216203e-01
0.00000000e+00 3.18026461e-01
0.00000000e+00 3.18836720e-01
0.00000000e+00 3.19646978e-01
0.00000000e+00 3.20457237e-01
0.00000000e+00 3.21267495e-01
0.00000000e+00 3.22077754e-01
0.00000000e+00 3.22888012e-01
0.00000000e+00 3.23698271e-01
0.00000000e+00 3.24508529e-01
0.00000000e+00 3.25318788e-01
0.00000000e+00 3.26129046e-01
0.00000000e+00 3.26939305e-01
0.00000000e+00 3.27749563e-01
0.00000000e+00 3.28559822e-01
0.00000000e+00 3.29370080e-01
0.00000000e+00 3.30180339e-01
0.00000000e+00 3.30990597e-01
0.00000000e+00 3.31800856e-01
0.00000000e+00 3.32611114e-01
0.00000000e+00 3.33421373e-01
0.00000000e+00 3.34231631e-01
0.00000000e+00 3.35041890e-01
0.00000000e+00 3.35852148e-01
0.00000000e+00 3.36662407e-01
0.00000000e+00 3.37472665e-01
0.00000000e+00 3.38282924e-01
0.00000000e+00 3.39093182e-01
0.00000000e+00 3.39903441e-01
0.00000000e+00 3.40713699e-01
0.00000000e+00 3.41523958e-01
0.00000000e+00 3.42334216e-01
0.00000000e+00 3.43144475e-01
0.00000000e+00 3.43954733e-01
0.00000000e+00 3.44764992e-01
0.00000000e+00 3.45575250e-01
0.00000000e+00 3.46385509e-01
0.00000000e+00 3.47195767e-01
0.00000000e+00 3.48006026e-01
0.00000000e+00 3.48816284e-01
0.00000000e+00 3.49626543e-01
0.00000000e+00 3.50436801e-01
0.00000000e+00 3.51247060e-01
0.00000000e+00 3.52057318e-01
0.00000000e+00 3.52867577e-01
0.00000000e+00 3.53677835e-01
0.00000000e+00 3.54488094e-01
0.00000000e+00 3.55298352e-01
0.00000000e+00 3.56108611e-01
0.00000000e+00 3.56918869e-01
0.00000000e+00 3.57729128e-01
0.00000000e+00 3.58539386e-01
0.00000000e+00 3.59349645e-01
0.00000000e+00 3.60159903e-01
0.00000000e+00 3.60970162e-01
0.00000000e+00 3.61780420e-01
0.00000000e+00 3.62590679e-01
0.00000000e+00 3.63400937e-01
0.00000000e+00 3.64211196e-01
0.00000000e+00 3.65021454e-01
0.00000000e+00 3.65831713e-01
0.00000000e+00 3.66641971e-01
0.00000000e+00 3.67452230e-01
0.00000000e+00 3.68262488e-01
0.00000000e+00 3.69072747e-01
0.00000000e+00 3.69883005e-01
0.00000000e+00 3.70693264e-01
0.00000000e+00 3.71503522e-01
0.00000000e+00 3.72313781e-01
0.00000000e+00 3.73124039e-01
0.00000000e+00 3.73934298e-01
0.00000000e+00 3.74744556e-01
0.00000000e+00 3.75554815e-01
0.00000000e+00 3.76365073e-01
0.00000000e+00 3.77175332e-01
0.00000000e+00 3.77985590e-01
0.00000000e+00 3.78795849e-01
0.00000000e+00 3.79606107e-01
0.00000000e+00 3.80416366e-01
0.00000000e+00 3.81226624e-01
0.00000000e+00 3.82036883e-01
0.00000000e+00 3.82847141e-01
0.00000000e+00 3.83657400e-01
0.00000000e+00 3.84467658e-01
0.00000000e+00 3.85277917e-01
0.00000000e+00 3.86088175e-01
0.00000000e+00 3.86898434e-01
0.00000000e+00 3.87708692e-01
0.00000000e+00 3.88518951e-01
0.00000000e+00 3.89329209e-01
0.00000000e+00 3.90139468e-01
0.00000000e+00 3.90949726e-01
0.00000000e+00 3.91759985e-01
0.00000000e+00 3.92570243e-01
0.00000000e+00 3.93380502e-01
0.00000000e+00 3.94190760e-01
0.00000000e+00 3.95001019e-01
0.00000000e+00 3.95811277e-01
0.00000000e+00 3.96621536e-01
0.00000000e+00 3.97431794e-01
0.00000000e+00 3.98242053e-01
0.00000000e+00 3.99052311e-01
0.00000000e+00 3.99862570e-01
0.00000000e+00 4.00672828e-01
0.00000000e+00 4.01483087e-01
0.00000000e+00 4.02293345e-01
0.00000000e+00 4.03103604e-01
0.00000000e+00 4.03913862e-01
0.00000000e+00 4.04724121e-01
0.00000000e+00 4.05534379e-01
0.00000000e+00 4.06344638e-01
0.00000000e+00 4.07154896e-01
0.00000000e+00 4.07965155e-01
0.00000000e+00 4.08775413e-01
0.00000000e+00 4.09585672e-01
0.00000000e+00 4.10395930e-01
0.00000000e+00 4.11206189e-01
0.00000000e+00 4.12016447e-01
0.00000000e+00 4.12826706e-01
0.00000000e+00 4.13636964e-01
0.00000000e+00 4.14447223e-01
0.00000000e+00 4.15257481e-01
0.00000000e+00 4.16067740e-01
0.00000000e+00 4.16877998e-01
0.00000000e+00 4.17688257e-01
0.00000000e+00 4.18498515e-01
0.00000000e+00 4.19308774e-01
0.00000000e+00 4.20119032e-01
0.00000000e+00 4.20929291e-01
0.00000000e+00 4.21739549e-01
0.00000000e+00 4.22549808e-01
0.00000000e+00 4.23360066e-01
0.00000000e+00 4.24170325e-01
0.00000000e+00 4.24980583e-01
0.00000000e+00 4.25790842e-01
0.00000000e+00 4.26601100e-01
0.00000000e+00 4.27411359e-01
0.00000000e+00 4.28221617e-01
0.00000000e+00 4.29031876e-01
0.00000000e+00 4.29842134e-01
0.00000000e+00 4.30652393e-01
0.00000000e+00 4.31462651e-01
0.00000000e+00 4.32272910e-01
0.00000000e+00 4.33083168e-01
0.00000000e+00 4.33893427e-01
0.00000000e+00 4.34703685e-01
0.00000000e+00 4.35513944e-01
0.00000000e+00 4.36324202e-01
0.00000000e+00 4.37134461e-01
0.00000000e+00 4.37944719e-01
0.00000000e+00 4.38754978e-01
0.00000000e+00 4.39565236e-01
0.00000000e+00 4.40375495e-01
0.00000000e+00 4.41185753e-01
0.00000000e+00 4.41996012e-01
0.00000000e+00 4.42806270e-01
0.00000000e+00 4.43616529e-01
0.00000000e+00 4.44426787e-01
0.00000000e+00 4.45237046e-01
0.00000000e+00 4.46047304e-01
0.00000000e+00 4.46857563e-01
0.00000000e+00 4.47667821e-01
0.00000000e+00 4.48478080e-01
0.00000000e+00 4.49288338e-01
0.00000000e+00 4.50098597e-01
0.00000000e+00 4.50908855e-01
0.00000000e+00 4.51719114e-01
0.00000000e+00 4.52529372e-01
0.00000000e+00 4.53339631e-01
0.00000000e+00 4.54149889e-01
0.00000000e+00 4.54960148e-01
0.00000000e+00 4.55770406e-01
0.00000000e+00 4.56580665e-01
0.00000000e+00 4.57390923e-01
0.00000000e+00 4.58201182e-01
0.00000000e+00 4.59011440e-01
0.00000000e+00 4.59821699e-01
0.00000000e+00 4.60631957e-01
0.00000000e+00 4.61442216e-01
0.00000000e+00 4.62252474e-01
0.00000000e+00 4.63062733e-01
0.00000000e+00 4.63872991e-01
0.00000000e+00 4.64683250e-01
0.00000000e+00 4.65493508e-01
0.00000000e+00 4.66303767e-01
0.00000000e+00 4.67114025e-01
0.00000000e+00 4.67924284e-01
0.00000000e+00 4.68734542e-01
0.00000000e+00 4.69544801e-01
0.00000000e+00 4.70355059e-01
0.00000000e+00 4.71165318e-01
0.00000000e+00 4.71975576e-01
0.00000000e+00 4.72785835e-01
0.00000000e+00 4.73596093e-01
0.00000000e+00 4.74406352e-01
0.00000000e+00 4.75216610e-01
0.00000000e+00 4.76026869e-01
0.00000000e+00 4.76837127e-01
0.00000000e+00 4.77647386e-01
0.00000000e+00 4.78457644e-01
0.00000000e+00 4.79267903e-01
0.00000000e+00 4.80078161e-01
0.00000000e+00 4.80888420e-01
0.00000000e+00 4.81698678e-01
0.00000000e+00 4.82508937e-01
0.00000000e+00 4.83319195e-01
0.00000000e+00 4.84129454e-01
0.00000000e+00 4.84939712e-01
0.00000000e+00 4.85749971e-01
0.00000000e+00 4.86560229e-01
0.00000000e+00 4.87370488e-01
0.00000000e+00 4.88180746e-01
0.00000000e+00 4.88991005e-01
0.00000000e+00 4.89801263e-01
0.00000000e+00 4.90611522e-01
0.00000000e+00 4.91421780e-01
0.00000000e+00 4.92232039e-01
0.00000000e+00 4.93042297e-01
0.00000000e+00 4.93852556e-01
0.00000000e+00 4.94662814e-01
0.00000000e+00 4.95473073e-01
0.00000000e+00 4.96283331e-01
0.00000000e+00 4.97093590e-01
0.00000000e+00 4.97903848e-01
0.00000000e+00 4.98714107e-01
0.00000000e+00 4.99524365e-01
0.00000000e+00 5.00334624e-01
