% L-Bracket Geometry
% N_total=2002, N_horizontal=1001, N_vertical=1001
% Resolution: 100 segments per wavelength
% Format: x(m) y(m)
2.49829704e-04 0.00000000e+00
7.49489113e-04 0.00000000e+00
1.24914852e-03 0.00000000e+00
1.74880793e-03 0.00000000e+00
2.24846734e-03 0.00000000e+00
2.74812675e-03 0.00000000e+00
3.24778615e-03 0.00000000e+00
3.74744556e-03 0.00000000e+00
4.24710497e-03 0.00000000e+00
4.74676438e-03 0.00000000e+00
5.24642379e-03 0.00000000e+00
5.74608320e-03 0.00000000e+00
6.24574260e-03 0.00000000e+00
6.74540201e-03 0.00000000e+00
7.24506142e-03 0.00000000e+00
7.74472083e-03 0.00000000e+00
8.24438024e-03 0.00000000e+00
8.74403965e-03 0.00000000e+00
9.24369905e-03 0.00000000e+00
9.74335846e-03 0.00000000e+00
1.02430179e-02 0.00000000e+00
1.07426773e-02 0.00000000e+00
1.12423367e-02 0.00000000e+00
1.17419961e-02 0.00000000e+00
1.22416555e-02 0.00000000e+00
1.27413149e-02 0.00000000e+00
1.32409743e-02 0.00000000e+00
1.37406337e-02 0.00000000e+00
1.42402931e-02 0.00000000e+00
1.47399525e-02 0.00000000e+00
1.52396120e-02 0.00000000e+00
1.57392714e-02 0.00000000e+00
1.62389308e-02 0.00000000e+00
1.67385902e-02 0.00000000e+00
1.72382496e-02 0.00000000e+00
1.77379090e-02 0.00000000e+00
1.82375684e-02 0.00000000e+00
1.87372278e-02 0.00000000e+00
1.92368872e-02 0.00000000e+00
1.97365466e-02 0.00000000e+00
2.02362060e-02 0.00000000e+00
2.07358654e-02 0.00000000e+00
2.12355249e-02 0.00000000e+00
2.17351843e-02 0.00000000e+00
2.22348437e-02 0.00000000e+00
2.27345031e-02 0.00000000e+00
2.32341625e-02 0.00000000e+00
2.37338219e-02 0.00000000e+00
2.42334813e-02 0.00000000e+00
2.47331407e-02 0.00000000e+00
2.52328001e-02 0.00000000e+00
2.57324595e-02 0.00000000e+00
2.62321189e-02 0.00000000e+00
2.67317783e-02 0.00000000e+00
2.72314378e-02 0.00000000e+00
2.77310972e-02 0.00000000e+00
2.82307566e-02 0.00000000e+00
2.87304160e-02 0.00000000e+00
2.92300754e-02 0.00000000e+00
2.97297348e-02 0.00000000e+00
3.02293942e-02 0.00000000e+00
3.07290536e-02 0.00000000e+00
3.12287130e-02 0.00000000e+00
3.17283724e-02 0.00000000e+00
3.22280318e-02 0.00000000e+00
3.27276912e-02 0.00000000e+00
3.32273507e-02 0.00000000e+00
3.37270101e-02 0.00000000e+00
3.42266695e-02 0.00000000e+00
3.47263289e-02 0.00000000e+00
3.52259883e-02 0.00000000e+00
3.57256477e-02 0.00000000e+00
3.62253071e-02 0.00000000e+00
3.67249665e-02 0.00000000e+00
3.72246259e-02 0.00000000e+00
3.77242853e-02 0.00000000e+00
3.82239447e-02 0.00000000e+00
3.87236041e-02 0.00000000e+00
3.92232636e-02 0.00000000e+00
3.97229230e-02 0.00000000e+00
4.02225824e-02 0.00000000e+00
4.07222418e-02 0.00000000e+00
4.12219012e-02 0.00000000e+00
4.17215606e-02 0.00000000e+00
4.22212200e-02 0.00000000e+00
4.27208794e-02 0.00000000e+00
4.32205388e-02 0.00000000e+00
4.37201982e-02 0.00000000e+00
4.42198576e-02 0.00000000e+00
4.47195170e-02 0.00000000e+00
4.52191765e-02 0.00000000e+00
4.57188359e-02 0.00000000e+00
4.62184953e-02 0.00000000e+00
4.67181547e-02 0.00000000e+00
4.72178141e-02 0.00000000e+00
4.77174735e-02 0.00000000e+00
4.82171329e-02 0.00000000e+00
4.87167923e-02 0.00000000e+00
4.92164517e-02 0.00000000e+00
4.97161111e-02 0.00000000e+00
5.02157705e-02 0.00000000e+00
5.07154299e-02 0.00000000e+00
5.12150894e-02 0.00000000e+00
5.17147488e-02 0.00000000e+00
5.22144082e-02 0.00000000e+00
5.27140676e-02 0.00000000e+00
5.32137270e-02 0.00000000e+00
5.37133864e-02 0.00000000e+00
5.42130458e-02 0.00000000e+00
5.47127052e-02 0.00000000e+00
5.52123646e-02 0.00000000e+00
5.57120240e-02 0.00000000e+00
5.62116834e-02 0.00000000e+00
5.67113428e-02 0.00000000e+00
5.72110023e-02 0.00000000e+00
5.77106617e-02 0.00000000e+00
5.82103211e-02 0.00000000e+00
5.87099805e-02 0.00000000e+00
5.92096399e-02 0.00000000e+00
5.97092993e-02 0.00000000e+00
6.02089587e-02 0.00000000e+00
6.07086181e-02 0.00000000e+00
6.12082775e-02 0.00000000e+00
6.17079369e-02 0.00000000e+00
6.22075963e-02 0.00000000e+00
6.27072558e-02 0.00000000e+00
6.32069152e-02 0.00000000e+00
6.37065746e-02 0.00000000e+00
6.42062340e-02 0.00000000e+00
6.47058934e-02 0.00000000e+00
6.52055528e-02 0.00000000e+00
6.57052122e-02 0.00000000e+00
6.62048716e-02 0.00000000e+00
6.67045310e-02 0.00000000e+00
6.72041904e-02 0.00000000e+00
6.77038498e-02 0.00000000e+00
6.82035092e-02 0.00000000e+00
6.87031687e-02 0.00000000e+00
6.92028281e-02 0.00000000e+00
6.97024875e-02 0.00000000e+00
7.02021469e-02 0.00000000e+00
7.07018063e-02 0.00000000e+00
7.12014657e-02 0.00000000e+00
7.17011251e-02 0.00000000e+00
7.22007845e-02 0.00000000e+00
7.27004439e-02 0.00000000e+00
7.32001033e-02 0.00000000e+00
7.36997627e-02 0.00000000e+00
7.41994221e-02 0.00000000e+00
7.46990816e-02 0.00000000e+00
7.51987410e-02 0.00000000e+00
7.56984004e-02 0.00000000e+00
7.61980598e-02 0.00000000e+00
7.66977192e-02 0.00000000e+00
7.71973786e-02 0.00000000e+00
7.76970380e-02 0.00000000e+00
7.81966974e-02 0.00000000e+00
7.86963568e-02 0.00000000e+00
7.91960162e-02 0.00000000e+00
7.96956756e-02 0.00000000e+00
8.01953350e-02 0.00000000e+00
8.06949945e-02 0.00000000e+00
8.11946539e-02 0.00000000e+00
8.16943133e-02 0.00000000e+00
8.21939727e-02 0.00000000e+00
8.26936321e-02 0.00000000e+00
8.31932915e-02 0.00000000e+00
8.36929509e-02 0.00000000e+00
8.41926103e-02 0.00000000e+00
8.46922697e-02 0.00000000e+00
8.51919291e-02 0.00000000e+00
8.56915885e-02 0.00000000e+00
8.61912479e-02 0.00000000e+00
8.66909074e-02 0.00000000e+00
8.71905668e-02 0.00000000e+00
8.76902262e-02 0.00000000e+00
8.81898856e-02 0.00000000e+00
8.86895450e-02 0.00000000e+00
8.91892044e-02 0.00000000e+00
8.96888638e-02 0.00000000e+00
9.01885232e-02 0.00000000e+00
9.06881826e-02 0.00000000e+00
9.11878420e-02 0.00000000e+00
9.16875014e-02 0.00000000e+00
9.21871608e-02 0.00000000e+00
9.26868203e-02 0.00000000e+00
9.31864797e-02 0.00000000e+00
9.36861391e-02 0.00000000e+00
9.41857985e-02 0.00000000e+00
9.46854579e-02 0.00000000e+00
9.51851173e-02 0.00000000e+00
9.56847767e-02 0.00000000e+00
9.61844361e-02 0.00000000e+00
9.66840955e-02 0.00000000e+00
9.71837549e-02 0.00000000e+00
9.76834143e-02 0.00000000e+00
9.81830737e-02 0.00000000e+00
9.86827332e-02 0.00000000e+00
9.91823926e-02 0.00000000e+00
9.96820520e-02 0.00000000e+00
1.00181711e-01 0.00000000e+00
1.00681371e-01 0.00000000e+00
1.01181030e-01 0.00000000e+00
1.01680690e-01 0.00000000e+00
1.02180349e-01 0.00000000e+00
1.02680008e-01 0.00000000e+00
1.03179668e-01 0.00000000e+00
1.03679327e-01 0.00000000e+00
1.04178987e-01 0.00000000e+00
1.04678646e-01 0.00000000e+00
1.05178305e-01 0.00000000e+00
1.05677965e-01 0.00000000e+00
1.06177624e-01 0.00000000e+00
1.06677284e-01 0.00000000e+00
1.07176943e-01 0.00000000e+00
1.07676603e-01 0.00000000e+00
1.08176262e-01 0.00000000e+00
1.08675921e-01 0.00000000e+00
1.09175581e-01 0.00000000e+00
1.09675240e-01 0.00000000e+00
1.10174900e-01 0.00000000e+00
1.10674559e-01 0.00000000e+00
1.11174218e-01 0.00000000e+00
1.11673878e-01 0.00000000e+00
1.12173537e-01 0.00000000e+00
1.12673197e-01 0.00000000e+00
1.13172856e-01 0.00000000e+00
1.13672515e-01 0.00000000e+00
1.14172175e-01 0.00000000e+00
1.14671834e-01 0.00000000e+00
1.15171494e-01 0.00000000e+00
1.15671153e-01 0.00000000e+00
1.16170812e-01 0.00000000e+00
1.16670472e-01 0.00000000e+00
1.17170131e-01 0.00000000e+00
1.17669791e-01 0.00000000e+00
1.18169450e-01 0.00000000e+00
1.18669109e-01 0.00000000e+00
1.19168769e-01 0.00000000e+00
1.19668428e-01 0.00000000e+00
1.20168088e-01 0.00000000e+00
1.20667747e-01 0.00000000e+00
1.21167407e-01 0.00000000e+00
1.21667066e-01 0.00000000e+00
1.22166725e-01 0.00000000e+00
1.22666385e-01 0.00000000e+00
1.23166044e-01 0.00000000e+00
1.23665704e-01 0.00000000e+00
1.24165363e-01 0.00000000e+00
1.24665022e-01 0.00000000e+00
1.25164682e-01 0.00000000e+00
1.25664341e-01 0.00000000e+00
1.26164001e-01 0.00000000e+00
1.26663660e-01 0.00000000e+00
1.27163319e-01 0.00000000e+00
1.27662979e-01 0.00000000e+00
1.28162638e-01 0.00000000e+00
1.28662298e-01 0.00000000e+00
1.29161957e-01 0.00000000e+00
1.29661616e-01 0.00000000e+00
1.30161276e-01 0.00000000e+00
1.30660935e-01 0.00000000e+00
1.31160595e-01 0.00000000e+00
1.31660254e-01 0.00000000e+00
1.32159914e-01 0.00000000e+00
1.32659573e-01 0.00000000e+00
1.33159232e-01 0.00000000e+00
1.33658892e-01 0.00000000e+00
1.34158551e-01 0.00000000e+00
1.34658211e-01 0.00000000e+00
1.35157870e-01 0.00000000e+00
1.35657529e-01 0.00000000e+00
1.36157189e-01 0.00000000e+00
1.36656848e-01 0.00000000e+00
1.37156508e-01 0.00000000e+00
1.37656167e-01 0.00000000e+00
1.38155826e-01 0.00000000e+00
1.38655486e-01 0.00000000e+00
1.39155145e-01 0.00000000e+00
1.39654805e-01 0.00000000e+00
1.40154464e-01 0.00000000e+00
1.40654123e-01 0.00000000e+00
1.41153783e-01 0.00000000e+00
1.41653442e-01 0.00000000e+00
1.42153102e-01 0.00000000e+00
1.42652761e-01 0.00000000e+00
1.43152420e-01 0.00000000e+00
1.43652080e-01 0.00000000e+00
1.44151739e-01 0.00000000e+00
1.44651399e-01 0.00000000e+00
1.45151058e-01 0.00000000e+00
1.45650718e-01 0.00000000e+00
1.46150377e-01 0.00000000e+00
1.46650036e-01 0.00000000e+00
1.47149696e-01 0.00000000e+00
1.47649355e-01 0.00000000e+00
1.48149015e-01 0.00000000e+00
1.48648674e-01 0.00000000e+00
1.49148333e-01 0.00000000e+00
1.49647993e-01 0.00000000e+00
1.50147652e-01 0.00000000e+00
1.50647312e-01 0.00000000e+00
1.51146971e-01 0.00000000e+00
1.51646630e-01 0.00000000e+00
1.52146290e-01 0.00000000e+00
1.52645949e-01 0.00000000e+00
1.53145609e-01 0.00000000e+00
1.53645268e-01 0.00000000e+00
1.54144927e-01 0.00000000e+00
1.54644587e-01 0.00000000e+00
1.55144246e-01 0.00000000e+00
1.55643906e-01 0.00000000e+00
1.56143565e-01 0.00000000e+00
1.56643225e-01 0.00000000e+00
1.57142884e-01 0.00000000e+00
1.57642543e-01 0.00000000e+00
1.58142203e-01 0.00000000e+00
1.58641862e-01 0.00000000e+00
1.59141522e-01 0.00000000e+00
1.59641181e-01 0.00000000e+00
1.60140840e-01 0.00000000e+00
1.60640500e-01 0.00000000e+00
1.61140159e-01 0.00000000e+00
1.61639819e-01 0.00000000e+00
1.62139478e-01 0.00000000e+00
1.62639137e-01 0.00000000e+00
1.63138797e-01 0.00000000e+00
1.63638456e-01 0.00000000e+00
1.64138116e-01 0.00000000e+00
1.64637775e-01 0.00000000e+00
1.65137434e-01 0.00000000e+00
1.65637094e-01 0.00000000e+00
1.66136753e-01 0.00000000e+00
1.66636413e-01 0.00000000e+00
1.67136072e-01 0.00000000e+00
1.67635732e-01 0.00000000e+00
1.68135391e-01 0.00000000e+00
1.68635050e-01 0.00000000e+00
1.69134710e-01 0.00000000e+00
1.69634369e-01 0.00000000e+00
1.70134029e-01 0.00000000e+00
1.70633688e-01 0.00000000e+00
1.71133347e-01 0.00000000e+00
1.71633007e-01 0.00000000e+00
1.72132666e-01 0.00000000e+00
1.72632326e-01 0.00000000e+00
1.73131985e-01 0.00000000e+00
1.73631644e-01 0.00000000e+00
1.74131304e-01 0.00000000e+00
1.74630963e-01 0.00000000e+00
1.75130623e-01 0.00000000e+00
1.75630282e-01 0.00000000e+00
1.76129941e-01 0.00000000e+00
1.76629601e-01 0.00000000e+00
1.77129260e-01 0.00000000e+00
1.77628920e-01 0.00000000e+00
1.78128579e-01 0.00000000e+00
1.78628238e-01 0.00000000e+00
1.79127898e-01 0.00000000e+00
1.79627557e-01 0.00000000e+00
1.80127217e-01 0.00000000e+00
1.80626876e-01 0.00000000e+00
1.81126536e-01 0.00000000e+00
1.81626195e-01 0.00000000e+00
1.82125854e-01 0.00000000e+00
1.82625514e-01 0.00000000e+00
1.83125173e-01 0.00000000e+00
1.83624833e-01 0.00000000e+00
1.84124492e-01 0.00000000e+00
1.84624151e-01 0.00000000e+00
1.85123811e-01 0.00000000e+00
1.85623470e-01 0.00000000e+00
1.86123130e-01 0.00000000e+00
1.86622789e-01 0.00000000e+00
1.87122448e-01 0.00000000e+00
1.87622108e-01 0.00000000e+00
1.88121767e-01 0.00000000e+00
1.88621427e-01 0.00000000e+00
1.89121086e-01 0.00000000e+00
1.89620745e-01 0.00000000e+00
1.90120405e-01 0.00000000e+00
1.90620064e-01 0.00000000e+00
1.91119724e-01 0.00000000e+00
1.91619383e-01 0.00000000e+00
1.92119043e-01 0.00000000e+00
1.92618702e-01 0.00000000e+00
1.93118361e-01 0.00000000e+00
1.93618021e-01 0.00000000e+00
1.94117680e-01 0.00000000e+00
1.94617340e-01 0.00000000e+00
1.95116999e-01 0.00000000e+00
1.95616658e-01 0.00000000e+00
1.96116318e-01 0.00000000e+00
1.96615977e-01 0.00000000e+00
1.97115637e-01 0.00000000e+00
1.97615296e-01 0.00000000e+00
1.98114955e-01 0.00000000e+00
1.98614615e-01 0.00000000e+00
1.99114274e-01 0.00000000e+00
1.99613934e-01 0.00000000e+00
2.00113593e-01 0.00000000e+00
2.00613252e-01 0.00000000e+00
2.01112912e-01 0.00000000e+00
2.01612571e-01 0.00000000e+00
2.02112231e-01 0.00000000e+00
2.02611890e-01 0.00000000e+00
2.03111550e-01 0.00000000e+00
2.03611209e-01 0.00000000e+00
2.04110868e-01 0.00000000e+00
2.04610528e-01 0.00000000e+00
2.05110187e-01 0.00000000e+00
2.05609847e-01 0.00000000e+00
2.06109506e-01 0.00000000e+00
2.06609165e-01 0.00000000e+00
2.07108825e-01 0.00000000e+00
2.07608484e-01 0.00000000e+00
2.08108144e-01 0.00000000e+00
2.08607803e-01 0.00000000e+00
2.09107462e-01 0.00000000e+00
2.09607122e-01 0.00000000e+00
2.10106781e-01 0.00000000e+00
2.10606441e-01 0.00000000e+00
2.11106100e-01 0.00000000e+00
2.11605759e-01 0.00000000e+00
2.12105419e-01 0.00000000e+00
2.12605078e-01 0.00000000e+00
2.13104738e-01 0.00000000e+00
2.13604397e-01 0.00000000e+00
2.14104056e-01 0.00000000e+00
2.14603716e-01 0.00000000e+00
2.15103375e-01 0.00000000e+00
2.15603035e-01 0.00000000e+00
2.16102694e-01 0.00000000e+00
2.16602354e-01 0.00000000e+00
2.17102013e-01 0.00000000e+00
2.17601672e-01 0.00000000e+00
2.18101332e-01 0.00000000e+00
2.18600991e-01 0.00000000e+00
2.19100651e-01 0.00000000e+00
2.19600310e-01 0.00000000e+00
2.20099969e-01 0.00000000e+00
2.20599629e-01 0.00000000e+00
2.21099288e-01 0.00000000e+00
2.21598948e-01 0.00000000e+00
2.22098607e-01 0.00000000e+00
2.22598266e-01 0.00000000e+00
2.23097926e-01 0.00000000e+00
2.23597585e-01 0.00000000e+00
2.24097245e-01 0.00000000e+00
2.24596904e-01 0.00000000e+00
2.25096563e-01 0.00000000e+00
2.25596223e-01 0.00000000e+00
2.26095882e-01 0.00000000e+00
2.26595542e-01 0.00000000e+00
2.27095201e-01 0.00000000e+00
2.27594861e-01 0.00000000e+00
2.28094520e-01 0.00000000e+00
2.28594179e-01 0.00000000e+00
2.29093839e-01 0.00000000e+00
2.29593498e-01 0.00000000e+00
2.30093158e-01 0.00000000e+00
2.30592817e-01 0.00000000e+00
2.31092476e-01 0.00000000e+00
2.31592136e-01 0.00000000e+00
2.32091795e-01 0.00000000e+00
2.32591455e-01 0.00000000e+00
2.33091114e-01 0.00000000e+00
2.33590773e-01 0.00000000e+00
2.34090433e-01 0.00000000e+00
2.34590092e-01 0.00000000e+00
2.35089752e-01 0.00000000e+00
2.35589411e-01 0.00000000e+00
2.36089070e-01 0.00000000e+00
2.36588730e-01 0.00000000e+00
2.37088389e-01 0.00000000e+00
2.37588049e-01 0.00000000e+00
2.38087708e-01 0.00000000e+00
2.38587367e-01 0.00000000e+00
2.39087027e-01 0.00000000e+00
2.39586686e-01 0.00000000e+00
2.40086346e-01 0.00000000e+00
2.40586005e-01 0.00000000e+00
2.41085665e-01 0.00000000e+00
2.41585324e-01 0.00000000e+00
2.42084983e-01 0.00000000e+00
2.42584643e-01 0.00000000e+00
2.43084302e-01 0.00000000e+00
2.43583962e-01 0.00000000e+00
2.44083621e-01 0.00000000e+00
2.44583280e-01 0.00000000e+00
2.45082940e-01 0.00000000e+00
2.45582599e-01 0.00000000e+00
2.46082259e-01 0.00000000e+00
2.46581918e-01 0.00000000e+00
2.47081577e-01 0.00000000e+00
2.47581237e-01 0.00000000e+00
2.48080896e-01 0.00000000e+00
2.48580556e-01 0.00000000e+00
2.49080215e-01 0.00000000e+00
2.49579874e-01 0.00000000e+00
2.50079534e-01 0.00000000e+00
2.50579193e-01 0.00000000e+00
2.51078853e-01 0.00000000e+00
2.51578512e-01 0.00000000e+00
2.52078172e-01 0.00000000e+00
2.52577831e-01 0.00000000e+00
2.53077490e-01 0.00000000e+00
2.53577150e-01 0.00000000e+00
2.54076809e-01 0.00000000e+00
2.54576469e-01 0.00000000e+00
2.55076128e-01 0.00000000e+00
2.55575787e-01 0.00000000e+00
2.56075447e-01 0.00000000e+00
2.56575106e-01 0.00000000e+00
2.57074766e-01 0.00000000e+00
2.57574425e-01 0.00000000e+00
2.58074084e-01 0.00000000e+00
2.58573744e-01 0.00000000e+00
2.59073403e-01 0.00000000e+00
2.59573063e-01 0.00000000e+00
2.60072722e-01 0.00000000e+00
2.60572381e-01 0.00000000e+00
2.61072041e-01 0.00000000e+00
2.61571700e-01 0.00000000e+00
2.62071360e-01 0.00000000e+00
2.62571019e-01 0.00000000e+00
2.63070679e-01 0.00000000e+00
2.63570338e-01 0.00000000e+00
2.64069997e-01 0.00000000e+00
2.64569657e-01 0.00000000e+00
2.65069316e-01 0.00000000e+00
2.65568976e-01 0.00000000e+00
2.66068635e-01 0.00000000e+00
2.66568294e-01 0.00000000e+00
2.67067954e-01 0.00000000e+00
2.67567613e-01 0.00000000e+00
2.68067273e-01 0.00000000e+00
2.68566932e-01 0.00000000e+00
2.69066591e-01 0.00000000e+00
2.69566251e-01 0.00000000e+00
2.70065910e-01 0.00000000e+00
2.70565570e-01 0.00000000e+00
2.71065229e-01 0.00000000e+00
2.71564888e-01 0.00000000e+00
2.72064548e-01 0.00000000e+00
2.72564207e-01 0.00000000e+00
2.73063867e-01 0.00000000e+00
2.73563526e-01 0.00000000e+00
2.74063185e-01 0.00000000e+00
2.74562845e-01 0.00000000e+00
2.75062504e-01 0.00000000e+00
2.75562164e-01 0.00000000e+00
2.76061823e-01 0.00000000e+00
2.76561483e-01 0.00000000e+00
2.77061142e-01 0.00000000e+00
2.77560801e-01 0.00000000e+00
2.78060461e-01 0.00000000e+00
2.78560120e-01 0.00000000e+00
2.79059780e-01 0.00000000e+00
2.79559439e-01 0.00000000e+00
2.80059098e-01 0.00000000e+00
2.80558758e-01 0.00000000e+00
2.81058417e-01 0.00000000e+00
2.81558077e-01 0.00000000e+00
2.82057736e-01 0.00000000e+00
2.82557395e-01 0.00000000e+00
2.83057055e-01 0.00000000e+00
2.83556714e-01 0.00000000e+00
2.84056374e-01 0.00000000e+00
2.84556033e-01 0.00000000e+00
2.85055692e-01 0.00000000e+00
2.85555352e-01 0.00000000e+00
2.86055011e-01 0.00000000e+00
2.86554671e-01 0.00000000e+00
2.87054330e-01 0.00000000e+00
2.87553990e-01 0.00000000e+00
2.88053649e-01 0.00000000e+00
2.88553308e-01 0.00000000e+00
2.89052968e-01 0.00000000e+00
2.89552627e-01 0.00000000e+00
2.90052287e-01 0.00000000e+00
2.90551946e-01 0.00000000e+00
2.91051605e-01 0.00000000e+00
2.91551265e-01 0.00000000e+00
2.92050924e-01 0.00000000e+00
2.92550584e-01 0.00000000e+00
2.93050243e-01 0.00000000e+00
2.93549902e-01 0.00000000e+00
2.94049562e-01 0.00000000e+00
2.94549221e-01 0.00000000e+00
2.95048881e-01 0.00000000e+00
2.95548540e-01 0.00000000e+00
2.96048199e-01 0.00000000e+00
2.96547859e-01 0.00000000e+00
2.97047518e-01 0.00000000e+00
2.97547178e-01 0.00000000e+00
2.98046837e-01 0.00000000e+00
2.98546497e-01 0.00000000e+00
2.99046156e-01 0.00000000e+00
2.99545815e-01 0.00000000e+00
3.00045475e-01 0.00000000e+00
3.00545134e-01 0.00000000e+00
3.01044794e-01 0.00000000e+00
3.01544453e-01 0.00000000e+00
3.02044112e-01 0.00000000e+00
3.02543772e-01 0.00000000e+00
3.03043431e-01 0.00000000e+00
3.03543091e-01 0.00000000e+00
3.04042750e-01 0.00000000e+00
3.04542409e-01 0.00000000e+00
3.05042069e-01 0.00000000e+00
3.05541728e-01 0.00000000e+00
3.06041388e-01 0.00000000e+00
3.06541047e-01 0.00000000e+00
3.07040706e-01 0.00000000e+00
3.07540366e-01 0.00000000e+00
3.08040025e-01 0.00000000e+00
3.08539685e-01 0.00000000e+00
3.09039344e-01 0.00000000e+00
3.09539003e-01 0.00000000e+00
3.10038663e-01 0.00000000e+00
3.10538322e-01 0.00000000e+00
3.11037982e-01 0.00000000e+00
3.11537641e-01 0.00000000e+00
3.12037301e-01 0.00000000e+00
3.12536960e-01 0.00000000e+00
3.13036619e-01 0.00000000e+00
3.13536279e-01 0.00000000e+00
3.14035938e-01 0.00000000e+00
3.14535598e-01 0.00000000e+00
3.15035257e-01 0.00000000e+00
3.15534916e-01 0.00000000e+00
3.16034576e-01 0.00000000e+00
3.16534235e-01 0.00000000e+00
3.17033895e-01 0.00000000e+00
3.17533554e-01 0.00000000e+00
3.18033213e-01 0.00000000e+00
3.18532873e-01 0.00000000e+00
3.19032532e-01 0.00000000e+00
3.19532192e-01 0.00000000e+00
3.20031851e-01 0.00000000e+00
3.20531510e-01 0.00000000e+00
3.21031170e-01 0.00000000e+00
3.21530829e-01 0.00000000e+00
3.22030489e-01 0.00000000e+00
3.22530148e-01 0.00000000e+00
3.23029808e-01 0.00000000e+00
3.23529467e-01 0.00000000e+00
3.24029126e-01 0.00000000e+00
3.24528786e-01 0.00000000e+00
3.25028445e-01 0.00000000e+00
3.25528105e-01 0.00000000e+00
3.26027764e-01 0.00000000e+00
3.26527423e-01 0.00000000e+00
3.27027083e-01 0.00000000e+00
3.27526742e-01 0.00000000e+00
3.28026402e-01 0.00000000e+00
3.28526061e-01 0.00000000e+00
3.29025720e-01 0.00000000e+00
3.29525380e-01 0.00000000e+00
3.30025039e-01 0.00000000e+00
3.30524699e-01 0.00000000e+00
3.31024358e-01 0.00000000e+00
3.31524017e-01 0.00000000e+00
3.32023677e-01 0.00000000e+00
3.32523336e-01 0.00000000e+00
3.33022996e-01 0.00000000e+00
3.33522655e-01 0.00000000e+00
3.34022314e-01 0.00000000e+00
3.34521974e-01 0.00000000e+00
3.35021633e-01 0.00000000e+00
3.35521293e-01 0.00000000e+00
3.36020952e-01 0.00000000e+00
3.36520612e-01 0.00000000e+00
3.37020271e-01 0.00000000e+00
3.37519930e-01 0.00000000e+00
3.38019590e-01 0.00000000e+00
3.38519249e-01 0.00000000e+00
3.39018909e-01 0.00000000e+00
3.39518568e-01 0.00000000e+00
3.40018227e-01 0.00000000e+00
3.40517887e-01 0.00000000e+00
3.41017546e-01 0.00000000e+00
3.41517206e-01 0.00000000e+00
3.42016865e-01 0.00000000e+00
3.42516524e-01 0.00000000e+00
3.43016184e-01 0.00000000e+00
3.43515843e-01 0.00000000e+00
3.44015503e-01 0.00000000e+00
3.44515162e-01 0.00000000e+00
3.45014821e-01 0.00000000e+00
3.45514481e-01 0.00000000e+00
3.46014140e-01 0.00000000e+00
3.46513800e-01 0.00000000e+00
3.47013459e-01 0.00000000e+00
3.47513119e-01 0.00000000e+00
3.48012778e-01 0.00000000e+00
3.48512437e-01 0.00000000e+00
3.49012097e-01 0.00000000e+00
3.49511756e-01 0.00000000e+00
3.50011416e-01 0.00000000e+00
3.50511075e-01 0.00000000e+00
3.51010734e-01 0.00000000e+00
3.51510394e-01 0.00000000e+00
3.52010053e-01 0.00000000e+00
3.52509713e-01 0.00000000e+00
3.53009372e-01 0.00000000e+00
3.53509031e-01 0.00000000e+00
3.54008691e-01 0.00000000e+00
3.54508350e-01 0.00000000e+00
3.55008010e-01 0.00000000e+00
3.55507669e-01 0.00000000e+00
3.56007328e-01 0.00000000e+00
3.56506988e-01 0.00000000e+00
3.57006647e-01 0.00000000e+00
3.57506307e-01 0.00000000e+00
3.58005966e-01 0.00000000e+00
3.58505626e-01 0.00000000e+00
3.59005285e-01 0.00000000e+00
3.59504944e-01 0.00000000e+00
3.60004604e-01 0.00000000e+00
3.60504263e-01 0.00000000e+00
3.61003923e-01 0.00000000e+00
3.61503582e-01 0.00000000e+00
3.62003241e-01 0.00000000e+00
3.62502901e-01 0.00000000e+00
3.63002560e-01 0.00000000e+00
3.63502220e-01 0.00000000e+00
3.64001879e-01 0.00000000e+00
3.64501538e-01 0.00000000e+00
3.65001198e-01 0.00000000e+00
3.65500857e-01 0.00000000e+00
3.66000517e-01 0.00000000e+00
3.66500176e-01 0.00000000e+00
3.66999835e-01 0.00000000e+00
3.67499495e-01 0.00000000e+00
3.67999154e-01 0.00000000e+00
3.68498814e-01 0.00000000e+00
3.68998473e-01 0.00000000e+00
3.69498132e-01 0.00000000e+00
3.69997792e-01 0.00000000e+00
3.70497451e-01 0.00000000e+00
3.70997111e-01 0.00000000e+00
3.71496770e-01 0.00000000e+00
3.71996430e-01 0.00000000e+00
3.72496089e-01 0.00000000e+00
3.72995748e-01 0.00000000e+00
3.73495408e-01 0.00000000e+00
3.73995067e-01 0.00000000e+00
3.74494727e-01 0.00000000e+00
3.74994386e-01 0.00000000e+00
3.75494045e-01 0.00000000e+00
3.75993705e-01 0.00000000e+00
3.76493364e-01 0.00000000e+00
3.76993024e-01 0.00000000e+00
3.77492683e-01 0.00000000e+00
3.77992342e-01 0.00000000e+00
3.78492002e-01 0.00000000e+00
3.78991661e-01 0.00000000e+00
3.79491321e-01 0.00000000e+00
3.79990980e-01 0.00000000e+00
3.80490639e-01 0.00000000e+00
3.80990299e-01 0.00000000e+00
3.81489958e-01 0.00000000e+00
3.81989618e-01 0.00000000e+00
3.82489277e-01 0.00000000e+00
3.82988937e-01 0.00000000e+00
3.83488596e-01 0.00000000e+00
3.83988255e-01 0.00000000e+00
3.84487915e-01 0.00000000e+00
3.84987574e-01 0.00000000e+00
3.85487234e-01 0.00000000e+00
3.85986893e-01 0.00000000e+00
3.86486552e-01 0.00000000e+00
3.86986212e-01 0.00000000e+00
3.87485871e-01 0.00000000e+00
3.87985531e-01 0.00000000e+00
3.88485190e-01 0.00000000e+00
3.88984849e-01 0.00000000e+00
3.89484509e-01 0.00000000e+00
3.89984168e-01 0.00000000e+00
3.90483828e-01 0.00000000e+00
3.90983487e-01 0.00000000e+00
3.91483146e-01 0.00000000e+00
3.91982806e-01 0.00000000e+00
3.92482465e-01 0.00000000e+00
3.92982125e-01 0.00000000e+00
3.93481784e-01 0.00000000e+00
3.93981443e-01 0.00000000e+00
3.94481103e-01 0.00000000e+00
3.94980762e-01 0.00000000e+00
3.95480422e-01 0.00000000e+00
3.95980081e-01 0.00000000e+00
3.96479741e-01 0.00000000e+00
3.96979400e-01 0.00000000e+00
3.97479059e-01 0.00000000e+00
3.97978719e-01 0.00000000e+00
3.98478378e-01 0.00000000e+00
3.98978038e-01 0.00000000e+00
3.99477697e-01 0.00000000e+00
3.99977356e-01 0.00000000e+00
4.00477016e-01 0.00000000e+00
4.00976675e-01 0.00000000e+00
4.01476335e-01 0.00000000e+00
4.01975994e-01 0.00000000e+00
4.02475653e-01 0.00000000e+00
4.02975313e-01 0.00000000e+00
4.03474972e-01 0.00000000e+00
4.03974632e-01 0.00000000e+00
4.04474291e-01 0.00000000e+00
4.04973950e-01 0.00000000e+00
4.05473610e-01 0.00000000e+00
4.05973269e-01 0.00000000e+00
4.06472929e-01 0.00000000e+00
4.06972588e-01 0.00000000e+00
4.07472248e-01 0.00000000e+00
4.07971907e-01 0.00000000e+00
4.08471566e-01 0.00000000e+00
4.08971226e-01 0.00000000e+00
4.09470885e-01 0.00000000e+00
4.09970545e-01 0.00000000e+00
4.10470204e-01 0.00000000e+00
4.10969863e-01 0.00000000e+00
4.11469523e-01 0.00000000e+00
4.11969182e-01 0.00000000e+00
4.12468842e-01 0.00000000e+00
4.12968501e-01 0.00000000e+00
4.13468160e-01 0.00000000e+00
4.13967820e-01 0.00000000e+00
4.14467479e-01 0.00000000e+00
4.14967139e-01 0.00000000e+00
4.15466798e-01 0.00000000e+00
4.15966457e-01 0.00000000e+00
4.16466117e-01 0.00000000e+00
4.16965776e-01 0.00000000e+00
4.17465436e-01 0.00000000e+00
4.17965095e-01 0.00000000e+00
4.18464755e-01 0.00000000e+00
4.18964414e-01 0.00000000e+00
4.19464073e-01 0.00000000e+00
4.19963733e-01 0.00000000e+00
4.20463392e-01 0.00000000e+00
4.20963052e-01 0.00000000e+00
4.21462711e-01 0.00000000e+00
4.21962370e-01 0.00000000e+00
4.22462030e-01 0.00000000e+00
4.22961689e-01 0.00000000e+00
4.23461349e-01 0.00000000e+00
4.23961008e-01 0.00000000e+00
4.24460667e-01 0.00000000e+00
4.24960327e-01 0.00000000e+00
4.25459986e-01 0.00000000e+00
4.25959646e-01 0.00000000e+00
4.26459305e-01 0.00000000e+00
4.26958964e-01 0.00000000e+00
4.27458624e-01 0.00000000e+00
4.27958283e-01 0.00000000e+00
4.28457943e-01 0.00000000e+00
4.28957602e-01 0.00000000e+00
4.29457261e-01 0.00000000e+00
4.29956921e-01 0.00000000e+00
4.30456580e-01 0.00000000e+00
4.30956240e-01 0.00000000e+00
4.31455899e-01 0.00000000e+00
4.31955559e-01 0.00000000e+00
4.32455218e-01 0.00000000e+00
4.32954877e-01 0.00000000e+00
4.33454537e-01 0.00000000e+00
4.33954196e-01 0.00000000e+00
4.34453856e-01 0.00000000e+00
4.34953515e-01 0.00000000e+00
4.35453174e-01 0.00000000e+00
4.35952834e-01 0.00000000e+00
4.36452493e-01 0.00000000e+00
4.36952153e-01 0.00000000e+00
4.37451812e-01 0.00000000e+00
4.37951471e-01 0.00000000e+00
4.38451131e-01 0.00000000e+00
4.38950790e-01 0.00000000e+00
4.39450450e-01 0.00000000e+00
4.39950109e-01 0.00000000e+00
4.40449768e-01 0.00000000e+00
4.40949428e-01 0.00000000e+00
4.41449087e-01 0.00000000e+00
4.41948747e-01 0.00000000e+00
4.42448406e-01 0.00000000e+00
4.42948066e-01 0.00000000e+00
4.43447725e-01 0.00000000e+00
4.43947384e-01 0.00000000e+00
4.44447044e-01 0.00000000e+00
4.44946703e-01 0.00000000e+00
4.45446363e-01 0.00000000e+00
4.45946022e-01 0.00000000e+00
4.46445681e-01 0.00000000e+00
4.46945341e-01 0.00000000e+00
4.47445000e-01 0.00000000e+00
4.47944660e-01 0.00000000e+00
4.48444319e-01 0.00000000e+00
4.48943978e-01 0.00000000e+00
4.49443638e-01 0.00000000e+00
4.49943297e-01 0.00000000e+00
4.50442957e-01 0.00000000e+00
4.50942616e-01 0.00000000e+00
4.51442275e-01 0.00000000e+00
4.51941935e-01 0.00000000e+00
4.52441594e-01 0.00000000e+00
4.52941254e-01 0.00000000e+00
4.53440913e-01 0.00000000e+00
4.53940573e-01 0.00000000e+00
4.54440232e-01 0.00000000e+00
4.54939891e-01 0.00000000e+00
4.55439551e-01 0.00000000e+00
4.55939210e-01 0.00000000e+00
4.56438870e-01 0.00000000e+00
4.56938529e-01 0.00000000e+00
4.57438188e-01 0.00000000e+00
4.57937848e-01 0.00000000e+00
4.58437507e-01 0.00000000e+00
4.58937167e-01 0.00000000e+00
4.59436826e-01 0.00000000e+00
4.59936485e-01 0.00000000e+00
4.60436145e-01 0.00000000e+00
4.60935804e-01 0.00000000e+00
4.61435464e-01 0.00000000e+00
4.61935123e-01 0.00000000e+00
4.62434782e-01 0.00000000e+00
4.62934442e-01 0.00000000e+00
4.63434101e-01 0.00000000e+00
4.63933761e-01 0.00000000e+00
4.64433420e-01 0.00000000e+00
4.64933079e-01 0.00000000e+00
4.65432739e-01 0.00000000e+00
4.65932398e-01 0.00000000e+00
4.66432058e-01 0.00000000e+00
4.66931717e-01 0.00000000e+00
4.67431377e-01 0.00000000e+00
4.67931036e-01 0.00000000e+00
4.68430695e-01 0.00000000e+00
4.68930355e-01 0.00000000e+00
4.69430014e-01 0.00000000e+00
4.69929674e-01 0.00000000e+00
4.70429333e-01 0.00000000e+00
4.70928992e-01 0.00000000e+00
4.71428652e-01 0.00000000e+00
4.71928311e-01 0.00000000e+00
4.72427971e-01 0.00000000e+00
4.72927630e-01 0.00000000e+00
4.73427289e-01 0.00000000e+00
4.73926949e-01 0.00000000e+00
4.74426608e-01 0.00000000e+00
4.74926268e-01 0.00000000e+00
4.75425927e-01 0.00000000e+00
4.75925586e-01 0.00000000e+00
4.76425246e-01 0.00000000e+00
4.76924905e-01 0.00000000e+00
4.77424565e-01 0.00000000e+00
4.77924224e-01 0.00000000e+00
4.78423884e-01 0.00000000e+00
4.78923543e-01 0.00000000e+00
4.79423202e-01 0.00000000e+00
4.79922862e-01 0.00000000e+00
4.80422521e-01 0.00000000e+00
4.80922181e-01 0.00000000e+00
4.81421840e-01 0.00000000e+00
4.81921499e-01 0.00000000e+00
4.82421159e-01 0.00000000e+00
4.82920818e-01 0.00000000e+00
4.83420478e-01 0.00000000e+00
4.83920137e-01 0.00000000e+00
4.84419796e-01 0.00000000e+00
4.84919456e-01 0.00000000e+00
4.85419115e-01 0.00000000e+00
4.85918775e-01 0.00000000e+00
4.86418434e-01 0.00000000e+00
4.86918093e-01 0.00000000e+00
4.87417753e-01 0.00000000e+00
4.87917412e-01 0.00000000e+00
4.88417072e-01 0.00000000e+00
4.88916731e-01 0.00000000e+00
4.89416390e-01 0.00000000e+00
4.89916050e-01 0.00000000e+00
4.90415709e-01 0.00000000e+00
4.90915369e-01 0.00000000e+00
4.91415028e-01 0.00000000e+00
4.91914688e-01 0.00000000e+00
4.92414347e-01 0.00000000e+00
4.92914006e-01 0.00000000e+00
4.93413666e-01 0.00000000e+00
4.93913325e-01 0.00000000e+00
4.94412985e-01 0.00000000e+00
4.94912644e-01 0.00000000e+00
4.95412303e-01 0.00000000e+00
4.95911963e-01 0.00000000e+00
4.96411622e-01 0.00000000e+00
4.96911282e-01 0.00000000e+00
4.97410941e-01 0.00000000e+00
4.97910600e-01 0.00000000e+00
4.98410260e-01 0.00000000e+00
4.98909919e-01 0.00000000e+00
4.99409579e-01 0.00000000e+00
4.99909238e-01 0.00000000e+00
0.00000000e+00 2.49829704e-04
0.00000000e+00 7.49489113e-04
0.00000000e+00 1.24914852e-03
0.00000000e+00 1.74880793e-03
0.00000000e+00 2.24846734e-03
0.00000000e+00 2.74812675e-03
0.00000000e+00 3.24778615e-03
0.00000000e+00 3.74744556e-03
0.00000000e+00 4.24710497e-03
0.00000000e+00 4.74676438e-03
0.00000000e+00 5.24642379e-03
0.00000000e+00 5.74608320e-03
0.00000000e+00 6.24574260e-03
0.00000000e+00 6.74540201e-03
0.00000000e+00 7.24506142e-03
0.00000000e+00 7.74472083e-03
0.00000000e+00 8.24438024e-03
0.00000000e+00 8.74403965e-03
0.00000000e+00 9.24369905e-03
0.00000000e+00 9.74335846e-03
0.00000000e+00 1.02430179e-02
0.00000000e+00 1.07426773e-02
0.00000000e+00 1.12423367e-02
0.00000000e+00 1.17419961e-02
0.00000000e+00 1.22416555e-02
0.00000000e+00 1.27413149e-02
0.00000000e+00 1.32409743e-02
0.00000000e+00 1.37406337e-02
0.00000000e+00 1.42402931e-02
0.00000000e+00 1.47399525e-02
0.00000000e+00 1.52396120e-02
0.00000000e+00 1.57392714e-02
0.00000000e+00 1.62389308e-02
0.00000000e+00 1.67385902e-02
0.00000000e+00 1.72382496e-02
0.00000000e+00 1.77379090e-02
0.00000000e+00 1.82375684e-02
0.00000000e+00 1.87372278e-02
0.00000000e+00 1.92368872e-02
0.00000000e+00 1.97365466e-02
0.00000000e+00 2.02362060e-02
0.00000000e+00 2.07358654e-02
0.00000000e+00 2.12355249e-02
0.00000000e+00 2.17351843e-02
0.00000000e+00 2.22348437e-02
0.00000000e+00 2.27345031e-02
0.00000000e+00 2.32341625e-02
0.00000000e+00 2.37338219e-02
0.00000000e+00 2.42334813e-02
0.00000000e+00 2.47331407e-02
0.00000000e+00 2.52328001e-02
0.00000000e+00 2.57324595e-02
0.00000000e+00 2.62321189e-02
0.00000000e+00 2.67317783e-02
0.00000000e+00 2.72314378e-02
0.00000000e+00 2.77310972e-02
0.00000000e+00 2.82307566e-02
0.00000000e+00 2.87304160e-02
0.00000000e+00 2.92300754e-02
0.00000000e+00 2.97297348e-02
0.00000000e+00 3.02293942e-02
0.00000000e+00 3.07290536e-02
0.00000000e+00 3.12287130e-02
0.00000000e+00 3.17283724e-02
0.00000000e+00 3.22280318e-02
0.00000000e+00 3.27276912e-02
0.00000000e+00 3.32273507e-02
0.00000000e+00 3.37270101e-02
0.00000000e+00 3.42266695e-02
0.00000000e+00 3.47263289e-02
0.00000000e+00 3.52259883e-02
0.00000000e+00 3.57256477e-02
0.00000000e+00 3.62253071e-02
0.00000000e+00 3.67249665e-02
0.00000000e+00 3.72246259e-02
0.00000000e+00 3.77242853e-02
0.00000000e+00 3.82239447e-02
0.00000000e+00 3.87236041e-02
0.00000000e+00 3.92232636e-02
0.00000000e+00 3.97229230e-02
0.00000000e+00 4.02225824e-02
0.00000000e+00 4.07222418e-02
0.00000000e+00 4.12219012e-02
0.00000000e+00 4.17215606e-02
0.00000000e+00 4.22212200e-02
0.00000000e+00 4.27208794e-02
0.00000000e+00 4.32205388e-02
0.00000000e+00 4.37201982e-02
0.00000000e+00 4.42198576e-02
0.00000000e+00 4.47195170e-02
0.00000000e+00 4.52191765e-02
0.00000000e+00 4.57188359e-02
0.00000000e+00 4.62184953e-02
0.00000000e+00 4.67181547e-02
0.00000000e+00 4.72178141e-02
0.00000000e+00 4.77174735e-02
0.00000000e+00 4.82171329e-02
0.00000000e+00 4.87167923e-02
0.00000000e+00 4.92164517e-02
0.00000000e+00 4.97161111e-02
0.00000000e+00 5.02157705e-02
0.00000000e+00 5.07154299e-02
0.00000000e+00 5.12150894e-02
0.00000000e+00 5.17147488e-02
0.00000000e+00 5.22144082e-02
0.00000000e+00 5.27140676e-02
0.00000000e+00 5.32137270e-02
0.00000000e+00 5.37133864e-02
0.00000000e+00 5.42130458e-02
0.00000000e+00 5.47127052e-02
0.00000000e+00 5.52123646e-02
0.00000000e+00 5.57120240e-02
0.00000000e+00 5.62116834e-02
0.00000000e+00 5.67113428e-02
0.00000000e+00 5.72110023e-02
0.00000000e+00 5.77106617e-02
0.00000000e+00 5.82103211e-02
0.00000000e+00 5.87099805e-02
0.00000000e+00 5.92096399e-02
0.00000000e+00 5.97092993e-02
0.00000000e+00 6.02089587e-02
0.00000000e+00 6.07086181e-02
0.00000000e+00 6.12082775e-02
0.00000000e+00 6.17079369e-02
0.00000000e+00 6.22075963e-02
0.00000000e+00 6.27072558e-02
0.00000000e+00 6.32069152e-02
0.00000000e+00 6.37065746e-02
0.00000000e+00 6.42062340e-02
0.00000000e+00 6.47058934e-02
0.00000000e+00 6.52055528e-02
0.00000000e+00 6.57052122e-02
0.00000000e+00 6.62048716e-02
0.00000000e+00 6.67045310e-02
0.00000000e+00 6.72041904e-02
0.00000000e+00 6.77038498e-02
0.00000000e+00 6.82035092e-02
0.00000000e+00 6.87031687e-02
0.00000000e+00 6.92028281e-02
0.00000000e+00 6.97024875e-02
0.00000000e+00 7.02021469e-02
0.00000000e+00 7.07018063e-02
0.00000000e+00 7.12014657e-02
0.00000000e+00 7.17011251e-02
0.00000000e+00 7.22007845e-02
0.00000000e+00 7.27004439e-02
0.00000000e+00 7.32001033e-02
0.00000000e+00 7.36997627e-02
0.00000000e+00 7.41994221e-02
0.00000000e+00 7.46990816e-02
0.00000000e+00 7.51987410e-02
0.00000000e+00 7.56984004e-02
0.00000000e+00 7.61980598e-02
0.00000000e+00 7.66977192e-02
0.00000000e+00 7.71973786e-02
0.00000000e+00 7.76970380e-02
0.00000000e+00 7.81966974e-02
0.00000000e+00 7.86963568e-02
0.00000000e+00 7.91960162e-02
0.00000000e+00 7.96956756e-02
0.00000000e+00 8.01953350e-02
0.00000000e+00 8.06949945e-02
0.00000000e+00 8.11946539e-02
0.00000000e+00 8.16943133e-02
0.00000000e+00 8.21939727e-02
0.00000000e+00 8.26936321e-02
0.00000000e+00 8.31932915e-02
0.00000000e+00 8.36929509e-02
0.00000000e+00 8.41926103e-02
0.00000000e+00 8.46922697e-02
0.00000000e+00 8.51919291e-02
0.00000000e+00 8.56915885e-02
0.00000000e+00 8.61912479e-02
0.00000000e+00 8.66909074e-02
0.00000000e+00 8.71905668e-02
0.00000000e+00 8.76902262e-02
0.00000000e+00 8.81898856e-02
0.00000000e+00 8.86895450e-02
0.00000000e+00 8.91892044e-02
0.00000000e+00 8.96888638e-02
0.00000000e+00 9.01885232e-02
0.00000000e+00 9.06881826e-02
0.00000000e+00 9.11878420e-02
0.00000000e+00 9.16875014e-02
0.00000000e+00 9.21871608e-02
0.00000000e+00 9.26868203e-02
0.00000000e+00 9.31864797e-02
0.00000000e+00 9.36861391e-02
0.00000000e+00 9.41857985e-02
0.00000000e+00 9.46854579e-02
0.00000000e+00 9.51851173e-02
0.00000000e+00 9.56847767e-02
0.00000000e+00 9.61844361e-02
0.00000000e+00 9.66840955e-02
0.00000000e+00 9.71837549e-02
0.00000000e+00 9.76834143e-02
0.00000000e+00 9.81830737e-02
0.00000000e+00 9.86827332e-02
0.00000000e+00 9.91823926e-02
0.00000000e+00 9.96820520e-02
0.00000000e+00 1.00181711e-01
0.00000000e+00 1.00681371e-01
0.00000000e+00 1.01181030e-01
0.00000000e+00 1.01680690e-01
0.00000000e+00 1.02180349e-01
0.00000000e+00 1.02680008e-01
0.00000000e+00 1.03179668e-01
0.00000000e+00 1.03679327e-01
0.00000000e+00 1.04178987e-01
0.00000000e+00 1.04678646e-01
0.00000000e+00 1.05178305e-01
0.00000000e+00 1.05677965e-01
0.00000000e+00 1.06177624e-01
0.00000000e+00 1.06677284e-01
0.00000000e+00 1.07176943e-01
0.00000000e+00 1.07676603e-01
0.00000000e+00 1.08176262e-01
0.00000000e+00 1.08675921e-01
0.00000000e+00 1.09175581e-01
0.00000000e+00 1.09675240e-01
0.00000000e+00 1.10174900e-01
0.00000000e+00 1.10674559e-01
0.00000000e+00 1.11174218e-01
0.00000000e+00 1.11673878e-01
0.00000000e+00 1.12173537e-01
0.00000000e+00 1.12673197e-01
0.00000000e+00 1.13172856e-01
0.00000000e+00 1.13672515e-01
0.00000000e+00 1.14172175e-01
0.00000000e+00 1.14671834e-01
0.00000000e+00 1.15171494e-01
0.00000000e+00 1.15671153e-01
0.00000000e+00 1.16170812e-01
0.00000000e+00 1.16670472e-01
0.00000000e+00 1.17170131e-01
0.00000000e+00 1.17669791e-01
0.00000000e+00 1.18169450e-01
0.00000000e+00 1.18669109e-01
0.00000000e+00 1.19168769e-01
0.00000000e+00 1.19668428e-01
0.00000000e+00 1.20168088e-01
0.00000000e+00 1.20667747e-01
0.00000000e+00 1.21167407e-01
0.00000000e+00 1.21667066e-01
0.00000000e+00 1.22166725e-01
0.00000000e+00 1.22666385e-01
0.00000000e+00 1.23166044e-01
0.00000000e+00 1.23665704e-01
0.00000000e+00 1.24165363e-01
0.00000000e+00 1.24665022e-01
0.00000000e+00 1.25164682e-01
0.00000000e+00 1.25664341e-01
0.00000000e+00 1.26164001e-01
0.00000000e+00 1.26663660e-01
0.00000000e+00 1.27163319e-01
0.00000000e+00 1.27662979e-01
0.00000000e+00 1.28162638e-01
0.00000000e+00 1.28662298e-01
0.00000000e+00 1.29161957e-01
0.00000000e+00 1.29661616e-01
0.00000000e+00 1.30161276e-01
0.00000000e+00 1.30660935e-01
0.00000000e+00 1.31160595e-01
0.00000000e+00 1.31660254e-01
0.00000000e+00 1.32159914e-01
0.00000000e+00 1.32659573e-01
0.00000000e+00 1.33159232e-01
0.00000000e+00 1.33658892e-01
0.00000000e+00 1.34158551e-01
0.00000000e+00 1.34658211e-01
0.00000000e+00 1.35157870e-01
0.00000000e+00 1.35657529e-01
0.00000000e+00 1.36157189e-01
0.00000000e+00 1.36656848e-01
0.00000000e+00 1.37156508e-01
0.00000000e+00 1.37656167e-01
0.00000000e+00 1.38155826e-01
0.00000000e+00 1.38655486e-01
0.00000000e+00 1.39155145e-01
0.00000000e+00 1.39654805e-01
0.00000000e+00 1.40154464e-01
0.00000000e+00 1.40654123e-01
0.00000000e+00 1.41153783e-01
0.00000000e+00 1.41653442e-01
0.00000000e+00 1.42153102e-01
0.00000000e+00 1.42652761e-01
0.00000000e+00 1.43152420e-01
0.00000000e+00 1.43652080e-01
0.00000000e+00 1.44151739e-01
0.00000000e+00 1.44651399e-01
0.00000000e+00 1.45151058e-01
0.00000000e+00 1.45650718e-01
0.00000000e+00 1.46150377e-01
0.00000000e+00 1.46650036e-01
0.00000000e+00 1.47149696e-01
0.00000000e+00 1.47649355e-01
0.00000000e+00 1.48149015e-01
0.00000000e+00 1.48648674e-01
0.00000000e+00 1.49148333e-01
0.00000000e+00 1.49647993e-01
0.00000000e+00 1.50147652e-01
0.00000000e+00 1.50647312e-01
0.00000000e+00 1.51146971e-01
0.00000000e+00 1.51646630e-01
0.00000000e+00 1.52146290e-01
0.00000000e+00 1.52645949e-01
0.00000000e+00 1.53145609e-01
0.00000000e+00 1.53645268e-01
0.00000000e+00 1.54144927e-01
0.00000000e+00 1.54644587e-01
0.00000000e+00 1.55144246e-01
0.00000000e+00 1.55643906e-01
0.00000000e+00 1.56143565e-01
0.00000000e+00 1.56643225e-01
0.00000000e+00 1.57142884e-01
0.00000000e+00 1.57642543e-01
0.00000000e+00 1.58142203e-01
0.00000000e+00 1.58641862e-01
0.00000000e+00 1.59141522e-01
0.00000000e+00 1.59641181e-01
0.00000000e+00 1.60140840e-01
0.00000000e+00 1.60640500e-01
0.00000000e+00 1.61140159e-01
0.00000000e+00 1.61639819e-01
0.00000000e+00 1.62139478e-01
0.00000000e+00 1.62639137e-01
0.00000000e+00 1.63138797e-01
0.00000000e+00 1.63638456e-01
0.00000000e+00 1.64138116e-01
0.00000000e+00 1.64637775e-01
0.00000000e+00 1.65137434e-01
0.00000000e+00 1.65637094e-01
0.00000000e+00 1.66136753e-01
0.00000000e+00 1.66636413e-01
0.00000000e+00 1.67136072e-01
0.00000000e+00 1.67635732e-01
0.00000000e+00 1.68135391e-01
0.00000000e+00 1.68635050e-01
0.00000000e+00 1.69134710e-01
0.00000000e+00 1.69634369e-01
0.00000000e+00 1.70134029e-01
0.00000000e+00 1.70633688e-01
0.00000000e+00 1.71133347e-01
0.00000000e+00 1.71633007e-01
0.00000000e+00 1.72132666e-01
0.00000000e+00 1.72632326e-01
0.00000000e+00 1.73131985e-01
0.00000000e+00 1.73631644e-01
0.00000000e+00 1.74131304e-01
0.00000000e+00 1.74630963e-01
0.00000000e+00 1.75130623e-01
0.00000000e+00 1.75630282e-01
0.00000000e+00 1.76129941e-01
0.00000000e+00 1.76629601e-01
0.00000000e+00 1.77129260e-01
0.00000000e+00 1.77628920e-01
0.00000000e+00 1.78128579e-01
0.00000000e+00 1.78628238e-01
0.00000000e+00 1.79127898e-01
0.00000000e+00 1.79627557e-01
0.00000000e+00 1.80127217e-01
0.00000000e+00 1.80626876e-01
0.00000000e+00 1.81126536e-01
0.00000000e+00 1.81626195e-01
0.00000000e+00 1.82125854e-01
0.00000000e+00 1.82625514e-01
0.00000000e+00 1.83125173e-01
0.00000000e+00 1.83624833e-01
0.00000000e+00 1.84124492e-01
0.00000000e+00 1.84624151e-01
0.00000000e+00 1.85123811e-01
0.00000000e+00 1.85623470e-01
0.00000000e+00 1.86123130e-01
0.00000000e+00 1.86622789e-01
0.00000000e+00 1.87122448e-01
0.00000000e+00 1.87622108e-01
0.00000000e+00 1.88121767e-01
0.00000000e+00 1.88621427e-01
0.00000000e+00 1.89121086e-01
0.00000000e+00 1.89620745e-01
0.00000000e+00 1.90120405e-01
0.00000000e+00 1.90620064e-01
0.00000000e+00 1.91119724e-01
0.00000000e+00 1.91619383e-01
0.00000000e+00 1.92119043e-01
0.00000000e+00 1.92618702e-01
0.00000000e+00 1.93118361e-01
0.00000000e+00 1.93618021e-01
0.00000000e+00 1.94117680e-01
0.00000000e+00 1.94617340e-01
0.00000000e+00 1.95116999e-01
0.00000000e+00 1.95616658e-01
0.00000000e+00 1.96116318e-01
0.00000000e+00 1.96615977e-01
0.00000000e+00 1.97115637e-01
0.00000000e+00 1.97615296e-01
0.00000000e+00 1.98114955e-01
0.00000000e+00 1.98614615e-01
0.00000000e+00 1.99114274e-01
0.00000000e+00 1.99613934e-01
0.00000000e+00 2.00113593e-01
0.00000000e+00 2.00613252e-01
0.00000000e+00 2.01112912e-01
0.00000000e+00 2.01612571e-01
0.00000000e+00 2.02112231e-01
0.00000000e+00 2.02611890e-01
0.00000000e+00 2.03111550e-01
0.00000000e+00 2.03611209e-01
0.00000000e+00 2.04110868e-01
0.00000000e+00 2.04610528e-01
0.00000000e+00 2.05110187e-01
0.00000000e+00 2.05609847e-01
0.00000000e+00 2.06109506e-01
0.00000000e+00 2.06609165e-01
0.00000000e+00 2.07108825e-01
0.00000000e+00 2.07608484e-01
0.00000000e+00 2.08108144e-01
0.00000000e+00 2.08607803e-01
0.00000000e+00 2.09107462e-01
0.00000000e+00 2.09607122e-01
0.00000000e+00 2.10106781e-01
0.00000000e+00 2.10606441e-01
0.00000000e+00 2.11106100e-01
0.00000000e+00 2.11605759e-01
0.00000000e+00 2.12105419e-01
0.00000000e+00 2.12605078e-01
0.00000000e+00 2.13104738e-01
0.00000000e+00 2.13604397e-01
0.00000000e+00 2.14104056e-01
0.00000000e+00 2.14603716e-01
0.00000000e+00 2.15103375e-01
0.00000000e+00 2.15603035e-01
0.00000000e+00 2.16102694e-01
0.00000000e+00 2.16602354e-01
0.00000000e+00 2.17102013e-01
0.00000000e+00 2.17601672e-01
0.00000000e+00 2.18101332e-01
0.00000000e+00 2.18600991e-01
0.00000000e+00 2.19100651e-01
0.00000000e+00 2.19600310e-01
0.00000000e+00 2.20099969e-01
0.00000000e+00 2.20599629e-01
0.00000000e+00 2.21099288e-01
0.00000000e+00 2.21598948e-01
0.00000000e+00 2.22098607e-01
0.00000000e+00 2.22598266e-01
0.00000000e+00 2.23097926e-01
0.00000000e+00 2.23597585e-01
0.00000000e+00 2.24097245e-01
0.00000000e+00 2.24596904e-01
0.00000000e+00 2.25096563e-01
0.00000000e+00 2.25596223e-01
0.00000000e+00 2.26095882e-01
0.00000000e+00 2.26595542e-01
0.00000000e+00 2.27095201e-01
0.00000000e+00 2.27594861e-01
0.00000000e+00 2.28094520e-01
0.00000000e+00 2.28594179e-01
0.00000000e+00 2.29093839e-01
0.00000000e+00 2.29593498e-01
0.00000000e+00 2.30093158e-01
0.00000000e+00 2.30592817e-01
0.00000000e+00 2.31092476e-01
0.00000000e+00 2.31592136e-01
0.00000000e+00 2.32091795e-01
0.00000000e+00 2.32591455e-01
0.00000000e+00 2.33091114e-01
0.00000000e+00 2.33590773e-01
0.00000000e+00 2.34090433e-01
0.00000000e+00 2.34590092e-01
0.00000000e+00 2.35089752e-01
0.00000000e+00 2.35589411e-01
0.00000000e+00 2.36089070e-01
0.00000000e+00 2.36588730e-01
0.00000000e+00 2.37088389e-01
0.00000000e+00 2.37588049e-01
0.00000000e+00 2.38087708e-01
0.00000000e+00 2.38587367e-01
0.00000000e+00 2.39087027e-01
0.00000000e+00 2.39586686e-01
0.00000000e+00 2.40086346e-01
0.00000000e+00 2.40586005e-01
0.00000000e+00 2.41085665e-01
0.00000000e+00 2.41585324e-01
0.00000000e+00 2.42084983e-01
0.00000000e+00 2.42584643e-01
0.00000000e+00 2.43084302e-01
0.00000000e+00 2.43583962e-01
0.00000000e+00 2.44083621e-01
0.00000000e+00 2.44583280e-01
0.00000000e+00 2.45082940e-01
0.00000000e+00 2.45582599e-01
0.00000000e+00 2.46082259e-01
0.00000000e+00 2.46581918e-01
0.00000000e+00 2.47081577e-01
0.00000000e+00 2.47581237e-01
0.00000000e+00 2.48080896e-01
0.00000000e+00 2.48580556e-01
0.00000000e+00 2.49080215e-01
0.00000000e+00 2.49579874e-01
0.00000000e+00 2.50079534e-01
0.00000000e+00 2.50579193e-01
0.00000000e+00 2.51078853e-01
0.00000000e+00 2.51578512e-01
0.00000000e+00 2.52078172e-01
0.00000000e+00 2.52577831e-01
0.00000000e+00 2.53077490e-01
0.00000000e+00 2.53577150e-01
0.00000000e+00 2.54076809e-01
0.00000000e+00 2.54576469e-01
0.00000000e+00 2.55076128e-01
0.00000000e+00 2.55575787e-01
0.00000000e+00 2.56075447e-01
0.00000000e+00 2.56575106e-01
0.00000000e+00 2.57074766e-01
0.00000000e+00 2.57574425e-01
0.00000000e+00 2.58074084e-01
0.00000000e+00 2.58573744e-01
0.00000000e+00 2.59073403e-01
0.00000000e+00 2.59573063e-01
0.00000000e+00 2.60072722e-01
0.00000000e+00 2.60572381e-01
0.00000000e+00 2.61072041e-01
0.00000000e+00 2.61571700e-01
0.00000000e+00 2.62071360e-01
0.00000000e+00 2.62571019e-01
0.00000000e+00 2.63070679e-01
0.00000000e+00 2.63570338e-01
0.00000000e+00 2.64069997e-01
0.00000000e+00 2.64569657e-01
0.00000000e+00 2.65069316e-01
0.00000000e+00 2.65568976e-01
0.00000000e+00 2.66068635e-01
0.00000000e+00 2.66568294e-01
0.00000000e+00 2.67067954e-01
0.00000000e+00 2.67567613e-01
0.00000000e+00 2.68067273e-01
0.00000000e+00 2.68566932e-01
0.00000000e+00 2.69066591e-01
0.00000000e+00 2.69566251e-01
0.00000000e+00 2.70065910e-01
0.00000000e+00 2.70565570e-01
0.00000000e+00 2.71065229e-01
0.00000000e+00 2.71564888e-01
0.00000000e+00 2.72064548e-01
0.00000000e+00 2.72564207e-01
0.00000000e+00 2.73063867e-01
0.00000000e+00 2.73563526e-01
0.00000000e+00 2.74063185e-01
0.00000000e+00 2.74562845e-01
0.00000000e+00 2.75062504e-01
0.00000000e+00 2.75562164e-01
0.00000000e+00 2.76061823e-01
0.00000000e+00 2.76561483e-01
0.00000000e+00 2.77061142e-01
0.00000000e+00 2.77560801e-01
0.00000000e+00 2.78060461e-01
0.00000000e+00 2.78560120e-01
0.00000000e+00 2.79059780e-01
0.00000000e+00 2.79559439e-01
0.00000000e+00 2.80059098e-01
0.00000000e+00 2.80558758e-01
0.00000000e+00 2.81058417e-01
0.00000000e+00 2.81558077e-01
0.00000000e+00 2.82057736e-01
0.00000000e+00 2.82557395e-01
0.00000000e+00 2.83057055e-01
0.00000000e+00 2.83556714e-01
0.00000000e+00 2.84056374e-01
0.00000000e+00 2.84556033e-01
0.00000000e+00 2.85055692e-01
0.00000000e+00 2.85555352e-01
0.00000000e+00 2.86055011e-01
0.00000000e+00 2.86554671e-01
0.00000000e+00 2.87054330e-01
0.00000000e+00 2.87553990e-01
0.00000000e+00 2.88053649e-01
0.00000000e+00 2.88553308e-01
0.00000000e+00 2.89052968e-01
0.00000000e+00 2.89552627e-01
0.00000000e+00 2.90052287e-01
0.00000000e+00 2.90551946e-01
0.00000000e+00 2.91051605e-01
0.00000000e+00 2.91551265e-01
0.00000000e+00 2.92050924e-01
0.00000000e+00 2.92550584e-01
0.00000000e+00 2.93050243e-01
0.00000000e+00 2.93549902e-01
0.00000000e+00 2.94049562e-01
0.00000000e+00 2.94549221e-01
0.00000000e+00 2.95048881e-01
0.00000000e+00 2.95548540e-01
0.00000000e+00 2.96048199e-01
0.00000000e+00 2.96547859e-01
0.00000000e+00 2.97047518e-01
0.00000000e+00 2.97547178e-01
0.00000000e+00 2.98046837e-01
0.00000000e+00 2.98546497e-01
0.00000000e+00 2.99046156e-01
0.00000000e+00 2.99545815e-01
0.00000000e+00 3.00045475e-01
0.00000000e+00 3.00545134e-01
0.00000000e+00 3.01044794e-01
0.00000000e+00 3.01544453e-01
0.00000000e+00 3.02044112e-01
0.00000000e+00 3.02543772e-01
0.00000000e+00 3.03043431e-01
0.00000000e+00 3.03543091e-01
0.00000000e+00 3.04042750e-01
0.00000000e+00 3.04542409e-01
0.00000000e+00 3.05042069e-01
0.00000000e+00 3.05541728e-01
0.00000000e+00 3.06041388e-01
0.00000000e+00 3.06541047e-01
0.00000000e+00 3.07040706e-01
0.00000000e+00 3.07540366e-01
0.00000000e+00 3.08040025e-01
0.00000000e+00 3.08539685e-01
0.00000000e+00 3.09039344e-01
0.00000000e+00 3.09539003e-01
0.00000000e+00 3.10038663e-01
0.00000000e+00 3.10538322e-01
0.00000000e+00 3.11037982e-01
0.00000000e+00 3.11537641e-01
0.00000000e+00 3.12037301e-01
0.00000000e+00 3.12536960e-01
0.00000000e+00 3.13036619e-01
0.00000000e+00 3.13536279e-01
0.00000000e+00 3.14035938e-01
0.00000000e+00 3.14535598e-01
0.00000000e+00 3.15035257e-01
0.00000000e+00 3.15534916e-01
0.00000000e+00 3.16034576e-01
0.00000000e+00 3.16534235e-01
0.00000000e+00 3.17033895e-01
0.00000000e+00 3.17533554e-01
0.00000000e+00 3.18033213e-01
0.00000000e+00 3.18532873e-01
0.00000000e+00 3.19032532e-01
0.00000000e+00 3.19532192e-01
0.00000000e+00 3.20031851e-01
0.00000000e+00 3.20531510e-01
0.00000000e+00 3.21031170e-01
0.00000000e+00 3.21530829e-01
0.00000000e+00 3.22030489e-01
0.00000000e+00 3.22530148e-01
0.00000000e+00 3.23029808e-01
0.00000000e+00 3.23529467e-01
0.00000000e+00 3.24029126e-01
0.00000000e+00 3.24528786e-01
0.00000000e+00 3.25028445e-01
0.00000000e+00 3.25528105e-01
0.00000000e+00 3.26027764e-01
0.00000000e+00 3.26527423e-01
0.00000000e+00 3.27027083e-01
0.00000000e+00 3.27526742e-01
0.00000000e+00 3.28026402e-01
0.00000000e+00 3.28526061e-01
0.00000000e+00 3.29025720e-01
0.00000000e+00 3.29525380e-01
0.00000000e+00 3.30025039e-01
0.00000000e+00 3.30524699e-01
0.00000000e+00 3.31024358e-01
0.00000000e+00 3.31524017e-01
0.00000000e+00 3.32023677e-01
0.00000000e+00 3.32523336e-01
0.00000000e+00 3.33022996e-01
0.00000000e+00 3.33522655e-01
0.00000000e+00 3.34022314e-01
0.00000000e+00 3.34521974e-01
0.00000000e+00 3.35021633e-01
0.00000000e+00 3.35521293e-01
0.00000000e+00 3.36020952e-01
0.00000000e+00 3.36520612e-01
0.00000000e+00 3.37020271e-01
0.00000000e+00 3.37519930e-01
0.00000000e+00 3.38019590e-01
0.00000000e+00 3.38519249e-01
0.00000000e+00 3.39018909e-01
0.00000000e+00 3.39518568e-01
0.00000000e+00 3.40018227e-01
0.00000000e+00 3.40517887e-01
0.00000000e+00 3.41017546e-01
0.00000000e+00 3.41517206e-01
0.00000000e+00 3.42016865e-01
0.00000000e+00 3.42516524e-01
0.00000000e+00 3.43016184e-01
0.00000000e+00 3.43515843e-01
0.00000000e+00 3.44015503e-01
0.00000000e+00 3.44515162e-01
0.00000000e+00 3.45014821e-01
0.00000000e+00 3.45514481e-01
0.00000000e+00 3.46014140e-01
0.00000000e+00 3.46513800e-01
0.00000000e+00 3.47013459e-01
0.00000000e+00 3.47513119e-01
0.00000000e+00 3.48012778e-01
0.00000000e+00 3.48512437e-01
0.00000000e+00 3.49012097e-01
0.00000000e+00 3.49511756e-01
0.00000000e+00 3.50011416e-01
0.00000000e+00 3.50511075e-01
0.00000000e+00 3.51010734e-01
0.00000000e+00 3.51510394e-01
0.00000000e+00 3.52010053e-01
0.00000000e+00 3.52509713e-01
0.00000000e+00 3.53009372e-01
0.00000000e+00 3.53509031e-01
0.00000000e+00 3.54008691e-01
0.00000000e+00 3.54508350e-01
0.00000000e+00 3.55008010e-01
0.00000000e+00 3.55507669e-01
0.00000000e+00 3.56007328e-01
0.00000000e+00 3.56506988e-01
0.00000000e+00 3.57006647e-01
0.00000000e+00 3.57506307e-01
0.00000000e+00 3.58005966e-01
0.00000000e+00 3.58505626e-01
0.00000000e+00 3.59005285e-01
0.00000000e+00 3.59504944e-01
0.00000000e+00 3.60004604e-01
0.00000000e+00 3.60504263e-01
0.00000000e+00 3.61003923e-01
0.00000000e+00 3.61503582e-01
0.00000000e+00 3.62003241e-01
0.00000000e+00 3.62502901e-01
0.00000000e+00 3.63002560e-01
0.00000000e+00 3.63502220e-01
0.00000000e+00 3.64001879e-01
0.00000000e+00 3.64501538e-01
0.00000000e+00 3.65001198e-01
0.00000000e+00 3.65500857e-01
0.00000000e+00 3.66000517e-01
0.00000000e+00 3.66500176e-01
0.00000000e+00 3.66999835e-01
0.00000000e+00 3.67499495e-01
0.00000000e+00 3.67999154e-01
0.00000000e+00 3.68498814e-01
0.00000000e+00 3.68998473e-01
0.00000000e+00 3.69498132e-01
0.00000000e+00 3.69997792e-01
0.00000000e+00 3.70497451e-01
0.00000000e+00 3.70997111e-01
0.00000000e+00 3.71496770e-01
0.00000000e+00 3.71996430e-01
0.00000000e+00 3.72496089e-01
0.00000000e+00 3.72995748e-01
0.00000000e+00 3.73495408e-01
0.00000000e+00 3.73995067e-01
0.00000000e+00 3.74494727e-01
0.00000000e+00 3.74994386e-01
0.00000000e+00 3.75494045e-01
0.00000000e+00 3.75993705e-01
0.00000000e+00 3.76493364e-01
0.00000000e+00 3.76993024e-01
0.00000000e+00 3.77492683e-01
0.00000000e+00 3.77992342e-01
0.00000000e+00 3.78492002e-01
0.00000000e+00 3.78991661e-01
0.00000000e+00 3.79491321e-01
0.00000000e+00 3.79990980e-01
0.00000000e+00 3.80490639e-01
0.00000000e+00 3.80990299e-01
0.00000000e+00 3.81489958e-01
0.00000000e+00 3.81989618e-01
0.00000000e+00 3.82489277e-01
0.00000000e+00 3.82988937e-01
0.00000000e+00 3.83488596e-01
0.00000000e+00 3.83988255e-01
0.00000000e+00 3.84487915e-01
0.00000000e+00 3.84987574e-01
0.00000000e+00 3.85487234e-01
0.00000000e+00 3.85986893e-01
0.00000000e+00 3.86486552e-01
0.00000000e+00 3.86986212e-01
0.00000000e+00 3.87485871e-01
0.00000000e+00 3.87985531e-01
0.00000000e+00 3.88485190e-01
0.00000000e+00 3.88984849e-01
0.00000000e+00 3.89484509e-01
0.00000000e+00 3.89984168e-01
0.00000000e+00 3.90483828e-01
0.00000000e+00 3.90983487e-01
0.00000000e+00 3.91483146e-01
0.00000000e+00 3.91982806e-01
0.00000000e+00 3.92482465e-01
0.00000000e+00 3.92982125e-01
0.00000000e+00 3.93481784e-01
0.00000000e+00 3.93981443e-01
0.00000000e+00 3.94481103e-01
0.00000000e+00 3.94980762e-01
0.00000000e+00 3.95480422e-01
0.00000000e+00 3.95980081e-01
0.00000000e+00 3.96479741e-01
0.00000000e+00 3.96979400e-01
0.00000000e+00 3.97479059e-01
0.00000000e+00 3.97978719e-01
0.00000000e+00 3.98478378e-01
0.00000000e+00 3.98978038e-01
0.00000000e+00 3.99477697e-01
0.00000000e+00 3.99977356e-01
0.00000000e+00 4.00477016e-01
0.00000000e+00 4.00976675e-01
0.00000000e+00 4.01476335e-01
0.00000000e+00 4.01975994e-01
0.00000000e+00 4.02475653e-01
0.00000000e+00 4.02975313e-01
0.00000000e+00 4.03474972e-01
0.00000000e+00 4.03974632e-01
0.00000000e+00 4.04474291e-01
0.00000000e+00 4.04973950e-01
0.00000000e+00 4.05473610e-01
0.00000000e+00 4.05973269e-01
0.00000000e+00 4.06472929e-01
0.00000000e+00 4.06972588e-01
0.00000000e+00 4.07472248e-01
0.00000000e+00 4.07971907e-01
0.00000000e+00 4.08471566e-01
0.00000000e+00 4.08971226e-01
0.00000000e+00 4.09470885e-01
0.00000000e+00 4.09970545e-01
0.00000000e+00 4.10470204e-01
0.00000000e+00 4.10969863e-01
0.00000000e+00 4.11469523e-01
0.00000000e+00 4.11969182e-01
0.00000000e+00 4.12468842e-01
0.00000000e+00 4.12968501e-01
0.00000000e+00 4.13468160e-01
0.00000000e+00 4.13967820e-01
0.00000000e+00 4.14467479e-01
0.00000000e+00 4.14967139e-01
0.00000000e+00 4.15466798e-01
0.00000000e+00 4.15966457e-01
0.00000000e+00 4.16466117e-01
0.00000000e+00 4.16965776e-01
0.00000000e+00 4.17465436e-01
0.00000000e+00 4.17965095e-01
0.00000000e+00 4.18464755e-01
0.00000000e+00 4.18964414e-01
0.00000000e+00 4.19464073e-01
0.00000000e+00 4.19963733e-01
0.00000000e+00 4.20463392e-01
0.00000000e+00 4.20963052e-01
0.00000000e+00 4.21462711e-01
0.00000000e+00 4.21962370e-01
0.00000000e+00 4.22462030e-01
0.00000000e+00 4.22961689e-01
0.00000000e+00 4.23461349e-01
0.00000000e+00 4.23961008e-01
0.00000000e+00 4.24460667e-01
0.00000000e+00 4.24960327e-01
0.00000000e+00 4.25459986e-01
0.00000000e+00 4.25959646e-01
0.00000000e+00 4.26459305e-01
0.00000000e+00 4.26958964e-01
0.00000000e+00 4.27458624e-01
0.00000000e+00 4.27958283e-01
0.00000000e+00 4.28457943e-01
0.00000000e+00 4.28957602e-01
0.00000000e+00 4.29457261e-01
0.00000000e+00 4.29956921e-01
0.00000000e+00 4.30456580e-01
0.00000000e+00 4.30956240e-01
0.00000000e+00 4.31455899e-01
0.00000000e+00 4.31955559e-01
0.00000000e+00 4.32455218e-01
0.00000000e+00 4.32954877e-01
0.00000000e+00 4.33454537e-01
0.00000000e+00 4.33954196e-01
0.00000000e+00 4.34453856e-01
0.00000000e+00 4.34953515e-01
0.00000000e+00 4.35453174e-01
0.00000000e+00 4.35952834e-01
0.00000000e+00 4.36452493e-01
0.00000000e+00 4.36952153e-01
0.00000000e+00 4.37451812e-01
0.00000000e+00 4.37951471e-01
0.00000000e+00 4.38451131e-01
0.00000000e+00 4.38950790e-01
0.00000000e+00 4.39450450e-01
0.00000000e+00 4.39950109e-01
0.00000000e+00 4.40449768e-01
0.00000000e+00 4.40949428e-01
0.00000000e+00 4.41449087e-01
0.00000000e+00 4.41948747e-01
0.00000000e+00 4.42448406e-01
0.00000000e+00 4.42948066e-01
0.00000000e+00 4.43447725e-01
0.00000000e+00 4.43947384e-01
0.00000000e+00 4.44447044e-01
0.00000000e+00 4.44946703e-01
0.00000000e+00 4.45446363e-01
0.00000000e+00 4.45946022e-01
0.00000000e+00 4.46445681e-01
0.00000000e+00 4.46945341e-01
0.00000000e+00 4.47445000e-01
0.00000000e+00 4.47944660e-01
0.00000000e+00 4.48444319e-01
0.00000000e+00 4.48943978e-01
0.00000000e+00 4.49443638e-01
0.00000000e+00 4.49943297e-01
0.00000000e+00 4.50442957e-01
0.00000000e+00 4.50942616e-01
0.00000000e+00 4.51442275e-01
0.00000000e+00 4.51941935e-01
0.00000000e+00 4.52441594e-01
0.00000000e+00 4.52941254e-01
0.00000000e+00 4.53440913e-01
0.00000000e+00 4.53940573e-01
0.00000000e+00 4.54440232e-01
0.00000000e+00 4.54939891e-01
0.00000000e+00 4.55439551e-01
0.00000000e+00 4.55939210e-01
0.00000000e+00 4.56438870e-01
0.00000000e+00 4.56938529e-01
0.00000000e+00 4.57438188e-01
0.00000000e+00 4.57937848e-01
0.00000000e+00 4.58437507e-01
0.00000000e+00 4.58937167e-01
0.00000000e+00 4.59436826e-01
0.00000000e+00 4.59936485e-01
0.00000000e+00 4.60436145e-01
0.00000000e+00 4.60935804e-01
0.00000000e+00 4.61435464e-01
0.00000000e+00 4.61935123e-01
0.00000000e+00 4.62434782e-01
0.00000000e+00 4.62934442e-01
0.00000000e+00 4.63434101e-01
0.00000000e+00 4.63933761e-01
0.00000000e+00 4.64433420e-01
0.00000000e+00 4.64933079e-01
0.00000000e+00 4.65432739e-01
0.00000000e+00 4.65932398e-01
0.00000000e+00 4.66432058e-01
0.00000000e+00 4.66931717e-01
0.00000000e+00 4.67431377e-01
0.00000000e+00 4.67931036e-01
0.00000000e+00 4.68430695e-01
0.00000000e+00 4.68930355e-01
0.00000000e+00 4.69430014e-01
0.00000000e+00 4.69929674e-01
0.00000000e+00 4.70429333e-01
0.00000000e+00 4.70928992e-01
0.00000000e+00 4.71428652e-01
0.00000000e+00 4.71928311e-01
0.00000000e+00 4.72427971e-01
0.00000000e+00 4.72927630e-01
0.00000000e+00 4.73427289e-01
0.00000000e+00 4.73926949e-01
0.00000000e+00 4.74426608e-01
0.00000000e+00 4.74926268e-01
0.00000000e+00 4.75425927e-01
0.00000000e+00 4.75925586e-01
0.00000000e+00 4.76425246e-01
0.00000000e+00 4.76924905e-01
0.00000000e+00 4.77424565e-01
0.00000000e+00 4.77924224e-01
0.00000000e+00 4.78423884e-01
0.00000000e+00 4.78923543e-01
0.00000000e+00 4.79423202e-01
0.00000000e+00 4.79922862e-01
0.00000000e+00 4.80422521e-01
0.00000000e+00 4.80922181e-01
0.00000000e+00 4.81421840e-01
0.00000000e+00 4.81921499e-01
0.00000000e+00 4.82421159e-01
0.00000000e+00 4.82920818e-01
0.00000000e+00 4.83420478e-01
0.00000000e+00 4.83920137e-01
0.00000000e+00 4.84419796e-01
0.00000000e+00 4.84919456e-01
0.00000000e+00 4.85419115e-01
0.00000000e+00 4.85918775e-01
0.00000000e+00 4.86418434e-01
0.00000000e+00 4.86918093e-01
0.00000000e+00 4.87417753e-01
0.00000000e+00 4.87917412e-01
0.00000000e+00 4.88417072e-01
0.00000000e+00 4.88916731e-01
0.00000000e+00 4.89416390e-01
0.00000000e+00 4.89916050e-01
0.00000000e+00 4.90415709e-01
0.00000000e+00 4.90915369e-01
0.00000000e+00 4.91415028e-01
0.00000000e+00 4.91914688e-01
0.00000000e+00 4.92414347e-01
0.00000000e+00 4.92914006e-01
0.00000000e+00 4.93413666e-01
0.00000000e+00 4.93913325e-01
0.00000000e+00 4.94412985e-01
0.00000000e+00 4.94912644e-01
0.00000000e+00 4.95412303e-01
0.00000000e+00 4.95911963e-01
0.00000000e+00 4.96411622e-01
0.00000000e+00 4.96911282e-01
0.00000000e+00 4.97410941e-01
0.00000000e+00 4.97910600e-01
0.00000000e+00 4.98410260e-01
0.00000000e+00 4.98909919e-01
0.00000000e+00 4.99409579e-01
0.00000000e+00 4.99909238e-01
