% L-Bracket Geometry
% N_total=702, N_horizontal=351, N_vertical=351
% Resolution: 100 segments per wavelength
% Format: x(m) y(m)
7.13799155e-04 0.00000000e+00
2.14139746e-03 0.00000000e+00
3.56899577e-03 0.00000000e+00
4.99659408e-03 0.00000000e+00
6.42419239e-03 0.00000000e+00
7.85179070e-03 0.00000000e+00
9.27938901e-03 0.00000000e+00
1.07069873e-02 0.00000000e+00
1.21345856e-02 0.00000000e+00
1.35621839e-02 0.00000000e+00
1.49897823e-02 0.00000000e+00
1.64173806e-02 0.00000000e+00
1.78449789e-02 0.00000000e+00
1.92725772e-02 0.00000000e+00
2.07001755e-02 0.00000000e+00
2.21277738e-02 0.00000000e+00
2.35553721e-02 0.00000000e+00
2.49829704e-02 0.00000000e+00
2.64105687e-02 0.00000000e+00
2.78381670e-02 0.00000000e+00
2.92657653e-02 0.00000000e+00
3.06933637e-02 0.00000000e+00
3.21209620e-02 0.00000000e+00
3.35485603e-02 0.00000000e+00
3.49761586e-02 0.00000000e+00
3.64037569e-02 0.00000000e+00
3.78313552e-02 0.00000000e+00
3.92589535e-02 0.00000000e+00
4.06865518e-02 0.00000000e+00
4.21141501e-02 0.00000000e+00
4.35417484e-02 0.00000000e+00
4.49693468e-02 0.00000000e+00
4.63969451e-02 0.00000000e+00
4.78245434e-02 0.00000000e+00
4.92521417e-02 0.00000000e+00
5.06797400e-02 0.00000000e+00
5.21073383e-02 0.00000000e+00
5.35349366e-02 0.00000000e+00
5.49625349e-02 0.00000000e+00
5.63901332e-02 0.00000000e+00
5.78177315e-02 0.00000000e+00
5.92453298e-02 0.00000000e+00
6.06729282e-02 0.00000000e+00
6.21005265e-02 0.00000000e+00
6.35281248e-02 0.00000000e+00
6.49557231e-02 0.00000000e+00
6.63833214e-02 0.00000000e+00
6.78109197e-02 0.00000000e+00
6.92385180e-02 0.00000000e+00
7.06661163e-02 0.00000000e+00
7.20937146e-02 0.00000000e+00
7.35213129e-02 0.00000000e+00
7.49489113e-02 0.00000000e+00
7.63765096e-02 0.00000000e+00
7.78041079e-02 0.00000000e+00
7.92317062e-02 0.00000000e+00
8.06593045e-02 0.00000000e+00
8.20869028e-02 0.00000000e+00
8.35145011e-02 0.00000000e+00
8.49420994e-02 0.00000000e+00
8.63696977e-02 0.00000000e+00
8.77972960e-02 0.00000000e+00
8.92248944e-02 0.00000000e+00
9.06524927e-02 0.00000000e+00
9.20800910e-02 0.00000000e+00
9.35076893e-02 0.00000000e+00
9.49352876e-02 0.00000000e+00
9.63628859e-02 0.00000000e+00
9.77904842e-02 0.00000000e+00
9.92180825e-02 0.00000000e+00
1.00645681e-01 0.00000000e+00
1.02073279e-01 0.00000000e+00
1.03500877e-01 0.00000000e+00
1.04928476e-01 0.00000000e+00
1.06356074e-01 0.00000000e+00
1.07783672e-01 0.00000000e+00
1.09211271e-01 0.00000000e+00
1.10638869e-01 0.00000000e+00
1.12066467e-01 0.00000000e+00
1.13494066e-01 0.00000000e+00
1.14921664e-01 0.00000000e+00
1.16349262e-01 0.00000000e+00
1.17776861e-01 0.00000000e+00
1.19204459e-01 0.00000000e+00
1.20632057e-01 0.00000000e+00
1.22059655e-01 0.00000000e+00
1.23487254e-01 0.00000000e+00
1.24914852e-01 0.00000000e+00
1.26342450e-01 0.00000000e+00
1.27770049e-01 0.00000000e+00
1.29197647e-01 0.00000000e+00
1.30625245e-01 0.00000000e+00
1.32052844e-01 0.00000000e+00
1.33480442e-01 0.00000000e+00
1.34908040e-01 0.00000000e+00
1.36335639e-01 0.00000000e+00
1.37763237e-01 0.00000000e+00
1.39190835e-01 0.00000000e+00
1.40618433e-01 0.00000000e+00
1.42046032e-01 0.00000000e+00
1.43473630e-01 0.00000000e+00
1.44901228e-01 0.00000000e+00
1.46328827e-01 0.00000000e+00
1.47756425e-01 0.00000000e+00
1.49184023e-01 0.00000000e+00
1.50611622e-01 0.00000000e+00
1.52039220e-01 0.00000000e+00
1.53466818e-01 0.00000000e+00
1.54894417e-01 0.00000000e+00
1.56322015e-01 0.00000000e+00
1.57749613e-01 0.00000000e+00
1.59177212e-01 0.00000000e+00
1.60604810e-01 0.00000000e+00
1.62032408e-01 0.00000000e+00
1.63460006e-01 0.00000000e+00
1.64887605e-01 0.00000000e+00
1.66315203e-01 0.00000000e+00
1.67742801e-01 0.00000000e+00
1.69170400e-01 0.00000000e+00
1.70597998e-01 0.00000000e+00
1.72025596e-01 0.00000000e+00
1.73453195e-01 0.00000000e+00
1.74880793e-01 0.00000000e+00
1.76308391e-01 0.00000000e+00
1.77735990e-01 0.00000000e+00
1.79163588e-01 0.00000000e+00
1.80591186e-01 0.00000000e+00
1.82018784e-01 0.00000000e+00
1.83446383e-01 0.00000000e+00
1.84873981e-01 0.00000000e+00
1.86301579e-01 0.00000000e+00
1.87729178e-01 0.00000000e+00
1.89156776e-01 0.00000000e+00
1.90584374e-01 0.00000000e+00
1.92011973e-01 0.00000000e+00
1.93439571e-01 0.00000000e+00
1.94867169e-01 0.00000000e+00
1.96294768e-01 0.00000000e+00
1.97722366e-01 0.00000000e+00
1.99149964e-01 0.00000000e+00
2.00577563e-01 0.00000000e+00
2.02005161e-01 0.00000000e+00
2.03432759e-01 0.00000000e+00
2.04860357e-01 0.00000000e+00
2.06287956e-01 0.00000000e+00
2.07715554e-01 0.00000000e+00
2.09143152e-01 0.00000000e+00
2.10570751e-01 0.00000000e+00
2.11998349e-01 0.00000000e+00
2.13425947e-01 0.00000000e+00
2.14853546e-01 0.00000000e+00
2.16281144e-01 0.00000000e+00
2.17708742e-01 0.00000000e+00
2.19136341e-01 0.00000000e+00
2.20563939e-01 0.00000000e+00
2.21991537e-01 0.00000000e+00
2.23419135e-01 0.00000000e+00
2.24846734e-01 0.00000000e+00
2.26274332e-01 0.00000000e+00
2.27701930e-01 0.00000000e+00
2.29129529e-01 0.00000000e+00
2.30557127e-01 0.00000000e+00
2.31984725e-01 0.00000000e+00
2.33412324e-01 0.00000000e+00
2.34839922e-01 0.00000000e+00
2.36267520e-01 0.00000000e+00
2.37695119e-01 0.00000000e+00
2.39122717e-01 0.00000000e+00
2.40550315e-01 0.00000000e+00
2.41977913e-01 0.00000000e+00
2.43405512e-01 0.00000000e+00
2.44833110e-01 0.00000000e+00
2.46260708e-01 0.00000000e+00
2.47688307e-01 0.00000000e+00
2.49115905e-01 0.00000000e+00
2.50543503e-01 0.00000000e+00
2.51971102e-01 0.00000000e+00
2.53398700e-01 0.00000000e+00
2.54826298e-01 0.00000000e+00
2.56253897e-01 0.00000000e+00
2.57681495e-01 0.00000000e+00
2.59109093e-01 0.00000000e+00
2.60536692e-01 0.00000000e+00
2.61964290e-01 0.00000000e+00
2.63391888e-01 0.00000000e+00
2.64819486e-01 0.00000000e+00
2.66247085e-01 0.00000000e+00
2.67674683e-01 0.00000000e+00
2.69102281e-01 0.00000000e+00
2.70529880e-01 0.00000000e+00
2.71957478e-01 0.00000000e+00
2.73385076e-01 0.00000000e+00
2.74812675e-01 0.00000000e+00
2.76240273e-01 0.00000000e+00
2.77667871e-01 0.00000000e+00
2.79095470e-01 0.00000000e+00
2.80523068e-01 0.00000000e+00
2.81950666e-01 0.00000000e+00
2.83378264e-01 0.00000000e+00
2.84805863e-01 0.00000000e+00
2.86233461e-01 0.00000000e+00
2.87661059e-01 0.00000000e+00
2.89088658e-01 0.00000000e+00
2.90516256e-01 0.00000000e+00
2.91943854e-01 0.00000000e+00
2.93371453e-01 0.00000000e+00
2.94799051e-01 0.00000000e+00
2.96226649e-01 0.00000000e+00
2.97654248e-01 0.00000000e+00
2.99081846e-01 0.00000000e+00
3.00509444e-01 0.00000000e+00
3.01937042e-01 0.00000000e+00
3.03364641e-01 0.00000000e+00
3.04792239e-01 0.00000000e+00
3.06219837e-01 0.00000000e+00
3.07647436e-01 0.00000000e+00
3.09075034e-01 0.00000000e+00
3.10502632e-01 0.00000000e+00
3.11930231e-01 0.00000000e+00
3.13357829e-01 0.00000000e+00
3.14785427e-01 0.00000000e+00
3.16213026e-01 0.00000000e+00
3.17640624e-01 0.00000000e+00
3.19068222e-01 0.00000000e+00
3.20495821e-01 0.00000000e+00
3.21923419e-01 0.00000000e+00
3.23351017e-01 0.00000000e+00
3.24778615e-01 0.00000000e+00
3.26206214e-01 0.00000000e+00
3.27633812e-01 0.00000000e+00
3.29061410e-01 0.00000000e+00
3.30489009e-01 0.00000000e+00
3.31916607e-01 0.00000000e+00
3.33344205e-01 0.00000000e+00
3.34771804e-01 0.00000000e+00
3.36199402e-01 0.00000000e+00
3.37627000e-01 0.00000000e+00
3.39054599e-01 0.00000000e+00
3.40482197e-01 0.00000000e+00
3.41909795e-01 0.00000000e+00
3.43337393e-01 0.00000000e+00
3.44764992e-01 0.00000000e+00
3.46192590e-01 0.00000000e+00
3.47620188e-01 0.00000000e+00
3.49047787e-01 0.00000000e+00
3.50475385e-01 0.00000000e+00
3.51902983e-01 0.00000000e+00
3.53330582e-01 0.00000000e+00
3.54758180e-01 0.00000000e+00
3.56185778e-01 0.00000000e+00
3.57613377e-01 0.00000000e+00
3.59040975e-01 0.00000000e+00
3.60468573e-01 0.00000000e+00
3.61896171e-01 0.00000000e+00
3.63323770e-01 0.00000000e+00
3.64751368e-01 0.00000000e+00
3.66178966e-01 0.00000000e+00
3.67606565e-01 0.00000000e+00
3.69034163e-01 0.00000000e+00
3.70461761e-01 0.00000000e+00
3.71889360e-01 0.00000000e+00
3.73316958e-01 0.00000000e+00
3.74744556e-01 0.00000000e+00
3.76172155e-01 0.00000000e+00
3.77599753e-01 0.00000000e+00
3.79027351e-01 0.00000000e+00
3.80454950e-01 0.00000000e+00
3.81882548e-01 0.00000000e+00
3.83310146e-01 0.00000000e+00
3.84737744e-01 0.00000000e+00
3.86165343e-01 0.00000000e+00
3.87592941e-01 0.00000000e+00
3.89020539e-01 0.00000000e+00
3.90448138e-01 0.00000000e+00
3.91875736e-01 0.00000000e+00
3.93303334e-01 0.00000000e+00
3.94730933e-01 0.00000000e+00
3.96158531e-01 0.00000000e+00
3.97586129e-01 0.00000000e+00
3.99013728e-01 0.00000000e+00
4.00441326e-01 0.00000000e+00
4.01868924e-01 0.00000000e+00
4.03296522e-01 0.00000000e+00
4.04724121e-01 0.00000000e+00
4.06151719e-01 0.00000000e+00
4.07579317e-01 0.00000000e+00
4.09006916e-01 0.00000000e+00
4.10434514e-01 0.00000000e+00
4.11862112e-01 0.00000000e+00
4.13289711e-01 0.00000000e+00
4.14717309e-01 0.00000000e+00
4.16144907e-01 0.00000000e+00
4.17572506e-01 0.00000000e+00
4.19000104e-01 0.00000000e+00
4.20427702e-01 0.00000000e+00
4.21855300e-01 0.00000000e+00
4.23282899e-01 0.00000000e+00
4.24710497e-01 0.00000000e+00
4.26138095e-01 0.00000000e+00
4.27565694e-01 0.00000000e+00
4.28993292e-01 0.00000000e+00
4.30420890e-01 0.00000000e+00
4.31848489e-01 0.00000000e+00
4.33276087e-01 0.00000000e+00
4.34703685e-01 0.00000000e+00
4.36131284e-01 0.00000000e+00
4.37558882e-01 0.00000000e+00
4.38986480e-01 0.00000000e+00
4.40414079e-01 0.00000000e+00
4.41841677e-01 0.00000000e+00
4.43269275e-01 0.00000000e+00
4.44696873e-01 0.00000000e+00
4.46124472e-01 0.00000000e+00
4.47552070e-01 0.00000000e+00
4.48979668e-01 0.00000000e+00
4.50407267e-01 0.00000000e+00
4.51834865e-01 0.00000000e+00
4.53262463e-01 0.00000000e+00
4.54690062e-01 0.00000000e+00
4.56117660e-01 0.00000000e+00
4.57545258e-01 0.00000000e+00
4.58972857e-01 0.00000000e+00
4.60400455e-01 0.00000000e+00
4.61828053e-01 0.00000000e+00
4.63255651e-01 0.00000000e+00
4.64683250e-01 0.00000000e+00
4.66110848e-01 0.00000000e+00
4.67538446e-01 0.00000000e+00
4.68966045e-01 0.00000000e+00
4.70393643e-01 0.00000000e+00
4.71821241e-01 0.00000000e+00
4.73248840e-01 0.00000000e+00
4.74676438e-01 0.00000000e+00
4.76104036e-01 0.00000000e+00
4.77531635e-01 0.00000000e+00
4.78959233e-01 0.00000000e+00
4.80386831e-01 0.00000000e+00
4.81814429e-01 0.00000000e+00
4.83242028e-01 0.00000000e+00
4.84669626e-01 0.00000000e+00
4.86097224e-01 0.00000000e+00
4.87524823e-01 0.00000000e+00
4.88952421e-01 0.00000000e+00
4.90380019e-01 0.00000000e+00
4.91807618e-01 0.00000000e+00
4.93235216e-01 0.00000000e+00
4.94662814e-01 0.00000000e+00
4.96090413e-01 0.00000000e+00
4.97518011e-01 0.00000000e+00
4.98945609e-01 0.00000000e+00
5.00373208e-01 0.00000000e+00
0.00000000e+00 7.13799155e-04
0.00000000e+00 2.14139746e-03
0.00000000e+00 3.56899577e-03
0.00000000e+00 4.99659408e-03
0.00000000e+00 6.42419239e-03
0.00000000e+00 7.85179070e-03
0.00000000e+00 9.27938901e-03
0.00000000e+00 1.07069873e-02
0.00000000e+00 1.21345856e-02
0.00000000e+00 1.35621839e-02
0.00000000e+00 1.49897823e-02
0.00000000e+00 1.64173806e-02
0.00000000e+00 1.78449789e-02
0.00000000e+00 1.92725772e-02
0.00000000e+00 2.07001755e-02
0.00000000e+00 2.21277738e-02
0.00000000e+00 2.35553721e-02
0.00000000e+00 2.49829704e-02
0.00000000e+00 2.64105687e-02
0.00000000e+00 2.78381670e-02
0.00000000e+00 2.92657653e-02
0.00000000e+00 3.06933637e-02
0.00000000e+00 3.21209620e-02
0.00000000e+00 3.35485603e-02
0.00000000e+00 3.49761586e-02
0.00000000e+00 3.64037569e-02
0.00000000e+00 3.78313552e-02
0.00000000e+00 3.92589535e-02
0.00000000e+00 4.06865518e-02
0.00000000e+00 4.21141501e-02
0.00000000e+00 4.35417484e-02
0.00000000e+00 4.49693468e-02
0.00000000e+00 4.63969451e-02
0.00000000e+00 4.78245434e-02
0.00000000e+00 4.92521417e-02
0.00000000e+00 5.06797400e-02
0.00000000e+00 5.21073383e-02
0.00000000e+00 5.35349366e-02
0.00000000e+00 5.49625349e-02
0.00000000e+00 5.63901332e-02
0.00000000e+00 5.78177315e-02
0.00000000e+00 5.92453298e-02
0.00000000e+00 6.06729282e-02
0.00000000e+00 6.21005265e-02
0.00000000e+00 6.35281248e-02
0.00000000e+00 6.49557231e-02
0.00000000e+00 6.63833214e-02
0.00000000e+00 6.78109197e-02
0.00000000e+00 6.92385180e-02
0.00000000e+00 7.06661163e-02
0.00000000e+00 7.20937146e-02
0.00000000e+00 7.35213129e-02
0.00000000e+00 7.49489113e-02
0.00000000e+00 7.63765096e-02
0.00000000e+00 7.78041079e-02
0.00000000e+00 7.92317062e-02
0.00000000e+00 8.06593045e-02
0.00000000e+00 8.20869028e-02
0.00000000e+00 8.35145011e-02
0.00000000e+00 8.49420994e-02
0.00000000e+00 8.63696977e-02
0.00000000e+00 8.77972960e-02
0.00000000e+00 8.92248944e-02
0.00000000e+00 9.06524927e-02
0.00000000e+00 9.20800910e-02
0.00000000e+00 9.35076893e-02
0.00000000e+00 9.49352876e-02
0.00000000e+00 9.63628859e-02
0.00000000e+00 9.77904842e-02
0.00000000e+00 9.92180825e-02
0.00000000e+00 1.00645681e-01
0.00000000e+00 1.02073279e-01
0.00000000e+00 1.03500877e-01
0.00000000e+00 1.04928476e-01
0.00000000e+00 1.06356074e-01
0.00000000e+00 1.07783672e-01
0.00000000e+00 1.09211271e-01
0.00000000e+00 1.10638869e-01
0.00000000e+00 1.12066467e-01
0.00000000e+00 1.13494066e-01
0.00000000e+00 1.14921664e-01
0.00000000e+00 1.16349262e-01
0.00000000e+00 1.17776861e-01
0.00000000e+00 1.19204459e-01
0.00000000e+00 1.20632057e-01
0.00000000e+00 1.22059655e-01
0.00000000e+00 1.23487254e-01
0.00000000e+00 1.24914852e-01
0.00000000e+00 1.26342450e-01
0.00000000e+00 1.27770049e-01
0.00000000e+00 1.29197647e-01
0.00000000e+00 1.30625245e-01
0.00000000e+00 1.32052844e-01
0.00000000e+00 1.33480442e-01
0.00000000e+00 1.34908040e-01
0.00000000e+00 1.36335639e-01
0.00000000e+00 1.37763237e-01
0.00000000e+00 1.39190835e-01
0.00000000e+00 1.40618433e-01
0.00000000e+00 1.42046032e-01
0.00000000e+00 1.43473630e-01
0.00000000e+00 1.44901228e-01
0.00000000e+00 1.46328827e-01
0.00000000e+00 1.47756425e-01
0.00000000e+00 1.49184023e-01
0.00000000e+00 1.50611622e-01
0.00000000e+00 1.52039220e-01
0.00000000e+00 1.53466818e-01
0.00000000e+00 1.54894417e-01
0.00000000e+00 1.56322015e-01
0.00000000e+00 1.57749613e-01
0.00000000e+00 1.59177212e-01
0.00000000e+00 1.60604810e-01
0.00000000e+00 1.62032408e-01
0.00000000e+00 1.63460006e-01
0.00000000e+00 1.64887605e-01
0.00000000e+00 1.66315203e-01
0.00000000e+00 1.67742801e-01
0.00000000e+00 1.69170400e-01
0.00000000e+00 1.70597998e-01
0.00000000e+00 1.72025596e-01
0.00000000e+00 1.73453195e-01
0.00000000e+00 1.74880793e-01
0.00000000e+00 1.76308391e-01
0.00000000e+00 1.77735990e-01
0.00000000e+00 1.79163588e-01
0.00000000e+00 1.80591186e-01
0.00000000e+00 1.82018784e-01
0.00000000e+00 1.83446383e-01
0.00000000e+00 1.84873981e-01
0.00000000e+00 1.86301579e-01
0.00000000e+00 1.87729178e-01
0.00000000e+00 1.89156776e-01
0.00000000e+00 1.90584374e-01
0.00000000e+00 1.92011973e-01
0.00000000e+00 1.93439571e-01
0.00000000e+00 1.94867169e-01
0.00000000e+00 1.96294768e-01
0.00000000e+00 1.97722366e-01
0.00000000e+00 1.99149964e-01
0.00000000e+00 2.00577563e-01
0.00000000e+00 2.02005161e-01
0.00000000e+00 2.03432759e-01
0.00000000e+00 2.04860357e-01
0.00000000e+00 2.06287956e-01
0.00000000e+00 2.07715554e-01
0.00000000e+00 2.09143152e-01
0.00000000e+00 2.10570751e-01
0.00000000e+00 2.11998349e-01
0.00000000e+00 2.13425947e-01
0.00000000e+00 2.14853546e-01
0.00000000e+00 2.16281144e-01
0.00000000e+00 2.17708742e-01
0.00000000e+00 2.19136341e-01
0.00000000e+00 2.20563939e-01
0.00000000e+00 2.21991537e-01
0.00000000e+00 2.23419135e-01
0.00000000e+00 2.24846734e-01
0.00000000e+00 2.26274332e-01
0.00000000e+00 2.27701930e-01
0.00000000e+00 2.29129529e-01
0.00000000e+00 2.30557127e-01
0.00000000e+00 2.31984725e-01
0.00000000e+00 2.33412324e-01
0.00000000e+00 2.34839922e-01
0.00000000e+00 2.36267520e-01
0.00000000e+00 2.37695119e-01
0.00000000e+00 2.39122717e-01
0.00000000e+00 2.40550315e-01
0.00000000e+00 2.41977913e-01
0.00000000e+00 2.43405512e-01
0.00000000e+00 2.44833110e-01
0.00000000e+00 2.46260708e-01
0.00000000e+00 2.47688307e-01
0.00000000e+00 2.49115905e-01
0.00000000e+00 2.50543503e-01
0.00000000e+00 2.51971102e-01
0.00000000e+00 2.53398700e-01
0.00000000e+00 2.54826298e-01
0.00000000e+00 2.56253897e-01
0.00000000e+00 2.57681495e-01
0.00000000e+00 2.59109093e-01
0.00000000e+00 2.60536692e-01
0.00000000e+00 2.61964290e-01
0.00000000e+00 2.63391888e-01
0.00000000e+00 2.64819486e-01
0.00000000e+00 2.66247085e-01
0.00000000e+00 2.67674683e-01
0.00000000e+00 2.69102281e-01
0.00000000e+00 2.70529880e-01
0.00000000e+00 2.71957478e-01
0.00000000e+00 2.73385076e-01
0.00000000e+00 2.74812675e-01
0.00000000e+00 2.76240273e-01
0.00000000e+00 2.77667871e-01
0.00000000e+00 2.79095470e-01
0.00000000e+00 2.80523068e-01
0.00000000e+00 2.81950666e-01
0.00000000e+00 2.83378264e-01
0.00000000e+00 2.84805863e-01
0.00000000e+00 2.86233461e-01
0.00000000e+00 2.87661059e-01
0.00000000e+00 2.89088658e-01
0.00000000e+00 2.90516256e-01
0.00000000e+00 2.91943854e-01
0.00000000e+00 2.93371453e-01
0.00000000e+00 2.94799051e-01
0.00000000e+00 2.96226649e-01
0.00000000e+00 2.97654248e-01
0.00000000e+00 2.99081846e-01
0.00000000e+00 3.00509444e-01
0.00000000e+00 3.01937042e-01
0.00000000e+00 3.03364641e-01
0.00000000e+00 3.04792239e-01
0.00000000e+00 3.06219837e-01
0.00000000e+00 3.07647436e-01
0.00000000e+00 3.09075034e-01
0.00000000e+00 3.10502632e-01
0.00000000e+00 3.11930231e-01
0.00000000e+00 3.13357829e-01
0.00000000e+00 3.14785427e-01
0.00000000e+00 3.16213026e-01
0.00000000e+00 3.17640624e-01
0.00000000e+00 3.19068222e-01
0.00000000e+00 3.20495821e-01
0.00000000e+00 3.21923419e-01
0.00000000e+00 3.23351017e-01
0.00000000e+00 3.24778615e-01
0.00000000e+00 3.26206214e-01
0.00000000e+00 3.27633812e-01
0.00000000e+00 3.29061410e-01
0.00000000e+00 3.30489009e-01
0.00000000e+00 3.31916607e-01
0.00000000e+00 3.33344205e-01
0.00000000e+00 3.34771804e-01
0.00000000e+00 3.36199402e-01
0.00000000e+00 3.37627000e-01
0.00000000e+00 3.39054599e-01
0.00000000e+00 3.40482197e-01
0.00000000e+00 3.41909795e-01
0.00000000e+00 3.43337393e-01
0.00000000e+00 3.44764992e-01
0.00000000e+00 3.46192590e-01
0.00000000e+00 3.47620188e-01
0.00000000e+00 3.49047787e-01
0.00000000e+00 3.50475385e-01
0.00000000e+00 3.51902983e-01
0.00000000e+00 3.53330582e-01
0.00000000e+00 3.54758180e-01
0.00000000e+00 3.56185778e-01
0.00000000e+00 3.57613377e-01
0.00000000e+00 3.59040975e-01
0.00000000e+00 3.60468573e-01
0.00000000e+00 3.61896171e-01
0.00000000e+00 3.63323770e-01
0.00000000e+00 3.64751368e-01
0.00000000e+00 3.66178966e-01
0.00000000e+00 3.67606565e-01
0.00000000e+00 3.69034163e-01
0.00000000e+00 3.70461761e-01
0.00000000e+00 3.71889360e-01
0.00000000e+00 3.73316958e-01
0.00000000e+00 3.74744556e-01
0.00000000e+00 3.76172155e-01
0.00000000e+00 3.77599753e-01
0.00000000e+00 3.79027351e-01
0.00000000e+00 3.80454950e-01
0.00000000e+00 3.81882548e-01
0.00000000e+00 3.83310146e-01
0.00000000e+00 3.84737744e-01
0.00000000e+00 3.86165343e-01
0.00000000e+00 3.87592941e-01
0.00000000e+00 3.89020539e-01
0.00000000e+00 3.90448138e-01
0.00000000e+00 3.91875736e-01
0.00000000e+00 3.93303334e-01
0.00000000e+00 3.94730933e-01
0.00000000e+00 3.96158531e-01
0.00000000e+00 3.97586129e-01
0.00000000e+00 3.99013728e-01
0.00000000e+00 4.00441326e-01
0.00000000e+00 4.01868924e-01
0.00000000e+00 4.03296522e-01
0.00000000e+00 4.04724121e-01
0.00000000e+00 4.06151719e-01
0.00000000e+00 4.07579317e-01
0.00000000e+00 4.09006916e-01
0.00000000e+00 4.10434514e-01
0.00000000e+00 4.11862112e-01
0.00000000e+00 4.13289711e-01
0.00000000e+00 4.14717309e-01
0.00000000e+00 4.16144907e-01
0.00000000e+00 4.17572506e-01
0.00000000e+00 4.19000104e-01
0.00000000e+00 4.20427702e-01
0.00000000e+00 4.21855300e-01
0.00000000e+00 4.23282899e-01
0.00000000e+00 4.24710497e-01
0.00000000e+00 4.26138095e-01
0.00000000e+00 4.27565694e-01
0.00000000e+00 4.28993292e-01
0.00000000e+00 4.30420890e-01
0.00000000e+00 4.31848489e-01
0.00000000e+00 4.33276087e-01
0.00000000e+00 4.34703685e-01
0.00000000e+00 4.36131284e-01
0.00000000e+00 4.37558882e-01
0.00000000e+00 4.38986480e-01
0.00000000e+00 4.40414079e-01
0.00000000e+00 4.41841677e-01
0.00000000e+00 4.43269275e-01
0.00000000e+00 4.44696873e-01
0.00000000e+00 4.46124472e-01
0.00000000e+00 4.47552070e-01
0.00000000e+00 4.48979668e-01
0.00000000e+00 4.50407267e-01
0.00000000e+00 4.51834865e-01
0.00000000e+00 4.53262463e-01
0.00000000e+00 4.54690062e-01
0.00000000e+00 4.56117660e-01
0.00000000e+00 4.57545258e-01
0.00000000e+00 4.58972857e-01
0.00000000e+00 4.60400455e-01
0.00000000e+00 4.61828053e-01
0.00000000e+00 4.63255651e-01
0.00000000e+00 4.64683250e-01
0.00000000e+00 4.66110848e-01
0.00000000e+00 4.67538446e-01
0.00000000e+00 4.68966045e-01
0.00000000e+00 4.70393643e-01
0.00000000e+00 4.71821241e-01
0.00000000e+00 4.73248840e-01
0.00000000e+00 4.74676438e-01
0.00000000e+00 4.76104036e-01
0.00000000e+00 4.77531635e-01
0.00000000e+00 4.78959233e-01
0.00000000e+00 4.80386831e-01
0.00000000e+00 4.81814429e-01
0.00000000e+00 4.83242028e-01
0.00000000e+00 4.84669626e-01
0.00000000e+00 4.86097224e-01
0.00000000e+00 4.87524823e-01
0.00000000e+00 4.88952421e-01
0.00000000e+00 4.90380019e-01
0.00000000e+00 4.91807618e-01
0.00000000e+00 4.93235216e-01
0.00000000e+00 4.94662814e-01
0.00000000e+00 4.96090413e-01
0.00000000e+00 4.97518011e-01
0.00000000e+00 4.98945609e-01
0.00000000e+00 5.00373208e-01
