% L-Bracket Geometry
% N_total=234, N_horizontal=117, N_vertical=117
% Resolution: 100 segments per wavelength
% Format: x(m) y(m)
2.14139746e-03 0.00000000e+00
6.42419239e-03 0.00000000e+00
1.07069873e-02 0.00000000e+00
1.49897823e-02 0.00000000e+00
1.92725772e-02 0.00000000e+00
2.35553721e-02 0.00000000e+00
2.78381670e-02 0.00000000e+00
3.21209620e-02 0.00000000e+00
3.64037569e-02 0.00000000e+00
4.06865518e-02 0.00000000e+00
4.49693468e-02 0.00000000e+00
4.92521417e-02 0.00000000e+00
5.35349366e-02 0.00000000e+00
5.78177315e-02 0.00000000e+00
6.21005265e-02 0.00000000e+00
6.63833214e-02 0.00000000e+00
7.06661163e-02 0.00000000e+00
7.49489113e-02 0.00000000e+00
7.92317062e-02 0.00000000e+00
8.35145011e-02 0.00000000e+00
8.77972960e-02 0.00000000e+00
9.20800910e-02 0.00000000e+00
9.63628859e-02 0.00000000e+00
1.00645681e-01 0.00000000e+00
1.04928476e-01 0.00000000e+00
1.09211271e-01 0.00000000e+00
1.13494066e-01 0.00000000e+00
1.17776861e-01 0.00000000e+00
1.22059655e-01 0.00000000e+00
1.26342450e-01 0.00000000e+00
1.30625245e-01 0.00000000e+00
1.34908040e-01 0.00000000e+00
1.39190835e-01 0.00000000e+00
1.43473630e-01 0.00000000e+00
1.47756425e-01 0.00000000e+00
1.52039220e-01 0.00000000e+00
1.56322015e-01 0.00000000e+00
1.60604810e-01 0.00000000e+00
1.64887605e-01 0.00000000e+00
1.69170400e-01 0.00000000e+00
1.73453195e-01 0.00000000e+00
1.77735990e-01 0.00000000e+00
1.82018784e-01 0.00000000e+00
1.86301579e-01 0.00000000e+00
1.90584374e-01 0.00000000e+00
1.94867169e-01 0.00000000e+00
1.99149964e-01 0.00000000e+00
2.03432759e-01 0.00000000e+00
2.07715554e-01 0.00000000e+00
2.11998349e-01 0.00000000e+00
2.16281144e-01 0.00000000e+00
2.20563939e-01 0.00000000e+00
2.24846734e-01 0.00000000e+00
2.29129529e-01 0.00000000e+00
2.33412324e-01 0.00000000e+00
2.37695119e-01 0.00000000e+00
2.41977913e-01 0.00000000e+00
2.46260708e-01 0.00000000e+00
2.50543503e-01 0.00000000e+00
2.54826298e-01 0.00000000e+00
2.59109093e-01 0.00000000e+00
2.63391888e-01 0.00000000e+00
2.67674683e-01 0.00000000e+00
2.71957478e-01 0.00000000e+00
2.76240273e-01 0.00000000e+00
2.80523068e-01 0.00000000e+00
2.84805863e-01 0.00000000e+00
2.89088658e-01 0.00000000e+00
2.93371453e-01 0.00000000e+00
2.97654248e-01 0.00000000e+00
3.01937042e-01 0.00000000e+00
3.06219837e-01 0.00000000e+00
3.10502632e-01 0.00000000e+00
3.14785427e-01 0.00000000e+00
3.19068222e-01 0.00000000e+00
3.23351017e-01 0.00000000e+00
3.27633812e-01 0.00000000e+00
3.31916607e-01 0.00000000e+00
3.36199402e-01 0.00000000e+00
3.40482197e-01 0.00000000e+00
3.44764992e-01 0.00000000e+00
3.49047787e-01 0.00000000e+00
3.53330582e-01 0.00000000e+00
3.57613377e-01 0.00000000e+00
3.61896171e-01 0.00000000e+00
3.66178966e-01 0.00000000e+00
3.70461761e-01 0.00000000e+00
3.74744556e-01 0.00000000e+00
3.79027351e-01 0.00000000e+00
3.83310146e-01 0.00000000e+00
3.87592941e-01 0.00000000e+00
3.91875736e-01 0.00000000e+00
3.96158531e-01 0.00000000e+00
4.00441326e-01 0.00000000e+00
4.04724121e-01 0.00000000e+00
4.09006916e-01 0.00000000e+00
4.13289711e-01 0.00000000e+00
4.17572506e-01 0.00000000e+00
4.21855300e-01 0.00000000e+00
4.26138095e-01 0.00000000e+00
4.30420890e-01 0.00000000e+00
4.34703685e-01 0.00000000e+00
4.38986480e-01 0.00000000e+00
4.43269275e-01 0.00000000e+00
4.47552070e-01 0.00000000e+00
4.51834865e-01 0.00000000e+00
4.56117660e-01 0.00000000e+00
4.60400455e-01 0.00000000e+00
4.64683250e-01 0.00000000e+00
4.68966045e-01 0.00000000e+00
4.73248840e-01 0.00000000e+00
4.77531635e-01 0.00000000e+00
4.81814429e-01 0.00000000e+00
4.86097224e-01 0.00000000e+00
4.90380019e-01 0.00000000e+00
4.94662814e-01 0.00000000e+00
4.98945609e-01 0.00000000e+00
0.00000000e+00 2.14139746e-03
0.00000000e+00 6.42419239e-03
0.00000000e+00 1.07069873e-02
0.00000000e+00 1.49897823e-02
0.00000000e+00 1.92725772e-02
0.00000000e+00 2.35553721e-02
0.00000000e+00 2.78381670e-02
0.00000000e+00 3.21209620e-02
0.00000000e+00 3.64037569e-02
0.00000000e+00 4.06865518e-02
0.00000000e+00 4.49693468e-02
0.00000000e+00 4.92521417e-02
0.00000000e+00 5.35349366e-02
0.00000000e+00 5.78177315e-02
0.00000000e+00 6.21005265e-02
0.00000000e+00 6.63833214e-02
0.00000000e+00 7.06661163e-02
0.00000000e+00 7.49489113e-02
0.00000000e+00 7.92317062e-02
0.00000000e+00 8.35145011e-02
0.00000000e+00 8.77972960e-02
0.00000000e+00 9.20800910e-02
0.00000000e+00 9.63628859e-02
0.00000000e+00 1.00645681e-01
0.00000000e+00 1.04928476e-01
0.00000000e+00 1.09211271e-01
0.00000000e+00 1.13494066e-01
0.00000000e+00 1.17776861e-01
0.00000000e+00 1.22059655e-01
0.00000000e+00 1.26342450e-01
0.00000000e+00 1.30625245e-01
0.00000000e+00 1.34908040e-01
0.00000000e+00 1.39190835e-01
0.00000000e+00 1.43473630e-01
0.00000000e+00 1.47756425e-01
0.00000000e+00 1.52039220e-01
0.00000000e+00 1.56322015e-01
0.00000000e+00 1.60604810e-01
0.00000000e+00 1.64887605e-01
0.00000000e+00 1.69170400e-01
0.00000000e+00 1.73453195e-01
0.00000000e+00 1.77735990e-01
0.00000000e+00 1.82018784e-01
0.00000000e+00 1.86301579e-01
0.00000000e+00 1.90584374e-01
0.00000000e+00 1.94867169e-01
0.00000000e+00 1.99149964e-01
0.00000000e+00 2.03432759e-01
0.00000000e+00 2.07715554e-01
0.00000000e+00 2.11998349e-01
0.00000000e+00 2.16281144e-01
0.00000000e+00 2.20563939e-01
0.00000000e+00 2.24846734e-01
0.00000000e+00 2.29129529e-01
0.00000000e+00 2.33412324e-01
0.00000000e+00 2.37695119e-01
0.00000000e+00 2.41977913e-01
0.00000000e+00 2.46260708e-01
0.00000000e+00 2.50543503e-01
0.00000000e+00 2.54826298e-01
0.00000000e+00 2.59109093e-01
0.00000000e+00 2.63391888e-01
0.00000000e+00 2.67674683e-01
0.00000000e+00 2.71957478e-01
0.00000000e+00 2.76240273e-01
0.00000000e+00 2.80523068e-01
0.00000000e+00 2.84805863e-01
0.00000000e+00 2.89088658e-01
0.00000000e+00 2.93371453e-01
0.00000000e+00 2.97654248e-01
0.00000000e+00 3.01937042e-01
0.00000000e+00 3.06219837e-01
0.00000000e+00 3.10502632e-01
0.00000000e+00 3.14785427e-01
0.00000000e+00 3.19068222e-01
0.00000000e+00 3.23351017e-01
0.00000000e+00 3.27633812e-01
0.00000000e+00 3.31916607e-01
0.00000000e+00 3.36199402e-01
0.00000000e+00 3.40482197e-01
0.00000000e+00 3.44764992e-01
0.00000000e+00 3.49047787e-01
0.00000000e+00 3.53330582e-01
0.00000000e+00 3.57613377e-01
0.00000000e+00 3.61896171e-01
0.00000000e+00 3.66178966e-01
0.00000000e+00 3.70461761e-01
0.00000000e+00 3.74744556e-01
0.00000000e+00 3.79027351e-01
0.00000000e+00 3.83310146e-01
0.00000000e+00 3.87592941e-01
0.00000000e+00 3.91875736e-01
0.00000000e+00 3.96158531e-01
0.00000000e+00 4.00441326e-01
0.00000000e+00 4.04724121e-01
0.00000000e+00 4.09006916e-01
0.00000000e+00 4.13289711e-01
0.00000000e+00 4.17572506e-01
0.00000000e+00 4.21855300e-01
0.00000000e+00 4.26138095e-01
0.00000000e+00 4.30420890e-01
0.00000000e+00 4.34703685e-01
0.00000000e+00 4.38986480e-01
0.00000000e+00 4.43269275e-01
0.00000000e+00 4.47552070e-01
0.00000000e+00 4.51834865e-01
0.00000000e+00 4.56117660e-01
0.00000000e+00 4.60400455e-01
0.00000000e+00 4.64683250e-01
0.00000000e+00 4.68966045e-01
0.00000000e+00 4.73248840e-01
0.00000000e+00 4.77531635e-01
0.00000000e+00 4.81814429e-01
0.00000000e+00 4.86097224e-01
0.00000000e+00 4.90380019e-01
0.00000000e+00 4.94662814e-01
0.00000000e+00 4.98945609e-01
