% ======================================================
% L-Bracket Method of Moments Solution
% ======================================================
% Frequency: 7.900 GHz
% Wavelength: 0.037949 m
% Segments: N=2636 (1318 horiz + 1318 vert)
% Transmitter: (25.0000, 25.0000) m
%
% Solver: SSOR with hierarchical omega
% omega = 0.1010
% iterations = 355
% convergence = 9.95e-10
% time = 178.67 seconds
% ======================================================
% Format: (real, imaginary) current coefficients
% ======================================================
( 4.68636758e-08, 1.28225575e-06)
( 9.32187800e-07, 4.92647922e-06)
( 1.68786263e-06, 8.33274047e-06)
( 2.43148937e-06, 1.17164461e-05)
( 3.16498052e-06, 1.50716007e-05)
( 3.88927984e-06, 1.83941536e-05)
( 4.60402148e-06, 2.16786680e-05)
( 5.30836247e-06, 2.49192643e-05)
( 6.00124781e-06, 2.81099014e-05)
( 6.68152254e-06, 3.12445078e-05)
( 7.34798692e-06, 3.43170485e-05)
( 7.99942604e-06, 3.73215658e-05)
( 8.63462746e-06, 4.02522068e-05)
( 9.25239280e-06, 4.31032443e-05)
( 9.85154571e-06, 4.58690947e-05)
( 1.04309379e-05, 4.85443317e-05)
( 1.09894539e-05, 5.11237005e-05)
( 1.15260150e-05, 5.36021295e-05)
( 1.20395825e-05, 5.59747414e-05)
( 1.25291608e-05, 5.82368640e-05)
( 1.29937998e-05, 6.03840400e-05)
( 1.34325977e-05, 6.24120363e-05)
( 1.38447025e-05, 6.43168527e-05)
( 1.42293148e-05, 6.60947301e-05)
( 1.45856888e-05, 6.77421581e-05)
( 1.49131346e-05, 6.92558824e-05)
( 1.52110193e-05, 7.06329109e-05)
( 1.54787686e-05, 7.18705204e-05)
( 1.57158678e-05, 7.29662613e-05)
( 1.59218633e-05, 7.39179632e-05)
( 1.60963630e-05, 7.47237391e-05)
( 1.62390377e-05, 7.53819889e-05)
( 1.63496213e-05, 7.58914032e-05)
( 1.64279116e-05, 7.62509653e-05)
( 1.64737707e-05, 7.64599537e-05)
( 1.64871252e-05, 7.65179437e-05)
( 1.64679664e-05, 7.64248078e-05)
( 1.64163504e-05, 7.61807164e-05)
( 1.63323978e-05, 7.57861374e-05)
( 1.62162935e-05, 7.52418355e-05)
( 1.60682866e-05, 7.45488704e-05)
( 1.58886893e-05, 7.37085950e-05)
( 1.56778768e-05, 7.27226527e-05)
( 1.54362864e-05, 7.15929744e-05)
( 1.51644164e-05, 7.03217743e-05)
( 1.48628253e-05, 6.89115460e-05)
( 1.45321305e-05, 6.73650576e-05)
( 1.41730072e-05, 6.56853460e-05)
( 1.37861869e-05, 6.38757110e-05)
( 1.33724560e-05, 6.19397091e-05)
( 1.29326542e-05, 5.98811464e-05)
( 1.24676728e-05, 5.77040710e-05)
( 1.19784526e-05, 5.54127649e-05)
( 1.14659825e-05, 5.30117363e-05)
( 1.09312974e-05, 5.05057098e-05)
( 1.03754755e-05, 4.78996177e-05)
( 9.79963697e-06, 4.51985903e-05)
( 9.20494123e-06, 4.24079454e-05)
( 8.59258465e-06, 3.95331782e-05)
( 7.96379821e-06, 3.65799504e-05)
( 7.31984501e-06, 3.35540789e-05)
( 6.66201772e-06, 3.04615244e-05)
( 5.99163600e-06, 2.73083799e-05)
( 5.31004385e-06, 2.41008581e-05)
( 4.61860690e-06, 2.08452799e-05)
( 3.91870972e-06, 1.75480614e-05)
( 3.21175299e-06, 1.42157012e-05)
( 2.49915075e-06, 1.08547681e-05)
( 1.78232756e-06, 7.47188755e-06)
( 1.06271565e-06, 4.07372891e-06)
( 3.41752080e-07, 6.66992161e-07)
(-3.79124116e-07,-2.74160528e-06)
(-1.09847481e-06,-6.14534186e-06)
(-1.81486563e-06,-9.53750517e-06)
(-2.52686879e-06,-1.29114052e-05)
(-3.23306595e-06,-1.62603876e-05)
(-3.93205102e-06,-1.95778467e-05)
(-4.62243290e-06,-2.28572387e-05)
(-5.30283829e-06,-2.60920948e-05)
(-5.97191436e-06,-2.92760335e-05)
(-6.62833144e-06,-3.24027735e-05)
(-7.27078561e-06,-3.54661464e-05)
(-7.89800130e-06,-3.84601084e-05)
(-8.50873377e-06,-4.13787526e-05)
(-9.10177158e-06,-4.42163205e-05)
(-9.67593891e-06,-4.69672138e-05)
(-1.02300979e-05,-4.96260047e-05)
(-1.07631509e-05,-5.21874477e-05)
(-1.12740426e-05,-5.46464889e-05)
(-1.17617620e-05,-5.69982769e-05)
(-1.22253444e-05,-5.92381719e-05)
(-1.26638734e-05,-6.13617553e-05)
(-1.30764825e-05,-6.33648379e-05)
(-1.34623570e-05,-6.52434687e-05)
(-1.38207352e-05,-6.69939427e-05)
(-1.41509103e-05,-6.86128078e-05)
(-1.44522314e-05,-7.00968723e-05)
(-1.47241050e-05,-7.14432108e-05)
(-1.49659959e-05,-7.26491701e-05)
(-1.51774283e-05,-7.37123744e-05)
(-1.53579869e-05,-7.46307304e-05)
(-1.55073173e-05,-7.54024310e-05)
(-1.56251268e-05,-7.60259592e-05)
(-1.57111853e-05,-7.65000908e-05)
(-1.57653249e-05,-7.68238972e-05)
(-1.57874412e-05,-7.69967473e-05)
(-1.57774925e-05,-7.70183083e-05)
(-1.57355004e-05,-7.68885467e-05)
(-1.56615497e-05,-7.66077285e-05)
(-1.55557880e-05,-7.61764185e-05)
(-1.54184254e-05,-7.55954791e-05)
(-1.52497342e-05,-7.48660689e-05)
(-1.50500480e-05,-7.39896403e-05)
(-1.48197615e-05,-7.29679364e-05)
(-1.45593293e-05,-7.18029880e-05)
(-1.42692651e-05,-7.04971093e-05)
(-1.39501405e-05,-6.90528932e-05)
(-1.36025843e-05,-6.74732068e-05)
(-1.32272807e-05,-6.57611848e-05)
(-1.28249682e-05,-6.39202242e-05)
(-1.23964383e-05,-6.19539770e-05)
(-1.19425335e-05,-5.98663432e-05)
(-1.14641459e-05,-5.76614630e-05)
(-1.09622154e-05,-5.53437088e-05)
(-1.04377280e-05,-5.29176762e-05)
(-9.89171342e-06,-5.03881752e-05)
(-9.32524350e-06,-4.77602207e-05)
(-8.73942994e-06,-4.50390221e-05)
(-8.13542207e-06,-4.22299738e-05)
(-7.51440470e-06,-3.93386435e-05)
(-6.87759572e-06,-3.63707622e-05)
(-6.22624376e-06,-3.33322121e-05)
(-5.56162576e-06,-3.02290153e-05)
(-4.88504444e-06,-2.70673218e-05)
(-4.19782583e-06,-2.38533973e-05)
(-3.50131661e-06,-2.05936106e-05)
(-2.79688156e-06,-1.72944215e-05)
(-2.08590090e-06,-1.39623674e-05)
(-1.36976756e-06,-1.06040509e-05)
(-6.49884554e-07,-7.22612607e-06)
( 7.23377898e-08,-3.83528597e-06)
( 7.95484535e-07,-4.38248920e-07)
( 1.51813887e-06, 2.95825464e-06)
( 2.23888488e-06, 6.34749553e-06)
( 2.95631021e-06, 9.72275909e-06)
( 3.66900887e-06, 1.30773586e-05)
( 4.37558390e-06, 1.64046483e-05)
( 5.07465008e-06, 1.96980370e-05)
( 5.76483658e-06, 2.29510005e-05)
( 6.44478963e-06, 2.61570951e-05)
( 7.11317511e-06, 2.93099699e-05)
( 7.76868109e-06, 3.24033797e-05)
( 8.41002041e-06, 3.54311972e-05)
( 9.03593311e-06, 3.83874253e-05)
( 9.64518888e-06, 4.12662087e-05)
( 1.02365894e-05, 4.40618456e-05)
( 1.08089707e-05, 4.67687990e-05)
( 1.13612052e-05, 4.93817079e-05)
( 1.18922043e-05, 5.18953974e-05)
( 1.24009199e-05, 5.43048892e-05)
( 1.28863470e-05, 5.66054117e-05)
( 1.33475251e-05, 5.87924088e-05)
( 1.37835405e-05, 6.08615497e-05)
( 1.41935276e-05, 6.28087366e-05)
( 1.45766711e-05, 6.46301135e-05)
( 1.49322071e-05, 6.63220735e-05)
( 1.52594249e-05, 6.78812658e-05)
( 1.55576681e-05, 6.93046027e-05)
( 1.58263360e-05, 7.05892651e-05)
( 1.60648848e-05, 7.17327088e-05)
( 1.62728288e-05, 7.27326688e-05)
( 1.64497407e-05, 7.35871641e-05)
( 1.65952534e-05, 7.42945017e-05)
( 1.67090599e-05, 7.48532796e-05)
( 1.67909143e-05, 7.52623898e-05)
( 1.68406322e-05, 7.55210203e-05)
( 1.68580911e-05, 7.56286567e-05)
( 1.68432306e-05, 7.55850833e-05)
( 1.67960526e-05, 7.53903834e-05)
( 1.67166212e-05, 7.50449389e-05)
( 1.66050629e-05, 7.45494300e-05)
( 1.64615659e-05, 7.39048332e-05)
( 1.62863804e-05, 7.31124200e-05)
( 1.60798174e-05, 7.21737537e-05)
( 1.58422488e-05, 7.10906866e-05)
( 1.55741064e-05, 6.98653563e-05)
( 1.52758810e-05, 6.85001814e-05)
( 1.49481218e-05, 6.69978566e-05)
( 1.45914353e-05, 6.53613475e-05)
( 1.42064837e-05, 6.35938843e-05)
( 1.37939846e-05, 6.16989560e-05)
( 1.33547087e-05, 5.96803029e-05)
( 1.28894789e-05, 5.75419094e-05)
( 1.23991688e-05, 5.52879961e-05)
( 1.18847006e-05, 5.29230114e-05)
( 1.13470438e-05, 5.04516227e-05)
( 1.07872134e-05, 4.78787070e-05)
( 1.02062676e-05, 4.52093413e-05)
( 9.60530603e-06, 4.24487926e-05)
( 8.98546785e-06, 3.96025076e-05)
( 8.34792927e-06, 3.66761014e-05)
( 7.69390153e-06, 3.36753469e-05)
( 7.02462854e-06, 3.06061632e-05)
( 6.34138454e-06, 2.74746037e-05)
( 5.64547165e-06, 2.42868444e-05)
( 4.93821743e-06, 2.10491716e-05)
( 4.22097234e-06, 1.77679694e-05)
( 3.49510718e-06, 1.44497069e-05)
( 2.76201043e-06, 1.11009259e-05)
( 2.02308567e-06, 7.72822745e-06)
( 1.27974884e-06, 4.33825925e-06)
( 5.33425535e-07, 9.37702197e-07)
(-2.14451687e-07,-2.46674268e-06)
(-9.62446104e-07,-5.86836745e-06)
(-1.70911956e-06,-9.26047051e-06)
(-2.45303524e-06,-1.26363699e-05)
(-3.19276045e-06,-1.59894162e-05)
(-3.92686937e-06,-1.93130061e-05)
(-4.65394582e-06,-2.26005951e-05)
(-5.37258599e-06,-2.58457103e-05)
(-6.08140117e-06,-2.90419635e-05)
(-6.77902047e-06,-3.21830637e-05)
(-7.46409344e-06,-3.52628290e-05)
(-8.13529276e-06,-3.82751996e-05)
(-8.79131679e-06,-4.12142490e-05)
(-9.43089215e-06,-4.40741961e-05)
(-1.00527762e-05,-4.68494162e-05)
(-1.06557595e-05,-4.95344525e-05)
(-1.12386681e-05,-5.21240265e-05)
(-1.18003662e-05,-5.46130483e-05)
(-1.23397578e-05,-5.69966270e-05)
(-1.28557896e-05,-5.92700798e-05)
(-1.33474524e-05,-6.14289415e-05)
(-1.38137838e-05,-6.34689731e-05)
(-1.42538694e-05,-6.53861705e-05)
(-1.46668455e-05,-6.71767715e-05)
(-1.50519000e-05,-6.88372640e-05)
(-1.54082746e-05,-7.03643924e-05)
(-1.57352663e-05,-7.17551643e-05)
(-1.60322287e-05,-7.30068559e-05)
(-1.62985733e-05,-7.41170176e-05)
(-1.65337710e-05,-7.50834786e-05)
(-1.67373531e-05,-7.59043516e-05)
(-1.69089120e-05,-7.65780355e-05)
(-1.70481028e-05,-7.71032195e-05)
(-1.71546433e-05,-7.74788851e-05)
(-1.72283152e-05,-7.77043080e-05)
(-1.72689644e-05,-7.77790596e-05)
(-1.72765014e-05,-7.77030080e-05)
(-1.72509017e-05,-7.74763176e-05)
(-1.71922058e-05,-7.70994494e-05)
(-1.71005195e-05,-7.65731595e-05)
(-1.69760135e-05,-7.58984979e-05)
(-1.68189233e-05,-7.50768063e-05)
(-1.66295490e-05,-7.41097150e-05)
(-1.64082545e-05,-7.29991404e-05)
(-1.61554673e-05,-7.17472805e-05)
(-1.58716774e-05,-7.03566108e-05)
(-1.55574366e-05,-6.88298793e-05)
(-1.52133578e-05,-6.71701011e-05)
(-1.48401133e-05,-6.53805525e-05)
(-1.44384343e-05,-6.34647643e-05)
(-1.40091088e-05,-6.14265148e-05)
(-1.35529810e-05,-5.92698227e-05)
(-1.30709489e-05,-5.69989385e-05)
(-1.25639633e-05,-5.46183369e-05)
(-1.20330256e-05,-5.21327072e-05)
(-1.14791863e-05,-4.95469445e-05)
(-1.09035425e-05,-4.68661399e-05)
(-1.03072363e-05,-4.40955704e-05)
(-9.69145240e-06,-4.12406885e-05)
(-9.05741592e-06,-3.83071118e-05)
(-8.40638997e-06,-3.53006112e-05)
(-7.73967330e-06,-3.22271002e-05)
(-7.05859776e-06,-2.90926229e-05)
(-6.36452574e-06,-2.59033423e-05)
(-5.65884751e-06,-2.26655279e-05)
(-4.94297856e-06,-1.93855437e-05)
(-4.21835679e-06,-1.60698352e-05)
(-3.48643971e-06,-1.27249174e-05)
(-2.74870163e-06,-9.35736109e-06)
(-2.00663070e-06,-5.97378082e-06)
(-1.26172602e-06,-2.58082129e-06)
(-5.15494652e-07, 8.14855508e-07)
( 2.30551328e-07, 4.20658338e-06)
( 9.74897863e-07, 7.58770507e-06)
( 1.71603191e-06, 1.09515854e-05)
( 2.45244447e-06, 1.42916241e-05)
( 3.18263358e-06, 1.76012691e-05)
( 3.90510735e-06, 2.08740292e-05)
( 4.61838695e-06, 2.41034867e-05)
( 5.32100958e-06, 2.72833104e-05)
( 6.01153143e-06, 3.04072678e-05)
( 6.68853059e-06, 3.34692371e-05)
( 7.35060999e-06, 3.64632197e-05)
( 7.99640014e-06, 3.93833516e-05)
( 8.62456203e-06, 4.22239153e-05)
( 9.23378981e-06, 4.49793505e-05)
( 9.82281348e-06, 4.76442656e-05)
( 1.03904015e-05, 5.02134478e-05)
( 1.09353634e-05, 5.26818736e-05)
( 1.14565521e-05, 5.50447187e-05)
( 1.19528665e-05, 5.72973671e-05)
( 1.24232535e-05, 5.94354208e-05)
( 1.28667105e-05, 6.14547078e-05)
( 1.32822874e-05, 6.33512906e-05)
( 1.36690885e-05, 6.51214740e-05)
( 1.40262746e-05, 6.67618121e-05)
( 1.43530646e-05, 6.82691153e-05)
( 1.46487374e-05, 6.96404565e-05)
( 1.49126333e-05, 7.08731767e-05)
( 1.51441553e-05, 7.19648904e-05)
( 1.53427709e-05, 7.29134902e-05)
( 1.55080129e-05, 7.37171511e-05)
( 1.56394806e-05, 7.43743336e-05)
( 1.57368407e-05, 7.48837875e-05)
( 1.57998280e-05, 7.52445536e-05)
( 1.58282463e-05, 7.54559661e-05)
( 1.58219688e-05, 7.55176535e-05)
( 1.57809386e-05, 7.54295397e-05)
( 1.57051685e-05, 7.51918441e-05)
( 1.55947418e-05, 7.48050808e-05)
( 1.54498118e-05, 7.42700582e-05)
( 1.52706015e-05, 7.35878767e-05)
( 1.50574039e-05, 7.27599273e-05)
( 1.48105808e-05, 7.17878881e-05)
( 1.45305627e-05, 7.06737218e-05)
( 1.42178480e-05, 6.94196712e-05)
( 1.38730019e-05, 6.80282551e-05)
( 1.34966554e-05, 6.65022633e-05)
( 1.30895044e-05, 6.48447511e-05)
( 1.26523083e-05, 6.30590335e-05)
( 1.21858884e-05, 6.11486781e-05)
( 1.16911266e-05, 5.91174991e-05)
( 1.11689634e-05, 5.69695486e-05)
( 1.06203966e-05, 5.47091098e-05)
( 1.00464790e-05, 5.23406875e-05)
( 9.44831643e-06, 4.98690003e-05)
( 8.82706565e-06, 4.72989704e-05)
( 8.18393215e-06, 4.46357146e-05)
( 7.52016775e-06, 4.18845338e-05)
( 6.83706811e-06, 3.90509029e-05)
( 6.13597028e-06, 3.61404597e-05)
( 5.41824999e-06, 3.31589941e-05)
( 4.68531896e-06, 3.01124366e-05)
( 3.93862212e-06, 2.70068467e-05)
( 3.17963474e-06, 2.38484007e-05)
( 2.40985950e-06, 2.06433799e-05)
( 1.63082350e-06, 1.73981580e-05)
( 8.44075218e-07, 1.41191888e-05)
( 5.11814184e-08, 1.08129931e-05)
(-7.46275981e-07, 7.48614616e-06)
(-1.54670308e-06, 4.14526471e-06)
(-2.34849718e-06, 7.96993782e-07)
(-3.15005003e-06,-2.55200627e-06)
(-3.94975103e-06,-5.89507296e-06)
(-4.74599047e-06,-9.22555479e-06)
(-5.53716283e-06,-1.25368244e-05)
(-6.32166995e-06,-1.58222915e-05)
(-7.09792431e-06,-1.90754163e-05)
(-7.86435222e-06,-2.22897217e-05)
(-8.61939701e-06,-2.54588067e-05)
(-9.36152218e-06,-2.85763591e-05)
(-1.00892145e-05,-3.16361672e-05)
(-1.08009873e-05,-3.46321330e-05)
(-1.14953829e-05,-3.75582837e-05)
(-1.21709764e-05,-4.04087835e-05)
(-1.28263779e-05,-4.31779458e-05)
(-1.34602358e-05,-4.58602433e-05)
(-1.40712391e-05,-4.84503203e-05)
(-1.46581206e-05,-5.09430020e-05)
(-1.52196592e-05,-5.33333058e-05)
(-1.57546821e-05,-5.56164506e-05)
(-1.62620681e-05,-5.77878664e-05)
(-1.67407488e-05,-5.98432036e-05)
(-1.71897117e-05,-6.17783414e-05)
(-1.76080018e-05,-6.35893958e-05)
(-1.79947236e-05,-6.52727280e-05)
(-1.83490433e-05,-6.68249508e-05)
(-1.86701900e-05,-6.82429362e-05)
(-1.89574578e-05,-6.95238208e-05)
(-1.92102068e-05,-7.06650124e-05)
(-1.94278648e-05,-7.16641942e-05)
(-1.96099285e-05,-7.25193305e-05)
(-1.97559642e-05,-7.32286699e-05)
(-1.98656090e-05,-7.37907494e-05)
(-1.99385717e-05,-7.42043971e-05)
(-1.99746330e-05,-7.44687346e-05)
(-1.99736465e-05,-7.45831789e-05)
(-1.99355387e-05,-7.45474437e-05)
(-1.98603091e-05,-7.43615398e-05)
(-1.97480306e-05,-7.40257755e-05)
(-1.95988492e-05,-7.35407554e-05)
(-1.94129838e-05,-7.29073804e-05)
(-1.91907255e-05,-7.21268447e-05)
(-1.89324376e-05,-7.12006347e-05)
(-1.86385545e-05,-7.01305252e-05)
(-1.83095811e-05,-6.89185764e-05)
(-1.79460914e-05,-6.75671301e-05)
(-1.75487280e-05,-6.60788047e-05)
(-1.71182004e-05,-6.44564904e-05)
(-1.66552838e-05,-6.27033432e-05)
(-1.61608175e-05,-6.08227793e-05)
(-1.56357032e-05,-5.88184679e-05)
(-1.50809032e-05,-5.66943242e-05)
(-1.44974390e-05,-5.44545017e-05)
(-1.38863883e-05,-5.21033841e-05)
(-1.32488839e-05,-4.96455767e-05)
(-1.25861107e-05,-4.70858970e-05)
(-1.18993039e-05,-4.44293659e-05)
(-1.11897460e-05,-4.16811971e-05)
(-1.04587649e-05,-3.88467873e-05)
(-9.70773057e-06,-3.59317054e-05)
(-8.93805297e-06,-3.29416816e-05)
(-8.15117888e-06,-2.98825958e-05)
(-7.34858913e-06,-2.67604665e-05)
(-6.53179567e-06,-2.35814386e-05)
(-5.70233860e-06,-2.03517713e-05)
(-4.86178305e-06,-1.70778258e-05)
(-4.01171616e-06,-1.37660527e-05)
(-3.15374388e-06,-1.04229792e-05)
(-2.28948781e-06,-7.05519638e-06)
(-1.42058202e-06,-3.66934595e-06)
(-5.48669765e-07,-2.72107274e-07)
( 3.24599714e-07, 3.12981593e-06)
( 1.19757447e-06, 6.52970880e-06)
( 2.06860312e-06, 9.92085866e-06)
( 2.93603807e-06, 1.32965683e-05)
( 3.79823880e-06, 1.66501691e-05)
( 4.65357509e-06, 1.99750346e-05)
( 5.50043019e-06, 2.32645932e-05)
( 6.33720406e-06, 2.65123414e-05)
( 7.16231649e-06, 2.97118565e-05)
( 7.97421017e-06, 3.28568098e-05)
( 8.77135381e-06, 3.59409786e-05)
( 9.55224510e-06, 3.89582586e-05)
( 1.03154137e-05, 4.19026765e-05)
( 1.10594240e-05, 4.47684012e-05)
( 1.17828780e-05, 4.75497558e-05)
( 1.24844182e-05, 5.02412287e-05)
( 1.31627300e-05, 5.28374844e-05)
( 1.38165443e-05, 5.53333744e-05)
( 1.44446402e-05, 5.77239472e-05)
( 1.50458469e-05, 6.00044581e-05)
( 1.56190466e-05, 6.21703787e-05)
( 1.61631760e-05, 6.42174058e-05)
( 1.66772291e-05, 6.61414702e-05)
( 1.71602584e-05, 6.79387444e-05)
( 1.76113771e-05, 6.96056503e-05)
( 1.80297609e-05, 7.11388666e-05)
( 1.84146492e-05, 7.25353349e-05)
( 1.87653471e-05, 7.37922663e-05)
( 1.90812261e-05, 7.49071464e-05)
( 1.93617258e-05, 7.58777407e-05)
( 1.96063548e-05, 7.67020988e-05)
( 1.98146912e-05, 7.73785584e-05)
( 1.99863842e-05, 7.79057486e-05)
( 2.01211542e-05, 7.82825925e-05)
( 2.02187931e-05, 7.85083093e-05)
( 2.02791653e-05, 7.85824160e-05)
( 2.03022075e-05, 7.85047284e-05)
( 2.02879287e-05, 7.82753612e-05)
( 2.02364106e-05, 7.78947280e-05)
( 2.01478069e-05, 7.73635403e-05)
( 2.00223431e-05, 7.66828062e-05)
( 1.98603161e-05, 7.58538284e-05)
( 1.96620938e-05, 7.48782015e-05)
( 1.94281138e-05, 7.37578089e-05)
( 1.91588829e-05, 7.24948190e-05)
( 1.88549759e-05, 7.10916808e-05)
( 1.85170346e-05, 6.95511194e-05)
( 1.81457664e-05, 6.78761301e-05)
( 1.77419427e-05, 6.60699727e-05)
( 1.73063980e-05, 6.41361650e-05)
( 1.68400273e-05, 6.20784759e-05)
( 1.63437851e-05, 5.99009175e-05)
( 1.58186834e-05, 5.76077376e-05)
( 1.52657891e-05, 5.52034111e-05)
( 1.46862226e-05, 5.26926310e-05)
( 1.40811555e-05, 5.00802992e-05)
( 1.34518077e-05, 4.73715166e-05)
( 1.27994458e-05, 4.45715732e-05)
( 1.21253800e-05, 4.16859376e-05)
( 1.14309620e-05, 3.87202457e-05)
( 1.07175820e-05, 3.56802902e-05)
( 9.98666606e-06, 3.25720085e-05)
( 9.23967357e-06, 2.94014712e-05)
( 8.47809406e-06, 2.61748702e-05)
( 7.70344448e-06, 2.28985060e-05)
( 6.91726624e-06, 1.95787756e-05)
( 6.12112213e-06, 1.62221597e-05)
( 5.31659337e-06, 1.28352098e-05)
( 4.50527647e-06, 9.42453518e-06)
( 3.68878015e-06, 5.99678998e-06)
( 2.86872224e-06, 2.55865991e-06)
( 2.04672650e-06,-8.83150945e-07)
( 1.22441946e-06,-4.32193342e-06)
( 4.03427330e-07,-7.75098651e-06)
(-4.14627234e-07,-1.11636306e-05)
(-1.22812823e-06,-1.45532208e-05)
(-2.03546945e-06,-1.79131598e-05)
(-2.83505762e-06,-2.12369112e-05)
(-3.62531546e-06,-2.45180122e-05)
(-4.40468475e-06,-2.77500865e-05)
(-5.17162937e-06,-3.09268566e-05)
(-5.92463827e-06,-3.40421565e-05)
(-6.66222841e-06,-3.70899438e-05)
(-7.38294759e-06,-4.00643113e-05)
(-8.08537737e-06,-4.29594989e-05)
(-8.76813574e-06,-4.57699049e-05)
(-9.42987982e-06,-4.84900969e-05)
(-1.00693085e-05,-5.11148225e-05)
(-1.06851651e-05,-5.36390194e-05)
(-1.12762394e-05,-5.60578259e-05)
(-1.18413706e-05,-5.83665897e-05)
(-1.23794491e-05,-6.05608774e-05)
(-1.28894189e-05,-6.26364833e-05)
(-1.33702796e-05,-6.45894369e-05)
(-1.38210885e-05,-6.64160116e-05)
(-1.42409623e-05,-6.81127311e-05)
(-1.46290789e-05,-6.96763765e-05)
(-1.49846789e-05,-7.11039927e-05)
(-1.53070676e-05,-7.23928936e-05)
(-1.55956158e-05,-7.35406677e-05)
(-1.58497612e-05,-7.45451827e-05)
(-1.60690100e-05,-7.54045892e-05)
(-1.62529373e-05,-7.61173244e-05)
(-1.64011883e-05,-7.66821153e-05)
(-1.65134791e-05,-7.70979804e-05)
(-1.65895971e-05,-7.73642323e-05)
(-1.66294017e-05,-7.74804780e-05)
(-1.66328245e-05,-7.74466202e-05)
(-1.65998696e-05,-7.72628570e-05)
(-1.65306136e-05,-7.69296814e-05)
(-1.64252055e-05,-7.64478801e-05)
(-1.62838666e-05,-7.58185317e-05)
(-1.61068902e-05,-7.50430046e-05)
(-1.58946409e-05,-7.41229540e-05)
(-1.56475542e-05,-7.30603184e-05)
(-1.53661356e-05,-7.18573157e-05)
(-1.50509598e-05,-7.05164385e-05)
(-1.47026697e-05,-6.90404491e-05)
(-1.43219751e-05,-6.74323739e-05)
(-1.39096517e-05,-6.56954971e-05)
(-1.34665393e-05,-6.38333543e-05)
(-1.29935406e-05,-6.18497251e-05)
(-1.24916195e-05,-5.97486256e-05)
(-1.19617991e-05,-5.75343003e-05)
(-1.14051600e-05,-5.52112136e-05)
(-1.08228382e-05,-5.27840406e-05)
(-1.02160231e-05,-5.02576582e-05)
(-9.58595534e-06,-4.76371349e-05)
(-8.93392404e-06,-4.49277209e-05)
(-8.26126490e-06,-4.21348375e-05)
(-7.56935738e-06,-3.92640664e-05)
(-6.85962220e-06,-3.63211382e-05)
(-6.13351862e-06,-3.33119218e-05)
(-5.39254167e-06,-3.02424116e-05)
(-4.63821929e-06,-2.71187168e-05)
(-3.87210943e-06,-2.39470481e-05)
(-3.09579706e-06,-2.07337062e-05)
(-2.31089113e-06,-1.74850690e-05)
(-1.51902147e-06,-1.42075790e-05)
(-7.21835624e-07,-1.09077304e-05)
( 7.90042871e-08,-7.59205645e-06)
( 8.81824845e-07,-4.26711646e-06)
( 1.68494455e-06,-9.39482791e-07)
( 2.48667715e-06, 2.38427208e-06)
( 3.28533486e-06, 5.69758853e-06)
( 4.07923178e-06, 8.99393275e-06)
( 4.86668711e-06, 1.22668096e-05)
( 5.64602857e-06, 1.55097754e-05)
( 6.41559562e-06, 1.87164506e-05)
( 7.17374282e-06, 2.18805324e-05)
( 7.91884311e-06, 2.49958070e-05)
( 8.64929104e-06, 2.80561620e-05)
( 9.36350604e-06, 3.10555981e-05)
( 1.00599356e-05, 3.39882411e-05)
( 1.07370582e-05, 3.68483535e-05)
( 1.13933870e-05, 3.96303453e-05)
( 1.20274722e-05, 4.23287855e-05)
( 1.26379044e-05, 4.49384121e-05)
( 1.32233174e-05, 4.74541429e-05)
( 1.37823910e-05, 4.98710851e-05)
( 1.43138541e-05, 5.21845452e-05)
( 1.48164867e-05, 5.43900375e-05)
( 1.52891232e-05, 5.64832934e-05)
( 1.57306545e-05, 5.84602694e-05)
( 1.61400304e-05, 6.03171551e-05)
( 1.65162619e-05, 6.20503805e-05)
( 1.68584237e-05, 6.36566229e-05)
( 1.71656557e-05, 6.51328131e-05)
( 1.74371653e-05, 6.64761418e-05)
( 1.76722292e-05, 6.76840645e-05)
( 1.78701949e-05, 6.87543067e-05)
( 1.80304825e-05, 6.96848680e-05)
( 1.81525860e-05, 7.04740262e-05)
( 1.82360744e-05, 7.11203400e-05)
( 1.82805933e-05, 7.16226523e-05)
( 1.82858653e-05, 7.19800921e-05)
( 1.82516914e-05, 7.21920758e-05)
( 1.81779513e-05, 7.22583087e-05)
( 1.80646041e-05, 7.21787849e-05)
( 1.79116889e-05, 7.19537877e-05)
( 1.77193245e-05, 7.15838884e-05)
( 1.74877101e-05, 7.10699456e-05)
( 1.72171248e-05, 7.04131026e-05)
( 1.69079273e-05, 6.96147859e-05)
( 1.65605561e-05, 6.86767015e-05)
( 1.61755282e-05, 6.76008318e-05)
( 1.57534389e-05, 6.63894317e-05)
( 1.52949607e-05, 6.50450236e-05)
( 1.48008425e-05, 6.35703925e-05)
( 1.42719081e-05, 6.19685807e-05)
( 1.37090551e-05, 6.02428812e-05)
( 1.31132534e-05, 5.83968316e-05)
( 1.24855434e-05, 5.64342065e-05)
( 1.18270345e-05, 5.43590105e-05)
( 1.11389029e-05, 5.21754698e-05)
( 1.04223897e-05, 4.98880241e-05)
( 9.67879869e-06, 4.75013176e-05)
( 8.90949394e-06, 4.50201898e-05)
( 8.11589738e-06, 4.24496658e-05)
( 7.29948620e-06, 3.97949465e-05)
( 6.46179013e-06, 3.70613984e-05)
( 5.60438864e-06, 3.42545425e-05)
( 4.72890793e-06, 3.13800439e-05)
( 3.83701798e-06, 2.84437002e-05)
( 2.93042932e-06, 2.54514303e-05)
( 2.01088981e-06, 2.24092626e-05)
( 1.08018135e-06, 1.93233228e-05)
( 1.40116386e-07, 1.61998225e-05)
(-8.07465499e-07, 1.30450460e-05)
(-1.76070119e-06, 9.86533885e-06)
(-2.71770766e-06, 6.66709447e-06)
(-3.67658562e-06, 3.45674208e-06)
(-4.63542330e-06, 2.40733806e-07)
(-5.59230014e-06,-2.97446803e-06)
(-6.54529066e-06,-6.18240366e-06)
(-7.49246824e-06,-9.37662864e-06)
(-8.43190902e-06,-1.25507265e-05)
(-9.36169570e-06,-1.56983216e-05)
(-1.02799214e-05,-1.88130913e-05)
(-1.11846936e-05,-2.18887789e-05)
(-1.20741379e-05,-2.49192058e-05)
(-1.29464019e-05,-2.78982836e-05)
(-1.37996589e-05,-3.08200262e-05)
(-1.46321117e-05,-3.36785618e-05)
(-1.54419964e-05,-3.64681440e-05)
(-1.62275862e-05,-3.91831638e-05)
(-1.69871944e-05,-4.18181602e-05)
(-1.77191788e-05,-4.43678310e-05)
(-1.84219443e-05,-4.68270439e-05)
(-1.90939470e-05,-4.91908456e-05)
(-1.97336972e-05,-5.14544726e-05)
(-2.03397623e-05,-5.36133600e-05)
(-2.09107705e-05,-5.56631510e-05)
(-2.14454134e-05,-5.75997051e-05)
(-2.19424489e-05,-5.94191066e-05)
(-2.24007040e-05,-6.11176722e-05)
(-2.28190774e-05,-6.26919586e-05)
(-2.31965422e-05,-6.41387690e-05)
(-2.35321478e-05,-6.54551598e-05)
(-2.38250223e-05,-6.66384463e-05)
(-2.40743749e-05,-6.76862080e-05)
(-2.42794972e-05,-6.85962936e-05)
(-2.44397652e-05,-6.93668253e-05)
(-2.45546412e-05,-6.99962027e-05)
(-2.46236745e-05,-7.04831058e-05)
(-2.46465032e-05,-7.08264977e-05)
(-2.46228550e-05,-7.10256272e-05)
(-2.45525482e-05,-7.10800298e-05)
(-2.44354921e-05,-7.09895292e-05)
(-2.42716879e-05,-7.07542374e-05)
(-2.40612290e-05,-7.03745548e-05)
(-2.38043007e-05,-6.98511696e-05)
(-2.35011806e-05,-6.91850562e-05)
(-2.31522382e-05,-6.83774738e-05)
(-2.27579346e-05,-6.74299639e-05)
(-2.23188216e-05,-6.63443473e-05)
(-2.18355413e-05,-6.51227207e-05)
(-2.13088247e-05,-6.37674527e-05)
(-2.07394910e-05,-6.22811793e-05)
(-2.01284458e-05,-6.06667987e-05)
(-1.94766800e-05,-5.89274658e-05)
(-1.87852676e-05,-5.70665861e-05)
(-1.80553645e-05,-5.50878090e-05)
(-1.72882057e-05,-5.29950208e-05)
(-1.64851037e-05,-5.07923373e-05)
(-1.56474456e-05,-4.84840955e-05)
(-1.47766912e-05,-4.60748454e-05)
(-1.38743696e-05,-4.35693407e-05)
(-1.29420770e-05,-4.09725303e-05)
(-1.19814731e-05,-3.82895479e-05)
(-1.09942785e-05,-3.55257022e-05)
(-9.98227124e-06,-3.26864667e-05)
(-8.94728336e-06,-2.97774687e-05)
(-7.89119750e-06,-2.68044784e-05)
(-6.81594326e-06,-2.37733976e-05)
(-5.72349347e-06,-2.06902480e-05)
(-4.61586043e-06,-1.75611595e-05)
(-3.49509196e-06,-1.43923580e-05)
(-2.36326746e-06,-1.11901532e-05)
(-1.22249382e-06,-7.96092626e-06)
(-7.49013330e-08,-4.71111715e-06)
( 1.07736048e-06,-1.44721186e-06)
( 2.23212711e-06, 1.82427032e-06)
( 3.38722330e-06, 5.09678968e-06)
( 4.54046737e-06, 8.36379906e-06)
( 5.68967548e-06, 1.16187568e-05)
( 6.83266601e-06, 1.48551398e-05)
( 7.96726385e-06, 1.80664561e-05)
( 9.09130473e-06, 2.12462583e-05)
( 1.02026395e-05, 2.43881560e-05)
( 1.12991386e-05, 2.74858286e-05)
( 1.23786961e-05, 3.05330378e-05)
( 1.34392337e-05, 3.35236402e-05)
( 1.44787057e-05, 3.64515994e-05)
( 1.54951022e-05, 3.93109982e-05)
( 1.64864537e-05, 4.20960503e-05)
( 1.74508347e-05, 4.48011119e-05)
( 1.83863680e-05, 4.74206930e-05)
( 1.92912281e-05, 4.99494685e-05)
( 2.01636451e-05, 5.23822887e-05)
( 2.10019081e-05, 5.47141900e-05)
( 2.18043690e-05, 5.69404045e-05)
( 2.25694454e-05, 5.90563699e-05)
( 2.32956242e-05, 6.10577387e-05)
( 2.39814645e-05, 6.29403868e-05)
( 2.46256003e-05, 6.47004221e-05)
( 2.52267440e-05, 6.63341923e-05)
( 2.57836880e-05, 6.78382925e-05)
( 2.62953083e-05, 6.92095719e-05)
( 2.67605658e-05, 7.04451405e-05)
( 2.71785091e-05, 7.15423750e-05)
( 2.75482761e-05, 7.24989243e-05)
( 2.78690960e-05, 7.33127143e-05)
( 2.81402909e-05, 7.39819521e-05)
( 2.83612768e-05, 7.45051303e-05)
( 2.85315655e-05, 7.48810299e-05)
( 2.86507651e-05, 7.51087227e-05)
( 2.87185811e-05, 7.51875741e-05)
( 2.87348168e-05, 7.51172441e-05)
( 2.86993742e-05, 7.48976882e-05)
( 2.86122537e-05, 7.45291582e-05)
( 2.84735545e-05, 7.40122015e-05)
( 2.82834744e-05, 7.33476604e-05)
( 2.80423095e-05, 7.25366709e-05)
( 2.77504534e-05, 7.15806605e-05)
( 2.74083969e-05, 7.04813456e-05)
( 2.70167266e-05, 6.92407283e-05)
( 2.65761242e-05, 6.78610929e-05)
( 2.60873649e-05, 6.63450016e-05)
( 2.55513160e-05, 6.46952892e-05)
( 2.49689353e-05, 6.29150584e-05)
( 2.43412692e-05, 6.10076734e-05)
( 2.36694506e-05, 5.89767533e-05)
( 2.29546966e-05, 5.68261656e-05)
( 2.21983066e-05, 5.45600187e-05)
( 2.14016592e-05, 5.21826534e-05)
( 2.05662098e-05, 4.96986350e-05)
( 1.96934876e-05, 4.71127442e-05)
( 1.87850930e-05, 4.44299679e-05)
( 1.78426940e-05, 4.16554895e-05)
( 1.68680232e-05, 3.87946784e-05)
( 1.58628744e-05, 3.58530800e-05)
( 1.48290990e-05, 3.28364045e-05)
( 1.37686026e-05, 2.97505159e-05)
( 1.26833410e-05, 2.66014201e-05)
( 1.15753167e-05, 2.33952536e-05)
( 1.04465748e-05, 2.01382711e-05)
( 9.29919901e-06, 1.68368333e-05)
( 8.13530786e-06, 1.34973943e-05)
( 6.95705026e-06, 1.01264887e-05)
( 5.76660155e-06, 6.73071894e-06)
( 4.56615922e-06, 3.31674230e-06)
( 3.35793868e-06,-1.08742606e-07)
( 2.14416896e-06,-3.53900882e-06)
( 9.27088447e-07,-6.96731449e-06)
(-2.91059451e-07,-1.03869162e-05)
(-1.50803061e-06,-1.37910823e-05)
(-2.72158449e-06,-1.71731064e-05)
(-3.92948845e-06,-2.05263207e-05)
(-5.12952197e-06,-2.38441088e-05)
(-6.31948098e-06,-2.71199197e-05)
(-7.49718195e-06,-3.03472800e-05)
(-8.66046613e-06,-3.35198073e-05)
(-9.80720362e-06,-3.66312227e-05)
(-1.09352974e-05,-3.96753633e-05)
(-1.20426873e-05,-4.26461948e-05)
(-1.31273539e-05,-4.55378230e-05)
(-1.41873222e-05,-4.83445060e-05)
(-1.52206656e-05,-5.10606654e-05)
(-1.62255093e-05,-5.36808978e-05)
(-1.72000337e-05,-5.61999852e-05)
(-1.81424780e-05,-5.86129055e-05)
(-1.90511436e-05,-6.09148428e-05)
(-1.99243967e-05,-6.31011968e-05)
(-2.07606717e-05,-6.51675921e-05)
(-2.15584741e-05,-6.71098871e-05)
(-2.23163830e-05,-6.89241819e-05)
(-2.30330539e-05,-7.06068265e-05)
(-2.37072210e-05,-7.21544281e-05)
(-2.43376994e-05,-7.35638577e-05)
(-2.49233873e-05,-7.48322565e-05)
(-2.54632681e-05,-7.59570418e-05)
(-2.59564119e-05,-7.69359121e-05)
(-2.64019771e-05,-7.77668513e-05)
(-2.67992123e-05,-7.84481338e-05)
(-2.71474569e-05,-7.89783269e-05)
(-2.74461427e-05,-7.93562945e-05)
(-2.76947946e-05,-7.95811988e-05)
(-2.78930313e-05,-7.96525027e-05)
(-2.80405659e-05,-7.95699704e-05)
(-2.81372063e-05,-7.93336679e-05)
(-2.81828554e-05,-7.89439635e-05)
(-2.81775111e-05,-7.84015264e-05)
(-2.81212658e-05,-7.77073260e-05)
(-2.80143069e-05,-7.68626297e-05)
(-2.78569151e-05,-7.58690004e-05)
(-2.76494649e-05,-7.47282936e-05)
(-2.73924228e-05,-7.34426539e-05)
(-2.70863467e-05,-7.20145103e-05)
(-2.67318846e-05,-7.04465718e-05)
(-2.63297733e-05,-6.87418220e-05)
(-2.58808366e-05,-6.69035133e-05)
(-2.53859840e-05,-6.49351600e-05)
(-2.48462084e-05,-6.28405319e-05)
(-2.42625845e-05,-6.06236468e-05)
(-2.36362663e-05,-5.82887621e-05)
(-2.29684851e-05,-5.58403670e-05)
(-2.22605468e-05,-5.32831729e-05)
(-2.15138295e-05,-5.06221051e-05)
(-2.07297809e-05,-4.78622918e-05)
(-1.99099150e-05,-4.50090551e-05)
(-1.90558100e-05,-4.20678998e-05)
(-1.81691042e-05,-3.90445028e-05)
(-1.72514939e-05,-3.59447017e-05)
(-1.63047295e-05,-3.27744834e-05)
(-1.53306121e-05,-2.95399724e-05)
(-1.43309906e-05,-2.62474184e-05)
(-1.33077578e-05,-2.29031840e-05)
(-1.22628468e-05,-1.95137326e-05)
(-1.11982276e-05,-1.60856152e-05)
(-1.01159032e-05,-1.26254573e-05)
(-9.01790582e-06,-9.13994668e-06)
(-7.90629326e-06,-5.63581930e-06)
(-6.78314496e-06,-2.11984665e-06)
(-5.65055812e-06, 1.40117782e-06)
(-4.51064381e-06, 4.92045200e-06)
(-3.36552306e-06, 8.43117846e-06)
(-2.21732295e-06, 1.19265778e-05)
(-1.06817265e-06, 1.53999020e-05)
( 7.98005195e-08, 1.88444477e-05)
( 1.22447493e-06, 2.22535689e-05)
( 2.36373862e-06, 2.56206906e-05)
( 3.49549314e-06, 2.89393213e-05)
( 4.61765739e-06, 3.22030656e-05)
( 5.72817142e-06, 3.54056369e-05)
( 6.82500020e-06, 3.85408695e-05)
( 7.90613735e-06, 4.16027307e-05)
( 8.96960872e-06, 4.45853324e-05)
( 1.00134761e-05, 4.74829427e-05)
( 1.10358405e-05, 5.02899969e-05)
( 1.20348460e-05, 5.30011081e-05)
( 1.30086826e-05, 5.56110781e-05)
( 1.39555900e-05, 5.81149070e-05)
( 1.48738602e-05, 6.05078029e-05)
( 1.57618413e-05, 6.27851911e-05)
( 1.66179398e-05, 6.49427232e-05)
( 1.74406238e-05, 6.69762849e-05)
( 1.82284256e-05, 6.88820041e-05)
( 1.89799448e-05, 7.06562585e-05)
( 1.96938500e-05, 7.22956820e-05)
( 2.03688818e-05, 7.37971712e-05)
( 2.10038549e-05, 7.51578916e-05)
( 2.15976601e-05, 7.63752822e-05)
( 2.21492665e-05, 7.74470609e-05)
( 2.26577231e-05, 7.83712283e-05)
( 2.31221605e-05, 7.91460716e-05)
( 2.35417927e-05, 7.97701674e-05)
( 2.39159182e-05, 8.02423845e-05)
( 2.42439214e-05, 8.05618854e-05)
( 2.45252738e-05, 8.07281281e-05)
( 2.47595344e-05, 8.07408667e-05)
( 2.49463512e-05, 8.06001514e-05)
( 2.50854613e-05, 8.03063285e-05)
( 2.51766914e-05, 7.98600390e-05)
( 2.52199583e-05, 7.92622174e-05)
( 2.52152690e-05, 7.85140892e-05)
( 2.51627203e-05, 7.76171689e-05)
( 2.50624990e-05, 7.65732559e-05)
( 2.49148814e-05, 7.53844314e-05)
( 2.47202329e-05, 7.40530537e-05)
( 2.44790069e-05, 7.25817535e-05)
( 2.41917443e-05, 7.09734285e-05)
( 2.38590727e-05, 6.92312373e-05)
( 2.34817046e-05, 6.73585933e-05)
( 2.30604366e-05, 6.53591577e-05)
( 2.25961478e-05, 6.32368320e-05)
( 2.20897980e-05, 6.09957505e-05)
( 2.15424263e-05, 5.86402717e-05)
( 2.09551487e-05, 5.61749699e-05)
( 2.03291564e-05, 5.36046261e-05)
( 1.96657135e-05, 5.09342183e-05)
( 1.89661545e-05, 4.81689120e-05)
( 1.82318822e-05, 4.53140499e-05)
( 1.74643647e-05, 4.23751412e-05)
( 1.66651328e-05, 3.93578511e-05)
( 1.58357774e-05, 3.62679897e-05)
( 1.49779462e-05, 3.31115003e-05)
( 1.40933409e-05, 2.98944482e-05)
( 1.31837138e-05, 2.66230089e-05)
( 1.22508647e-05, 2.33034556e-05)
( 1.12966375e-05, 1.99421476e-05)
( 1.03229166e-05, 1.65455179e-05)
( 9.33162369e-06, 1.31200605e-05)
( 8.32471378e-06, 9.67231807e-06)
( 7.30417174e-06, 6.20886922e-06)
( 6.27200848e-06, 2.73631606e-06)
( 5.23025718e-06,-7.38728643e-07)
( 4.18096938e-06,-4.20965409e-06)
( 3.12621113e-06,-7.66986408e-06)
( 2.06805908e-06,-1.11127896e-05)
( 1.00859643e-06,-1.45319015e-05)
(-5.00909705e-08,-1.79207226e-05)
(-1.10591867e-06,-2.12728402e-05)
(-2.15680763e-06,-2.45819184e-05)
(-3.20068819e-06,-2.78417098e-05)
(-4.23550414e-06,-3.10460674e-05)
(-5.25921666e-06,-3.41889563e-05)
(-6.26980831e-06,-3.72644650e-05)
(-7.26528699e-06,-4.02668163e-05)
(-8.24368980e-06,-4.31903785e-05)
(-9.20308696e-06,-4.60296759e-05)
(-1.01415856e-05,-4.87793984e-05)
(-1.10573334e-05,-5.14344124e-05)
(-1.19485226e-05,-5.39897696e-05)
(-1.28133932e-05,-5.64407163e-05)
(-1.36502368e-05,-5.87827025e-05)
(-1.44573999e-05,-6.10113898e-05)
(-1.52332873e-05,-6.31226598e-05)
(-1.59763653e-05,-6.51126215e-05)
(-1.66851651e-05,-6.69776183e-05)
(-1.73582854e-05,-6.87142348e-05)
(-1.79943957e-05,-7.03193029e-05)
(-1.85922386e-05,-7.17899073e-05)
(-1.91506332e-05,-7.31233913e-05)
(-1.96684769e-05,-7.43173607e-05)
(-2.01447480e-05,-7.53696888e-05)
(-2.05785082e-05,-7.62785196e-05)
(-2.09689041e-05,-7.70422711e-05)
(-2.13151696e-05,-7.76596380e-05)
(-2.16166274e-05,-7.81295940e-05)
(-2.18726906e-05,-7.84513929e-05)
(-2.20828639e-05,-7.86245705e-05)
(-2.22467453e-05,-7.86489443e-05)
(-2.23640267e-05,-7.85246141e-05)
(-2.24344947e-05,-7.82519611e-05)
(-2.24580317e-05,-7.78316471e-05)
(-2.24346159e-05,-7.72646131e-05)
(-2.23643219e-05,-7.65520766e-05)
(-2.22473206e-05,-7.56955296e-05)
(-2.20838790e-05,-7.46967352e-05)
(-2.18743604e-05,-7.35577241e-05)
(-2.16192232e-05,-7.22807903e-05)
(-2.13190206e-05,-7.08684868e-05)
(-2.09743998e-05,-6.93236199e-05)
(-2.05861005e-05,-6.76492446e-05)
(-2.01549541e-05,-6.58486576e-05)
(-1.96818817e-05,-6.39253916e-05)
(-1.91678930e-05,-6.18832078e-05)
(-1.86140839e-05,-5.97260892e-05)
(-1.80216348e-05,-5.74582324e-05)
(-1.73918081e-05,-5.50840394e-05)
(-1.67259463e-05,-5.26081099e-05)
(-1.60254686e-05,-5.00352314e-05)
(-1.52918688e-05,-4.73703707e-05)
(-1.45267122e-05,-4.46186644e-05)
(-1.37316324e-05,-4.17854086e-05)
(-1.29083280e-05,-3.88760492e-05)
(-1.20585596e-05,-3.58961713e-05)
(-1.11841455e-05,-3.28514888e-05)
(-1.02869590e-05,-2.97478333e-05)
(-9.36892372e-06,-2.65911431e-05)
(-8.43201004e-06,-2.33874521e-05)
(-7.47823107e-06,-2.01428779e-05)
(-6.50963841e-06,-1.68636109e-05)
(-5.52831785e-06,-1.35559019e-05)
(-4.53638510e-06,-1.02260510e-05)
(-3.53598127e-06,-6.88039490e-06)
(-2.52926842e-06,-3.52529565e-06)
(-1.51842491e-06,-1.67128244e-07)
(-5.05640844e-07, 3.18773126e-06)
( 5.06886661e-07, 6.53291777e-06)
( 1.51695818e-06, 9.86208914e-06)
( 2.52237670e-06, 1.31689381e-05)
( 3.52095240e-06, 1.64472041e-05)
( 4.51050740e-06, 1.96906853e-05)
( 5.48888050e-06, 2.28932497e-05)
( 6.45393197e-06, 2.60488472e-05)
( 7.40354817e-06, 2.91515209e-05)
( 8.33564632e-06, 3.21954179e-05)
( 9.24817906e-06, 3.51748008e-05)
( 1.01391391e-05, 3.80840578e-05)
( 1.10065635e-05, 4.09177142e-05)
( 1.18485384e-05, 4.36704418e-05)
( 1.26632032e-05, 4.63370694e-05)
( 1.34487547e-05, 4.89125921e-05)
( 1.42034514e-05, 5.13921812e-05)
( 1.49256173e-05, 5.37711929e-05)
( 1.56136459e-05, 5.60451773e-05)
( 1.62660040e-05, 5.82098863e-05)
( 1.68812350e-05, 6.02612822e-05)
( 1.74579629e-05, 6.21955446e-05)
( 1.79948946e-05, 6.40090782e-05)
( 1.84908242e-05, 6.56985192e-05)
( 1.89446347e-05, 6.72607418e-05)
( 1.93553016e-05, 6.86928640e-05)
( 1.97218951e-05, 6.99922530e-05)
( 2.00435823e-05, 7.11565301e-05)
( 2.03196294e-05, 7.21835754e-05)
( 2.05494037e-05, 7.30715317e-05)
( 2.07323752e-05, 7.38188079e-05)
( 2.08681178e-05, 7.44240821e-05)
( 2.09563110e-05, 7.48863042e-05)
( 2.09967404e-05, 7.52046976e-05)
( 2.09892987e-05, 7.53787610e-05)
( 2.09339861e-05, 7.54082692e-05)
( 2.08309106e-05, 7.52932735e-05)
( 2.06802880e-05, 7.50341018e-05)
( 2.04824415e-05, 7.46313576e-05)
( 2.02378016e-05, 7.40859194e-05)
( 1.99469049e-05, 7.33989387e-05)
( 1.96103936e-05, 7.25718380e-05)
( 1.92290136e-05, 7.16063078e-05)
( 1.88036138e-05, 7.05043040e-05)
( 1.83351440e-05, 6.92680435e-05)
( 1.78246528e-05, 6.79000007e-05)
( 1.72732856e-05, 6.64029023e-05)
( 1.66822825e-05, 6.47797222e-05)
( 1.60529749e-05, 6.30336762e-05)
( 1.53867833e-05, 6.11682155e-05)
( 1.46852141e-05, 5.91870203e-05)
( 1.39498559e-05, 5.70939929e-05)
( 1.31823767e-05, 5.48932499e-05)
( 1.23845195e-05, 5.25891148e-05)
( 1.15580990e-05, 5.01861094e-05)
( 1.07049972e-05, 4.76889453e-05)
( 9.82715930e-06, 4.51025150e-05)
( 8.92658940e-06, 4.24318823e-05)
( 8.00534590e-06, 3.96822726e-05)
( 7.06553680e-06, 3.68590630e-05)
( 6.10931499e-06, 3.39677719e-05)
( 5.13887328e-06, 3.10140485e-05)
( 4.15643941e-06, 2.80036616e-05)
( 3.16427093e-06, 2.49424888e-05)
( 2.16465000e-06, 2.18365050e-05)
( 1.15987814e-06, 1.86917710e-05)
( 1.52270910e-07, 1.55144214e-05)
(-8.55847487e-07, 1.23106530e-05)
(-1.86214959e-06, 9.08671298e-06)
(-2.86431008e-06, 5.84888623e-06)
(-3.86001124e-06, 2.60348352e-06)
(-4.84694836e-06,-6.43170910e-07)
(-5.82283516e-06,-3.88475169e-06)
(-6.78540910e-06,-7.11494464e-06)
(-7.73243677e-06,-1.03274592e-05)
(-8.66171913e-06,-1.35160405e-05)
(-9.57109669e-06,-1.66744821e-05)
(-1.04584546e-05,-1.97966377e-05)
(-1.13217278e-05,-2.28764332e-05)
(-1.21589055e-05,-2.59078793e-05)
(-1.29680368e-05,-2.88850826e-05)
(-1.37472342e-05,-3.18022574e-05)
(-1.44946790e-05,-3.46537375e-05)
(-1.52086254e-05,-3.74339869e-05)
(-1.58874045e-05,-4.01376112e-05)
(-1.65294284e-05,-4.27593681e-05)
(-1.71331939e-05,-4.52941778e-05)
(-1.76972865e-05,-4.77371334e-05)
(-1.82203832e-05,-5.00835101e-05)
(-1.87012562e-05,-5.23287754e-05)
(-1.91387755e-05,-5.44685976e-05)
(-1.95319119e-05,-5.64988547e-05)
(-1.98797394e-05,-5.84156427e-05)
(-2.01814372e-05,-6.02152833e-05)
(-2.04362920e-05,-6.18943317e-05)
(-2.06436997e-05,-6.34495830e-05)
(-2.08031666e-05,-6.48780792e-05)
(-2.09143110e-05,-6.61771149e-05)
(-2.09768636e-05,-6.73442428e-05)
(-2.09906689e-05,-6.83772792e-05)
(-2.09556849e-05,-6.92743075e-05)
(-2.08719835e-05,-7.00336832e-05)
(-2.07397503e-05,-7.06540365e-05)
(-2.05592843e-05,-7.11342756e-05)
(-2.03309969e-05,-7.14735888e-05)
(-2.00554114e-05,-7.16714463e-05)
(-1.97331609e-05,-7.17276012e-05)
(-1.93649878e-05,-7.16420905e-05)
(-1.89517413e-05,-7.14152346e-05)
(-1.84943755e-05,-7.10476369e-05)
(-1.79939472e-05,-7.05401828e-05)
(-1.74516135e-05,-6.98940380e-05)
(-1.68686286e-05,-6.91106460e-05)
(-1.62463410e-05,-6.81917251e-05)
(-1.55861904e-05,-6.71392657e-05)
(-1.48897039e-05,-6.59555252e-05)
(-1.41584925e-05,-6.46430246e-05)
(-1.33942473e-05,-6.32045426e-05)
(-1.25987350e-05,-6.16431102e-05)
(-1.17737944e-05,-5.99620047e-05)
(-1.09213311e-05,-5.81647430e-05)
(-1.00433136e-05,-5.62550741e-05)
(-9.14176791e-06,-5.42369719e-05)
(-8.21877345e-06,-5.21146267e-05)
(-7.27645739e-06,-4.98924371e-05)
(-6.31698987e-06,-4.75750003e-05)
(-5.34257869e-06,-4.51671033e-05)
(-4.35546404e-06,-4.26737125e-05)
(-3.35791315e-06,-4.00999639e-05)
(-2.35221484e-06,-3.74511523e-05)
(-1.34067411e-06,-3.47327204e-05)
(-3.25606571e-07,-3.19502475e-05)
( 6.90666987e-07,-2.91094382e-05)
( 1.70582615e-06,-2.62161100e-05)
( 2.71755637e-06,-2.32761821e-05)
( 3.72355441e-06,-2.02956622e-05)
( 4.72153381e-06,-1.72806347e-05)
( 5.70923025e-06,-1.42372477e-05)
( 6.68440683e-06,-1.11717004e-05)
( 7.64485936e-06,-8.09023003e-06)
( 8.58842141e-06,-4.99909890e-06)
( 9.51296944e-06,-1.90458145e-06)
( 1.04164276e-05, 1.18704895e-06)
( 1.12967726e-05, 4.26953306e-06)
( 1.21520383e-05, 7.33663883e-06)
( 1.29803201e-05, 1.03821744e-05)
( 1.37797795e-05, 1.34000010e-05)
( 1.45486479e-05, 1.63840459e-05)
( 1.52852309e-05, 1.93283150e-05)
( 1.59879118e-05, 2.22269054e-05)
( 1.66551551e-05, 2.50740174e-05)
( 1.72855103e-05, 2.78639672e-05)
( 1.78776144e-05, 3.05911985e-05)
( 1.84301951e-05, 3.32502938e-05)
( 1.89420736e-05, 3.58359860e-05)
( 1.94121666e-05, 3.83431694e-05)
( 1.98394889e-05, 4.07669101e-05)
( 2.02231550e-05, 4.31024564e-05)
( 2.05623810e-05, 4.53452487e-05)
( 2.08564858e-05, 4.74909287e-05)
( 2.11048923e-05, 4.95353487e-05)
( 2.13071284e-05, 5.14745797e-05)
( 2.14628277e-05, 5.33049200e-05)
( 2.15717294e-05, 5.50229024e-05)
( 2.16336788e-05, 5.66253014e-05)
( 2.16486273e-05, 5.81091395e-05)
( 2.16166313e-05, 5.94716936e-05)
( 2.15378524e-05, 6.07104998e-05)
( 2.14125556e-05, 6.18233590e-05)
( 2.12411088e-05, 6.28083405e-05)
( 2.10239812e-05, 6.36637860e-05)
( 2.07617411e-05, 6.43883125e-05)
( 2.04550550e-05, 6.49808151e-05)
( 2.01046846e-05, 6.54404684e-05)
( 1.97114849e-05, 6.57667281e-05)
( 1.92764014e-05, 6.59593312e-05)
( 1.88004676e-05, 6.60182966e-05)
( 1.82848018e-05, 6.59439239e-05)
( 1.77306042e-05, 6.57367923e-05)
( 1.71391533e-05, 6.53977589e-05)
( 1.65118028e-05, 6.49279561e-05)
( 1.58499773e-05, 6.43287884e-05)
( 1.51551693e-05, 6.36019287e-05)
( 1.44289347e-05, 6.27493145e-05)
( 1.36728892e-05, 6.17731421e-05)
( 1.28887035e-05, 6.06758620e-05)
( 1.20780999e-05, 5.94601724e-05)
( 1.12428473e-05, 5.81290131e-05)
( 1.03847569e-05, 5.66855577e-05)
( 9.50567798e-06, 5.51332067e-05)
( 8.60749322e-06, 5.34755791e-05)
( 7.69211407e-06, 5.17165038e-05)
( 6.76147627e-06, 4.98600107e-05)
( 5.81753521e-06, 4.79103211e-05)
( 4.86226134e-06, 4.58718379e-05)
( 3.89763561e-06, 4.37491353e-05)
( 2.92564489e-06, 4.15469483e-05)
( 1.94827745e-06, 3.92701615e-05)
( 9.67518536e-07, 3.69237978e-05)
(-1.46540846e-08, 3.45130071e-05)
(-9.96274420e-07, 3.20430544e-05)
(-1.97539252e-06, 2.95193072e-05)
(-2.95007861e-06, 2.69472239e-05)
(-3.91842716e-06, 2.43323411e-05)
(-4.87856079e-06, 2.16802609e-05)
(-5.82863410e-06, 1.89966381e-05)
(-6.76683731e-06, 1.62871677e-05)
(-7.69139982e-06, 1.35575718e-05)
(-8.60059358e-06, 1.08135868e-05)
(-9.49273631e-06, 8.06095042e-06)
(-1.03661945e-05, 5.30538903e-06)
(-1.12193865e-05, 2.55260469e-06)
(-1.20507848e-05,-1.91737457e-07)
(-1.28589192e-05,-2.92202175e-06)
(-1.36423783e-05,-5.63269442e-06)
(-1.43998125e-05,-8.31827578e-06)
(-1.51299354e-05,-1.09733723e-05)
(-1.58315257e-05,-1.35926882e-05)
(-1.65034288e-05,-1.61710372e-05)
(-1.71445581e-05,-1.87033534e-05)
(-1.77538962e-05,-2.11847025e-05)
(-1.83304956e-05,-2.36102919e-05)
(-1.88734798e-05,-2.59754812e-05)
(-1.93820437e-05,-2.82757917e-05)
(-1.98554538e-05,-3.05069158e-05)
(-2.02930486e-05,-3.26647260e-05)
(-2.06942383e-05,-3.47452831e-05)
(-2.10585045e-05,-3.67448441e-05)
(-2.13854001e-05,-3.86598699e-05)
(-2.16745487e-05,-4.04870320e-05)
(-2.19256431e-05,-4.22232188e-05)
(-2.21384452e-05,-4.38655415e-05)
(-2.23127844e-05,-4.54113395e-05)
(-2.24485565e-05,-4.68581848e-05)
(-2.25457220e-05,-4.82038863e-05)
(-2.26043046e-05,-4.94464932e-05)
(-2.26243898e-05,-5.05842979e-05)
(-2.26061225e-05,-5.16158383e-05)
(-2.25497054e-05,-5.25398996e-05)
(-2.24553965e-05,-5.33555152e-05)
(-2.23235076e-05,-5.40619670e-05)
(-2.21544012e-05,-5.46587858e-05)
(-2.19484884e-05,-5.51457499e-05)
(-2.17062267e-05,-5.55228840e-05)
(-2.14281171e-05,-5.57904571e-05)
(-2.11147016e-05,-5.59489802e-05)
(-2.07665605e-05,-5.59992026e-05)
(-2.03843100e-05,-5.59421084e-05)
(-1.99685991e-05,-5.57789124e-05)
(-1.95201069e-05,-5.55110548e-05)
(-1.90395400e-05,-5.51401958e-05)
(-1.85276296e-05,-5.46682097e-05)
(-1.79851290e-05,-5.40971787e-05)
(-1.74128103e-05,-5.34293851e-05)
(-1.68114622e-05,-5.26673048e-05)
(-1.61818869e-05,-5.18135985e-05)
(-1.55248977e-05,-5.08711037e-05)
(-1.48413162e-05,-4.98428260e-05)
(-1.41319698e-05,-4.87319296e-05)
(-1.33976891e-05,-4.75417277e-05)
(-1.26393052e-05,-4.62756731e-05)
(-1.18576477e-05,-4.49373469e-05)
(-1.10535422e-05,-4.35304489e-05)
(-1.02278076e-05,-4.20587862e-05)
(-9.38125434e-06,-4.05262623e-05)
(-8.51468209e-06,-3.89368654e-05)
(-7.62887755e-06,-3.72946572e-05)
(-6.72461249e-06,-3.56037612e-05)
(-5.80264174e-06,-3.38683503e-05)
(-4.86370130e-06,-3.20926353e-05)
(-3.90850641e-06,-3.02808525e-05)
(-2.93774976e-06,-2.84372514e-05)
(-1.95209967e-06,-2.65660826e-05)
(-9.52198298e-07,-2.46715854e-05)
( 6.13401403e-08,-2.27579752e-05)
( 1.08793116e-06,-2.08294315e-05)
( 2.12702185e-06,-1.88900854e-05)
( 3.17809278e-06,-1.69440070e-05)
( 4.24065997e-06,-1.49951935e-05)
( 5.31427700e-06,-1.30475565e-05)
( 6.39853732e-06,-1.11049101e-05)
( 7.49307671e-06,-9.17095838e-06)
( 8.59757608e-06,-7.24928337e-06)
( 9.71176453e-06,-5.34333277e-06)
( 1.08354229e-05,-3.45640772e-06)
( 1.19683879e-05,-1.59165044e-06)
( 1.31105566e-05, 2.47968135e-07)
( 1.42618917e-05, 2.05966103e-06)
( 1.54224284e-05, 3.84083812e-06)
( 1.65922812e-05, 5.58911936e-06)
( 1.77716532e-05, 7.30234865e-06)
( 1.89608459e-05, 8.97860831e-06)
( 2.01602723e-05, 1.06162345e-05)
( 2.13704710e-05, 1.22138338e-05)
( 2.25921245e-05, 1.37703014e-05)
( 2.38260800e-05, 1.52848415e-05)
( 2.50733759e-05, 1.67569895e-05)
( 2.63352727e-05, 1.81866385e-05)
( 2.76132919e-05, 1.95740695e-05)
( 2.89092625e-05, 2.09199869e-05)
( 3.02253803e-05, 2.22255613e-05)
( 3.15642797e-05, 2.34924816e-05)
( 3.29291254e-05, 2.47230185e-05)
( 3.43237273e-05, 2.59201043e-05)
( 3.57526875e-05, 2.70874330e-05)
( 3.72215899e-05, 2.82295893e-05)
( 3.87372471e-05, 2.93522151e-05)
( 4.03080268e-05, 3.04622282e-05)
( 4.19442874e-05, 3.15681155e-05)
( 4.36589715e-05, 3.26803295e-05)
( 4.54684261e-05, 3.38118368e-05)
( 4.73935595e-05, 3.49788907e-05)
( 4.94615110e-05, 3.62021453e-05)
( 5.17081212e-05, 3.75083025e-05)
( 5.41817015e-05, 3.89326224e-05)
( 5.69489837e-05, 4.05228839e-05)
( 6.01049144e-05, 4.23458973e-05)
( 6.37895967e-05, 4.44987613e-05)
( 6.82194536e-05, 4.71295522e-05)
( 7.37491662e-05, 5.04784149e-05)
( 8.10079196e-05, 5.49678901e-05)
( 9.12412963e-05, 6.14294595e-05)
( 1.07433780e-04, 7.18469938e-05)
( 1.36598566e-04, 9.08732341e-05)
( 3.00960471e-04, 1.99432917e-04)
( 4.68677444e-08, 1.28226964e-06)
( 9.32185944e-07, 4.92647208e-06)
( 1.68786335e-06, 8.33274394e-06)
( 2.43148920e-06, 1.17164443e-05)
( 3.16498046e-06, 1.50716014e-05)
( 3.88927994e-06, 1.83941533e-05)
( 4.60402140e-06, 2.16786681e-05)
( 5.30836250e-06, 2.49192643e-05)
( 6.00124780e-06, 2.81099013e-05)
( 6.68152253e-06, 3.12445078e-05)
( 7.34798692e-06, 3.43170485e-05)
( 7.99942603e-06, 3.73215658e-05)
( 8.63462746e-06, 4.02522068e-05)
( 9.25239280e-06, 4.31032443e-05)
( 9.85154570e-06, 4.58690947e-05)
( 1.04309379e-05, 4.85443317e-05)
( 1.09894539e-05, 5.11237005e-05)
( 1.15260150e-05, 5.36021295e-05)
( 1.20395825e-05, 5.59747414e-05)
( 1.25291608e-05, 5.82368640e-05)
( 1.29937998e-05, 6.03840400e-05)
( 1.34325977e-05, 6.24120363e-05)
( 1.38447025e-05, 6.43168527e-05)
( 1.42293148e-05, 6.60947301e-05)
( 1.45856888e-05, 6.77421581e-05)
( 1.49131346e-05, 6.92558824e-05)
( 1.52110193e-05, 7.06329109e-05)
( 1.54787686e-05, 7.18705204e-05)
( 1.57158678e-05, 7.29662613e-05)
( 1.59218633e-05, 7.39179632e-05)
( 1.60963630e-05, 7.47237391e-05)
( 1.62390377e-05, 7.53819889e-05)
( 1.63496213e-05, 7.58914032e-05)
( 1.64279116e-05, 7.62509653e-05)
( 1.64737707e-05, 7.64599537e-05)
( 1.64871252e-05, 7.65179437e-05)
( 1.64679664e-05, 7.64248078e-05)
( 1.64163504e-05, 7.61807164e-05)
( 1.63323978e-05, 7.57861374e-05)
( 1.62162935e-05, 7.52418355e-05)
( 1.60682866e-05, 7.45488704e-05)
( 1.58886893e-05, 7.37085950e-05)
( 1.56778768e-05, 7.27226527e-05)
( 1.54362864e-05, 7.15929744e-05)
( 1.51644164e-05, 7.03217743e-05)
( 1.48628253e-05, 6.89115460e-05)
( 1.45321305e-05, 6.73650576e-05)
( 1.41730072e-05, 6.56853460e-05)
( 1.37861869e-05, 6.38757110e-05)
( 1.33724560e-05, 6.19397091e-05)
( 1.29326542e-05, 5.98811464e-05)
( 1.24676728e-05, 5.77040710e-05)
( 1.19784526e-05, 5.54127649e-05)
( 1.14659825e-05, 5.30117363e-05)
( 1.09312974e-05, 5.05057098e-05)
( 1.03754755e-05, 4.78996177e-05)
( 9.79963697e-06, 4.51985903e-05)
( 9.20494123e-06, 4.24079454e-05)
( 8.59258465e-06, 3.95331782e-05)
( 7.96379821e-06, 3.65799504e-05)
( 7.31984501e-06, 3.35540789e-05)
( 6.66201772e-06, 3.04615244e-05)
( 5.99163600e-06, 2.73083799e-05)
( 5.31004385e-06, 2.41008581e-05)
( 4.61860691e-06, 2.08452799e-05)
( 3.91870972e-06, 1.75480614e-05)
( 3.21175299e-06, 1.42157012e-05)
( 2.49915075e-06, 1.08547681e-05)
( 1.78232756e-06, 7.47188755e-06)
( 1.06271565e-06, 4.07372891e-06)
( 3.41752081e-07, 6.66992161e-07)
(-3.79124114e-07,-2.74160528e-06)
(-1.09847481e-06,-6.14534186e-06)
(-1.81486562e-06,-9.53750517e-06)
(-2.52686879e-06,-1.29114052e-05)
(-3.23306595e-06,-1.62603876e-05)
(-3.93205102e-06,-1.95778467e-05)
(-4.62243290e-06,-2.28572387e-05)
(-5.30283829e-06,-2.60920948e-05)
(-5.97191436e-06,-2.92760335e-05)
(-6.62833143e-06,-3.24027735e-05)
(-7.27078561e-06,-3.54661464e-05)
(-7.89800130e-06,-3.84601084e-05)
(-8.50873377e-06,-4.13787526e-05)
(-9.10177157e-06,-4.42163205e-05)
(-9.67593891e-06,-4.69672138e-05)
(-1.02300979e-05,-4.96260047e-05)
(-1.07631509e-05,-5.21874477e-05)
(-1.12740426e-05,-5.46464889e-05)
(-1.17617620e-05,-5.69982769e-05)
(-1.22253444e-05,-5.92381719e-05)
(-1.26638734e-05,-6.13617553e-05)
(-1.30764825e-05,-6.33648379e-05)
(-1.34623570e-05,-6.52434687e-05)
(-1.38207352e-05,-6.69939427e-05)
(-1.41509103e-05,-6.86128078e-05)
(-1.44522314e-05,-7.00968723e-05)
(-1.47241050e-05,-7.14432108e-05)
(-1.49659959e-05,-7.26491701e-05)
(-1.51774283e-05,-7.37123744e-05)
(-1.53579869e-05,-7.46307304e-05)
(-1.55073173e-05,-7.54024310e-05)
(-1.56251268e-05,-7.60259592e-05)
(-1.57111853e-05,-7.65000908e-05)
(-1.57653249e-05,-7.68238972e-05)
(-1.57874412e-05,-7.69967473e-05)
(-1.57774925e-05,-7.70183083e-05)
(-1.57355004e-05,-7.68885467e-05)
(-1.56615497e-05,-7.66077285e-05)
(-1.55557880e-05,-7.61764185e-05)
(-1.54184254e-05,-7.55954791e-05)
(-1.52497342e-05,-7.48660689e-05)
(-1.50500480e-05,-7.39896403e-05)
(-1.48197615e-05,-7.29679364e-05)
(-1.45593293e-05,-7.18029880e-05)
(-1.42692651e-05,-7.04971093e-05)
(-1.39501405e-05,-6.90528932e-05)
(-1.36025843e-05,-6.74732068e-05)
(-1.32272807e-05,-6.57611848e-05)
(-1.28249682e-05,-6.39202242e-05)
(-1.23964383e-05,-6.19539770e-05)
(-1.19425335e-05,-5.98663432e-05)
(-1.14641459e-05,-5.76614630e-05)
(-1.09622155e-05,-5.53437088e-05)
(-1.04377280e-05,-5.29176762e-05)
(-9.89171342e-06,-5.03881752e-05)
(-9.32524350e-06,-4.77602207e-05)
(-8.73942994e-06,-4.50390221e-05)
(-8.13542207e-06,-4.22299738e-05)
(-7.51440470e-06,-3.93386435e-05)
(-6.87759572e-06,-3.63707622e-05)
(-6.22624376e-06,-3.33322121e-05)
(-5.56162576e-06,-3.02290153e-05)
(-4.88504444e-06,-2.70673218e-05)
(-4.19782583e-06,-2.38533973e-05)
(-3.50131661e-06,-2.05936106e-05)
(-2.79688157e-06,-1.72944215e-05)
(-2.08590090e-06,-1.39623674e-05)
(-1.36976756e-06,-1.06040509e-05)
(-6.49884554e-07,-7.22612607e-06)
( 7.23377895e-08,-3.83528597e-06)
( 7.95484535e-07,-4.38248919e-07)
( 1.51813887e-06, 2.95825465e-06)
( 2.23888488e-06, 6.34749553e-06)
( 2.95631021e-06, 9.72275909e-06)
( 3.66900887e-06, 1.30773586e-05)
( 4.37558390e-06, 1.64046484e-05)
( 5.07465008e-06, 1.96980370e-05)
( 5.76483658e-06, 2.29510005e-05)
( 6.44478963e-06, 2.61570951e-05)
( 7.11317511e-06, 2.93099699e-05)
( 7.76868109e-06, 3.24033797e-05)
( 8.41002041e-06, 3.54311972e-05)
( 9.03593311e-06, 3.83874253e-05)
( 9.64518888e-06, 4.12662087e-05)
( 1.02365894e-05, 4.40618456e-05)
( 1.08089707e-05, 4.67687990e-05)
( 1.13612052e-05, 4.93817079e-05)
( 1.18922043e-05, 5.18953974e-05)
( 1.24009199e-05, 5.43048892e-05)
( 1.28863470e-05, 5.66054117e-05)
( 1.33475251e-05, 5.87924088e-05)
( 1.37835405e-05, 6.08615497e-05)
( 1.41935276e-05, 6.28087366e-05)
( 1.45766711e-05, 6.46301135e-05)
( 1.49322071e-05, 6.63220735e-05)
( 1.52594249e-05, 6.78812658e-05)
( 1.55576681e-05, 6.93046027e-05)
( 1.58263360e-05, 7.05892651e-05)
( 1.60648848e-05, 7.17327088e-05)
( 1.62728288e-05, 7.27326688e-05)
( 1.64497407e-05, 7.35871641e-05)
( 1.65952534e-05, 7.42945017e-05)
( 1.67090599e-05, 7.48532796e-05)
( 1.67909143e-05, 7.52623898e-05)
( 1.68406322e-05, 7.55210203e-05)
( 1.68580911e-05, 7.56286567e-05)
( 1.68432306e-05, 7.55850833e-05)
( 1.67960526e-05, 7.53903834e-05)
( 1.67166212e-05, 7.50449389e-05)
( 1.66050629e-05, 7.45494300e-05)
( 1.64615659e-05, 7.39048332e-05)
( 1.62863804e-05, 7.31124200e-05)
( 1.60798174e-05, 7.21737537e-05)
( 1.58422488e-05, 7.10906866e-05)
( 1.55741064e-05, 6.98653563e-05)
( 1.52758810e-05, 6.85001814e-05)
( 1.49481219e-05, 6.69978566e-05)
( 1.45914353e-05, 6.53613475e-05)
( 1.42064837e-05, 6.35938843e-05)
( 1.37939846e-05, 6.16989560e-05)
( 1.33547087e-05, 5.96803029e-05)
( 1.28894789e-05, 5.75419094e-05)
( 1.23991688e-05, 5.52879961e-05)
( 1.18847006e-05, 5.29230114e-05)
( 1.13470438e-05, 5.04516227e-05)
( 1.07872134e-05, 4.78787070e-05)
( 1.02062676e-05, 4.52093413e-05)
( 9.60530603e-06, 4.24487926e-05)
( 8.98546785e-06, 3.96025076e-05)
( 8.34792927e-06, 3.66761014e-05)
( 7.69390153e-06, 3.36753469e-05)
( 7.02462854e-06, 3.06061632e-05)
( 6.34138454e-06, 2.74746037e-05)
( 5.64547165e-06, 2.42868444e-05)
( 4.93821743e-06, 2.10491716e-05)
( 4.22097234e-06, 1.77679694e-05)
( 3.49510718e-06, 1.44497069e-05)
( 2.76201043e-06, 1.11009259e-05)
( 2.02308567e-06, 7.72822745e-06)
( 1.27974884e-06, 4.33825925e-06)
( 5.33425534e-07, 9.37702196e-07)
(-2.14451688e-07,-2.46674268e-06)
(-9.62446105e-07,-5.86836745e-06)
(-1.70911956e-06,-9.26047051e-06)
(-2.45303524e-06,-1.26363699e-05)
(-3.19276045e-06,-1.59894162e-05)
(-3.92686937e-06,-1.93130061e-05)
(-4.65394582e-06,-2.26005951e-05)
(-5.37258599e-06,-2.58457103e-05)
(-6.08140117e-06,-2.90419635e-05)
(-6.77902047e-06,-3.21830637e-05)
(-7.46409344e-06,-3.52628290e-05)
(-8.13529276e-06,-3.82751996e-05)
(-8.79131679e-06,-4.12142490e-05)
(-9.43089215e-06,-4.40741961e-05)
(-1.00527762e-05,-4.68494162e-05)
(-1.06557595e-05,-4.95344525e-05)
(-1.12386681e-05,-5.21240265e-05)
(-1.18003662e-05,-5.46130483e-05)
(-1.23397578e-05,-5.69966270e-05)
(-1.28557896e-05,-5.92700798e-05)
(-1.33474524e-05,-6.14289415e-05)
(-1.38137838e-05,-6.34689731e-05)
(-1.42538694e-05,-6.53861705e-05)
(-1.46668455e-05,-6.71767715e-05)
(-1.50519000e-05,-6.88372640e-05)
(-1.54082746e-05,-7.03643924e-05)
(-1.57352663e-05,-7.17551643e-05)
(-1.60322287e-05,-7.30068559e-05)
(-1.62985733e-05,-7.41170176e-05)
(-1.65337710e-05,-7.50834786e-05)
(-1.67373531e-05,-7.59043516e-05)
(-1.69089120e-05,-7.65780355e-05)
(-1.70481028e-05,-7.71032195e-05)
(-1.71546433e-05,-7.74788851e-05)
(-1.72283152e-05,-7.77043080e-05)
(-1.72689644e-05,-7.77790596e-05)
(-1.72765014e-05,-7.77030080e-05)
(-1.72509017e-05,-7.74763176e-05)
(-1.71922058e-05,-7.70994494e-05)
(-1.71005195e-05,-7.65731595e-05)
(-1.69760135e-05,-7.58984979e-05)
(-1.68189233e-05,-7.50768063e-05)
(-1.66295490e-05,-7.41097150e-05)
(-1.64082545e-05,-7.29991404e-05)
(-1.61554673e-05,-7.17472805e-05)
(-1.58716774e-05,-7.03566108e-05)
(-1.55574366e-05,-6.88298793e-05)
(-1.52133578e-05,-6.71701011e-05)
(-1.48401133e-05,-6.53805525e-05)
(-1.44384343e-05,-6.34647643e-05)
(-1.40091088e-05,-6.14265148e-05)
(-1.35529810e-05,-5.92698227e-05)
(-1.30709489e-05,-5.69989385e-05)
(-1.25639633e-05,-5.46183369e-05)
(-1.20330256e-05,-5.21327072e-05)
(-1.14791863e-05,-4.95469445e-05)
(-1.09035425e-05,-4.68661399e-05)
(-1.03072363e-05,-4.40955704e-05)
(-9.69145240e-06,-4.12406885e-05)
(-9.05741592e-06,-3.83071118e-05)
(-8.40638997e-06,-3.53006112e-05)
(-7.73967330e-06,-3.22271002e-05)
(-7.05859776e-06,-2.90926229e-05)
(-6.36452574e-06,-2.59033423e-05)
(-5.65884751e-06,-2.26655279e-05)
(-4.94297856e-06,-1.93855437e-05)
(-4.21835679e-06,-1.60698352e-05)
(-3.48643971e-06,-1.27249174e-05)
(-2.74870163e-06,-9.35736109e-06)
(-2.00663070e-06,-5.97378082e-06)
(-1.26172602e-06,-2.58082129e-06)
(-5.15494652e-07, 8.14855508e-07)
( 2.30551328e-07, 4.20658338e-06)
( 9.74897863e-07, 7.58770507e-06)
( 1.71603191e-06, 1.09515854e-05)
( 2.45244447e-06, 1.42916241e-05)
( 3.18263358e-06, 1.76012691e-05)
( 3.90510735e-06, 2.08740291e-05)
( 4.61838695e-06, 2.41034867e-05)
( 5.32100958e-06, 2.72833104e-05)
( 6.01153143e-06, 3.04072678e-05)
( 6.68853059e-06, 3.34692371e-05)
( 7.35060999e-06, 3.64632197e-05)
( 7.99640014e-06, 3.93833516e-05)
( 8.62456203e-06, 4.22239153e-05)
( 9.23378981e-06, 4.49793505e-05)
( 9.82281348e-06, 4.76442656e-05)
( 1.03904015e-05, 5.02134478e-05)
( 1.09353634e-05, 5.26818736e-05)
( 1.14565521e-05, 5.50447187e-05)
( 1.19528665e-05, 5.72973671e-05)
( 1.24232535e-05, 5.94354208e-05)
( 1.28667105e-05, 6.14547078e-05)
( 1.32822874e-05, 6.33512906e-05)
( 1.36690885e-05, 6.51214740e-05)
( 1.40262746e-05, 6.67618121e-05)
( 1.43530646e-05, 6.82691153e-05)
( 1.46487374e-05, 6.96404565e-05)
( 1.49126333e-05, 7.08731767e-05)
( 1.51441553e-05, 7.19648904e-05)
( 1.53427709e-05, 7.29134902e-05)
( 1.55080129e-05, 7.37171511e-05)
( 1.56394806e-05, 7.43743336e-05)
( 1.57368407e-05, 7.48837875e-05)
( 1.57998280e-05, 7.52445536e-05)
( 1.58282463e-05, 7.54559661e-05)
( 1.58219688e-05, 7.55176535e-05)
( 1.57809386e-05, 7.54295397e-05)
( 1.57051685e-05, 7.51918441e-05)
( 1.55947418e-05, 7.48050808e-05)
( 1.54498118e-05, 7.42700582e-05)
( 1.52706015e-05, 7.35878767e-05)
( 1.50574038e-05, 7.27599273e-05)
( 1.48105808e-05, 7.17878881e-05)
( 1.45305627e-05, 7.06737218e-05)
( 1.42178480e-05, 6.94196712e-05)
( 1.38730019e-05, 6.80282551e-05)
( 1.34966554e-05, 6.65022633e-05)
( 1.30895044e-05, 6.48447511e-05)
( 1.26523083e-05, 6.30590335e-05)
( 1.21858884e-05, 6.11486781e-05)
( 1.16911266e-05, 5.91174991e-05)
( 1.11689634e-05, 5.69695486e-05)
( 1.06203966e-05, 5.47091098e-05)
( 1.00464790e-05, 5.23406875e-05)
( 9.44831643e-06, 4.98690003e-05)
( 8.82706565e-06, 4.72989704e-05)
( 8.18393215e-06, 4.46357146e-05)
( 7.52016775e-06, 4.18845338e-05)
( 6.83706811e-06, 3.90509029e-05)
( 6.13597028e-06, 3.61404597e-05)
( 5.41824999e-06, 3.31589941e-05)
( 4.68531896e-06, 3.01124366e-05)
( 3.93862212e-06, 2.70068467e-05)
( 3.17963474e-06, 2.38484007e-05)
( 2.40985950e-06, 2.06433799e-05)
( 1.63082350e-06, 1.73981580e-05)
( 8.44075218e-07, 1.41191888e-05)
( 5.11814187e-08, 1.08129931e-05)
(-7.46275981e-07, 7.48614616e-06)
(-1.54670308e-06, 4.14526471e-06)
(-2.34849718e-06, 7.96993783e-07)
(-3.15005003e-06,-2.55200627e-06)
(-3.94975103e-06,-5.89507296e-06)
(-4.74599047e-06,-9.22555479e-06)
(-5.53716283e-06,-1.25368244e-05)
(-6.32166995e-06,-1.58222915e-05)
(-7.09792431e-06,-1.90754163e-05)
(-7.86435222e-06,-2.22897217e-05)
(-8.61939701e-06,-2.54588067e-05)
(-9.36152218e-06,-2.85763591e-05)
(-1.00892145e-05,-3.16361672e-05)
(-1.08009873e-05,-3.46321330e-05)
(-1.14953829e-05,-3.75582837e-05)
(-1.21709764e-05,-4.04087835e-05)
(-1.28263779e-05,-4.31779458e-05)
(-1.34602358e-05,-4.58602433e-05)
(-1.40712391e-05,-4.84503203e-05)
(-1.46581206e-05,-5.09430020e-05)
(-1.52196592e-05,-5.33333058e-05)
(-1.57546821e-05,-5.56164506e-05)
(-1.62620681e-05,-5.77878664e-05)
(-1.67407488e-05,-5.98432036e-05)
(-1.71897117e-05,-6.17783414e-05)
(-1.76080018e-05,-6.35893958e-05)
(-1.79947236e-05,-6.52727280e-05)
(-1.83490433e-05,-6.68249508e-05)
(-1.86701900e-05,-6.82429362e-05)
(-1.89574578e-05,-6.95238208e-05)
(-1.92102068e-05,-7.06650124e-05)
(-1.94278648e-05,-7.16641942e-05)
(-1.96099285e-05,-7.25193305e-05)
(-1.97559642e-05,-7.32286699e-05)
(-1.98656090e-05,-7.37907494e-05)
(-1.99385717e-05,-7.42043971e-05)
(-1.99746330e-05,-7.44687346e-05)
(-1.99736465e-05,-7.45831789e-05)
(-1.99355387e-05,-7.45474437e-05)
(-1.98603091e-05,-7.43615398e-05)
(-1.97480306e-05,-7.40257755e-05)
(-1.95988492e-05,-7.35407554e-05)
(-1.94129838e-05,-7.29073804e-05)
(-1.91907255e-05,-7.21268447e-05)
(-1.89324376e-05,-7.12006347e-05)
(-1.86385545e-05,-7.01305252e-05)
(-1.83095811e-05,-6.89185764e-05)
(-1.79460914e-05,-6.75671301e-05)
(-1.75487280e-05,-6.60788047e-05)
(-1.71182004e-05,-6.44564904e-05)
(-1.66552838e-05,-6.27033432e-05)
(-1.61608175e-05,-6.08227793e-05)
(-1.56357032e-05,-5.88184679e-05)
(-1.50809032e-05,-5.66943242e-05)
(-1.44974390e-05,-5.44545017e-05)
(-1.38863883e-05,-5.21033841e-05)
(-1.32488839e-05,-4.96455767e-05)
(-1.25861107e-05,-4.70858970e-05)
(-1.18993039e-05,-4.44293659e-05)
(-1.11897460e-05,-4.16811971e-05)
(-1.04587649e-05,-3.88467873e-05)
(-9.70773057e-06,-3.59317054e-05)
(-8.93805297e-06,-3.29416816e-05)
(-8.15117888e-06,-2.98825958e-05)
(-7.34858913e-06,-2.67604665e-05)
(-6.53179567e-06,-2.35814386e-05)
(-5.70233860e-06,-2.03517713e-05)
(-4.86178305e-06,-1.70778258e-05)
(-4.01171616e-06,-1.37660527e-05)
(-3.15374388e-06,-1.04229792e-05)
(-2.28948781e-06,-7.05519638e-06)
(-1.42058202e-06,-3.66934595e-06)
(-5.48669765e-07,-2.72107274e-07)
( 3.24599714e-07, 3.12981593e-06)
( 1.19757447e-06, 6.52970880e-06)
( 2.06860312e-06, 9.92085866e-06)
( 2.93603807e-06, 1.32965683e-05)
( 3.79823880e-06, 1.66501691e-05)
( 4.65357509e-06, 1.99750346e-05)
( 5.50043019e-06, 2.32645932e-05)
( 6.33720406e-06, 2.65123414e-05)
( 7.16231649e-06, 2.97118565e-05)
( 7.97421017e-06, 3.28568098e-05)
( 8.77135381e-06, 3.59409786e-05)
( 9.55224510e-06, 3.89582586e-05)
( 1.03154137e-05, 4.19026765e-05)
( 1.10594240e-05, 4.47684012e-05)
( 1.17828780e-05, 4.75497558e-05)
( 1.24844182e-05, 5.02412287e-05)
( 1.31627300e-05, 5.28374844e-05)
( 1.38165443e-05, 5.53333744e-05)
( 1.44446402e-05, 5.77239472e-05)
( 1.50458469e-05, 6.00044581e-05)
( 1.56190466e-05, 6.21703787e-05)
( 1.61631760e-05, 6.42174058e-05)
( 1.66772291e-05, 6.61414702e-05)
( 1.71602584e-05, 6.79387444e-05)
( 1.76113771e-05, 6.96056503e-05)
( 1.80297609e-05, 7.11388666e-05)
( 1.84146492e-05, 7.25353349e-05)
( 1.87653471e-05, 7.37922663e-05)
( 1.90812261e-05, 7.49071464e-05)
( 1.93617258e-05, 7.58777407e-05)
( 1.96063548e-05, 7.67020988e-05)
( 1.98146912e-05, 7.73785584e-05)
( 1.99863842e-05, 7.79057486e-05)
( 2.01211542e-05, 7.82825925e-05)
( 2.02187931e-05, 7.85083093e-05)
( 2.02791653e-05, 7.85824160e-05)
( 2.03022075e-05, 7.85047284e-05)
( 2.02879287e-05, 7.82753612e-05)
( 2.02364106e-05, 7.78947280e-05)
( 2.01478069e-05, 7.73635403e-05)
( 2.00223431e-05, 7.66828062e-05)
( 1.98603161e-05, 7.58538284e-05)
( 1.96620938e-05, 7.48782015e-05)
( 1.94281138e-05, 7.37578089e-05)
( 1.91588829e-05, 7.24948190e-05)
( 1.88549759e-05, 7.10916808e-05)
( 1.85170346e-05, 6.95511194e-05)
( 1.81457664e-05, 6.78761301e-05)
( 1.77419427e-05, 6.60699727e-05)
( 1.73063980e-05, 6.41361650e-05)
( 1.68400273e-05, 6.20784759e-05)
( 1.63437851e-05, 5.99009175e-05)
( 1.58186834e-05, 5.76077376e-05)
( 1.52657891e-05, 5.52034111e-05)
( 1.46862226e-05, 5.26926310e-05)
( 1.40811555e-05, 5.00802992e-05)
( 1.34518077e-05, 4.73715166e-05)
( 1.27994458e-05, 4.45715732e-05)
( 1.21253800e-05, 4.16859376e-05)
( 1.14309620e-05, 3.87202457e-05)
( 1.07175820e-05, 3.56802902e-05)
( 9.98666606e-06, 3.25720085e-05)
( 9.23967357e-06, 2.94014712e-05)
( 8.47809406e-06, 2.61748702e-05)
( 7.70344448e-06, 2.28985060e-05)
( 6.91726624e-06, 1.95787756e-05)
( 6.12112213e-06, 1.62221597e-05)
( 5.31659337e-06, 1.28352098e-05)
( 4.50527647e-06, 9.42453517e-06)
( 3.68878015e-06, 5.99678998e-06)
( 2.86872224e-06, 2.55865991e-06)
( 2.04672650e-06,-8.83150946e-07)
( 1.22441946e-06,-4.32193342e-06)
( 4.03427330e-07,-7.75098652e-06)
(-4.14627234e-07,-1.11636306e-05)
(-1.22812823e-06,-1.45532208e-05)
(-2.03546945e-06,-1.79131598e-05)
(-2.83505762e-06,-2.12369112e-05)
(-3.62531546e-06,-2.45180122e-05)
(-4.40468475e-06,-2.77500865e-05)
(-5.17162937e-06,-3.09268566e-05)
(-5.92463827e-06,-3.40421565e-05)
(-6.66222841e-06,-3.70899438e-05)
(-7.38294759e-06,-4.00643113e-05)
(-8.08537737e-06,-4.29594989e-05)
(-8.76813574e-06,-4.57699049e-05)
(-9.42987983e-06,-4.84900969e-05)
(-1.00693085e-05,-5.11148225e-05)
(-1.06851651e-05,-5.36390194e-05)
(-1.12762394e-05,-5.60578259e-05)
(-1.18413706e-05,-5.83665897e-05)
(-1.23794491e-05,-6.05608774e-05)
(-1.28894189e-05,-6.26364833e-05)
(-1.33702796e-05,-6.45894369e-05)
(-1.38210885e-05,-6.64160116e-05)
(-1.42409623e-05,-6.81127311e-05)
(-1.46290789e-05,-6.96763765e-05)
(-1.49846789e-05,-7.11039927e-05)
(-1.53070676e-05,-7.23928936e-05)
(-1.55956158e-05,-7.35406677e-05)
(-1.58497612e-05,-7.45451827e-05)
(-1.60690100e-05,-7.54045892e-05)
(-1.62529373e-05,-7.61173244e-05)
(-1.64011883e-05,-7.66821153e-05)
(-1.65134791e-05,-7.70979804e-05)
(-1.65895971e-05,-7.73642323e-05)
(-1.66294017e-05,-7.74804780e-05)
(-1.66328245e-05,-7.74466202e-05)
(-1.65998696e-05,-7.72628570e-05)
(-1.65306136e-05,-7.69296814e-05)
(-1.64252055e-05,-7.64478801e-05)
(-1.62838666e-05,-7.58185317e-05)
(-1.61068902e-05,-7.50430046e-05)
(-1.58946409e-05,-7.41229540e-05)
(-1.56475542e-05,-7.30603184e-05)
(-1.53661356e-05,-7.18573157e-05)
(-1.50509598e-05,-7.05164385e-05)
(-1.47026697e-05,-6.90404491e-05)
(-1.43219751e-05,-6.74323739e-05)
(-1.39096517e-05,-6.56954971e-05)
(-1.34665393e-05,-6.38333543e-05)
(-1.29935406e-05,-6.18497251e-05)
(-1.24916195e-05,-5.97486256e-05)
(-1.19617991e-05,-5.75343003e-05)
(-1.14051600e-05,-5.52112136e-05)
(-1.08228382e-05,-5.27840406e-05)
(-1.02160231e-05,-5.02576582e-05)
(-9.58595534e-06,-4.76371349e-05)
(-8.93392404e-06,-4.49277209e-05)
(-8.26126489e-06,-4.21348375e-05)
(-7.56935738e-06,-3.92640664e-05)
(-6.85962220e-06,-3.63211382e-05)
(-6.13351862e-06,-3.33119218e-05)
(-5.39254167e-06,-3.02424116e-05)
(-4.63821929e-06,-2.71187168e-05)
(-3.87210943e-06,-2.39470481e-05)
(-3.09579706e-06,-2.07337062e-05)
(-2.31089113e-06,-1.74850690e-05)
(-1.51902147e-06,-1.42075790e-05)
(-7.21835623e-07,-1.09077304e-05)
( 7.90042876e-08,-7.59205645e-06)
( 8.81824845e-07,-4.26711646e-06)
( 1.68494455e-06,-9.39482791e-07)
( 2.48667715e-06, 2.38427208e-06)
( 3.28533486e-06, 5.69758853e-06)
( 4.07923178e-06, 8.99393275e-06)
( 4.86668712e-06, 1.22668096e-05)
( 5.64602857e-06, 1.55097754e-05)
( 6.41559562e-06, 1.87164506e-05)
( 7.17374282e-06, 2.18805324e-05)
( 7.91884311e-06, 2.49958070e-05)
( 8.64929104e-06, 2.80561620e-05)
( 9.36350604e-06, 3.10555981e-05)
( 1.00599356e-05, 3.39882411e-05)
( 1.07370582e-05, 3.68483535e-05)
( 1.13933870e-05, 3.96303453e-05)
( 1.20274722e-05, 4.23287855e-05)
( 1.26379044e-05, 4.49384121e-05)
( 1.32233174e-05, 4.74541429e-05)
( 1.37823910e-05, 4.98710851e-05)
( 1.43138541e-05, 5.21845452e-05)
( 1.48164867e-05, 5.43900375e-05)
( 1.52891232e-05, 5.64832934e-05)
( 1.57306545e-05, 5.84602694e-05)
( 1.61400304e-05, 6.03171551e-05)
( 1.65162619e-05, 6.20503805e-05)
( 1.68584237e-05, 6.36566229e-05)
( 1.71656557e-05, 6.51328131e-05)
( 1.74371653e-05, 6.64761418e-05)
( 1.76722292e-05, 6.76840645e-05)
( 1.78701949e-05, 6.87543067e-05)
( 1.80304825e-05, 6.96848680e-05)
( 1.81525860e-05, 7.04740262e-05)
( 1.82360744e-05, 7.11203400e-05)
( 1.82805933e-05, 7.16226523e-05)
( 1.82858653e-05, 7.19800921e-05)
( 1.82516914e-05, 7.21920758e-05)
( 1.81779513e-05, 7.22583087e-05)
( 1.80646041e-05, 7.21787849e-05)
( 1.79116889e-05, 7.19537877e-05)
( 1.77193245e-05, 7.15838884e-05)
( 1.74877101e-05, 7.10699456e-05)
( 1.72171248e-05, 7.04131026e-05)
( 1.69079273e-05, 6.96147859e-05)
( 1.65605561e-05, 6.86767015e-05)
( 1.61755282e-05, 6.76008318e-05)
( 1.57534389e-05, 6.63894317e-05)
( 1.52949607e-05, 6.50450236e-05)
( 1.48008425e-05, 6.35703925e-05)
( 1.42719081e-05, 6.19685807e-05)
( 1.37090551e-05, 6.02428812e-05)
( 1.31132534e-05, 5.83968316e-05)
( 1.24855434e-05, 5.64342065e-05)
( 1.18270345e-05, 5.43590105e-05)
( 1.11389029e-05, 5.21754698e-05)
( 1.04223897e-05, 4.98880241e-05)
( 9.67879869e-06, 4.75013176e-05)
( 8.90949394e-06, 4.50201898e-05)
( 8.11589738e-06, 4.24496658e-05)
( 7.29948620e-06, 3.97949465e-05)
( 6.46179013e-06, 3.70613984e-05)
( 5.60438864e-06, 3.42545425e-05)
( 4.72890793e-06, 3.13800439e-05)
( 3.83701798e-06, 2.84437002e-05)
( 2.93042932e-06, 2.54514303e-05)
( 2.01088981e-06, 2.24092626e-05)
( 1.08018134e-06, 1.93233228e-05)
( 1.40116386e-07, 1.61998225e-05)
(-8.07465500e-07, 1.30450460e-05)
(-1.76070119e-06, 9.86533885e-06)
(-2.71770766e-06, 6.66709447e-06)
(-3.67658562e-06, 3.45674208e-06)
(-4.63542330e-06, 2.40733807e-07)
(-5.59230014e-06,-2.97446803e-06)
(-6.54529066e-06,-6.18240366e-06)
(-7.49246825e-06,-9.37662864e-06)
(-8.43190902e-06,-1.25507265e-05)
(-9.36169570e-06,-1.56983216e-05)
(-1.02799214e-05,-1.88130913e-05)
(-1.11846936e-05,-2.18887789e-05)
(-1.20741379e-05,-2.49192058e-05)
(-1.29464019e-05,-2.78982836e-05)
(-1.37996589e-05,-3.08200262e-05)
(-1.46321117e-05,-3.36785618e-05)
(-1.54419964e-05,-3.64681440e-05)
(-1.62275862e-05,-3.91831638e-05)
(-1.69871944e-05,-4.18181602e-05)
(-1.77191788e-05,-4.43678310e-05)
(-1.84219443e-05,-4.68270439e-05)
(-1.90939470e-05,-4.91908456e-05)
(-1.97336972e-05,-5.14544726e-05)
(-2.03397623e-05,-5.36133600e-05)
(-2.09107705e-05,-5.56631510e-05)
(-2.14454134e-05,-5.75997051e-05)
(-2.19424489e-05,-5.94191066e-05)
(-2.24007040e-05,-6.11176722e-05)
(-2.28190774e-05,-6.26919586e-05)
(-2.31965422e-05,-6.41387690e-05)
(-2.35321478e-05,-6.54551598e-05)
(-2.38250223e-05,-6.66384463e-05)
(-2.40743749e-05,-6.76862080e-05)
(-2.42794972e-05,-6.85962936e-05)
(-2.44397652e-05,-6.93668253e-05)
(-2.45546412e-05,-6.99962027e-05)
(-2.46236745e-05,-7.04831058e-05)
(-2.46465032e-05,-7.08264977e-05)
(-2.46228550e-05,-7.10256272e-05)
(-2.45525482e-05,-7.10800298e-05)
(-2.44354921e-05,-7.09895292e-05)
(-2.42716879e-05,-7.07542374e-05)
(-2.40612290e-05,-7.03745548e-05)
(-2.38043007e-05,-6.98511696e-05)
(-2.35011806e-05,-6.91850562e-05)
(-2.31522382e-05,-6.83774738e-05)
(-2.27579346e-05,-6.74299639e-05)
(-2.23188216e-05,-6.63443473e-05)
(-2.18355413e-05,-6.51227207e-05)
(-2.13088247e-05,-6.37674527e-05)
(-2.07394910e-05,-6.22811793e-05)
(-2.01284458e-05,-6.06667987e-05)
(-1.94766800e-05,-5.89274658e-05)
(-1.87852676e-05,-5.70665861e-05)
(-1.80553645e-05,-5.50878090e-05)
(-1.72882057e-05,-5.29950208e-05)
(-1.64851037e-05,-5.07923373e-05)
(-1.56474456e-05,-4.84840955e-05)
(-1.47766912e-05,-4.60748454e-05)
(-1.38743696e-05,-4.35693407e-05)
(-1.29420770e-05,-4.09725303e-05)
(-1.19814731e-05,-3.82895479e-05)
(-1.09942785e-05,-3.55257022e-05)
(-9.98227124e-06,-3.26864667e-05)
(-8.94728336e-06,-2.97774687e-05)
(-7.89119750e-06,-2.68044784e-05)
(-6.81594326e-06,-2.37733976e-05)
(-5.72349347e-06,-2.06902480e-05)
(-4.61586043e-06,-1.75611595e-05)
(-3.49509196e-06,-1.43923580e-05)
(-2.36326746e-06,-1.11901532e-05)
(-1.22249382e-06,-7.96092626e-06)
(-7.49013334e-08,-4.71111715e-06)
( 1.07736048e-06,-1.44721186e-06)
( 2.23212710e-06, 1.82427032e-06)
( 3.38722330e-06, 5.09678968e-06)
( 4.54046737e-06, 8.36379906e-06)
( 5.68967548e-06, 1.16187568e-05)
( 6.83266601e-06, 1.48551398e-05)
( 7.96726385e-06, 1.80664561e-05)
( 9.09130473e-06, 2.12462583e-05)
( 1.02026395e-05, 2.43881560e-05)
( 1.12991386e-05, 2.74858286e-05)
( 1.23786961e-05, 3.05330378e-05)
( 1.34392337e-05, 3.35236402e-05)
( 1.44787057e-05, 3.64515994e-05)
( 1.54951022e-05, 3.93109982e-05)
( 1.64864537e-05, 4.20960503e-05)
( 1.74508347e-05, 4.48011119e-05)
( 1.83863680e-05, 4.74206930e-05)
( 1.92912281e-05, 4.99494685e-05)
( 2.01636451e-05, 5.23822887e-05)
( 2.10019081e-05, 5.47141900e-05)
( 2.18043690e-05, 5.69404045e-05)
( 2.25694454e-05, 5.90563699e-05)
( 2.32956242e-05, 6.10577387e-05)
( 2.39814645e-05, 6.29403868e-05)
( 2.46256003e-05, 6.47004221e-05)
( 2.52267440e-05, 6.63341923e-05)
( 2.57836880e-05, 6.78382925e-05)
( 2.62953083e-05, 6.92095719e-05)
( 2.67605658e-05, 7.04451405e-05)
( 2.71785091e-05, 7.15423750e-05)
( 2.75482761e-05, 7.24989243e-05)
( 2.78690960e-05, 7.33127143e-05)
( 2.81402909e-05, 7.39819521e-05)
( 2.83612768e-05, 7.45051303e-05)
( 2.85315655e-05, 7.48810299e-05)
( 2.86507651e-05, 7.51087227e-05)
( 2.87185811e-05, 7.51875741e-05)
( 2.87348168e-05, 7.51172441e-05)
( 2.86993742e-05, 7.48976882e-05)
( 2.86122537e-05, 7.45291582e-05)
( 2.84735545e-05, 7.40122015e-05)
( 2.82834744e-05, 7.33476604e-05)
( 2.80423095e-05, 7.25366709e-05)
( 2.77504534e-05, 7.15806605e-05)
( 2.74083969e-05, 7.04813456e-05)
( 2.70167266e-05, 6.92407283e-05)
( 2.65761242e-05, 6.78610929e-05)
( 2.60873649e-05, 6.63450016e-05)
( 2.55513160e-05, 6.46952892e-05)
( 2.49689353e-05, 6.29150584e-05)
( 2.43412692e-05, 6.10076734e-05)
( 2.36694506e-05, 5.89767533e-05)
( 2.29546966e-05, 5.68261656e-05)
( 2.21983066e-05, 5.45600187e-05)
( 2.14016592e-05, 5.21826534e-05)
( 2.05662098e-05, 4.96986350e-05)
( 1.96934876e-05, 4.71127442e-05)
( 1.87850930e-05, 4.44299679e-05)
( 1.78426940e-05, 4.16554895e-05)
( 1.68680232e-05, 3.87946784e-05)
( 1.58628744e-05, 3.58530800e-05)
( 1.48290990e-05, 3.28364045e-05)
( 1.37686026e-05, 2.97505159e-05)
( 1.26833410e-05, 2.66014201e-05)
( 1.15753167e-05, 2.33952536e-05)
( 1.04465748e-05, 2.01382711e-05)
( 9.29919901e-06, 1.68368333e-05)
( 8.13530786e-06, 1.34973943e-05)
( 6.95705026e-06, 1.01264887e-05)
( 5.76660155e-06, 6.73071894e-06)
( 4.56615922e-06, 3.31674230e-06)
( 3.35793868e-06,-1.08742606e-07)
( 2.14416896e-06,-3.53900882e-06)
( 9.27088447e-07,-6.96731449e-06)
(-2.91059450e-07,-1.03869162e-05)
(-1.50803061e-06,-1.37910823e-05)
(-2.72158449e-06,-1.71731064e-05)
(-3.92948845e-06,-2.05263207e-05)
(-5.12952197e-06,-2.38441088e-05)
(-6.31948098e-06,-2.71199197e-05)
(-7.49718195e-06,-3.03472800e-05)
(-8.66046613e-06,-3.35198073e-05)
(-9.80720362e-06,-3.66312227e-05)
(-1.09352974e-05,-3.96753633e-05)
(-1.20426873e-05,-4.26461948e-05)
(-1.31273539e-05,-4.55378230e-05)
(-1.41873222e-05,-4.83445060e-05)
(-1.52206656e-05,-5.10606654e-05)
(-1.62255093e-05,-5.36808978e-05)
(-1.72000337e-05,-5.61999852e-05)
(-1.81424780e-05,-5.86129055e-05)
(-1.90511436e-05,-6.09148428e-05)
(-1.99243967e-05,-6.31011968e-05)
(-2.07606717e-05,-6.51675921e-05)
(-2.15584741e-05,-6.71098871e-05)
(-2.23163830e-05,-6.89241819e-05)
(-2.30330539e-05,-7.06068265e-05)
(-2.37072210e-05,-7.21544281e-05)
(-2.43376994e-05,-7.35638577e-05)
(-2.49233873e-05,-7.48322565e-05)
(-2.54632681e-05,-7.59570418e-05)
(-2.59564119e-05,-7.69359121e-05)
(-2.64019771e-05,-7.77668513e-05)
(-2.67992123e-05,-7.84481338e-05)
(-2.71474569e-05,-7.89783269e-05)
(-2.74461427e-05,-7.93562945e-05)
(-2.76947946e-05,-7.95811988e-05)
(-2.78930313e-05,-7.96525027e-05)
(-2.80405659e-05,-7.95699704e-05)
(-2.81372063e-05,-7.93336679e-05)
(-2.81828554e-05,-7.89439635e-05)
(-2.81775111e-05,-7.84015264e-05)
(-2.81212658e-05,-7.77073260e-05)
(-2.80143069e-05,-7.68626297e-05)
(-2.78569151e-05,-7.58690004e-05)
(-2.76494649e-05,-7.47282936e-05)
(-2.73924228e-05,-7.34426539e-05)
(-2.70863467e-05,-7.20145103e-05)
(-2.67318846e-05,-7.04465718e-05)
(-2.63297733e-05,-6.87418220e-05)
(-2.58808366e-05,-6.69035133e-05)
(-2.53859840e-05,-6.49351600e-05)
(-2.48462084e-05,-6.28405319e-05)
(-2.42625845e-05,-6.06236468e-05)
(-2.36362663e-05,-5.82887621e-05)
(-2.29684851e-05,-5.58403670e-05)
(-2.22605468e-05,-5.32831729e-05)
(-2.15138295e-05,-5.06221051e-05)
(-2.07297809e-05,-4.78622918e-05)
(-1.99099150e-05,-4.50090551e-05)
(-1.90558100e-05,-4.20678998e-05)
(-1.81691042e-05,-3.90445028e-05)
(-1.72514939e-05,-3.59447017e-05)
(-1.63047295e-05,-3.27744834e-05)
(-1.53306121e-05,-2.95399724e-05)
(-1.43309906e-05,-2.62474184e-05)
(-1.33077578e-05,-2.29031840e-05)
(-1.22628468e-05,-1.95137326e-05)
(-1.11982276e-05,-1.60856152e-05)
(-1.01159032e-05,-1.26254573e-05)
(-9.01790582e-06,-9.13994668e-06)
(-7.90629326e-06,-5.63581930e-06)
(-6.78314496e-06,-2.11984665e-06)
(-5.65055812e-06, 1.40117782e-06)
(-4.51064381e-06, 4.92045200e-06)
(-3.36552306e-06, 8.43117846e-06)
(-2.21732295e-06, 1.19265778e-05)
(-1.06817265e-06, 1.53999020e-05)
( 7.98005197e-08, 1.88444477e-05)
( 1.22447493e-06, 2.22535689e-05)
( 2.36373862e-06, 2.56206906e-05)
( 3.49549314e-06, 2.89393213e-05)
( 4.61765739e-06, 3.22030656e-05)
( 5.72817142e-06, 3.54056369e-05)
( 6.82500020e-06, 3.85408695e-05)
( 7.90613735e-06, 4.16027307e-05)
( 8.96960872e-06, 4.45853324e-05)
( 1.00134761e-05, 4.74829427e-05)
( 1.10358405e-05, 5.02899969e-05)
( 1.20348460e-05, 5.30011081e-05)
( 1.30086826e-05, 5.56110781e-05)
( 1.39555900e-05, 5.81149070e-05)
( 1.48738602e-05, 6.05078029e-05)
( 1.57618413e-05, 6.27851911e-05)
( 1.66179398e-05, 6.49427232e-05)
( 1.74406238e-05, 6.69762849e-05)
( 1.82284256e-05, 6.88820041e-05)
( 1.89799448e-05, 7.06562585e-05)
( 1.96938500e-05, 7.22956820e-05)
( 2.03688818e-05, 7.37971712e-05)
( 2.10038549e-05, 7.51578916e-05)
( 2.15976601e-05, 7.63752822e-05)
( 2.21492665e-05, 7.74470609e-05)
( 2.26577231e-05, 7.83712283e-05)
( 2.31221605e-05, 7.91460716e-05)
( 2.35417927e-05, 7.97701674e-05)
( 2.39159182e-05, 8.02423845e-05)
( 2.42439214e-05, 8.05618854e-05)
( 2.45252738e-05, 8.07281281e-05)
( 2.47595344e-05, 8.07408667e-05)
( 2.49463512e-05, 8.06001514e-05)
( 2.50854613e-05, 8.03063285e-05)
( 2.51766914e-05, 7.98600390e-05)
( 2.52199583e-05, 7.92622174e-05)
( 2.52152690e-05, 7.85140892e-05)
( 2.51627203e-05, 7.76171689e-05)
( 2.50624990e-05, 7.65732559e-05)
( 2.49148814e-05, 7.53844314e-05)
( 2.47202329e-05, 7.40530537e-05)
( 2.44790069e-05, 7.25817535e-05)
( 2.41917443e-05, 7.09734285e-05)
( 2.38590727e-05, 6.92312373e-05)
( 2.34817046e-05, 6.73585933e-05)
( 2.30604366e-05, 6.53591577e-05)
( 2.25961478e-05, 6.32368320e-05)
( 2.20897980e-05, 6.09957505e-05)
( 2.15424263e-05, 5.86402717e-05)
( 2.09551487e-05, 5.61749699e-05)
( 2.03291564e-05, 5.36046261e-05)
( 1.96657135e-05, 5.09342183e-05)
( 1.89661545e-05, 4.81689120e-05)
( 1.82318822e-05, 4.53140499e-05)
( 1.74643647e-05, 4.23751412e-05)
( 1.66651328e-05, 3.93578511e-05)
( 1.58357774e-05, 3.62679897e-05)
( 1.49779462e-05, 3.31115003e-05)
( 1.40933409e-05, 2.98944482e-05)
( 1.31837138e-05, 2.66230089e-05)
( 1.22508647e-05, 2.33034556e-05)
( 1.12966375e-05, 1.99421476e-05)
( 1.03229166e-05, 1.65455179e-05)
( 9.33162369e-06, 1.31200605e-05)
( 8.32471378e-06, 9.67231807e-06)
( 7.30417174e-06, 6.20886922e-06)
( 6.27200848e-06, 2.73631606e-06)
( 5.23025718e-06,-7.38728643e-07)
( 4.18096937e-06,-4.20965409e-06)
( 3.12621113e-06,-7.66986408e-06)
( 2.06805908e-06,-1.11127896e-05)
( 1.00859643e-06,-1.45319015e-05)
(-5.00909709e-08,-1.79207226e-05)
(-1.10591867e-06,-2.12728402e-05)
(-2.15680763e-06,-2.45819184e-05)
(-3.20068819e-06,-2.78417098e-05)
(-4.23550414e-06,-3.10460674e-05)
(-5.25921666e-06,-3.41889563e-05)
(-6.26980831e-06,-3.72644650e-05)
(-7.26528699e-06,-4.02668163e-05)
(-8.24368980e-06,-4.31903785e-05)
(-9.20308696e-06,-4.60296759e-05)
(-1.01415856e-05,-4.87793984e-05)
(-1.10573334e-05,-5.14344124e-05)
(-1.19485226e-05,-5.39897696e-05)
(-1.28133932e-05,-5.64407163e-05)
(-1.36502368e-05,-5.87827025e-05)
(-1.44573999e-05,-6.10113898e-05)
(-1.52332873e-05,-6.31226598e-05)
(-1.59763653e-05,-6.51126215e-05)
(-1.66851651e-05,-6.69776183e-05)
(-1.73582854e-05,-6.87142348e-05)
(-1.79943957e-05,-7.03193029e-05)
(-1.85922386e-05,-7.17899073e-05)
(-1.91506332e-05,-7.31233913e-05)
(-1.96684769e-05,-7.43173607e-05)
(-2.01447480e-05,-7.53696888e-05)
(-2.05785082e-05,-7.62785196e-05)
(-2.09689041e-05,-7.70422711e-05)
(-2.13151696e-05,-7.76596380e-05)
(-2.16166274e-05,-7.81295940e-05)
(-2.18726906e-05,-7.84513929e-05)
(-2.20828639e-05,-7.86245705e-05)
(-2.22467453e-05,-7.86489443e-05)
(-2.23640267e-05,-7.85246141e-05)
(-2.24344947e-05,-7.82519611e-05)
(-2.24580317e-05,-7.78316471e-05)
(-2.24346159e-05,-7.72646131e-05)
(-2.23643219e-05,-7.65520766e-05)
(-2.22473206e-05,-7.56955296e-05)
(-2.20838790e-05,-7.46967352e-05)
(-2.18743604e-05,-7.35577241e-05)
(-2.16192232e-05,-7.22807903e-05)
(-2.13190206e-05,-7.08684868e-05)
(-2.09743998e-05,-6.93236199e-05)
(-2.05861005e-05,-6.76492446e-05)
(-2.01549541e-05,-6.58486576e-05)
(-1.96818817e-05,-6.39253916e-05)
(-1.91678930e-05,-6.18832078e-05)
(-1.86140839e-05,-5.97260892e-05)
(-1.80216348e-05,-5.74582324e-05)
(-1.73918081e-05,-5.50840394e-05)
(-1.67259463e-05,-5.26081099e-05)
(-1.60254686e-05,-5.00352314e-05)
(-1.52918688e-05,-4.73703707e-05)
(-1.45267122e-05,-4.46186644e-05)
(-1.37316324e-05,-4.17854086e-05)
(-1.29083280e-05,-3.88760492e-05)
(-1.20585596e-05,-3.58961713e-05)
(-1.11841455e-05,-3.28514888e-05)
(-1.02869590e-05,-2.97478333e-05)
(-9.36892372e-06,-2.65911431e-05)
(-8.43201004e-06,-2.33874521e-05)
(-7.47823107e-06,-2.01428779e-05)
(-6.50963841e-06,-1.68636109e-05)
(-5.52831785e-06,-1.35559019e-05)
(-4.53638510e-06,-1.02260510e-05)
(-3.53598127e-06,-6.88039490e-06)
(-2.52926842e-06,-3.52529565e-06)
(-1.51842491e-06,-1.67128244e-07)
(-5.05640844e-07, 3.18773126e-06)
( 5.06886661e-07, 6.53291777e-06)
( 1.51695818e-06, 9.86208913e-06)
( 2.52237670e-06, 1.31689381e-05)
( 3.52095240e-06, 1.64472041e-05)
( 4.51050740e-06, 1.96906853e-05)
( 5.48888050e-06, 2.28932497e-05)
( 6.45393197e-06, 2.60488472e-05)
( 7.40354817e-06, 2.91515209e-05)
( 8.33564632e-06, 3.21954179e-05)
( 9.24817906e-06, 3.51748008e-05)
( 1.01391391e-05, 3.80840578e-05)
( 1.10065635e-05, 4.09177142e-05)
( 1.18485384e-05, 4.36704418e-05)
( 1.26632032e-05, 4.63370694e-05)
( 1.34487547e-05, 4.89125921e-05)
( 1.42034514e-05, 5.13921812e-05)
( 1.49256173e-05, 5.37711929e-05)
( 1.56136459e-05, 5.60451773e-05)
( 1.62660040e-05, 5.82098863e-05)
( 1.68812350e-05, 6.02612822e-05)
( 1.74579629e-05, 6.21955446e-05)
( 1.79948946e-05, 6.40090782e-05)
( 1.84908242e-05, 6.56985192e-05)
( 1.89446347e-05, 6.72607418e-05)
( 1.93553016e-05, 6.86928640e-05)
( 1.97218951e-05, 6.99922530e-05)
( 2.00435823e-05, 7.11565301e-05)
( 2.03196294e-05, 7.21835754e-05)
( 2.05494037e-05, 7.30715317e-05)
( 2.07323752e-05, 7.38188079e-05)
( 2.08681178e-05, 7.44240821e-05)
( 2.09563110e-05, 7.48863042e-05)
( 2.09967404e-05, 7.52046976e-05)
( 2.09892987e-05, 7.53787610e-05)
( 2.09339861e-05, 7.54082692e-05)
( 2.08309106e-05, 7.52932735e-05)
( 2.06802880e-05, 7.50341018e-05)
( 2.04824415e-05, 7.46313576e-05)
( 2.02378016e-05, 7.40859194e-05)
( 1.99469049e-05, 7.33989387e-05)
( 1.96103936e-05, 7.25718380e-05)
( 1.92290136e-05, 7.16063078e-05)
( 1.88036138e-05, 7.05043040e-05)
( 1.83351440e-05, 6.92680435e-05)
( 1.78246528e-05, 6.79000007e-05)
( 1.72732856e-05, 6.64029023e-05)
( 1.66822825e-05, 6.47797222e-05)
( 1.60529749e-05, 6.30336762e-05)
( 1.53867833e-05, 6.11682155e-05)
( 1.46852141e-05, 5.91870203e-05)
( 1.39498559e-05, 5.70939929e-05)
( 1.31823767e-05, 5.48932499e-05)
( 1.23845195e-05, 5.25891148e-05)
( 1.15580990e-05, 5.01861094e-05)
( 1.07049972e-05, 4.76889453e-05)
( 9.82715930e-06, 4.51025150e-05)
( 8.92658940e-06, 4.24318823e-05)
( 8.00534590e-06, 3.96822726e-05)
( 7.06553680e-06, 3.68590630e-05)
( 6.10931499e-06, 3.39677719e-05)
( 5.13887328e-06, 3.10140485e-05)
( 4.15643941e-06, 2.80036616e-05)
( 3.16427093e-06, 2.49424888e-05)
( 2.16465000e-06, 2.18365050e-05)
( 1.15987814e-06, 1.86917710e-05)
( 1.52270910e-07, 1.55144214e-05)
(-8.55847487e-07, 1.23106530e-05)
(-1.86214959e-06, 9.08671298e-06)
(-2.86431008e-06, 5.84888623e-06)
(-3.86001124e-06, 2.60348352e-06)
(-4.84694836e-06,-6.43170910e-07)
(-5.82283516e-06,-3.88475169e-06)
(-6.78540910e-06,-7.11494464e-06)
(-7.73243677e-06,-1.03274592e-05)
(-8.66171913e-06,-1.35160405e-05)
(-9.57109669e-06,-1.66744821e-05)
(-1.04584546e-05,-1.97966377e-05)
(-1.13217278e-05,-2.28764332e-05)
(-1.21589055e-05,-2.59078793e-05)
(-1.29680368e-05,-2.88850826e-05)
(-1.37472342e-05,-3.18022574e-05)
(-1.44946790e-05,-3.46537375e-05)
(-1.52086254e-05,-3.74339869e-05)
(-1.58874045e-05,-4.01376112e-05)
(-1.65294284e-05,-4.27593681e-05)
(-1.71331939e-05,-4.52941778e-05)
(-1.76972865e-05,-4.77371334e-05)
(-1.82203832e-05,-5.00835101e-05)
(-1.87012562e-05,-5.23287754e-05)
(-1.91387755e-05,-5.44685976e-05)
(-1.95319119e-05,-5.64988547e-05)
(-1.98797394e-05,-5.84156427e-05)
(-2.01814372e-05,-6.02152833e-05)
(-2.04362920e-05,-6.18943317e-05)
(-2.06436997e-05,-6.34495830e-05)
(-2.08031666e-05,-6.48780792e-05)
(-2.09143110e-05,-6.61771149e-05)
(-2.09768636e-05,-6.73442429e-05)
(-2.09906689e-05,-6.83772792e-05)
(-2.09556849e-05,-6.92743075e-05)
(-2.08719835e-05,-7.00336832e-05)
(-2.07397503e-05,-7.06540365e-05)
(-2.05592843e-05,-7.11342756e-05)
(-2.03309969e-05,-7.14735888e-05)
(-2.00554114e-05,-7.16714463e-05)
(-1.97331609e-05,-7.17276012e-05)
(-1.93649878e-05,-7.16420905e-05)
(-1.89517413e-05,-7.14152346e-05)
(-1.84943755e-05,-7.10476369e-05)
(-1.79939472e-05,-7.05401828e-05)
(-1.74516135e-05,-6.98940380e-05)
(-1.68686286e-05,-6.91106460e-05)
(-1.62463410e-05,-6.81917251e-05)
(-1.55861904e-05,-6.71392657e-05)
(-1.48897039e-05,-6.59555252e-05)
(-1.41584925e-05,-6.46430246e-05)
(-1.33942473e-05,-6.32045426e-05)
(-1.25987350e-05,-6.16431102e-05)
(-1.17737944e-05,-5.99620047e-05)
(-1.09213311e-05,-5.81647430e-05)
(-1.00433136e-05,-5.62550741e-05)
(-9.14176791e-06,-5.42369719e-05)
(-8.21877345e-06,-5.21146267e-05)
(-7.27645739e-06,-4.98924371e-05)
(-6.31698987e-06,-4.75750003e-05)
(-5.34257869e-06,-4.51671033e-05)
(-4.35546404e-06,-4.26737125e-05)
(-3.35791315e-06,-4.00999639e-05)
(-2.35221484e-06,-3.74511523e-05)
(-1.34067411e-06,-3.47327204e-05)
(-3.25606571e-07,-3.19502475e-05)
( 6.90666986e-07,-2.91094382e-05)
( 1.70582615e-06,-2.62161100e-05)
( 2.71755637e-06,-2.32761821e-05)
( 3.72355441e-06,-2.02956622e-05)
( 4.72153381e-06,-1.72806347e-05)
( 5.70923025e-06,-1.42372477e-05)
( 6.68440683e-06,-1.11717004e-05)
( 7.64485936e-06,-8.09023003e-06)
( 8.58842141e-06,-4.99909890e-06)
( 9.51296944e-06,-1.90458145e-06)
( 1.04164276e-05, 1.18704895e-06)
( 1.12967726e-05, 4.26953306e-06)
( 1.21520383e-05, 7.33663883e-06)
( 1.29803201e-05, 1.03821744e-05)
( 1.37797795e-05, 1.34000010e-05)
( 1.45486479e-05, 1.63840459e-05)
( 1.52852309e-05, 1.93283150e-05)
( 1.59879118e-05, 2.22269054e-05)
( 1.66551551e-05, 2.50740174e-05)
( 1.72855103e-05, 2.78639672e-05)
( 1.78776144e-05, 3.05911985e-05)
( 1.84301951e-05, 3.32502938e-05)
( 1.89420736e-05, 3.58359860e-05)
( 1.94121666e-05, 3.83431694e-05)
( 1.98394889e-05, 4.07669101e-05)
( 2.02231550e-05, 4.31024564e-05)
( 2.05623810e-05, 4.53452487e-05)
( 2.08564858e-05, 4.74909287e-05)
( 2.11048923e-05, 4.95353487e-05)
( 2.13071284e-05, 5.14745797e-05)
( 2.14628277e-05, 5.33049200e-05)
( 2.15717294e-05, 5.50229024e-05)
( 2.16336788e-05, 5.66253014e-05)
( 2.16486273e-05, 5.81091395e-05)
( 2.16166313e-05, 5.94716936e-05)
( 2.15378524e-05, 6.07104998e-05)
( 2.14125556e-05, 6.18233590e-05)
( 2.12411088e-05, 6.28083405e-05)
( 2.10239812e-05, 6.36637860e-05)
( 2.07617411e-05, 6.43883125e-05)
( 2.04550550e-05, 6.49808151e-05)
( 2.01046846e-05, 6.54404684e-05)
( 1.97114849e-05, 6.57667281e-05)
( 1.92764014e-05, 6.59593312e-05)
( 1.88004676e-05, 6.60182966e-05)
( 1.82848018e-05, 6.59439239e-05)
( 1.77306042e-05, 6.57367923e-05)
( 1.71391533e-05, 6.53977589e-05)
( 1.65118028e-05, 6.49279561e-05)
( 1.58499773e-05, 6.43287884e-05)
( 1.51551693e-05, 6.36019287e-05)
( 1.44289347e-05, 6.27493145e-05)
( 1.36728892e-05, 6.17731421e-05)
( 1.28887035e-05, 6.06758620e-05)
( 1.20780999e-05, 5.94601724e-05)
( 1.12428473e-05, 5.81290131e-05)
( 1.03847569e-05, 5.66855577e-05)
( 9.50567798e-06, 5.51332067e-05)
( 8.60749322e-06, 5.34755791e-05)
( 7.69211407e-06, 5.17165038e-05)
( 6.76147627e-06, 4.98600107e-05)
( 5.81753521e-06, 4.79103211e-05)
( 4.86226134e-06, 4.58718379e-05)
( 3.89763561e-06, 4.37491353e-05)
( 2.92564489e-06, 4.15469483e-05)
( 1.94827745e-06, 3.92701615e-05)
( 9.67518536e-07, 3.69237978e-05)
(-1.46540845e-08, 3.45130071e-05)
(-9.96274420e-07, 3.20430544e-05)
(-1.97539252e-06, 2.95193072e-05)
(-2.95007861e-06, 2.69472239e-05)
(-3.91842716e-06, 2.43323411e-05)
(-4.87856079e-06, 2.16802609e-05)
(-5.82863410e-06, 1.89966381e-05)
(-6.76683731e-06, 1.62871677e-05)
(-7.69139982e-06, 1.35575718e-05)
(-8.60059358e-06, 1.08135868e-05)
(-9.49273631e-06, 8.06095042e-06)
(-1.03661945e-05, 5.30538903e-06)
(-1.12193865e-05, 2.55260469e-06)
(-1.20507848e-05,-1.91737458e-07)
(-1.28589192e-05,-2.92202175e-06)
(-1.36423783e-05,-5.63269442e-06)
(-1.43998125e-05,-8.31827578e-06)
(-1.51299354e-05,-1.09733723e-05)
(-1.58315257e-05,-1.35926882e-05)
(-1.65034288e-05,-1.61710372e-05)
(-1.71445581e-05,-1.87033534e-05)
(-1.77538962e-05,-2.11847025e-05)
(-1.83304956e-05,-2.36102919e-05)
(-1.88734798e-05,-2.59754812e-05)
(-1.93820437e-05,-2.82757917e-05)
(-1.98554539e-05,-3.05069158e-05)
(-2.02930486e-05,-3.26647260e-05)
(-2.06942383e-05,-3.47452831e-05)
(-2.10585045e-05,-3.67448441e-05)
(-2.13854001e-05,-3.86598699e-05)
(-2.16745487e-05,-4.04870320e-05)
(-2.19256431e-05,-4.22232188e-05)
(-2.21384452e-05,-4.38655415e-05)
(-2.23127844e-05,-4.54113395e-05)
(-2.24485565e-05,-4.68581848e-05)
(-2.25457220e-05,-4.82038863e-05)
(-2.26043046e-05,-4.94464932e-05)
(-2.26243898e-05,-5.05842979e-05)
(-2.26061225e-05,-5.16158383e-05)
(-2.25497054e-05,-5.25398996e-05)
(-2.24553965e-05,-5.33555152e-05)
(-2.23235076e-05,-5.40619670e-05)
(-2.21544012e-05,-5.46587858e-05)
(-2.19484884e-05,-5.51457499e-05)
(-2.17062267e-05,-5.55228840e-05)
(-2.14281171e-05,-5.57904571e-05)
(-2.11147016e-05,-5.59489802e-05)
(-2.07665605e-05,-5.59992026e-05)
(-2.03843100e-05,-5.59421084e-05)
(-1.99685991e-05,-5.57789124e-05)
(-1.95201069e-05,-5.55110548e-05)
(-1.90395400e-05,-5.51401958e-05)
(-1.85276296e-05,-5.46682097e-05)
(-1.79851290e-05,-5.40971787e-05)
(-1.74128103e-05,-5.34293851e-05)
(-1.68114622e-05,-5.26673048e-05)
(-1.61818869e-05,-5.18135985e-05)
(-1.55248977e-05,-5.08711037e-05)
(-1.48413162e-05,-4.98428260e-05)
(-1.41319698e-05,-4.87319296e-05)
(-1.33976891e-05,-4.75417277e-05)
(-1.26393052e-05,-4.62756731e-05)
(-1.18576477e-05,-4.49373469e-05)
(-1.10535422e-05,-4.35304489e-05)
(-1.02278076e-05,-4.20587862e-05)
(-9.38125434e-06,-4.05262623e-05)
(-8.51468209e-06,-3.89368654e-05)
(-7.62887755e-06,-3.72946572e-05)
(-6.72461249e-06,-3.56037612e-05)
(-5.80264174e-06,-3.38683503e-05)
(-4.86370130e-06,-3.20926353e-05)
(-3.90850641e-06,-3.02808525e-05)
(-2.93774976e-06,-2.84372514e-05)
(-1.95209967e-06,-2.65660826e-05)
(-9.52198298e-07,-2.46715854e-05)
( 6.13401407e-08,-2.27579752e-05)
( 1.08793116e-06,-2.08294315e-05)
( 2.12702185e-06,-1.88900854e-05)
( 3.17809278e-06,-1.69440070e-05)
( 4.24065997e-06,-1.49951935e-05)
( 5.31427700e-06,-1.30475565e-05)
( 6.39853732e-06,-1.11049101e-05)
( 7.49307671e-06,-9.17095838e-06)
( 8.59757608e-06,-7.24928337e-06)
( 9.71176454e-06,-5.34333277e-06)
( 1.08354229e-05,-3.45640772e-06)
( 1.19683879e-05,-1.59165044e-06)
( 1.31105566e-05, 2.47968134e-07)
( 1.42618917e-05, 2.05966103e-06)
( 1.54224284e-05, 3.84083812e-06)
( 1.65922812e-05, 5.58911936e-06)
( 1.77716532e-05, 7.30234865e-06)
( 1.89608459e-05, 8.97860831e-06)
( 2.01602723e-05, 1.06162345e-05)
( 2.13704710e-05, 1.22138338e-05)
( 2.25921245e-05, 1.37703014e-05)
( 2.38260800e-05, 1.52848415e-05)
( 2.50733759e-05, 1.67569895e-05)
( 2.63352727e-05, 1.81866385e-05)
( 2.76132919e-05, 1.95740695e-05)
( 2.89092625e-05, 2.09199869e-05)
( 3.02253803e-05, 2.22255613e-05)
( 3.15642797e-05, 2.34924816e-05)
( 3.29291254e-05, 2.47230185e-05)
( 3.43237273e-05, 2.59201042e-05)
( 3.57526875e-05, 2.70874330e-05)
( 3.72215899e-05, 2.82295893e-05)
( 3.87372471e-05, 2.93522151e-05)
( 4.03080268e-05, 3.04622282e-05)
( 4.19442874e-05, 3.15681155e-05)
( 4.36589715e-05, 3.26803295e-05)
( 4.54684261e-05, 3.38118368e-05)
( 4.73935595e-05, 3.49788907e-05)
( 4.94615110e-05, 3.62021453e-05)
( 5.17081212e-05, 3.75083025e-05)
( 5.41817015e-05, 3.89326224e-05)
( 5.69489837e-05, 4.05228839e-05)
( 6.01049144e-05, 4.23458973e-05)
( 6.37895967e-05, 4.44987613e-05)
( 6.82194536e-05, 4.71295522e-05)
( 7.37491662e-05, 5.04784149e-05)
( 8.10079196e-05, 5.49678901e-05)
( 9.12412963e-05, 6.14294595e-05)
( 1.07433780e-04, 7.18469938e-05)
( 1.36598566e-04, 9.08732341e-05)
( 3.00960471e-04, 1.99432917e-04)
