% L-Bracket Geometry
% N_total=902, N_horizontal=451, N_vertical=451
% Resolution: 100 segments per wavelength
% Format: x(m) y(m)
5.55177120e-04 0.00000000e+00
1.66553136e-03 0.00000000e+00
2.77588560e-03 0.00000000e+00
3.88623984e-03 0.00000000e+00
4.99659408e-03 0.00000000e+00
6.10694832e-03 0.00000000e+00
7.21730257e-03 0.00000000e+00
8.32765681e-03 0.00000000e+00
9.43801105e-03 0.00000000e+00
1.05483653e-02 0.00000000e+00
1.16587195e-02 0.00000000e+00
1.27690738e-02 0.00000000e+00
1.38794280e-02 0.00000000e+00
1.49897823e-02 0.00000000e+00
1.61001365e-02 0.00000000e+00
1.72104907e-02 0.00000000e+00
1.83208450e-02 0.00000000e+00
1.94311992e-02 0.00000000e+00
2.05415535e-02 0.00000000e+00
2.16519077e-02 0.00000000e+00
2.27622619e-02 0.00000000e+00
2.38726162e-02 0.00000000e+00
2.49829704e-02 0.00000000e+00
2.60933247e-02 0.00000000e+00
2.72036789e-02 0.00000000e+00
2.83140331e-02 0.00000000e+00
2.94243874e-02 0.00000000e+00
3.05347416e-02 0.00000000e+00
3.16450959e-02 0.00000000e+00
3.27554501e-02 0.00000000e+00
3.38658043e-02 0.00000000e+00
3.49761586e-02 0.00000000e+00
3.60865128e-02 0.00000000e+00
3.71968671e-02 0.00000000e+00
3.83072213e-02 0.00000000e+00
3.94175755e-02 0.00000000e+00
4.05279298e-02 0.00000000e+00
4.16382840e-02 0.00000000e+00
4.27486383e-02 0.00000000e+00
4.38589925e-02 0.00000000e+00
4.49693468e-02 0.00000000e+00
4.60797010e-02 0.00000000e+00
4.71900552e-02 0.00000000e+00
4.83004095e-02 0.00000000e+00
4.94107637e-02 0.00000000e+00
5.05211180e-02 0.00000000e+00
5.16314722e-02 0.00000000e+00
5.27418264e-02 0.00000000e+00
5.38521807e-02 0.00000000e+00
5.49625349e-02 0.00000000e+00
5.60728892e-02 0.00000000e+00
5.71832434e-02 0.00000000e+00
5.82935976e-02 0.00000000e+00
5.94039519e-02 0.00000000e+00
6.05143061e-02 0.00000000e+00
6.16246604e-02 0.00000000e+00
6.27350146e-02 0.00000000e+00
6.38453688e-02 0.00000000e+00
6.49557231e-02 0.00000000e+00
6.60660773e-02 0.00000000e+00
6.71764316e-02 0.00000000e+00
6.82867858e-02 0.00000000e+00
6.93971401e-02 0.00000000e+00
7.05074943e-02 0.00000000e+00
7.16178485e-02 0.00000000e+00
7.27282028e-02 0.00000000e+00
7.38385570e-02 0.00000000e+00
7.49489113e-02 0.00000000e+00
7.60592655e-02 0.00000000e+00
7.71696197e-02 0.00000000e+00
7.82799740e-02 0.00000000e+00
7.93903282e-02 0.00000000e+00
8.05006825e-02 0.00000000e+00
8.16110367e-02 0.00000000e+00
8.27213909e-02 0.00000000e+00
8.38317452e-02 0.00000000e+00
8.49420994e-02 0.00000000e+00
8.60524537e-02 0.00000000e+00
8.71628079e-02 0.00000000e+00
8.82731621e-02 0.00000000e+00
8.93835164e-02 0.00000000e+00
9.04938706e-02 0.00000000e+00
9.16042249e-02 0.00000000e+00
9.27145791e-02 0.00000000e+00
9.38249333e-02 0.00000000e+00
9.49352876e-02 0.00000000e+00
9.60456418e-02 0.00000000e+00
9.71559961e-02 0.00000000e+00
9.82663503e-02 0.00000000e+00
9.93767046e-02 0.00000000e+00
1.00487059e-01 0.00000000e+00
1.01597413e-01 0.00000000e+00
1.02707767e-01 0.00000000e+00
1.03818122e-01 0.00000000e+00
1.04928476e-01 0.00000000e+00
1.06038830e-01 0.00000000e+00
1.07149184e-01 0.00000000e+00
1.08259538e-01 0.00000000e+00
1.09369893e-01 0.00000000e+00
1.10480247e-01 0.00000000e+00
1.11590601e-01 0.00000000e+00
1.12700955e-01 0.00000000e+00
1.13811310e-01 0.00000000e+00
1.14921664e-01 0.00000000e+00
1.16032018e-01 0.00000000e+00
1.17142372e-01 0.00000000e+00
1.18252727e-01 0.00000000e+00
1.19363081e-01 0.00000000e+00
1.20473435e-01 0.00000000e+00
1.21583789e-01 0.00000000e+00
1.22694144e-01 0.00000000e+00
1.23804498e-01 0.00000000e+00
1.24914852e-01 0.00000000e+00
1.26025206e-01 0.00000000e+00
1.27135561e-01 0.00000000e+00
1.28245915e-01 0.00000000e+00
1.29356269e-01 0.00000000e+00
1.30466623e-01 0.00000000e+00
1.31576978e-01 0.00000000e+00
1.32687332e-01 0.00000000e+00
1.33797686e-01 0.00000000e+00
1.34908040e-01 0.00000000e+00
1.36018395e-01 0.00000000e+00
1.37128749e-01 0.00000000e+00
1.38239103e-01 0.00000000e+00
1.39349457e-01 0.00000000e+00
1.40459811e-01 0.00000000e+00
1.41570166e-01 0.00000000e+00
1.42680520e-01 0.00000000e+00
1.43790874e-01 0.00000000e+00
1.44901228e-01 0.00000000e+00
1.46011583e-01 0.00000000e+00
1.47121937e-01 0.00000000e+00
1.48232291e-01 0.00000000e+00
1.49342645e-01 0.00000000e+00
1.50453000e-01 0.00000000e+00
1.51563354e-01 0.00000000e+00
1.52673708e-01 0.00000000e+00
1.53784062e-01 0.00000000e+00
1.54894417e-01 0.00000000e+00
1.56004771e-01 0.00000000e+00
1.57115125e-01 0.00000000e+00
1.58225479e-01 0.00000000e+00
1.59335834e-01 0.00000000e+00
1.60446188e-01 0.00000000e+00
1.61556542e-01 0.00000000e+00
1.62666896e-01 0.00000000e+00
1.63777251e-01 0.00000000e+00
1.64887605e-01 0.00000000e+00
1.65997959e-01 0.00000000e+00
1.67108313e-01 0.00000000e+00
1.68218667e-01 0.00000000e+00
1.69329022e-01 0.00000000e+00
1.70439376e-01 0.00000000e+00
1.71549730e-01 0.00000000e+00
1.72660084e-01 0.00000000e+00
1.73770439e-01 0.00000000e+00
1.74880793e-01 0.00000000e+00
1.75991147e-01 0.00000000e+00
1.77101501e-01 0.00000000e+00
1.78211856e-01 0.00000000e+00
1.79322210e-01 0.00000000e+00
1.80432564e-01 0.00000000e+00
1.81542918e-01 0.00000000e+00
1.82653273e-01 0.00000000e+00
1.83763627e-01 0.00000000e+00
1.84873981e-01 0.00000000e+00
1.85984335e-01 0.00000000e+00
1.87094690e-01 0.00000000e+00
1.88205044e-01 0.00000000e+00
1.89315398e-01 0.00000000e+00
1.90425752e-01 0.00000000e+00
1.91536107e-01 0.00000000e+00
1.92646461e-01 0.00000000e+00
1.93756815e-01 0.00000000e+00
1.94867169e-01 0.00000000e+00
1.95977524e-01 0.00000000e+00
1.97087878e-01 0.00000000e+00
1.98198232e-01 0.00000000e+00
1.99308586e-01 0.00000000e+00
2.00418940e-01 0.00000000e+00
2.01529295e-01 0.00000000e+00
2.02639649e-01 0.00000000e+00
2.03750003e-01 0.00000000e+00
2.04860357e-01 0.00000000e+00
2.05970712e-01 0.00000000e+00
2.07081066e-01 0.00000000e+00
2.08191420e-01 0.00000000e+00
2.09301774e-01 0.00000000e+00
2.10412129e-01 0.00000000e+00
2.11522483e-01 0.00000000e+00
2.12632837e-01 0.00000000e+00
2.13743191e-01 0.00000000e+00
2.14853546e-01 0.00000000e+00
2.15963900e-01 0.00000000e+00
2.17074254e-01 0.00000000e+00
2.18184608e-01 0.00000000e+00
2.19294963e-01 0.00000000e+00
2.20405317e-01 0.00000000e+00
2.21515671e-01 0.00000000e+00
2.22626025e-01 0.00000000e+00
2.23736380e-01 0.00000000e+00
2.24846734e-01 0.00000000e+00
2.25957088e-01 0.00000000e+00
2.27067442e-01 0.00000000e+00
2.28177796e-01 0.00000000e+00
2.29288151e-01 0.00000000e+00
2.30398505e-01 0.00000000e+00
2.31508859e-01 0.00000000e+00
2.32619213e-01 0.00000000e+00
2.33729568e-01 0.00000000e+00
2.34839922e-01 0.00000000e+00
2.35950276e-01 0.00000000e+00
2.37060630e-01 0.00000000e+00
2.38170985e-01 0.00000000e+00
2.39281339e-01 0.00000000e+00
2.40391693e-01 0.00000000e+00
2.41502047e-01 0.00000000e+00
2.42612402e-01 0.00000000e+00
2.43722756e-01 0.00000000e+00
2.44833110e-01 0.00000000e+00
2.45943464e-01 0.00000000e+00
2.47053819e-01 0.00000000e+00
2.48164173e-01 0.00000000e+00
2.49274527e-01 0.00000000e+00
2.50384881e-01 0.00000000e+00
2.51495236e-01 0.00000000e+00
2.52605590e-01 0.00000000e+00
2.53715944e-01 0.00000000e+00
2.54826298e-01 0.00000000e+00
2.55936653e-01 0.00000000e+00
2.57047007e-01 0.00000000e+00
2.58157361e-01 0.00000000e+00
2.59267715e-01 0.00000000e+00
2.60378069e-01 0.00000000e+00
2.61488424e-01 0.00000000e+00
2.62598778e-01 0.00000000e+00
2.63709132e-01 0.00000000e+00
2.64819486e-01 0.00000000e+00
2.65929841e-01 0.00000000e+00
2.67040195e-01 0.00000000e+00
2.68150549e-01 0.00000000e+00
2.69260903e-01 0.00000000e+00
2.70371258e-01 0.00000000e+00
2.71481612e-01 0.00000000e+00
2.72591966e-01 0.00000000e+00
2.73702320e-01 0.00000000e+00
2.74812675e-01 0.00000000e+00
2.75923029e-01 0.00000000e+00
2.77033383e-01 0.00000000e+00
2.78143737e-01 0.00000000e+00
2.79254092e-01 0.00000000e+00
2.80364446e-01 0.00000000e+00
2.81474800e-01 0.00000000e+00
2.82585154e-01 0.00000000e+00
2.83695509e-01 0.00000000e+00
2.84805863e-01 0.00000000e+00
2.85916217e-01 0.00000000e+00
2.87026571e-01 0.00000000e+00
2.88136925e-01 0.00000000e+00
2.89247280e-01 0.00000000e+00
2.90357634e-01 0.00000000e+00
2.91467988e-01 0.00000000e+00
2.92578342e-01 0.00000000e+00
2.93688697e-01 0.00000000e+00
2.94799051e-01 0.00000000e+00
2.95909405e-01 0.00000000e+00
2.97019759e-01 0.00000000e+00
2.98130114e-01 0.00000000e+00
2.99240468e-01 0.00000000e+00
3.00350822e-01 0.00000000e+00
3.01461176e-01 0.00000000e+00
3.02571531e-01 0.00000000e+00
3.03681885e-01 0.00000000e+00
3.04792239e-01 0.00000000e+00
3.05902593e-01 0.00000000e+00
3.07012948e-01 0.00000000e+00
3.08123302e-01 0.00000000e+00
3.09233656e-01 0.00000000e+00
3.10344010e-01 0.00000000e+00
3.11454365e-01 0.00000000e+00
3.12564719e-01 0.00000000e+00
3.13675073e-01 0.00000000e+00
3.14785427e-01 0.00000000e+00
3.15895782e-01 0.00000000e+00
3.17006136e-01 0.00000000e+00
3.18116490e-01 0.00000000e+00
3.19226844e-01 0.00000000e+00
3.20337198e-01 0.00000000e+00
3.21447553e-01 0.00000000e+00
3.22557907e-01 0.00000000e+00
3.23668261e-01 0.00000000e+00
3.24778615e-01 0.00000000e+00
3.25888970e-01 0.00000000e+00
3.26999324e-01 0.00000000e+00
3.28109678e-01 0.00000000e+00
3.29220032e-01 0.00000000e+00
3.30330387e-01 0.00000000e+00
3.31440741e-01 0.00000000e+00
3.32551095e-01 0.00000000e+00
3.33661449e-01 0.00000000e+00
3.34771804e-01 0.00000000e+00
3.35882158e-01 0.00000000e+00
3.36992512e-01 0.00000000e+00
3.38102866e-01 0.00000000e+00
3.39213221e-01 0.00000000e+00
3.40323575e-01 0.00000000e+00
3.41433929e-01 0.00000000e+00
3.42544283e-01 0.00000000e+00
3.43654638e-01 0.00000000e+00
3.44764992e-01 0.00000000e+00
3.45875346e-01 0.00000000e+00
3.46985700e-01 0.00000000e+00
3.48096054e-01 0.00000000e+00
3.49206409e-01 0.00000000e+00
3.50316763e-01 0.00000000e+00
3.51427117e-01 0.00000000e+00
3.52537471e-01 0.00000000e+00
3.53647826e-01 0.00000000e+00
3.54758180e-01 0.00000000e+00
3.55868534e-01 0.00000000e+00
3.56978888e-01 0.00000000e+00
3.58089243e-01 0.00000000e+00
3.59199597e-01 0.00000000e+00
3.60309951e-01 0.00000000e+00
3.61420305e-01 0.00000000e+00
3.62530660e-01 0.00000000e+00
3.63641014e-01 0.00000000e+00
3.64751368e-01 0.00000000e+00
3.65861722e-01 0.00000000e+00
3.66972077e-01 0.00000000e+00
3.68082431e-01 0.00000000e+00
3.69192785e-01 0.00000000e+00
3.70303139e-01 0.00000000e+00
3.71413494e-01 0.00000000e+00
3.72523848e-01 0.00000000e+00
3.73634202e-01 0.00000000e+00
3.74744556e-01 0.00000000e+00
3.75854911e-01 0.00000000e+00
3.76965265e-01 0.00000000e+00
3.78075619e-01 0.00000000e+00
3.79185973e-01 0.00000000e+00
3.80296327e-01 0.00000000e+00
3.81406682e-01 0.00000000e+00
3.82517036e-01 0.00000000e+00
3.83627390e-01 0.00000000e+00
3.84737744e-01 0.00000000e+00
3.85848099e-01 0.00000000e+00
3.86958453e-01 0.00000000e+00
3.88068807e-01 0.00000000e+00
3.89179161e-01 0.00000000e+00
3.90289516e-01 0.00000000e+00
3.91399870e-01 0.00000000e+00
3.92510224e-01 0.00000000e+00
3.93620578e-01 0.00000000e+00
3.94730933e-01 0.00000000e+00
3.95841287e-01 0.00000000e+00
3.96951641e-01 0.00000000e+00
3.98061995e-01 0.00000000e+00
3.99172350e-01 0.00000000e+00
4.00282704e-01 0.00000000e+00
4.01393058e-01 0.00000000e+00
4.02503412e-01 0.00000000e+00
4.03613767e-01 0.00000000e+00
4.04724121e-01 0.00000000e+00
4.05834475e-01 0.00000000e+00
4.06944829e-01 0.00000000e+00
4.08055184e-01 0.00000000e+00
4.09165538e-01 0.00000000e+00
4.10275892e-01 0.00000000e+00
4.11386246e-01 0.00000000e+00
4.12496600e-01 0.00000000e+00
4.13606955e-01 0.00000000e+00
4.14717309e-01 0.00000000e+00
4.15827663e-01 0.00000000e+00
4.16938017e-01 0.00000000e+00
4.18048372e-01 0.00000000e+00
4.19158726e-01 0.00000000e+00
4.20269080e-01 0.00000000e+00
4.21379434e-01 0.00000000e+00
4.22489789e-01 0.00000000e+00
4.23600143e-01 0.00000000e+00
4.24710497e-01 0.00000000e+00
4.25820851e-01 0.00000000e+00
4.26931206e-01 0.00000000e+00
4.28041560e-01 0.00000000e+00
4.29151914e-01 0.00000000e+00
4.30262268e-01 0.00000000e+00
4.31372623e-01 0.00000000e+00
4.32482977e-01 0.00000000e+00
4.33593331e-01 0.00000000e+00
4.34703685e-01 0.00000000e+00
4.35814040e-01 0.00000000e+00
4.36924394e-01 0.00000000e+00
4.38034748e-01 0.00000000e+00
4.39145102e-01 0.00000000e+00
4.40255456e-01 0.00000000e+00
4.41365811e-01 0.00000000e+00
4.42476165e-01 0.00000000e+00
4.43586519e-01 0.00000000e+00
4.44696873e-01 0.00000000e+00
4.45807228e-01 0.00000000e+00
4.46917582e-01 0.00000000e+00
4.48027936e-01 0.00000000e+00
4.49138290e-01 0.00000000e+00
4.50248645e-01 0.00000000e+00
4.51358999e-01 0.00000000e+00
4.52469353e-01 0.00000000e+00
4.53579707e-01 0.00000000e+00
4.54690062e-01 0.00000000e+00
4.55800416e-01 0.00000000e+00
4.56910770e-01 0.00000000e+00
4.58021124e-01 0.00000000e+00
4.59131479e-01 0.00000000e+00
4.60241833e-01 0.00000000e+00
4.61352187e-01 0.00000000e+00
4.62462541e-01 0.00000000e+00
4.63572896e-01 0.00000000e+00
4.64683250e-01 0.00000000e+00
4.65793604e-01 0.00000000e+00
4.66903958e-01 0.00000000e+00
4.68014313e-01 0.00000000e+00
4.69124667e-01 0.00000000e+00
4.70235021e-01 0.00000000e+00
4.71345375e-01 0.00000000e+00
4.72455729e-01 0.00000000e+00
4.73566084e-01 0.00000000e+00
4.74676438e-01 0.00000000e+00
4.75786792e-01 0.00000000e+00
4.76897146e-01 0.00000000e+00
4.78007501e-01 0.00000000e+00
4.79117855e-01 0.00000000e+00
4.80228209e-01 0.00000000e+00
4.81338563e-01 0.00000000e+00
4.82448918e-01 0.00000000e+00
4.83559272e-01 0.00000000e+00
4.84669626e-01 0.00000000e+00
4.85779980e-01 0.00000000e+00
4.86890335e-01 0.00000000e+00
4.88000689e-01 0.00000000e+00
4.89111043e-01 0.00000000e+00
4.90221397e-01 0.00000000e+00
4.91331752e-01 0.00000000e+00
4.92442106e-01 0.00000000e+00
4.93552460e-01 0.00000000e+00
4.94662814e-01 0.00000000e+00
4.95773169e-01 0.00000000e+00
4.96883523e-01 0.00000000e+00
4.97993877e-01 0.00000000e+00
4.99104231e-01 0.00000000e+00
5.00214585e-01 0.00000000e+00
0.00000000e+00 5.55177120e-04
0.00000000e+00 1.66553136e-03
0.00000000e+00 2.77588560e-03
0.00000000e+00 3.88623984e-03
0.00000000e+00 4.99659408e-03
0.00000000e+00 6.10694832e-03
0.00000000e+00 7.21730257e-03
0.00000000e+00 8.32765681e-03
0.00000000e+00 9.43801105e-03
0.00000000e+00 1.05483653e-02
0.00000000e+00 1.16587195e-02
0.00000000e+00 1.27690738e-02
0.00000000e+00 1.38794280e-02
0.00000000e+00 1.49897823e-02
0.00000000e+00 1.61001365e-02
0.00000000e+00 1.72104907e-02
0.00000000e+00 1.83208450e-02
0.00000000e+00 1.94311992e-02
0.00000000e+00 2.05415535e-02
0.00000000e+00 2.16519077e-02
0.00000000e+00 2.27622619e-02
0.00000000e+00 2.38726162e-02
0.00000000e+00 2.49829704e-02
0.00000000e+00 2.60933247e-02
0.00000000e+00 2.72036789e-02
0.00000000e+00 2.83140331e-02
0.00000000e+00 2.94243874e-02
0.00000000e+00 3.05347416e-02
0.00000000e+00 3.16450959e-02
0.00000000e+00 3.27554501e-02
0.00000000e+00 3.38658043e-02
0.00000000e+00 3.49761586e-02
0.00000000e+00 3.60865128e-02
0.00000000e+00 3.71968671e-02
0.00000000e+00 3.83072213e-02
0.00000000e+00 3.94175755e-02
0.00000000e+00 4.05279298e-02
0.00000000e+00 4.16382840e-02
0.00000000e+00 4.27486383e-02
0.00000000e+00 4.38589925e-02
0.00000000e+00 4.49693468e-02
0.00000000e+00 4.60797010e-02
0.00000000e+00 4.71900552e-02
0.00000000e+00 4.83004095e-02
0.00000000e+00 4.94107637e-02
0.00000000e+00 5.05211180e-02
0.00000000e+00 5.16314722e-02
0.00000000e+00 5.27418264e-02
0.00000000e+00 5.38521807e-02
0.00000000e+00 5.49625349e-02
0.00000000e+00 5.60728892e-02
0.00000000e+00 5.71832434e-02
0.00000000e+00 5.82935976e-02
0.00000000e+00 5.94039519e-02
0.00000000e+00 6.05143061e-02
0.00000000e+00 6.16246604e-02
0.00000000e+00 6.27350146e-02
0.00000000e+00 6.38453688e-02
0.00000000e+00 6.49557231e-02
0.00000000e+00 6.60660773e-02
0.00000000e+00 6.71764316e-02
0.00000000e+00 6.82867858e-02
0.00000000e+00 6.93971401e-02
0.00000000e+00 7.05074943e-02
0.00000000e+00 7.16178485e-02
0.00000000e+00 7.27282028e-02
0.00000000e+00 7.38385570e-02
0.00000000e+00 7.49489113e-02
0.00000000e+00 7.60592655e-02
0.00000000e+00 7.71696197e-02
0.00000000e+00 7.82799740e-02
0.00000000e+00 7.93903282e-02
0.00000000e+00 8.05006825e-02
0.00000000e+00 8.16110367e-02
0.00000000e+00 8.27213909e-02
0.00000000e+00 8.38317452e-02
0.00000000e+00 8.49420994e-02
0.00000000e+00 8.60524537e-02
0.00000000e+00 8.71628079e-02
0.00000000e+00 8.82731621e-02
0.00000000e+00 8.93835164e-02
0.00000000e+00 9.04938706e-02
0.00000000e+00 9.16042249e-02
0.00000000e+00 9.27145791e-02
0.00000000e+00 9.38249333e-02
0.00000000e+00 9.49352876e-02
0.00000000e+00 9.60456418e-02
0.00000000e+00 9.71559961e-02
0.00000000e+00 9.82663503e-02
0.00000000e+00 9.93767046e-02
0.00000000e+00 1.00487059e-01
0.00000000e+00 1.01597413e-01
0.00000000e+00 1.02707767e-01
0.00000000e+00 1.03818122e-01
0.00000000e+00 1.04928476e-01
0.00000000e+00 1.06038830e-01
0.00000000e+00 1.07149184e-01
0.00000000e+00 1.08259538e-01
0.00000000e+00 1.09369893e-01
0.00000000e+00 1.10480247e-01
0.00000000e+00 1.11590601e-01
0.00000000e+00 1.12700955e-01
0.00000000e+00 1.13811310e-01
0.00000000e+00 1.14921664e-01
0.00000000e+00 1.16032018e-01
0.00000000e+00 1.17142372e-01
0.00000000e+00 1.18252727e-01
0.00000000e+00 1.19363081e-01
0.00000000e+00 1.20473435e-01
0.00000000e+00 1.21583789e-01
0.00000000e+00 1.22694144e-01
0.00000000e+00 1.23804498e-01
0.00000000e+00 1.24914852e-01
0.00000000e+00 1.26025206e-01
0.00000000e+00 1.27135561e-01
0.00000000e+00 1.28245915e-01
0.00000000e+00 1.29356269e-01
0.00000000e+00 1.30466623e-01
0.00000000e+00 1.31576978e-01
0.00000000e+00 1.32687332e-01
0.00000000e+00 1.33797686e-01
0.00000000e+00 1.34908040e-01
0.00000000e+00 1.36018395e-01
0.00000000e+00 1.37128749e-01
0.00000000e+00 1.38239103e-01
0.00000000e+00 1.39349457e-01
0.00000000e+00 1.40459811e-01
0.00000000e+00 1.41570166e-01
0.00000000e+00 1.42680520e-01
0.00000000e+00 1.43790874e-01
0.00000000e+00 1.44901228e-01
0.00000000e+00 1.46011583e-01
0.00000000e+00 1.47121937e-01
0.00000000e+00 1.48232291e-01
0.00000000e+00 1.49342645e-01
0.00000000e+00 1.50453000e-01
0.00000000e+00 1.51563354e-01
0.00000000e+00 1.52673708e-01
0.00000000e+00 1.53784062e-01
0.00000000e+00 1.54894417e-01
0.00000000e+00 1.56004771e-01
0.00000000e+00 1.57115125e-01
0.00000000e+00 1.58225479e-01
0.00000000e+00 1.59335834e-01
0.00000000e+00 1.60446188e-01
0.00000000e+00 1.61556542e-01
0.00000000e+00 1.62666896e-01
0.00000000e+00 1.63777251e-01
0.00000000e+00 1.64887605e-01
0.00000000e+00 1.65997959e-01
0.00000000e+00 1.67108313e-01
0.00000000e+00 1.68218667e-01
0.00000000e+00 1.69329022e-01
0.00000000e+00 1.70439376e-01
0.00000000e+00 1.71549730e-01
0.00000000e+00 1.72660084e-01
0.00000000e+00 1.73770439e-01
0.00000000e+00 1.74880793e-01
0.00000000e+00 1.75991147e-01
0.00000000e+00 1.77101501e-01
0.00000000e+00 1.78211856e-01
0.00000000e+00 1.79322210e-01
0.00000000e+00 1.80432564e-01
0.00000000e+00 1.81542918e-01
0.00000000e+00 1.82653273e-01
0.00000000e+00 1.83763627e-01
0.00000000e+00 1.84873981e-01
0.00000000e+00 1.85984335e-01
0.00000000e+00 1.87094690e-01
0.00000000e+00 1.88205044e-01
0.00000000e+00 1.89315398e-01
0.00000000e+00 1.90425752e-01
0.00000000e+00 1.91536107e-01
0.00000000e+00 1.92646461e-01
0.00000000e+00 1.93756815e-01
0.00000000e+00 1.94867169e-01
0.00000000e+00 1.95977524e-01
0.00000000e+00 1.97087878e-01
0.00000000e+00 1.98198232e-01
0.00000000e+00 1.99308586e-01
0.00000000e+00 2.00418940e-01
0.00000000e+00 2.01529295e-01
0.00000000e+00 2.02639649e-01
0.00000000e+00 2.03750003e-01
0.00000000e+00 2.04860357e-01
0.00000000e+00 2.05970712e-01
0.00000000e+00 2.07081066e-01
0.00000000e+00 2.08191420e-01
0.00000000e+00 2.09301774e-01
0.00000000e+00 2.10412129e-01
0.00000000e+00 2.11522483e-01
0.00000000e+00 2.12632837e-01
0.00000000e+00 2.13743191e-01
0.00000000e+00 2.14853546e-01
0.00000000e+00 2.15963900e-01
0.00000000e+00 2.17074254e-01
0.00000000e+00 2.18184608e-01
0.00000000e+00 2.19294963e-01
0.00000000e+00 2.20405317e-01
0.00000000e+00 2.21515671e-01
0.00000000e+00 2.22626025e-01
0.00000000e+00 2.23736380e-01
0.00000000e+00 2.24846734e-01
0.00000000e+00 2.25957088e-01
0.00000000e+00 2.27067442e-01
0.00000000e+00 2.28177796e-01
0.00000000e+00 2.29288151e-01
0.00000000e+00 2.30398505e-01
0.00000000e+00 2.31508859e-01
0.00000000e+00 2.32619213e-01
0.00000000e+00 2.33729568e-01
0.00000000e+00 2.34839922e-01
0.00000000e+00 2.35950276e-01
0.00000000e+00 2.37060630e-01
0.00000000e+00 2.38170985e-01
0.00000000e+00 2.39281339e-01
0.00000000e+00 2.40391693e-01
0.00000000e+00 2.41502047e-01
0.00000000e+00 2.42612402e-01
0.00000000e+00 2.43722756e-01
0.00000000e+00 2.44833110e-01
0.00000000e+00 2.45943464e-01
0.00000000e+00 2.47053819e-01
0.00000000e+00 2.48164173e-01
0.00000000e+00 2.49274527e-01
0.00000000e+00 2.50384881e-01
0.00000000e+00 2.51495236e-01
0.00000000e+00 2.52605590e-01
0.00000000e+00 2.53715944e-01
0.00000000e+00 2.54826298e-01
0.00000000e+00 2.55936653e-01
0.00000000e+00 2.57047007e-01
0.00000000e+00 2.58157361e-01
0.00000000e+00 2.59267715e-01
0.00000000e+00 2.60378069e-01
0.00000000e+00 2.61488424e-01
0.00000000e+00 2.62598778e-01
0.00000000e+00 2.63709132e-01
0.00000000e+00 2.64819486e-01
0.00000000e+00 2.65929841e-01
0.00000000e+00 2.67040195e-01
0.00000000e+00 2.68150549e-01
0.00000000e+00 2.69260903e-01
0.00000000e+00 2.70371258e-01
0.00000000e+00 2.71481612e-01
0.00000000e+00 2.72591966e-01
0.00000000e+00 2.73702320e-01
0.00000000e+00 2.74812675e-01
0.00000000e+00 2.75923029e-01
0.00000000e+00 2.77033383e-01
0.00000000e+00 2.78143737e-01
0.00000000e+00 2.79254092e-01
0.00000000e+00 2.80364446e-01
0.00000000e+00 2.81474800e-01
0.00000000e+00 2.82585154e-01
0.00000000e+00 2.83695509e-01
0.00000000e+00 2.84805863e-01
0.00000000e+00 2.85916217e-01
0.00000000e+00 2.87026571e-01
0.00000000e+00 2.88136925e-01
0.00000000e+00 2.89247280e-01
0.00000000e+00 2.90357634e-01
0.00000000e+00 2.91467988e-01
0.00000000e+00 2.92578342e-01
0.00000000e+00 2.93688697e-01
0.00000000e+00 2.94799051e-01
0.00000000e+00 2.95909405e-01
0.00000000e+00 2.97019759e-01
0.00000000e+00 2.98130114e-01
0.00000000e+00 2.99240468e-01
0.00000000e+00 3.00350822e-01
0.00000000e+00 3.01461176e-01
0.00000000e+00 3.02571531e-01
0.00000000e+00 3.03681885e-01
0.00000000e+00 3.04792239e-01
0.00000000e+00 3.05902593e-01
0.00000000e+00 3.07012948e-01
0.00000000e+00 3.08123302e-01
0.00000000e+00 3.09233656e-01
0.00000000e+00 3.10344010e-01
0.00000000e+00 3.11454365e-01
0.00000000e+00 3.12564719e-01
0.00000000e+00 3.13675073e-01
0.00000000e+00 3.14785427e-01
0.00000000e+00 3.15895782e-01
0.00000000e+00 3.17006136e-01
0.00000000e+00 3.18116490e-01
0.00000000e+00 3.19226844e-01
0.00000000e+00 3.20337198e-01
0.00000000e+00 3.21447553e-01
0.00000000e+00 3.22557907e-01
0.00000000e+00 3.23668261e-01
0.00000000e+00 3.24778615e-01
0.00000000e+00 3.25888970e-01
0.00000000e+00 3.26999324e-01
0.00000000e+00 3.28109678e-01
0.00000000e+00 3.29220032e-01
0.00000000e+00 3.30330387e-01
0.00000000e+00 3.31440741e-01
0.00000000e+00 3.32551095e-01
0.00000000e+00 3.33661449e-01
0.00000000e+00 3.34771804e-01
0.00000000e+00 3.35882158e-01
0.00000000e+00 3.36992512e-01
0.00000000e+00 3.38102866e-01
0.00000000e+00 3.39213221e-01
0.00000000e+00 3.40323575e-01
0.00000000e+00 3.41433929e-01
0.00000000e+00 3.42544283e-01
0.00000000e+00 3.43654638e-01
0.00000000e+00 3.44764992e-01
0.00000000e+00 3.45875346e-01
0.00000000e+00 3.46985700e-01
0.00000000e+00 3.48096054e-01
0.00000000e+00 3.49206409e-01
0.00000000e+00 3.50316763e-01
0.00000000e+00 3.51427117e-01
0.00000000e+00 3.52537471e-01
0.00000000e+00 3.53647826e-01
0.00000000e+00 3.54758180e-01
0.00000000e+00 3.55868534e-01
0.00000000e+00 3.56978888e-01
0.00000000e+00 3.58089243e-01
0.00000000e+00 3.59199597e-01
0.00000000e+00 3.60309951e-01
0.00000000e+00 3.61420305e-01
0.00000000e+00 3.62530660e-01
0.00000000e+00 3.63641014e-01
0.00000000e+00 3.64751368e-01
0.00000000e+00 3.65861722e-01
0.00000000e+00 3.66972077e-01
0.00000000e+00 3.68082431e-01
0.00000000e+00 3.69192785e-01
0.00000000e+00 3.70303139e-01
0.00000000e+00 3.71413494e-01
0.00000000e+00 3.72523848e-01
0.00000000e+00 3.73634202e-01
0.00000000e+00 3.74744556e-01
0.00000000e+00 3.75854911e-01
0.00000000e+00 3.76965265e-01
0.00000000e+00 3.78075619e-01
0.00000000e+00 3.79185973e-01
0.00000000e+00 3.80296327e-01
0.00000000e+00 3.81406682e-01
0.00000000e+00 3.82517036e-01
0.00000000e+00 3.83627390e-01
0.00000000e+00 3.84737744e-01
0.00000000e+00 3.85848099e-01
0.00000000e+00 3.86958453e-01
0.00000000e+00 3.88068807e-01
0.00000000e+00 3.89179161e-01
0.00000000e+00 3.90289516e-01
0.00000000e+00 3.91399870e-01
0.00000000e+00 3.92510224e-01
0.00000000e+00 3.93620578e-01
0.00000000e+00 3.94730933e-01
0.00000000e+00 3.95841287e-01
0.00000000e+00 3.96951641e-01
0.00000000e+00 3.98061995e-01
0.00000000e+00 3.99172350e-01
0.00000000e+00 4.00282704e-01
0.00000000e+00 4.01393058e-01
0.00000000e+00 4.02503412e-01
0.00000000e+00 4.03613767e-01
0.00000000e+00 4.04724121e-01
0.00000000e+00 4.05834475e-01
0.00000000e+00 4.06944829e-01
0.00000000e+00 4.08055184e-01
0.00000000e+00 4.09165538e-01
0.00000000e+00 4.10275892e-01
0.00000000e+00 4.11386246e-01
0.00000000e+00 4.12496600e-01
0.00000000e+00 4.13606955e-01
0.00000000e+00 4.14717309e-01
0.00000000e+00 4.15827663e-01
0.00000000e+00 4.16938017e-01
0.00000000e+00 4.18048372e-01
0.00000000e+00 4.19158726e-01
0.00000000e+00 4.20269080e-01
0.00000000e+00 4.21379434e-01
0.00000000e+00 4.22489789e-01
0.00000000e+00 4.23600143e-01
0.00000000e+00 4.24710497e-01
0.00000000e+00 4.25820851e-01
0.00000000e+00 4.26931206e-01
0.00000000e+00 4.28041560e-01
0.00000000e+00 4.29151914e-01
0.00000000e+00 4.30262268e-01
0.00000000e+00 4.31372623e-01
0.00000000e+00 4.32482977e-01
0.00000000e+00 4.33593331e-01
0.00000000e+00 4.34703685e-01
0.00000000e+00 4.35814040e-01
0.00000000e+00 4.36924394e-01
0.00000000e+00 4.38034748e-01
0.00000000e+00 4.39145102e-01
0.00000000e+00 4.40255456e-01
0.00000000e+00 4.41365811e-01
0.00000000e+00 4.42476165e-01
0.00000000e+00 4.43586519e-01
0.00000000e+00 4.44696873e-01
0.00000000e+00 4.45807228e-01
0.00000000e+00 4.46917582e-01
0.00000000e+00 4.48027936e-01
0.00000000e+00 4.49138290e-01
0.00000000e+00 4.50248645e-01
0.00000000e+00 4.51358999e-01
0.00000000e+00 4.52469353e-01
0.00000000e+00 4.53579707e-01
0.00000000e+00 4.54690062e-01
0.00000000e+00 4.55800416e-01
0.00000000e+00 4.56910770e-01
0.00000000e+00 4.58021124e-01
0.00000000e+00 4.59131479e-01
0.00000000e+00 4.60241833e-01
0.00000000e+00 4.61352187e-01
0.00000000e+00 4.62462541e-01
0.00000000e+00 4.63572896e-01
0.00000000e+00 4.64683250e-01
0.00000000e+00 4.65793604e-01
0.00000000e+00 4.66903958e-01
0.00000000e+00 4.68014313e-01
0.00000000e+00 4.69124667e-01
0.00000000e+00 4.70235021e-01
0.00000000e+00 4.71345375e-01
0.00000000e+00 4.72455729e-01
0.00000000e+00 4.73566084e-01
0.00000000e+00 4.74676438e-01
0.00000000e+00 4.75786792e-01
0.00000000e+00 4.76897146e-01
0.00000000e+00 4.78007501e-01
0.00000000e+00 4.79117855e-01
0.00000000e+00 4.80228209e-01
0.00000000e+00 4.81338563e-01
0.00000000e+00 4.82448918e-01
0.00000000e+00 4.83559272e-01
0.00000000e+00 4.84669626e-01
0.00000000e+00 4.85779980e-01
0.00000000e+00 4.86890335e-01
0.00000000e+00 4.88000689e-01
0.00000000e+00 4.89111043e-01
0.00000000e+00 4.90221397e-01
0.00000000e+00 4.91331752e-01
0.00000000e+00 4.92442106e-01
0.00000000e+00 4.93552460e-01
0.00000000e+00 4.94662814e-01
0.00000000e+00 4.95773169e-01
0.00000000e+00 4.96883523e-01
0.00000000e+00 4.97993877e-01
0.00000000e+00 4.99104231e-01
0.00000000e+00 5.00214585e-01
