% ======================================================
% L-Bracket Method of Moments Solution
% ======================================================
% Frequency: 6.400 GHz
% Wavelength: 0.046843 m
% Segments: N=2136 (1068 horiz + 1068 vert)
% Transmitter: (25.0000, 25.0000) m
%
% Solver: SSOR with hierarchical omega
% omega = 0.1080
% iterations = 350
% convergence = 9.57e-10
% time = 114.64 seconds
% ======================================================
% Format: (real, imaginary) current coefficients
% ======================================================
( 1.04208114e-06, 1.31905336e-06)
( 4.16980873e-06, 3.87367101e-06)
( 7.07748472e-06, 6.37534517e-06)
( 9.96437084e-06, 8.87142005e-06)
( 1.28260885e-05, 1.13523306e-05)
( 1.56595823e-05, 1.38121561e-05)
( 1.84604043e-05, 1.62455611e-05)
( 2.12236389e-05, 1.86474848e-05)
( 2.39441955e-05, 2.10130335e-05)
( 2.66169353e-05, 2.33374409e-05)
( 2.92367389e-05, 2.56160545e-05)
( 3.17985446e-05, 2.78443322e-05)
( 3.42973749e-05, 3.00178447e-05)
( 3.67283559e-05, 3.21322794e-05)
( 3.90867327e-05, 3.41834470e-05)
( 4.13678827e-05, 3.61672873e-05)
( 4.35673273e-05, 3.80798764e-05)
( 4.56807421e-05, 3.99174333e-05)
( 4.77039671e-05, 4.16763273e-05)
( 4.96330157e-05, 4.33530838e-05)
( 5.14640829e-05, 4.49443919e-05)
( 5.31935535e-05, 4.64471097e-05)
( 5.48180097e-05, 4.78582707e-05)
( 5.63342379e-05, 4.91750896e-05)
( 5.77392355e-05, 5.03949674e-05)
( 5.90302167e-05, 5.15154965e-05)
( 6.02046185e-05, 5.25344654e-05)
( 6.12601055e-05, 5.34498629e-05)
( 6.21945751e-05, 5.42598820e-05)
( 6.30061613e-05, 5.49629234e-05)
( 6.36932387e-05, 5.55575988e-05)
( 6.42544259e-05, 5.60427330e-05)
( 6.46885880e-05, 5.64173670e-05)
( 6.49948392e-05, 5.66807593e-05)
( 6.51725445e-05, 5.68323873e-05)
( 6.52213213e-05, 5.68719487e-05)
( 6.51410396e-05, 5.67993617e-05)
( 6.49318232e-05, 5.66147654e-05)
( 6.45940490e-05, 5.63185192e-05)
( 6.41283463e-05, 5.59112025e-05)
( 6.35355960e-05, 5.53936133e-05)
( 6.28169290e-05, 5.47667663e-05)
( 6.19737233e-05, 5.40318917e-05)
( 6.10076026e-05, 5.31904321e-05)
( 5.99204320e-05, 5.22440399e-05)
( 5.87143153e-05, 5.11945739e-05)
( 5.73915907e-05, 5.00440959e-05)
( 5.59548258e-05, 4.87948666e-05)
( 5.44068136e-05, 4.74493408e-05)
( 5.27505661e-05, 4.60101630e-05)
( 5.09893093e-05, 4.44801620e-05)
( 4.91264764e-05, 4.28623455e-05)
( 4.71657013e-05, 4.11598939e-05)
( 4.51108115e-05, 3.93761544e-05)
( 4.29658210e-05, 3.75146340e-05)
( 4.07349217e-05, 3.55789931e-05)
( 3.84224762e-05, 3.35730381e-05)
( 3.60330085e-05, 3.15007137e-05)
( 3.35711954e-05, 2.93660954e-05)
( 3.10418578e-05, 2.71733817e-05)
( 2.84499506e-05, 2.49268853e-05)
( 2.58005533e-05, 2.26310250e-05)
( 2.30988604e-05, 2.02903171e-05)
( 2.03501705e-05, 1.79093663e-05)
( 1.75598766e-05, 1.54928568e-05)
( 1.47334551e-05, 1.30455429e-05)
( 1.18764553e-05, 1.05722399e-05)
( 8.99448829e-06, 8.07781469e-06)
( 6.09321610e-06, 5.56717578e-06)
( 3.17834050e-06, 3.04526412e-06)
( 2.55591782e-07, 5.17043116e-07)
(-2.66928249e-06,-2.01251100e-06)
(-5.59052882e-06,-4.53841901e-06)
(-8.50239911e-06,-7.05570847e-06)
(-1.13991620e-05,-9.55942347e-06)
(-1.42751141e-05,-1.20446344e-05)
(-1.71245914e-05,-1.45064477e-05)
(-1.99419803e-05,-1.69400153e-05)
(-2.27217288e-05,-1.93405443e-05)
(-2.54583574e-05,-2.17033065e-05)
(-2.81464701e-05,-2.40236473e-05)
(-3.07807648e-05,-2.62969955e-05)
(-3.33560441e-05,-2.85188714e-05)
(-3.58672255e-05,-3.06848967e-05)
(-3.83093512e-05,-3.27908021e-05)
(-4.06775986e-05,-3.48324364e-05)
(-4.29672892e-05,-3.68057745e-05)
(-4.51738982e-05,-3.87069250e-05)
(-4.72930636e-05,-4.05321382e-05)
(-4.93205948e-05,-4.22778137e-05)
(-5.12524808e-05,-4.39405069e-05)
(-5.30848983e-05,-4.55169363e-05)
(-5.48142195e-05,-4.70039896e-05)
(-5.64370192e-05,-4.83987302e-05)
(-5.79500816e-05,-4.96984029e-05)
(-5.93504069e-05,-5.09004389e-05)
(-6.06352173e-05,-5.20024617e-05)
(-6.18019623e-05,-5.30022910e-05)
(-6.28483244e-05,-5.38979476e-05)
(-6.37722232e-05,-5.46876570e-05)
(-6.45718200e-05,-5.53698530e-05)
(-6.52455214e-05,-5.59431808e-05)
(-6.57919824e-05,-5.64064997e-05)
(-6.62101097e-05,-5.67588856e-05)
(-6.64990631e-05,-5.69996322e-05)
(-6.66582581e-05,-5.71282533e-05)
(-6.66873668e-05,-5.71444830e-05)
(-6.65863184e-05,-5.70482769e-05)
(-6.63553000e-05,-5.68398117e-05)
(-6.59947559e-05,-5.65194852e-05)
(-6.55053870e-05,-5.60879153e-05)
(-6.48881492e-05,-5.55459392e-05)
(-6.41442522e-05,-5.48946113e-05)
(-6.32751567e-05,-5.41352016e-05)
(-6.22825716e-05,-5.32691928e-05)
(-6.11684511e-05,-5.22982779e-05)
(-5.99349905e-05,-5.12243563e-05)
(-5.85846221e-05,-5.00495307e-05)
(-5.71200103e-05,-4.87761026e-05)
(-5.55440469e-05,-4.74065677e-05)
(-5.38598447e-05,-4.59436115e-05)
(-5.20707318e-05,-4.43901035e-05)
(-5.01802452e-05,-4.27490918e-05)
(-4.81921236e-05,-4.10237972e-05)
(-4.61103001e-05,-3.92176066e-05)
(-4.39388944e-05,-3.73340668e-05)
(-4.16822047e-05,-3.53768769e-05)
(-3.93446994e-05,-3.33498816e-05)
(-3.69310080e-05,-3.12570632e-05)
(-3.44459122e-05,-2.91025341e-05)
(-3.18943361e-05,-2.68905285e-05)
(-2.92813370e-05,-2.46253940e-05)
(-2.66120946e-05,-2.23115832e-05)
(-2.38919016e-05,-1.99536448e-05)
(-2.11261525e-05,-1.75562149e-05)
(-1.83203335e-05,-1.51240073e-05)
(-1.54800110e-05,-1.26618048e-05)
(-1.26108211e-05,-1.01744493e-05)
(-9.71845796e-06,-7.66683247e-06)
(-6.80866292e-06,-5.14388611e-06)
(-3.88721271e-06,-2.61057226e-06)
(-9.59908187e-07,-7.18735105e-08)
( 1.96743728e-06, 2.46721690e-06)
( 4.88900936e-06, 5.00170495e-06)
( 7.79900433e-06, 7.52660570e-06)
( 1.06916406e-05, 1.00369532e-05)
( 1.35611703e-05, 1.25278102e-05)
( 1.64018907e-05, 1.49942781e-05)
( 1.92081554e-05, 1.74315064e-05)
( 2.19743859e-05, 1.98347027e-05)
( 2.46950824e-05, 2.21991418e-05)
( 2.73648351e-05, 2.45201752e-05)
( 2.99783347e-05, 2.67932403e-05)
( 3.25303830e-05, 2.90138696e-05)
( 3.50159034e-05, 3.11776993e-05)
( 3.74299511e-05, 3.32804782e-05)
( 3.97677227e-05, 3.53180759e-05)
( 4.20245660e-05, 3.72864913e-05)
( 4.41959893e-05, 3.91818601e-05)
( 4.62776702e-05, 4.10004629e-05)
( 4.82654643e-05, 4.27387323e-05)
( 5.01554136e-05, 4.43932603e-05)
( 5.19437541e-05, 4.59608047e-05)
( 5.36269238e-05, 4.74382957e-05)
( 5.52015693e-05, 4.88228422e-05)
( 5.66645529e-05, 5.01117370e-05)
( 5.80129587e-05, 5.13024630e-05)
( 5.92440982e-05, 5.23926975e-05)
( 6.03555163e-05, 5.33803171e-05)
( 6.13449954e-05, 5.42634018e-05)
( 6.22105607e-05, 5.50402393e-05)
( 6.29504834e-05, 5.57093276e-05)
( 6.35632845e-05, 5.62693787e-05)
( 6.40477378e-05, 5.67193209e-05)
( 6.44028723e-05, 5.70583008e-05)
( 6.46279741e-05, 5.72856853e-05)
( 6.47225878e-05, 5.74010626e-05)
( 6.46865176e-05, 5.74042432e-05)
( 6.45198274e-05, 5.72952603e-05)
( 6.42228412e-05, 5.70743695e-05)
( 6.37961417e-05, 5.67420486e-05)
( 6.32405698e-05, 5.62989965e-05)
( 6.25572228e-05, 5.57461318e-05)
( 6.17474520e-05, 5.50845911e-05)
( 6.08128599e-05, 5.43157266e-05)
( 5.97552977e-05, 5.34411035e-05)
( 5.85768609e-05, 5.24624968e-05)
( 5.72798853e-05, 5.13818879e-05)
( 5.58669426e-05, 5.02014606e-05)
( 5.43408351e-05, 4.89235968e-05)
( 5.27045900e-05, 4.75508715e-05)
( 5.09614538e-05, 4.60860481e-05)
( 4.91148852e-05, 4.45320726e-05)
( 4.71685488e-05, 4.28920678e-05)
( 4.51263074e-05, 4.11693271e-05)
( 4.29922147e-05, 3.93673080e-05)
( 4.07705067e-05, 3.74896250e-05)
( 3.84655939e-05, 3.55400427e-05)
( 3.60820521e-05, 3.35224681e-05)
( 3.36246132e-05, 3.14409428e-05)
( 3.10981563e-05, 2.92996350e-05)
( 2.85076975e-05, 2.71028313e-05)
( 2.58583803e-05, 2.48549278e-05)
( 2.31554649e-05, 2.25604219e-05)
( 2.04043183e-05, 2.02239029e-05)
( 1.76104032e-05, 1.78500428e-05)
( 1.47792676e-05, 1.54435874e-05)
( 1.19165333e-05, 1.30093465e-05)
( 9.02788483e-06, 1.05521844e-05)
( 6.11905855e-06, 8.07701011e-06)
( 3.19583085e-06, 5.58876784e-06)
( 2.64006895e-07, 3.09242686e-06)
(-2.67059097e-06, 5.92971726e-07)
(-5.60213473e-06,-1.90460770e-06)
(-8.52480222e-06,-4.39532617e-06)
(-1.14327887e-05,-6.87421300e-06)
(-1.43203185e-05,-9.33632196e-06)
(-1.71816560e-05,-1.17767412e-05)
(-2.00111176e-05,-1.41906028e-05)
(-2.28030824e-05,-1.65730929e-05)
(-2.55520037e-05,-1.89194608e-05)
(-2.82524198e-05,-2.12250289e-05)
(-3.08989649e-05,-2.34852016e-05)
(-3.34863795e-05,-2.56954745e-05)
(-3.60095210e-05,-2.78514439e-05)
(-3.84633736e-05,-2.99488146e-05)
(-4.08430586e-05,-3.19834095e-05)
(-4.31438437e-05,-3.39511771e-05)
(-4.53611521e-05,-3.58481998e-05)
(-4.74905723e-05,-3.76707020e-05)
(-4.95278658e-05,-3.94150571e-05)
(-5.14689763e-05,-4.10777950e-05)
(-5.33100371e-05,-4.26556090e-05)
(-5.50473789e-05,-4.41453622e-05)
(-5.66775371e-05,-4.55440938e-05)
(-5.81972583e-05,-4.68490250e-05)
(-5.96035070e-05,-4.80575643e-05)
(-6.08934714e-05,-4.91673129e-05)
(-6.20645688e-05,-5.01760693e-05)
(-6.31144508e-05,-5.10818337e-05)
(-6.40410077e-05,-5.18828118e-05)
(-6.48423730e-05,-5.25774184e-05)
(-6.55169263e-05,-5.31642805e-05)
(-6.60632972e-05,-5.36422400e-05)
(-6.64803674e-05,-5.40103561e-05)
(-6.67672732e-05,-5.42679067e-05)
(-6.69234070e-05,-5.44143901e-05)
(-6.69484181e-05,-5.44495260e-05)
(-6.68422140e-05,-5.43732557e-05)
(-6.66049601e-05,-5.41857424e-05)
(-6.62370791e-05,-5.38873706e-05)
(-6.57392508e-05,-5.34787455e-05)
(-6.51124100e-05,-5.29606915e-05)
(-6.43577448e-05,-5.23342507e-05)
(-6.34766945e-05,-5.16006805e-05)
(-6.24709464e-05,-5.07614512e-05)
(-6.13424325e-05,-4.98182432e-05)
(-6.00933256e-05,-4.87729430e-05)
(-5.87260350e-05,-4.76276399e-05)
(-5.72432019e-05,-4.63846215e-05)
(-5.56476939e-05,-4.50463693e-05)
(-5.39425992e-05,-4.36155534e-05)
(-5.21312209e-05,-4.20950274e-05)
(-5.02170703e-05,-4.04878225e-05)
(-4.82038598e-05,-3.87971413e-05)
(-4.60954956e-05,-3.70263517e-05)
(-4.38960702e-05,-3.51789798e-05)
(-4.16098542e-05,-3.32587029e-05)
(-3.92412877e-05,-3.12693423e-05)
(-3.67949721e-05,-2.92148555e-05)
(-3.42756604e-05,-2.70993284e-05)
(-3.16882482e-05,-2.49269668e-05)
(-2.90377641e-05,-2.27020884e-05)
(-2.63293596e-05,-2.04291139e-05)
(-2.35682992e-05,-1.81125585e-05)
(-2.07599501e-05,-1.57570225e-05)
(-1.79097714e-05,-1.33671822e-05)
(-1.50233037e-05,-1.09477809e-05)
(-1.21061580e-05,-8.50361921e-06)
(-9.16400478e-06,-6.03954536e-06)
(-6.20256306e-06,-3.56044590e-06)
(-3.22758899e-06,-1.07123575e-06)
(-2.44864701e-07, 1.42315145e-06)
( 2.73981305e-06, 3.91777321e-06)
( 5.72064420e-06, 6.40768791e-06)
( 8.69183670e-06, 8.88796465e-06)
( 1.16476178e-05, 1.13536930e-05)
( 1.45822455e-05, 1.37999927e-05)
( 1.74900196e-05, 1.62220233e-05)
( 2.03652926e-05, 1.86149937e-05)
( 2.32024813e-05, 2.09741719e-05)
( 2.59960772e-05, 2.32948936e-05)
( 2.87406574e-05, 2.55725724e-05)
( 3.14308953e-05, 2.78027079e-05)
( 3.40615708e-05, 2.99808951e-05)
( 3.66275804e-05, 3.21028329e-05)
( 3.91239475e-05, 3.41643327e-05)
( 4.15458316e-05, 3.61613261e-05)
( 4.38885382e-05, 3.80898735e-05)
( 4.61475276e-05, 3.99461715e-05)
( 4.83184240e-05, 4.17265603e-05)
( 5.03970237e-05, 4.34275309e-05)
( 5.23793035e-05, 4.50457320e-05)
( 5.42614287e-05, 4.65779763e-05)
( 5.60397599e-05, 4.80212469e-05)
( 5.77108609e-05, 4.93727032e-05)
( 5.92715048e-05, 5.06296860e-05)
( 6.07186805e-05, 5.17897232e-05)
( 6.20495984e-05, 5.28505339e-05)
( 6.32616962e-05, 5.38100334e-05)
( 6.43526432e-05, 5.46663367e-05)
( 6.53203457e-05, 5.54177622e-05)
( 6.61629503e-05, 5.60628352e-05)
( 6.68788479e-05, 5.66002900e-05)
( 6.74666766e-05, 5.70290730e-05)
( 6.79253246e-05, 5.73483440e-05)
( 6.82539322e-05, 5.75574781e-05)
( 6.84518935e-05, 5.76560665e-05)
( 6.85188576e-05, 5.76439175e-05)
( 6.84547292e-05, 5.75210562e-05)
( 6.82596687e-05, 5.72877248e-05)
( 6.79340924e-05, 5.69443817e-05)
( 6.74786709e-05, 5.64917005e-05)
( 6.68943285e-05, 5.59305685e-05)
( 6.61822410e-05, 5.52620848e-05)
( 6.53438336e-05, 5.44875578e-05)
( 6.43807780e-05, 5.36085031e-05)
( 6.32949892e-05, 5.26266393e-05)
( 6.20886218e-05, 5.15438857e-05)
( 6.07640660e-05, 5.03623574e-05)
( 5.93239426e-05, 4.90843613e-05)
( 5.77710982e-05, 4.77123917e-05)
( 5.61085993e-05, 4.62491250e-05)
( 5.43397268e-05, 4.46974141e-05)
( 5.24679695e-05, 4.30602834e-05)
( 5.04970171e-05, 4.13409217e-05)
( 4.84307532e-05, 3.95426768e-05)
( 4.62732477e-05, 3.76690480e-05)
( 4.40287490e-05, 3.57236799e-05)
( 4.17016754e-05, 3.37103543e-05)
( 3.92966071e-05, 3.16329836e-05)
( 3.68182766e-05, 2.94956021e-05)
( 3.42715601e-05, 2.73023588e-05)
( 3.16614675e-05, 2.50575086e-05)
( 2.89931330e-05, 2.27654044e-05)
( 2.62718049e-05, 2.04304879e-05)
( 2.35028357e-05, 1.80572814e-05)
( 2.06916710e-05, 1.56503786e-05)
( 1.78438396e-05, 1.32144356e-05)
( 1.49649423e-05, 1.07541618e-05)
( 1.20606412e-05, 8.27431057e-06)
( 9.13664837e-06, 5.77966999e-06)
( 6.19871496e-06, 3.27505340e-06)
( 3.25261982e-06, 7.65290072e-07)
( 3.04158287e-07,-1.74478434e-06)
(-2.64086922e-06,-4.25033718e-06)
(-5.57666850e-06,-6.74654827e-06)
(-8.49746294e-06,-9.22861926e-06)
(-1.13975048e-05,-1.16917830e-05)
(-1.42710866e-05,-1.41313129e-05)
(-1.71125520e-05,-1.65425320e-05)
(-1.99163074e-05,-1.89208219e-05)
(-2.26768323e-05,-2.12616323e-05)
(-2.53886909e-05,-2.35604892e-05)
(-2.80465419e-05,-2.58130038e-05)
(-3.06451499e-05,-2.80148809e-05)
(-3.31793950e-05,-3.01619276e-05)
(-3.56442835e-05,-3.22500607e-05)
(-3.80349573e-05,-3.42753151e-05)
(-4.03467035e-05,-3.62338513e-05)
(-4.25749642e-05,-3.81219627e-05)
(-4.47153449e-05,-3.99360827e-05)
(-4.67636238e-05,-4.16727917e-05)
(-4.87157597e-05,-4.33288233e-05)
(-5.05679003e-05,-4.49010710e-05)
(-5.23163898e-05,-4.63865938e-05)
(-5.39577763e-05,-4.77826217e-05)
(-5.54888185e-05,-4.90865613e-05)
(-5.69064924e-05,-5.02960005e-05)
(-5.82079972e-05,-5.14087130e-05)
(-5.93907611e-05,-5.24226625e-05)
(-6.04524465e-05,-5.33360066e-05)
(-6.13909544e-05,-5.41471003e-05)
(-6.22044294e-05,-5.48544987e-05)
(-6.28912627e-05,-5.54569599e-05)
(-6.34500960e-05,-5.59534474e-05)
(-6.38798242e-05,-5.63431316e-05)
(-6.41795976e-05,-5.66253913e-05)
(-6.43488238e-05,-5.67998151e-05)
(-6.43871692e-05,-5.68662017e-05)
(-6.42945598e-05,-5.68245600e-05)
(-6.40711814e-05,-5.66751094e-05)
(-6.37174796e-05,-5.64182787e-05)
(-6.32341587e-05,-5.60547053e-05)
(-6.26221811e-05,-5.55852340e-05)
(-6.18827653e-05,-5.50109148e-05)
(-6.10173836e-05,-5.43330010e-05)
(-6.00277595e-05,-5.35529463e-05)
(-5.89158645e-05,-5.26724023e-05)
(-5.76839142e-05,-5.16932144e-05)
(-5.63343645e-05,-5.06174189e-05)
(-5.48699066e-05,-4.94472383e-05)
(-5.32934619e-05,-4.81850767e-05)
(-5.16081767e-05,-4.68335157e-05)
(-4.98174158e-05,-4.53953086e-05)
(-4.79247560e-05,-4.38733750e-05)
(-4.59339797e-05,-4.22707954e-05)
(-4.38490669e-05,-4.05908043e-05)
(-4.16741880e-05,-3.88367845e-05)
(-3.94136954e-05,-3.70122603e-05)
(-3.70721153e-05,-3.51208900e-05)
(-3.46541385e-05,-3.31664593e-05)
(-3.21646116e-05,-3.11528734e-05)
(-2.96085272e-05,-2.90841493e-05)
(-2.69910144e-05,-2.69644084e-05)
(-2.43173287e-05,-2.47978677e-05)
(-2.15928415e-05,-2.25888318e-05)
(-1.88230295e-05,-2.03416845e-05)
(-1.60134643e-05,-1.80608802e-05)
(-1.31698011e-05,-1.57509348e-05)
(-1.02977673e-05,-1.34164174e-05)
(-7.40315190e-06,-1.10619409e-05)
(-4.49179332e-06,-8.69215286e-06)
(-1.56956823e-06,-6.31172690e-06)
( 1.35762027e-06,-3.92535309e-06)
( 4.28385429e-06,-1.53772893e-06)
( 7.20321298e-06, 8.46449870e-07)
( 1.01097843e-05, 3.22249861e-06)
( 1.29976768e-05, 5.58575273e-06)
( 1.58610315e-05, 7.93157697e-06)
( 1.86940332e-05, 1.02553745e-05)
( 2.14909227e-05, 1.25525956e-05)
( 2.42460079e-05, 1.48187472e-05)
( 2.69536755e-05, 1.70494009e-05)
( 2.96084019e-05, 1.92402023e-05)
( 3.22047648e-05, 2.13868789e-05)
( 3.47374539e-05, 2.34852491e-05)
( 3.72012812e-05, 2.55312297e-05)
( 3.95911924e-05, 2.75208445e-05)
( 4.19022763e-05, 2.94502316e-05)
( 4.41297752e-05, 3.13156513e-05)
( 4.62690942e-05, 3.31134931e-05)
( 4.83158110e-05, 3.48402828e-05)
( 5.02656847e-05, 3.64926897e-05)
( 5.21146643e-05, 3.80675324e-05)
( 5.38588973e-05, 3.95617857e-05)
( 5.54947372e-05, 4.09725860e-05)
( 5.70187516e-05, 4.22972373e-05)
( 5.84277288e-05, 4.35332160e-05)
( 5.97186844e-05, 4.46781763e-05)
( 6.08888681e-05, 4.57299544e-05)
( 6.19357687e-05, 4.66865729e-05)
( 6.28571200e-05, 4.75462448e-05)
( 6.36509050e-05, 4.83073766e-05)
( 6.43153608e-05, 4.89685718e-05)
( 6.48489821e-05, 4.95286333e-05)
( 6.52505242e-05, 4.99865659e-05)
( 6.55190064e-05, 5.03415784e-05)
( 6.56537136e-05, 5.05930845e-05)
( 6.56541985e-05, 5.07407048e-05)
( 6.55202825e-05, 5.07842667e-05)
( 6.52520564e-05, 5.07238055e-05)
( 6.48498803e-05, 5.05595635e-05)
( 6.43143838e-05, 5.02919902e-05)
( 6.36464641e-05, 4.99217408e-05)
( 6.28472853e-05, 4.94496754e-05)
( 6.19182758e-05, 4.88768570e-05)
( 6.08611259e-05, 4.82045494e-05)
( 5.96777847e-05, 4.74342148e-05)
( 5.83704564e-05, 4.65675106e-05)
( 5.69415963e-05, 4.56062866e-05)
( 5.53939060e-05, 4.45525809e-05)
( 5.37303279e-05, 4.34086159e-05)
( 5.19540403e-05, 4.21767941e-05)
( 5.00684507e-05, 4.08596933e-05)
( 4.80771892e-05, 3.94600612e-05)
( 4.59841018e-05, 3.79808102e-05)
( 4.37932426e-05, 3.64250116e-05)
( 4.15088661e-05, 3.47958894e-05)
( 3.91354185e-05, 3.30968139e-05)
( 3.66775295e-05, 3.13312951e-05)
( 3.41400027e-05, 2.95029757e-05)
( 3.15278066e-05, 2.76156236e-05)
( 2.88460643e-05, 2.56731248e-05)
( 2.61000440e-05, 2.36794754e-05)
( 2.32951480e-05, 2.16387737e-05)
( 2.04369022e-05, 1.95552120e-05)
( 1.75309456e-05, 1.74330684e-05)
( 1.45830182e-05, 1.52766980e-05)
( 1.15989504e-05, 1.30905244e-05)
( 8.58465114e-06, 1.08790310e-05)
( 5.54609608e-06, 8.64675159e-06)
( 2.48931575e-06, 6.39826167e-06)
(-5.79616459e-07, 4.13816924e-06)
(-3.65459641e-06, 1.87110546e-06)
(-6.72950141e-06,-3.98284513e-07)
(-9.79820241e-06,-2.66535090e-06)
(-1.28545763e-05,-4.92544859e-06)
(-1.58925182e-05,-7.17394645e-06)
(-1.89059534e-05,-9.40623666e-06)
(-2.18888499e-05,-1.16177439e-05)
(-2.48352303e-05,-1.38039347e-05)
(-2.77391839e-05,-1.59603264e-05)
(-3.05948783e-05,-1.80824960e-05)
(-3.33965713e-05,-2.01660898e-05)
(-3.61386225e-05,-2.22068312e-05)
(-3.88155044e-05,-2.42005300e-05)
(-4.14218138e-05,-2.61430907e-05)
(-4.39522823e-05,-2.80305207e-05)
(-4.64017874e-05,-2.98589384e-05)
(-4.87653623e-05,-3.16245811e-05)
(-5.10382062e-05,-3.33238126e-05)
(-5.32156939e-05,-3.49531307e-05)
(-5.52933850e-05,-3.65091741e-05)
(-5.72670333e-05,-3.79887293e-05)
(-5.91325948e-05,-3.93887374e-05)
(-6.08862363e-05,-4.07062997e-05)
(-6.25243429e-05,-4.19386846e-05)
(-6.40435254e-05,-4.30833323e-05)
(-6.54406272e-05,-4.41378604e-05)
(-6.67127307e-05,-4.51000689e-05)
(-6.78571632e-05,-4.59679445e-05)
(-6.88715023e-05,-4.67396650e-05)
(-6.97535810e-05,-4.74136027e-05)
(-7.05014917e-05,-4.79883283e-05)
(-7.11135908e-05,-4.84626134e-05)
(-7.15885014e-05,-4.88354336e-05)
(-7.19251165e-05,-4.91059699e-05)
(-7.21226013e-05,-4.92736115e-05)
(-7.21803948e-05,-4.93379560e-05)
(-7.20982112e-05,-4.92988114e-05)
(-7.18760404e-05,-4.91561958e-05)
(-7.15141483e-05,-4.89103378e-05)
(-7.10130762e-05,-4.85616763e-05)
(-7.03736398e-05,-4.81108594e-05)
(-6.95969279e-05,-4.75587433e-05)
(-6.86843000e-05,-4.69063907e-05)
(-6.76373839e-05,-4.61550690e-05)
(-6.64580724e-05,-4.53062474e-05)
(-6.51485198e-05,-4.43615943e-05)
(-6.37111376e-05,-4.33229739e-05)
(-6.21485898e-05,-4.21924427e-05)
(-6.04637874e-05,-4.09722454e-05)
(-5.86598833e-05,-3.96648102e-05)
(-5.67402655e-05,-3.82727442e-05)
(-5.47085508e-05,-3.67988283e-05)
(-5.25685777e-05,-3.52460113e-05)
(-5.03243986e-05,-3.36174045e-05)
(-4.79802719e-05,-3.19162748e-05)
(-4.55406539e-05,-3.01460391e-05)
(-4.30101897e-05,-2.83102565e-05)
(-4.03937042e-05,-2.64126216e-05)
(-3.76961926e-05,-2.44569573e-05)
(-3.49228105e-05,-2.24472065e-05)
(-3.20788638e-05,-2.03874248e-05)
(-2.91697983e-05,-1.82817720e-05)
(-2.62011890e-05,-1.61345037e-05)
(-2.31787290e-05,-1.39499626e-05)
(-2.01082185e-05,-1.17325703e-05)
(-1.69955531e-05,-9.48681778e-06)
(-1.38467127e-05,-7.21725644e-06)
(-1.06677492e-05,-4.92848912e-06)
(-7.46477499e-06,-2.62516063e-06)
(-4.24395092e-06,-3.11948340e-07)
(-1.01147405e-06, 2.00644722e-06)
( 2.22643435e-06, 4.32531192e-06)
( 5.46354105e-06, 6.63992759e-06)
( 8.69361308e-06, 8.94558155e-06)
( 1.19104299e-05, 1.12375762e-05)
( 1.51077954e-05, 1.35112385e-05)
( 1.82795506e-05, 1.57619296e-05)
( 2.14195847e-05, 1.79850539e-05)
( 2.45218481e-05, 2.01760689e-05)
( 2.75803633e-05, 2.23304939e-05)
( 3.05892370e-05, 2.44439195e-05)
( 3.35426716e-05, 2.65120163e-05)
( 3.64349762e-05, 2.85305437e-05)
( 3.92605781e-05, 3.04953589e-05)
( 4.20140329e-05, 3.24024247e-05)
( 4.46900360e-05, 3.42478182e-05)
( 4.72834321e-05, 3.60277386e-05)
( 4.97892256e-05, 3.77385148e-05)
( 5.22025900e-05, 3.93766131e-05)
( 5.45188775e-05, 4.09386441e-05)
( 5.67336277e-05, 4.24213701e-05)
( 5.88425764e-05, 4.38217109e-05)
( 6.08416637e-05, 4.51367507e-05)
( 6.27270417e-05, 4.63637440e-05)
( 6.44950821e-05, 4.75001206e-05)
( 6.61423830e-05, 4.85434916e-05)
( 6.76657753e-05, 4.94916537e-05)
( 6.90623290e-05, 5.03425938e-05)
( 7.03293584e-05, 5.10944931e-05)
( 7.14644277e-05, 5.17457311e-05)
( 7.24653550e-05, 5.22948883e-05)
( 7.33302167e-05, 5.27407495e-05)
( 7.40573512e-05, 5.30823063e-05)
( 7.46453617e-05, 5.33187588e-05)
( 7.50931192e-05, 5.34495175e-05)
( 7.53997637e-05, 5.34742045e-05)
( 7.55647068e-05, 5.33926539e-05)
( 7.55876318e-05, 5.32049127e-05)
( 7.54684946e-05, 5.29112403e-05)
( 7.52075237e-05, 5.25121079e-05)
( 7.48052190e-05, 5.20081979e-05)
( 7.42623517e-05, 5.14004023e-05)
( 7.35799617e-05, 5.06898209e-05)
( 7.27593559e-05, 4.98777588e-05)
( 7.18021055e-05, 4.89657245e-05)
( 7.07100428e-05, 4.79554259e-05)
( 6.94852574e-05, 4.68487675e-05)
( 6.81300923e-05, 4.56478464e-05)
( 6.66471389e-05, 4.43549479e-05)
( 6.50392322e-05, 4.29725409e-05)
( 6.33094450e-05, 4.15032732e-05)
( 6.14610818e-05, 3.99499656e-05)
( 5.94976727e-05, 3.83156069e-05)
( 5.74229660e-05, 3.66033473e-05)
( 5.52409213e-05, 3.48164922e-05)
( 5.29557015e-05, 3.29584957e-05)
( 5.05716648e-05, 3.10329535e-05)
( 4.80933563e-05, 2.90435958e-05)
( 4.55254989e-05, 2.69942796e-05)
( 4.28729848e-05, 2.48889812e-05)
( 4.01408653e-05, 2.27317878e-05)
( 3.73343413e-05, 2.05268900e-05)
( 3.44587535e-05, 1.82785726e-05)
( 3.15195720e-05, 1.59912066e-05)
( 2.85223855e-05, 1.36692405e-05)
( 2.54728909e-05, 1.13171907e-05)
( 2.23768822e-05, 8.93963344e-06)
( 1.92402393e-05, 6.54119498e-06)
( 1.60689171e-05, 4.12654270e-06)
( 1.28689335e-05, 1.70037573e-06)
( 9.64635856e-06,-7.32584362e-07)
( 6.40730233e-06,-3.16760296e-06)
( 3.15790353e-06,-5.59994175e-06)
(-9.56822690e-08,-8.02486814e-06)
(-3.34729439e-06,-1.04376646e-05)
(-6.59077875e-06,-1.28336379e-05)
(-9.81999960e-06,-1.52081286e-05)
(-1.30288512e-05,-1.75565198e-05)
(-1.62112692e-05,-1.98742467e-05)
(-1.93612427e-05,-2.21568052e-05)
(-2.24728250e-05,-2.43997608e-05)
(-2.55401452e-05,-2.65987574e-05)
(-2.85574194e-05,-2.87495257e-05)
(-3.15189613e-05,-3.08478914e-05)
(-3.44191935e-05,-3.28897836e-05)
(-3.72526574e-05,-3.48712425e-05)
(-4.00140240e-05,-3.67884270e-05)
(-4.26981038e-05,-3.86376222e-05)
(-4.52998562e-05,-4.04152466e-05)
(-4.78143999e-05,-4.21178590e-05)
(-5.02370211e-05,-4.37421649e-05)
(-5.25631830e-05,-4.52850230e-05)
(-5.47885342e-05,-4.67434508e-05)
(-5.69089165e-05,-4.81146308e-05)
(-5.89203734e-05,-4.93959155e-05)
(-6.08191569e-05,-5.05848322e-05)
(-6.26017346e-05,-5.16790878e-05)
(-6.42647969e-05,-5.26765734e-05)
(-6.58052623e-05,-5.35753673e-05)
(-6.72202840e-05,-5.43737395e-05)
(-6.85072543e-05,-5.50701540e-05)
(-6.96638106e-05,-5.56632720e-05)
(-7.06878386e-05,-5.61519542e-05)
(-7.15774771e-05,-5.65352626e-05)
(-7.23311211e-05,-5.68124622e-05)
(-7.29474246e-05,-5.69830221e-05)
(-7.34253035e-05,-5.70466160e-05)
(-7.37639372e-05,-5.70031230e-05)
(-7.39627704e-05,-5.68526273e-05)
(-7.40215136e-05,-5.65954178e-05)
(-7.39401442e-05,-5.62319871e-05)
(-7.37189059e-05,-5.57630307e-05)
(-7.33583086e-05,-5.51894447e-05)
(-7.28591273e-05,-5.45123244e-05)
(-7.22224002e-05,-5.37329616e-05)
(-7.14494272e-05,-5.28528420e-05)
(-7.05417672e-05,-5.18736416e-05)
(-6.95012348e-05,-5.07972241e-05)
(-6.83298974e-05,-4.96256360e-05)
(-6.70300705e-05,-4.83611032e-05)
(-6.56043142e-05,-4.70060262e-05)
(-6.40554273e-05,-4.55629751e-05)
(-6.23864428e-05,-4.40346846e-05)
(-6.06006216e-05,-4.24240485e-05)
(-5.87014465e-05,-4.07341140e-05)
(-5.66926155e-05,-3.89680755e-05)
(-5.45780350e-05,-3.71292684e-05)
(-5.23618119e-05,-3.52211627e-05)
(-5.00482461e-05,-3.32473557e-05)
(-4.76418223e-05,-3.12115656e-05)
(-4.51472014e-05,-2.91176237e-05)
(-4.25692116e-05,-2.69694674e-05)
(-3.99128395e-05,-2.47711324e-05)
(-3.71832200e-05,-2.25267448e-05)
(-3.43856272e-05,-2.02405133e-05)
(-3.15254639e-05,-1.79167213e-05)
(-2.86082515e-05,-1.55597181e-05)
(-2.56396194e-05,-1.31739115e-05)
(-2.26252944e-05,-1.07637586e-05)
(-1.95710895e-05,-8.33375778e-06)
(-1.64828931e-05,-5.88843999e-06)
(-1.33666576e-05,-3.43236036e-06)
(-1.02283881e-05,-9.70089515e-07)
(-7.07413092e-06, 1.49379498e-06)
(-3.90996184e-06, 3.95471721e-06)
(-7.41974752e-07, 6.40811144e-06)
( 2.42373016e-06, 8.84943064e-06)
( 5.58105812e-06, 1.12741549e-05)
( 8.72393140e-06, 1.36778000e-05)
( 1.18463010e-05, 1.60559253e-05)
( 1.49421584e-05, 1.84041423e-05)
( 1.80055469e-05, 2.07181227e-05)
( 2.10305732e-05, 2.29936061e-05)
( 2.40114189e-05, 2.52264078e-05)
( 2.69423513e-05, 2.74124270e-05)
( 2.98177352e-05, 2.95476533e-05)
( 3.26320429e-05, 3.16281750e-05)
( 3.53798658e-05, 3.36501853e-05)
( 3.80559240e-05, 3.56099897e-05)
( 4.06550775e-05, 3.75040125e-05)
( 4.31723352e-05, 3.93288033e-05)
( 4.56028655e-05, 4.10810428e-05)
( 4.79420052e-05, 4.27575492e-05)
( 5.01852687e-05, 4.43552835e-05)
( 5.23283569e-05, 4.58713551e-05)
( 5.43671656e-05, 4.73030267e-05)
( 5.62977934e-05, 4.86477191e-05)
( 5.81165496e-05, 4.99030158e-05)
( 5.98199613e-05, 5.10666672e-05)
( 6.14047806e-05, 5.21365943e-05)
( 6.28679905e-05, 5.31108924e-05)
( 6.42068115e-05, 5.39878343e-05)
( 6.54187067e-05, 5.47658733e-05)
( 6.65013872e-05, 5.54436455e-05)
( 6.74528164e-05, 5.60199724e-05)
( 6.82712146e-05, 5.64938623e-05)
( 6.89550623e-05, 5.68645125e-05)
( 6.95031031e-05, 5.71313098e-05)
( 6.99143471e-05, 5.72938319e-05)
( 7.01880724e-05, 5.73518477e-05)
( 7.03238267e-05, 5.73053175e-05)
( 7.03214288e-05, 5.71543929e-05)
( 7.01809686e-05, 5.68994160e-05)
( 6.99028076e-05, 5.65409189e-05)
( 6.94875781e-05, 5.60796225e-05)
( 6.89361822e-05, 5.55164344e-05)
( 6.82497903e-05, 5.48524479e-05)
( 6.74298389e-05, 5.40889392e-05)
( 6.64780280e-05, 5.32273650e-05)
( 6.53963180e-05, 5.22693597e-05)
( 6.41869258e-05, 5.12167323e-05)
( 6.28523208e-05, 5.00714631e-05)
( 6.13952204e-05, 4.88356996e-05)
( 5.98185843e-05, 4.75117524e-05)
( 5.81256092e-05, 4.61020914e-05)
( 5.63197227e-05, 4.46093409e-05)
( 5.44045761e-05, 4.30362743e-05)
( 5.23840383e-05, 4.13858098e-05)
( 5.02621872e-05, 3.96610043e-05)
( 4.80433025e-05, 3.78650480e-05)
( 4.57318571e-05, 3.60012589e-05)
( 4.33325083e-05, 3.40730760e-05)
( 4.08500885e-05, 3.20840537e-05)
( 3.82895962e-05, 3.00378548e-05)
( 3.56561854e-05, 2.79382441e-05)
( 3.29551561e-05, 2.57890817e-05)
( 3.01919434e-05, 2.35943155e-05)
( 2.73721069e-05, 2.13579744e-05)
( 2.45013194e-05, 1.90841610e-05)
( 2.15853561e-05, 1.67770440e-05)
( 1.86300824e-05, 1.44408508e-05)
( 1.56414426e-05, 1.20798598e-05)
( 1.26254482e-05, 9.69839251e-06)
( 9.58816535e-06, 7.30080612e-06)
( 6.53570280e-06, 4.89148530e-06)
( 3.47419985e-06, 2.47483444e-06)
( 4.09813769e-07, 5.52697067e-08)
(-2.65129259e-06,-2.36278900e-06)
(-5.70296324e-06,-4.77492593e-06)
(-8.73906154e-06,-7.17673751e-06)
(-1.17534827e-05,-9.56384024e-06)
(-1.47401659e-05,-1.19318786e-05)
(-1.76931072e-05,-1.42765330e-05)
(-2.06063711e-05,-1.65935274e-05)
(-2.34741032e-05,-1.88786373e-05)
(-2.62905417e-05,-2.11276969e-05)
(-2.90500297e-05,-2.33366074e-05)
(-3.17470264e-05,-2.55013435e-05)
(-3.43761185e-05,-2.76179614e-05)
(-3.69320317e-05,-2.96826058e-05)
(-3.94096410e-05,-3.16915164e-05)
(-4.18039820e-05,-3.36410357e-05)
(-4.41102603e-05,-3.55276146e-05)
(-4.63238621e-05,-3.73478195e-05)
(-4.84403635e-05,-3.90983386e-05)
(-5.04555397e-05,-4.07759875e-05)
(-5.23653737e-05,-4.23777156e-05)
(-5.41660648e-05,-4.39006113e-05)
(-5.58540366e-05,-4.53419073e-05)
(-5.74259442e-05,-4.66989863e-05)
(-5.88786813e-05,-4.79693851e-05)
(-6.02093871e-05,-4.91507996e-05)
(-6.14154517e-05,-5.02410891e-05)
(-6.24945219e-05,-5.12382802e-05)
(-6.34445063e-05,-5.21405705e-05)
(-6.42635794e-05,-5.29463320e-05)
(-6.49501860e-05,-5.36541144e-05)
(-6.55030437e-05,-5.42626477e-05)
(-6.59211466e-05,-5.47708446e-05)
(-6.62037666e-05,-5.51778030e-05)
(-6.63504558e-05,-5.54828073e-05)
(-6.63610469e-05,-5.56853304e-05)
(-6.62356537e-05,-5.57850343e-05)
(-6.59746713e-05,-5.57817716e-05)
(-6.55787750e-05,-5.56755851e-05)
(-6.50489190e-05,-5.54667086e-05)
(-6.43863346e-05,-5.51555662e-05)
(-6.35925273e-05,-5.47427722e-05)
(-6.26692743e-05,-5.42291296e-05)
(-6.16186203e-05,-5.36156292e-05)
(-6.04428732e-05,-5.29034479e-05)
(-5.91445997e-05,-5.20939464e-05)
(-5.77266196e-05,-5.11886675e-05)
(-5.61920001e-05,-5.01893329e-05)
(-5.45440490e-05,-4.90978403e-05)
(-5.27863082e-05,-4.79162604e-05)
(-5.09225457e-05,-4.66468328e-05)
(-4.89567482e-05,-4.52919622e-05)
(-4.68931123e-05,-4.38542144e-05)
(-4.47360358e-05,-4.23363110e-05)
(-4.24901083e-05,-4.07411252e-05)
(-4.01601014e-05,-3.90716762e-05)
(-3.77509588e-05,-3.73311237e-05)
(-3.52677857e-05,-3.55227625e-05)
(-3.27158377e-05,-3.36500160e-05)
(-3.01005103e-05,-3.17164301e-05)
(-2.74273265e-05,-2.97256668e-05)
(-2.47019259e-05,-2.76814971e-05)
(-2.19300521e-05,-2.55877944e-05)
(-1.91175408e-05,-2.34485269e-05)
(-1.62703074e-05,-2.12677505e-05)
(-1.33943339e-05,-1.90496010e-05)
(-1.04956569e-05,-1.67982863e-05)
(-7.58035394e-06,-1.45180787e-05)
(-4.65453127e-06,-1.22133064e-05)
(-1.72431032e-06,-9.88834602e-06)
( 1.20418518e-06,-7.54761340e-06)
( 4.12484222e-06,-5.19555581e-06)
( 7.03157163e-06,-2.83664316e-06)
( 9.91832099e-06,-4.75359538e-07)
( 1.27790876e-05, 1.88380548e-06)
( 1.56079311e-05, 4.23636545e-06)
( 1.83989863e-05, 6.57784578e-06)
( 2.11464757e-05, 8.90379235e-06)
( 2.38447215e-05, 1.12097803e-05)
( 2.64881580e-05, 1.34914224e-05)
( 2.90713429e-05, 1.57443780e-05)
( 3.15889696e-05, 1.79643612e-05)
( 3.40358777e-05, 2.01471496e-05)
( 3.64070643e-05, 2.22885925e-05)
( 3.86976945e-05, 2.43846188e-05)
( 4.09031114e-05, 2.64312456e-05)
( 4.30188462e-05, 2.84245860e-05)
( 4.50406272e-05, 3.03608564e-05)
( 4.69643890e-05, 3.22363848e-05)
( 4.87862809e-05, 3.40476177e-05)
( 5.05026747e-05, 3.57911272e-05)
( 5.21101725e-05, 3.74636183e-05)
( 5.36056134e-05, 3.90619354e-05)
( 5.49860801e-05, 4.05830685e-05)
( 5.62489047e-05, 4.20241597e-05)
( 5.73916741e-05, 4.33825089e-05)
( 5.84122349e-05, 4.46555792e-05)
( 5.93086972e-05, 4.58410024e-05)
( 6.00794387e-05, 4.69365838e-05)
( 6.07231075e-05, 4.79403067e-05)
( 6.12386245e-05, 4.88503366e-05)
( 6.16251850e-05, 4.96650253e-05)
( 6.18822605e-05, 5.03829140e-05)
( 6.20095987e-05, 5.10027368e-05)
( 6.20072237e-05, 5.15234230e-05)
( 6.18754355e-05, 5.19440998e-05)
( 6.16148084e-05, 5.22640940e-05)
( 6.12261895e-05, 5.24829337e-05)
( 6.07106962e-05, 5.26003489e-05)
( 6.00697131e-05, 5.26162730e-05)
( 5.93048880e-05, 5.25308422e-05)
( 5.84181286e-05, 5.23443960e-05)
( 5.74115967e-05, 5.20574763e-05)
( 5.62877037e-05, 5.16708263e-05)
( 5.50491042e-05, 5.11853894e-05)
( 5.36986898e-05, 5.06023069e-05)
( 5.22395822e-05, 4.99229161e-05)
( 5.06751259e-05, 4.91487475e-05)
( 4.90088802e-05, 4.82815216e-05)
( 4.72446106e-05, 4.73231453e-05)
( 4.53862808e-05, 4.62757082e-05)
( 4.34380426e-05, 4.51414782e-05)
( 4.14042269e-05, 4.39228968e-05)
( 3.92893336e-05, 4.26225737e-05)
( 3.70980214e-05, 4.12432821e-05)
( 3.48350968e-05, 3.97879519e-05)
( 3.25055038e-05, 3.82596644e-05)
( 3.01143122e-05, 3.66616452e-05)
( 2.76667062e-05, 3.49972578e-05)
( 2.51679731e-05, 3.32699963e-05)
( 2.26234912e-05, 3.14834777e-05)
( 2.00387178e-05, 2.96414348e-05)
( 1.74191770e-05, 2.77477077e-05)
( 1.47704478e-05, 2.58062357e-05)
( 1.20981512e-05, 2.38210492e-05)
( 9.40793862e-06, 2.17962606e-05)
( 6.70547866e-06, 1.97360558e-05)
( 3.99644532e-06, 1.76446849e-05)
( 1.28650544e-06, 1.55264534e-05)
(-1.41869354e-06, 1.33857124e-05)
(-4.11353578e-06, 1.12268499e-05)
(-6.79244904e-06, 9.05428040e-06)
(-9.44991661e-06, 6.87243626e-06)
(-1.20804891e-05, 4.68575747e-06)
(-1.46787957e-05, 2.49868223e-06)
(-1.72395560e-05, 3.15637293e-07)
(-1.97575903e-05,-1.85897164e-06)
(-2.22278310e-05,-4.02076954e-06)
(-2.46453327e-05,-6.16542151e-06)
(-2.70052825e-05,-8.28864228e-06)
(-2.93030095e-05,-1.03862055e-05)
(-3.15339946e-05,-1.24539529e-05)
(-3.36938791e-05,-1.44878033e-05)
(-3.57784737e-05,-1.64837616e-05)
(-3.77837662e-05,-1.84379275e-05)
(-3.97059296e-05,-2.03465037e-05)
(-4.15413293e-05,-2.22058042e-05)
(-4.32865297e-05,-2.40122625e-05)
(-4.49383008e-05,-2.57624390e-05)
(-4.64936236e-05,-2.74530287e-05)
(-4.79496958e-05,-2.90808679e-05)
(-4.93039361e-05,-3.06429414e-05)
(-5.05539890e-05,-3.21363885e-05)
(-5.16977281e-05,-3.35585092e-05)
(-5.27332590e-05,-3.49067701e-05)
(-5.36589227e-05,-3.61788093e-05)
(-5.44732969e-05,-3.73724416e-05)
(-5.51751978e-05,-3.84856626e-05)
(-5.57636812e-05,-3.95166531e-05)
(-5.62380426e-05,-4.04637825e-05)
(-5.65978172e-05,-4.13256119e-05)
(-5.68427793e-05,-4.21008968e-05)
(-5.69729408e-05,-4.27885894e-05)
(-5.69885499e-05,-4.33878402e-05)
(-5.68900881e-05,-4.38979992e-05)
(-5.66782684e-05,-4.43186171e-05)
(-5.63540309e-05,-4.46494449e-05)
(-5.59185400e-05,-4.48904345e-05)
(-5.53731793e-05,-4.50417373e-05)
(-5.47195476e-05,-4.51037035e-05)
(-5.39594531e-05,-4.50768800e-05)
(-5.30949082e-05,-4.49620090e-05)
(-5.21281232e-05,-4.47600245e-05)
(-5.10615001e-05,-4.44720499e-05)
(-4.98976256e-05,-4.40993942e-05)
(-4.86392638e-05,-4.36435478e-05)
(-4.72893492e-05,-4.31061785e-05)
(-4.58509784e-05,-4.24891262e-05)
(-4.43274019e-05,-4.17943978e-05)
(-4.27220162e-05,-4.10241614e-05)
(-4.10383546e-05,-4.01807403e-05)
(-3.92800786e-05,-3.92666060e-05)
(-3.74509688e-05,-3.82843723e-05)
(-3.55549157e-05,-3.72367869e-05)
(-3.35959097e-05,-3.61267247e-05)
(-3.15780326e-05,-3.49571795e-05)
(-2.95054467e-05,-3.37312560e-05)
(-2.73823862e-05,-3.24521612e-05)
(-2.52131466e-05,-3.11231957e-05)
(-2.30020752e-05,-2.97477448e-05)
(-2.07535610e-05,-2.83292692e-05)
(-1.84720255e-05,-2.68712961e-05)
(-1.61619120e-05,-2.53774089e-05)
(-1.38276766e-05,-2.38512382e-05)
(-1.14737785e-05,-2.22964517e-05)
(-9.10466992e-06,-2.07167443e-05)
(-6.72478751e-06,-1.91158283e-05)
(-4.33854255e-06,-1.74974232e-05)
(-1.95031216e-06,-1.58652459e-05)
( 4.35569594e-07,-1.42230006e-05)
( 2.81482030e-06,-1.25743685e-05)
( 5.18321758e-06,-1.09229983e-05)
( 7.53660723e-06,-9.27249616e-06)
( 9.87091102e-06,-7.62641593e-06)
( 1.21821342e-05,-5.98824947e-06)
( 1.44663730e-05,-4.36141722e-06)
( 1.67198209e-05,-2.74925887e-06)
( 1.89387761e-05,-1.15502427e-06)
( 2.11196468e-05, 4.18135534e-07)
( 2.32589578e-05, 1.96717691e-06)
( 2.53533553e-05, 3.48917210e-06)
( 2.73996127e-05, 4.98131729e-06)
( 2.93946345e-05, 6.44094052e-06)
( 3.13354612e-05, 7.86550917e-06)
( 3.32192727e-05, 9.25263716e-06)
( 3.50433920e-05, 1.06000918e-05)
( 3.68052881e-05, 1.19058004e-05)
( 3.85025786e-05, 1.31678563e-05)
( 4.01330316e-05, 1.43845245e-05)
( 4.16945679e-05, 1.55542474e-05)
( 4.31852619e-05, 1.66756496e-05)
( 4.46033422e-05, 1.77475424e-05)
( 4.59471925e-05, 1.87689282e-05)
( 4.72153512e-05, 1.97390042e-05)
( 4.84065110e-05, 2.06571658e-05)
( 4.95195179e-05, 2.15230100e-05)
( 5.05533696e-05, 2.23363375e-05)
( 5.15072144e-05, 2.30971555e-05)
( 5.23803480e-05, 2.38056795e-05)
( 5.31722115e-05, 2.44623351e-05)
( 5.38823882e-05, 2.50677591e-05)
( 5.45105996e-05, 2.56228010e-05)
( 5.50567021e-05, 2.61285238e-05)
( 5.55206821e-05, 2.65862047e-05)
( 5.59026516e-05, 2.69973357e-05)
( 5.62028425e-05, 2.73636245e-05)
( 5.64216013e-05, 2.76869947e-05)
( 5.65593828e-05, 2.79695872e-05)
( 5.66167435e-05, 2.82137607e-05)
( 5.65943346e-05, 2.84220933e-05)
( 5.64928942e-05, 2.85973845e-05)
( 5.63132396e-05, 2.87426579e-05)
( 5.60562582e-05, 2.88611646e-05)
( 5.57228983e-05, 2.89563881e-05)
( 5.53141593e-05, 2.90320508e-05)
( 5.48310804e-05, 2.90921221e-05)
( 5.42747294e-05, 2.91408289e-05)
( 5.36461894e-05, 2.91826697e-05)
( 5.29465455e-05, 2.92224318e-05)
( 5.21768687e-05, 2.92652134e-05)
( 5.13381993e-05, 2.93164518e-05)
( 5.04315272e-05, 2.93819586e-05)
( 4.94577706e-05, 2.94679643e-05)
( 4.84177505e-05, 2.95811752e-05)
( 4.73121620e-05, 2.97288445e-05)
( 4.61415403e-05, 2.99188640e-05)
( 4.49062199e-05, 3.01598801e-05)
( 4.36062859e-05, 3.04614437e-05)
( 4.22415143e-05, 3.08342048e-05)
( 4.08112972e-05, 3.12901664e-05)
( 3.93145489e-05, 3.18430202e-05)
( 3.77495854e-05, 3.25085964e-05)
( 3.61139657e-05, 3.33054735e-05)
( 3.44042814e-05, 3.42558206e-05)
( 3.26158691e-05, 3.53865808e-05)
( 3.07424091e-05, 3.67311720e-05)
( 2.87753512e-05, 3.83319931e-05)
( 2.67030666e-05, 4.02442272e-05)
( 2.45095517e-05, 4.25418143e-05)
( 2.21723640e-05, 4.53272291e-05)
( 1.96591711e-05, 4.87482996e-05)
( 1.69216153e-05, 5.30289708e-05)
( 1.38835483e-05, 5.85301042e-05)
( 1.04160821e-05, 6.58824796e-05)
( 6.27725905e-06, 7.63187695e-05)
( 9.22911533e-07, 9.27567630e-05)
(-6.89426665e-06, 1.22019096e-04)
(-3.60710607e-05, 2.80845875e-04)
( 1.04207139e-06, 1.31905634e-06)
( 4.16981375e-06, 3.87366965e-06)
( 7.07748227e-06, 6.37534571e-06)
( 9.96437208e-06, 8.87141989e-06)
( 1.28260880e-05, 1.13523306e-05)
( 1.56595826e-05, 1.38121562e-05)
( 1.84604042e-05, 1.62455611e-05)
( 2.12236390e-05, 1.86474848e-05)
( 2.39441955e-05, 2.10130335e-05)
( 2.66169353e-05, 2.33374409e-05)
( 2.92367389e-05, 2.56160545e-05)
( 3.17985446e-05, 2.78443322e-05)
( 3.42973749e-05, 3.00178447e-05)
( 3.67283559e-05, 3.21322794e-05)
( 3.90867327e-05, 3.41834470e-05)
( 4.13678827e-05, 3.61672873e-05)
( 4.35673273e-05, 3.80798764e-05)
( 4.56807421e-05, 3.99174333e-05)
( 4.77039671e-05, 4.16763273e-05)
( 4.96330157e-05, 4.33530838e-05)
( 5.14640829e-05, 4.49443919e-05)
( 5.31935535e-05, 4.64471096e-05)
( 5.48180097e-05, 4.78582707e-05)
( 5.63342379e-05, 4.91750896e-05)
( 5.77392355e-05, 5.03949673e-05)
( 5.90302167e-05, 5.15154965e-05)
( 6.02046185e-05, 5.25344654e-05)
( 6.12601055e-05, 5.34498629e-05)
( 6.21945751e-05, 5.42598820e-05)
( 6.30061613e-05, 5.49629234e-05)
( 6.36932387e-05, 5.55575987e-05)
( 6.42544259e-05, 5.60427330e-05)
( 6.46885880e-05, 5.64173670e-05)
( 6.49948392e-05, 5.66807593e-05)
( 6.51725445e-05, 5.68323873e-05)
( 6.52213213e-05, 5.68719487e-05)
( 6.51410396e-05, 5.67993617e-05)
( 6.49318232e-05, 5.66147654e-05)
( 6.45940490e-05, 5.63185192e-05)
( 6.41283463e-05, 5.59112025e-05)
( 6.35355960e-05, 5.53936133e-05)
( 6.28169290e-05, 5.47667663e-05)
( 6.19737233e-05, 5.40318917e-05)
( 6.10076026e-05, 5.31904321e-05)
( 5.99204320e-05, 5.22440399e-05)
( 5.87143153e-05, 5.11945739e-05)
( 5.73915907e-05, 5.00440959e-05)
( 5.59548258e-05, 4.87948666e-05)
( 5.44068136e-05, 4.74493408e-05)
( 5.27505661e-05, 4.60101630e-05)
( 5.09893093e-05, 4.44801620e-05)
( 4.91264764e-05, 4.28623455e-05)
( 4.71657013e-05, 4.11598939e-05)
( 4.51108115e-05, 3.93761544e-05)
( 4.29658210e-05, 3.75146340e-05)
( 4.07349217e-05, 3.55789931e-05)
( 3.84224762e-05, 3.35730381e-05)
( 3.60330085e-05, 3.15007137e-05)
( 3.35711954e-05, 2.93660954e-05)
( 3.10418578e-05, 2.71733817e-05)
( 2.84499506e-05, 2.49268853e-05)
( 2.58005533e-05, 2.26310250e-05)
( 2.30988604e-05, 2.02903171e-05)
( 2.03501705e-05, 1.79093663e-05)
( 1.75598766e-05, 1.54928568e-05)
( 1.47334551e-05, 1.30455429e-05)
( 1.18764553e-05, 1.05722399e-05)
( 8.99448829e-06, 8.07781469e-06)
( 6.09321610e-06, 5.56717578e-06)
( 3.17834050e-06, 3.04526412e-06)
( 2.55591782e-07, 5.17043117e-07)
(-2.66928249e-06,-2.01251100e-06)
(-5.59052882e-06,-4.53841901e-06)
(-8.50239911e-06,-7.05570846e-06)
(-1.13991620e-05,-9.55942347e-06)
(-1.42751141e-05,-1.20446344e-05)
(-1.71245914e-05,-1.45064477e-05)
(-1.99419803e-05,-1.69400153e-05)
(-2.27217288e-05,-1.93405443e-05)
(-2.54583574e-05,-2.17033065e-05)
(-2.81464701e-05,-2.40236473e-05)
(-3.07807648e-05,-2.62969954e-05)
(-3.33560441e-05,-2.85188714e-05)
(-3.58672255e-05,-3.06848967e-05)
(-3.83093512e-05,-3.27908021e-05)
(-4.06775986e-05,-3.48324364e-05)
(-4.29672892e-05,-3.68057745e-05)
(-4.51738982e-05,-3.87069250e-05)
(-4.72930636e-05,-4.05321382e-05)
(-4.93205948e-05,-4.22778137e-05)
(-5.12524808e-05,-4.39405069e-05)
(-5.30848983e-05,-4.55169363e-05)
(-5.48142195e-05,-4.70039896e-05)
(-5.64370192e-05,-4.83987302e-05)
(-5.79500816e-05,-4.96984029e-05)
(-5.93504069e-05,-5.09004389e-05)
(-6.06352173e-05,-5.20024617e-05)
(-6.18019623e-05,-5.30022910e-05)
(-6.28483244e-05,-5.38979476e-05)
(-6.37722232e-05,-5.46876570e-05)
(-6.45718200e-05,-5.53698530e-05)
(-6.52455214e-05,-5.59431808e-05)
(-6.57919824e-05,-5.64064997e-05)
(-6.62101097e-05,-5.67588856e-05)
(-6.64990631e-05,-5.69996322e-05)
(-6.66582581e-05,-5.71282533e-05)
(-6.66873668e-05,-5.71444830e-05)
(-6.65863184e-05,-5.70482769e-05)
(-6.63553000e-05,-5.68398117e-05)
(-6.59947559e-05,-5.65194852e-05)
(-6.55053870e-05,-5.60879153e-05)
(-6.48881492e-05,-5.55459392e-05)
(-6.41442522e-05,-5.48946113e-05)
(-6.32751567e-05,-5.41352016e-05)
(-6.22825716e-05,-5.32691928e-05)
(-6.11684511e-05,-5.22982779e-05)
(-5.99349905e-05,-5.12243563e-05)
(-5.85846221e-05,-5.00495307e-05)
(-5.71200103e-05,-4.87761026e-05)
(-5.55440469e-05,-4.74065677e-05)
(-5.38598447e-05,-4.59436115e-05)
(-5.20707318e-05,-4.43901035e-05)
(-5.01802452e-05,-4.27490918e-05)
(-4.81921236e-05,-4.10237972e-05)
(-4.61103001e-05,-3.92176066e-05)
(-4.39388944e-05,-3.73340668e-05)
(-4.16822047e-05,-3.53768769e-05)
(-3.93446994e-05,-3.33498816e-05)
(-3.69310080e-05,-3.12570632e-05)
(-3.44459122e-05,-2.91025341e-05)
(-3.18943361e-05,-2.68905285e-05)
(-2.92813370e-05,-2.46253940e-05)
(-2.66120946e-05,-2.23115832e-05)
(-2.38919016e-05,-1.99536448e-05)
(-2.11261525e-05,-1.75562149e-05)
(-1.83203335e-05,-1.51240073e-05)
(-1.54800110e-05,-1.26618048e-05)
(-1.26108211e-05,-1.01744493e-05)
(-9.71845796e-06,-7.66683247e-06)
(-6.80866292e-06,-5.14388611e-06)
(-3.88721271e-06,-2.61057226e-06)
(-9.59908188e-07,-7.18735107e-08)
( 1.96743728e-06, 2.46721690e-06)
( 4.88900936e-06, 5.00170495e-06)
( 7.79900433e-06, 7.52660570e-06)
( 1.06916406e-05, 1.00369532e-05)
( 1.35611703e-05, 1.25278102e-05)
( 1.64018907e-05, 1.49942781e-05)
( 1.92081554e-05, 1.74315064e-05)
( 2.19743859e-05, 1.98347027e-05)
( 2.46950824e-05, 2.21991418e-05)
( 2.73648351e-05, 2.45201752e-05)
( 2.99783347e-05, 2.67932403e-05)
( 3.25303830e-05, 2.90138696e-05)
( 3.50159034e-05, 3.11776993e-05)
( 3.74299511e-05, 3.32804782e-05)
( 3.97677227e-05, 3.53180759e-05)
( 4.20245660e-05, 3.72864913e-05)
( 4.41959893e-05, 3.91818601e-05)
( 4.62776702e-05, 4.10004629e-05)
( 4.82654643e-05, 4.27387323e-05)
( 5.01554136e-05, 4.43932603e-05)
( 5.19437541e-05, 4.59608047e-05)
( 5.36269238e-05, 4.74382957e-05)
( 5.52015693e-05, 4.88228422e-05)
( 5.66645529e-05, 5.01117370e-05)
( 5.80129587e-05, 5.13024630e-05)
( 5.92440982e-05, 5.23926975e-05)
( 6.03555163e-05, 5.33803171e-05)
( 6.13449954e-05, 5.42634018e-05)
( 6.22105607e-05, 5.50402393e-05)
( 6.29504834e-05, 5.57093276e-05)
( 6.35632845e-05, 5.62693787e-05)
( 6.40477378e-05, 5.67193209e-05)
( 6.44028723e-05, 5.70583008e-05)
( 6.46279741e-05, 5.72856853e-05)
( 6.47225878e-05, 5.74010626e-05)
( 6.46865176e-05, 5.74042432e-05)
( 6.45198274e-05, 5.72952603e-05)
( 6.42228412e-05, 5.70743695e-05)
( 6.37961417e-05, 5.67420486e-05)
( 6.32405698e-05, 5.62989965e-05)
( 6.25572228e-05, 5.57461318e-05)
( 6.17474520e-05, 5.50845911e-05)
( 6.08128599e-05, 5.43157266e-05)
( 5.97552977e-05, 5.34411035e-05)
( 5.85768609e-05, 5.24624968e-05)
( 5.72798853e-05, 5.13818879e-05)
( 5.58669426e-05, 5.02014606e-05)
( 5.43408351e-05, 4.89235968e-05)
( 5.27045900e-05, 4.75508715e-05)
( 5.09614538e-05, 4.60860481e-05)
( 4.91148852e-05, 4.45320726e-05)
( 4.71685488e-05, 4.28920678e-05)
( 4.51263074e-05, 4.11693271e-05)
( 4.29922147e-05, 3.93673080e-05)
( 4.07705067e-05, 3.74896250e-05)
( 3.84655939e-05, 3.55400427e-05)
( 3.60820521e-05, 3.35224681e-05)
( 3.36246132e-05, 3.14409428e-05)
( 3.10981563e-05, 2.92996350e-05)
( 2.85076975e-05, 2.71028313e-05)
( 2.58583803e-05, 2.48549278e-05)
( 2.31554649e-05, 2.25604219e-05)
( 2.04043183e-05, 2.02239029e-05)
( 1.76104032e-05, 1.78500428e-05)
( 1.47792676e-05, 1.54435874e-05)
( 1.19165333e-05, 1.30093465e-05)
( 9.02788483e-06, 1.05521844e-05)
( 6.11905855e-06, 8.07701010e-06)
( 3.19583085e-06, 5.58876784e-06)
( 2.64006895e-07, 3.09242686e-06)
(-2.67059097e-06, 5.92971725e-07)
(-5.60213473e-06,-1.90460770e-06)
(-8.52480222e-06,-4.39532617e-06)
(-1.14327887e-05,-6.87421300e-06)
(-1.43203185e-05,-9.33632196e-06)
(-1.71816560e-05,-1.17767412e-05)
(-2.00111176e-05,-1.41906028e-05)
(-2.28030824e-05,-1.65730929e-05)
(-2.55520037e-05,-1.89194608e-05)
(-2.82524198e-05,-2.12250289e-05)
(-3.08989649e-05,-2.34852016e-05)
(-3.34863795e-05,-2.56954745e-05)
(-3.60095210e-05,-2.78514439e-05)
(-3.84633736e-05,-2.99488146e-05)
(-4.08430586e-05,-3.19834095e-05)
(-4.31438437e-05,-3.39511771e-05)
(-4.53611521e-05,-3.58481998e-05)
(-4.74905723e-05,-3.76707020e-05)
(-4.95278658e-05,-3.94150571e-05)
(-5.14689763e-05,-4.10777950e-05)
(-5.33100371e-05,-4.26556090e-05)
(-5.50473789e-05,-4.41453622e-05)
(-5.66775371e-05,-4.55440938e-05)
(-5.81972583e-05,-4.68490250e-05)
(-5.96035070e-05,-4.80575643e-05)
(-6.08934714e-05,-4.91673129e-05)
(-6.20645688e-05,-5.01760693e-05)
(-6.31144508e-05,-5.10818337e-05)
(-6.40410077e-05,-5.18828118e-05)
(-6.48423730e-05,-5.25774184e-05)
(-6.55169263e-05,-5.31642805e-05)
(-6.60632972e-05,-5.36422400e-05)
(-6.64803674e-05,-5.40103561e-05)
(-6.67672732e-05,-5.42679067e-05)
(-6.69234070e-05,-5.44143901e-05)
(-6.69484181e-05,-5.44495260e-05)
(-6.68422140e-05,-5.43732557e-05)
(-6.66049601e-05,-5.41857424e-05)
(-6.62370791e-05,-5.38873706e-05)
(-6.57392508e-05,-5.34787455e-05)
(-6.51124100e-05,-5.29606915e-05)
(-6.43577448e-05,-5.23342507e-05)
(-6.34766945e-05,-5.16006805e-05)
(-6.24709464e-05,-5.07614512e-05)
(-6.13424325e-05,-4.98182432e-05)
(-6.00933256e-05,-4.87729430e-05)
(-5.87260350e-05,-4.76276399e-05)
(-5.72432019e-05,-4.63846215e-05)
(-5.56476939e-05,-4.50463693e-05)
(-5.39425992e-05,-4.36155534e-05)
(-5.21312209e-05,-4.20950274e-05)
(-5.02170703e-05,-4.04878225e-05)
(-4.82038598e-05,-3.87971413e-05)
(-4.60954956e-05,-3.70263517e-05)
(-4.38960702e-05,-3.51789798e-05)
(-4.16098542e-05,-3.32587029e-05)
(-3.92412877e-05,-3.12693423e-05)
(-3.67949721e-05,-2.92148555e-05)
(-3.42756604e-05,-2.70993284e-05)
(-3.16882482e-05,-2.49269668e-05)
(-2.90377641e-05,-2.27020884e-05)
(-2.63293596e-05,-2.04291139e-05)
(-2.35682992e-05,-1.81125585e-05)
(-2.07599501e-05,-1.57570225e-05)
(-1.79097714e-05,-1.33671822e-05)
(-1.50233037e-05,-1.09477809e-05)
(-1.21061580e-05,-8.50361921e-06)
(-9.16400478e-06,-6.03954536e-06)
(-6.20256305e-06,-3.56044590e-06)
(-3.22758899e-06,-1.07123575e-06)
(-2.44864701e-07, 1.42315145e-06)
( 2.73981305e-06, 3.91777321e-06)
( 5.72064420e-06, 6.40768791e-06)
( 8.69183670e-06, 8.88796465e-06)
( 1.16476178e-05, 1.13536930e-05)
( 1.45822455e-05, 1.37999927e-05)
( 1.74900196e-05, 1.62220233e-05)
( 2.03652926e-05, 1.86149937e-05)
( 2.32024813e-05, 2.09741719e-05)
( 2.59960772e-05, 2.32948936e-05)
( 2.87406574e-05, 2.55725724e-05)
( 3.14308953e-05, 2.78027079e-05)
( 3.40615708e-05, 2.99808951e-05)
( 3.66275804e-05, 3.21028329e-05)
( 3.91239475e-05, 3.41643327e-05)
( 4.15458316e-05, 3.61613261e-05)
( 4.38885382e-05, 3.80898735e-05)
( 4.61475276e-05, 3.99461715e-05)
( 4.83184240e-05, 4.17265603e-05)
( 5.03970237e-05, 4.34275309e-05)
( 5.23793035e-05, 4.50457320e-05)
( 5.42614287e-05, 4.65779763e-05)
( 5.60397599e-05, 4.80212469e-05)
( 5.77108609e-05, 4.93727032e-05)
( 5.92715048e-05, 5.06296860e-05)
( 6.07186805e-05, 5.17897232e-05)
( 6.20495984e-05, 5.28505339e-05)
( 6.32616962e-05, 5.38100334e-05)
( 6.43526432e-05, 5.46663367e-05)
( 6.53203457e-05, 5.54177622e-05)
( 6.61629503e-05, 5.60628352e-05)
( 6.68788479e-05, 5.66002900e-05)
( 6.74666766e-05, 5.70290730e-05)
( 6.79253246e-05, 5.73483440e-05)
( 6.82539322e-05, 5.75574781e-05)
( 6.84518935e-05, 5.76560665e-05)
( 6.85188576e-05, 5.76439175e-05)
( 6.84547292e-05, 5.75210562e-05)
( 6.82596687e-05, 5.72877248e-05)
( 6.79340924e-05, 5.69443817e-05)
( 6.74786709e-05, 5.64917005e-05)
( 6.68943285e-05, 5.59305685e-05)
( 6.61822410e-05, 5.52620848e-05)
( 6.53438336e-05, 5.44875578e-05)
( 6.43807780e-05, 5.36085031e-05)
( 6.32949892e-05, 5.26266393e-05)
( 6.20886218e-05, 5.15438857e-05)
( 6.07640660e-05, 5.03623574e-05)
( 5.93239426e-05, 4.90843613e-05)
( 5.77710982e-05, 4.77123917e-05)
( 5.61085993e-05, 4.62491250e-05)
( 5.43397268e-05, 4.46974141e-05)
( 5.24679695e-05, 4.30602834e-05)
( 5.04970171e-05, 4.13409217e-05)
( 4.84307532e-05, 3.95426768e-05)
( 4.62732477e-05, 3.76690480e-05)
( 4.40287490e-05, 3.57236799e-05)
( 4.17016754e-05, 3.37103543e-05)
( 3.92966071e-05, 3.16329836e-05)
( 3.68182766e-05, 2.94956021e-05)
( 3.42715601e-05, 2.73023588e-05)
( 3.16614675e-05, 2.50575086e-05)
( 2.89931330e-05, 2.27654044e-05)
( 2.62718049e-05, 2.04304879e-05)
( 2.35028357e-05, 1.80572814e-05)
( 2.06916710e-05, 1.56503786e-05)
( 1.78438396e-05, 1.32144356e-05)
( 1.49649423e-05, 1.07541618e-05)
( 1.20606412e-05, 8.27431057e-06)
( 9.13664837e-06, 5.77966999e-06)
( 6.19871495e-06, 3.27505340e-06)
( 3.25261982e-06, 7.65290073e-07)
( 3.04158286e-07,-1.74478434e-06)
(-2.64086922e-06,-4.25033718e-06)
(-5.57666850e-06,-6.74654827e-06)
(-8.49746294e-06,-9.22861926e-06)
(-1.13975048e-05,-1.16917830e-05)
(-1.42710866e-05,-1.41313129e-05)
(-1.71125520e-05,-1.65425320e-05)
(-1.99163074e-05,-1.89208219e-05)
(-2.26768323e-05,-2.12616323e-05)
(-2.53886909e-05,-2.35604892e-05)
(-2.80465419e-05,-2.58130038e-05)
(-3.06451499e-05,-2.80148809e-05)
(-3.31793950e-05,-3.01619276e-05)
(-3.56442835e-05,-3.22500607e-05)
(-3.80349573e-05,-3.42753151e-05)
(-4.03467035e-05,-3.62338513e-05)
(-4.25749642e-05,-3.81219627e-05)
(-4.47153449e-05,-3.99360827e-05)
(-4.67636238e-05,-4.16727917e-05)
(-4.87157596e-05,-4.33288233e-05)
(-5.05679003e-05,-4.49010710e-05)
(-5.23163898e-05,-4.63865938e-05)
(-5.39577763e-05,-4.77826217e-05)
(-5.54888185e-05,-4.90865613e-05)
(-5.69064924e-05,-5.02960005e-05)
(-5.82079972e-05,-5.14087130e-05)
(-5.93907611e-05,-5.24226625e-05)
(-6.04524465e-05,-5.33360066e-05)
(-6.13909544e-05,-5.41471003e-05)
(-6.22044294e-05,-5.48544987e-05)
(-6.28912627e-05,-5.54569599e-05)
(-6.34500960e-05,-5.59534474e-05)
(-6.38798242e-05,-5.63431316e-05)
(-6.41795976e-05,-5.66253913e-05)
(-6.43488238e-05,-5.67998151e-05)
(-6.43871692e-05,-5.68662017e-05)
(-6.42945598e-05,-5.68245600e-05)
(-6.40711814e-05,-5.66751094e-05)
(-6.37174796e-05,-5.64182787e-05)
(-6.32341587e-05,-5.60547053e-05)
(-6.26221811e-05,-5.55852340e-05)
(-6.18827653e-05,-5.50109148e-05)
(-6.10173836e-05,-5.43330010e-05)
(-6.00277595e-05,-5.35529463e-05)
(-5.89158645e-05,-5.26724023e-05)
(-5.76839142e-05,-5.16932144e-05)
(-5.63343645e-05,-5.06174189e-05)
(-5.48699066e-05,-4.94472383e-05)
(-5.32934619e-05,-4.81850767e-05)
(-5.16081767e-05,-4.68335157e-05)
(-4.98174158e-05,-4.53953086e-05)
(-4.79247560e-05,-4.38733750e-05)
(-4.59339797e-05,-4.22707954e-05)
(-4.38490669e-05,-4.05908043e-05)
(-4.16741880e-05,-3.88367845e-05)
(-3.94136954e-05,-3.70122603e-05)
(-3.70721153e-05,-3.51208900e-05)
(-3.46541385e-05,-3.31664593e-05)
(-3.21646116e-05,-3.11528734e-05)
(-2.96085272e-05,-2.90841493e-05)
(-2.69910144e-05,-2.69644084e-05)
(-2.43173287e-05,-2.47978677e-05)
(-2.15928415e-05,-2.25888318e-05)
(-1.88230295e-05,-2.03416845e-05)
(-1.60134643e-05,-1.80608802e-05)
(-1.31698011e-05,-1.57509348e-05)
(-1.02977673e-05,-1.34164174e-05)
(-7.40315190e-06,-1.10619409e-05)
(-4.49179332e-06,-8.69215286e-06)
(-1.56956823e-06,-6.31172690e-06)
( 1.35762027e-06,-3.92535309e-06)
( 4.28385429e-06,-1.53772894e-06)
( 7.20321298e-06, 8.46449869e-07)
( 1.01097843e-05, 3.22249861e-06)
( 1.29976768e-05, 5.58575273e-06)
( 1.58610315e-05, 7.93157697e-06)
( 1.86940332e-05, 1.02553745e-05)
( 2.14909227e-05, 1.25525956e-05)
( 2.42460079e-05, 1.48187472e-05)
( 2.69536755e-05, 1.70494009e-05)
( 2.96084019e-05, 1.92402023e-05)
( 3.22047648e-05, 2.13868789e-05)
( 3.47374539e-05, 2.34852491e-05)
( 3.72012812e-05, 2.55312297e-05)
( 3.95911924e-05, 2.75208445e-05)
( 4.19022763e-05, 2.94502316e-05)
( 4.41297752e-05, 3.13156513e-05)
( 4.62690942e-05, 3.31134931e-05)
( 4.83158110e-05, 3.48402828e-05)
( 5.02656847e-05, 3.64926897e-05)
( 5.21146643e-05, 3.80675324e-05)
( 5.38588973e-05, 3.95617857e-05)
( 5.54947372e-05, 4.09725860e-05)
( 5.70187516e-05, 4.22972373e-05)
( 5.84277288e-05, 4.35332160e-05)
( 5.97186844e-05, 4.46781763e-05)
( 6.08888681e-05, 4.57299544e-05)
( 6.19357687e-05, 4.66865729e-05)
( 6.28571200e-05, 4.75462448e-05)
( 6.36509050e-05, 4.83073766e-05)
( 6.43153608e-05, 4.89685718e-05)
( 6.48489821e-05, 4.95286333e-05)
( 6.52505242e-05, 4.99865659e-05)
( 6.55190064e-05, 5.03415784e-05)
( 6.56537136e-05, 5.05930845e-05)
( 6.56541985e-05, 5.07407048e-05)
( 6.55202825e-05, 5.07842667e-05)
( 6.52520564e-05, 5.07238055e-05)
( 6.48498803e-05, 5.05595635e-05)
( 6.43143838e-05, 5.02919902e-05)
( 6.36464641e-05, 4.99217408e-05)
( 6.28472853e-05, 4.94496754e-05)
( 6.19182758e-05, 4.88768570e-05)
( 6.08611259e-05, 4.82045494e-05)
( 5.96777847e-05, 4.74342148e-05)
( 5.83704564e-05, 4.65675106e-05)
( 5.69415963e-05, 4.56062866e-05)
( 5.53939060e-05, 4.45525809e-05)
( 5.37303279e-05, 4.34086159e-05)
( 5.19540403e-05, 4.21767941e-05)
( 5.00684507e-05, 4.08596933e-05)
( 4.80771892e-05, 3.94600612e-05)
( 4.59841018e-05, 3.79808102e-05)
( 4.37932426e-05, 3.64250116e-05)
( 4.15088661e-05, 3.47958894e-05)
( 3.91354185e-05, 3.30968139e-05)
( 3.66775295e-05, 3.13312951e-05)
( 3.41400027e-05, 2.95029757e-05)
( 3.15278066e-05, 2.76156236e-05)
( 2.88460643e-05, 2.56731248e-05)
( 2.61000440e-05, 2.36794754e-05)
( 2.32951480e-05, 2.16387737e-05)
( 2.04369022e-05, 1.95552120e-05)
( 1.75309456e-05, 1.74330684e-05)
( 1.45830182e-05, 1.52766980e-05)
( 1.15989504e-05, 1.30905244e-05)
( 8.58465114e-06, 1.08790310e-05)
( 5.54609608e-06, 8.64675159e-06)
( 2.48931575e-06, 6.39826167e-06)
(-5.79616459e-07, 4.13816924e-06)
(-3.65459641e-06, 1.87110546e-06)
(-6.72950141e-06,-3.98284513e-07)
(-9.79820241e-06,-2.66535090e-06)
(-1.28545763e-05,-4.92544859e-06)
(-1.58925182e-05,-7.17394645e-06)
(-1.89059534e-05,-9.40623666e-06)
(-2.18888499e-05,-1.16177439e-05)
(-2.48352303e-05,-1.38039347e-05)
(-2.77391839e-05,-1.59603264e-05)
(-3.05948783e-05,-1.80824960e-05)
(-3.33965713e-05,-2.01660898e-05)
(-3.61386225e-05,-2.22068312e-05)
(-3.88155044e-05,-2.42005300e-05)
(-4.14218138e-05,-2.61430907e-05)
(-4.39522823e-05,-2.80305207e-05)
(-4.64017874e-05,-2.98589384e-05)
(-4.87653623e-05,-3.16245811e-05)
(-5.10382062e-05,-3.33238126e-05)
(-5.32156939e-05,-3.49531307e-05)
(-5.52933850e-05,-3.65091741e-05)
(-5.72670333e-05,-3.79887293e-05)
(-5.91325948e-05,-3.93887374e-05)
(-6.08862363e-05,-4.07062997e-05)
(-6.25243429e-05,-4.19386846e-05)
(-6.40435254e-05,-4.30833323e-05)
(-6.54406272e-05,-4.41378604e-05)
(-6.67127307e-05,-4.51000689e-05)
(-6.78571632e-05,-4.59679445e-05)
(-6.88715023e-05,-4.67396650e-05)
(-6.97535810e-05,-4.74136027e-05)
(-7.05014917e-05,-4.79883283e-05)
(-7.11135908e-05,-4.84626134e-05)
(-7.15885014e-05,-4.88354336e-05)
(-7.19251165e-05,-4.91059699e-05)
(-7.21226013e-05,-4.92736115e-05)
(-7.21803948e-05,-4.93379560e-05)
(-7.20982112e-05,-4.92988114e-05)
(-7.18760404e-05,-4.91561958e-05)
(-7.15141483e-05,-4.89103378e-05)
(-7.10130762e-05,-4.85616763e-05)
(-7.03736398e-05,-4.81108594e-05)
(-6.95969279e-05,-4.75587433e-05)
(-6.86843000e-05,-4.69063907e-05)
(-6.76373839e-05,-4.61550690e-05)
(-6.64580724e-05,-4.53062474e-05)
(-6.51485198e-05,-4.43615943e-05)
(-6.37111376e-05,-4.33229739e-05)
(-6.21485898e-05,-4.21924427e-05)
(-6.04637874e-05,-4.09722454e-05)
(-5.86598833e-05,-3.96648102e-05)
(-5.67402655e-05,-3.82727442e-05)
(-5.47085508e-05,-3.67988283e-05)
(-5.25685777e-05,-3.52460113e-05)
(-5.03243986e-05,-3.36174045e-05)
(-4.79802719e-05,-3.19162748e-05)
(-4.55406539e-05,-3.01460391e-05)
(-4.30101897e-05,-2.83102565e-05)
(-4.03937042e-05,-2.64126216e-05)
(-3.76961926e-05,-2.44569573e-05)
(-3.49228105e-05,-2.24472065e-05)
(-3.20788638e-05,-2.03874248e-05)
(-2.91697983e-05,-1.82817720e-05)
(-2.62011890e-05,-1.61345037e-05)
(-2.31787290e-05,-1.39499626e-05)
(-2.01082185e-05,-1.17325703e-05)
(-1.69955531e-05,-9.48681778e-06)
(-1.38467127e-05,-7.21725644e-06)
(-1.06677492e-05,-4.92848912e-06)
(-7.46477499e-06,-2.62516063e-06)
(-4.24395092e-06,-3.11948339e-07)
(-1.01147405e-06, 2.00644722e-06)
( 2.22643435e-06, 4.32531192e-06)
( 5.46354105e-06, 6.63992759e-06)
( 8.69361308e-06, 8.94558155e-06)
( 1.19104299e-05, 1.12375762e-05)
( 1.51077954e-05, 1.35112385e-05)
( 1.82795506e-05, 1.57619296e-05)
( 2.14195847e-05, 1.79850539e-05)
( 2.45218481e-05, 2.01760689e-05)
( 2.75803633e-05, 2.23304939e-05)
( 3.05892370e-05, 2.44439195e-05)
( 3.35426716e-05, 2.65120163e-05)
( 3.64349762e-05, 2.85305437e-05)
( 3.92605781e-05, 3.04953589e-05)
( 4.20140329e-05, 3.24024247e-05)
( 4.46900360e-05, 3.42478182e-05)
( 4.72834321e-05, 3.60277386e-05)
( 4.97892256e-05, 3.77385148e-05)
( 5.22025900e-05, 3.93766131e-05)
( 5.45188775e-05, 4.09386441e-05)
( 5.67336277e-05, 4.24213701e-05)
( 5.88425764e-05, 4.38217109e-05)
( 6.08416637e-05, 4.51367507e-05)
( 6.27270417e-05, 4.63637440e-05)
( 6.44950821e-05, 4.75001206e-05)
( 6.61423830e-05, 4.85434916e-05)
( 6.76657753e-05, 4.94916537e-05)
( 6.90623290e-05, 5.03425938e-05)
( 7.03293584e-05, 5.10944931e-05)
( 7.14644277e-05, 5.17457311e-05)
( 7.24653550e-05, 5.22948883e-05)
( 7.33302167e-05, 5.27407495e-05)
( 7.40573512e-05, 5.30823063e-05)
( 7.46453617e-05, 5.33187588e-05)
( 7.50931192e-05, 5.34495175e-05)
( 7.53997637e-05, 5.34742045e-05)
( 7.55647068e-05, 5.33926539e-05)
( 7.55876318e-05, 5.32049127e-05)
( 7.54684946e-05, 5.29112403e-05)
( 7.52075237e-05, 5.25121079e-05)
( 7.48052190e-05, 5.20081979e-05)
( 7.42623517e-05, 5.14004023e-05)
( 7.35799617e-05, 5.06898209e-05)
( 7.27593559e-05, 4.98777588e-05)
( 7.18021055e-05, 4.89657245e-05)
( 7.07100428e-05, 4.79554259e-05)
( 6.94852574e-05, 4.68487675e-05)
( 6.81300923e-05, 4.56478464e-05)
( 6.66471389e-05, 4.43549479e-05)
( 6.50392322e-05, 4.29725409e-05)
( 6.33094450e-05, 4.15032732e-05)
( 6.14610818e-05, 3.99499656e-05)
( 5.94976727e-05, 3.83156069e-05)
( 5.74229660e-05, 3.66033473e-05)
( 5.52409213e-05, 3.48164921e-05)
( 5.29557015e-05, 3.29584957e-05)
( 5.05716648e-05, 3.10329535e-05)
( 4.80933563e-05, 2.90435958e-05)
( 4.55254989e-05, 2.69942796e-05)
( 4.28729848e-05, 2.48889812e-05)
( 4.01408653e-05, 2.27317878e-05)
( 3.73343413e-05, 2.05268900e-05)
( 3.44587535e-05, 1.82785726e-05)
( 3.15195720e-05, 1.59912066e-05)
( 2.85223855e-05, 1.36692405e-05)
( 2.54728909e-05, 1.13171907e-05)
( 2.23768822e-05, 8.93963344e-06)
( 1.92402393e-05, 6.54119498e-06)
( 1.60689171e-05, 4.12654270e-06)
( 1.28689335e-05, 1.70037573e-06)
( 9.64635856e-06,-7.32584363e-07)
( 6.40730232e-06,-3.16760296e-06)
( 3.15790353e-06,-5.59994175e-06)
(-9.56822694e-08,-8.02486814e-06)
(-3.34729439e-06,-1.04376646e-05)
(-6.59077875e-06,-1.28336379e-05)
(-9.81999960e-06,-1.52081286e-05)
(-1.30288512e-05,-1.75565198e-05)
(-1.62112692e-05,-1.98742467e-05)
(-1.93612427e-05,-2.21568052e-05)
(-2.24728250e-05,-2.43997608e-05)
(-2.55401452e-05,-2.65987574e-05)
(-2.85574194e-05,-2.87495257e-05)
(-3.15189613e-05,-3.08478914e-05)
(-3.44191935e-05,-3.28897836e-05)
(-3.72526574e-05,-3.48712425e-05)
(-4.00140240e-05,-3.67884270e-05)
(-4.26981038e-05,-3.86376222e-05)
(-4.52998562e-05,-4.04152466e-05)
(-4.78143999e-05,-4.21178590e-05)
(-5.02370211e-05,-4.37421649e-05)
(-5.25631830e-05,-4.52850230e-05)
(-5.47885342e-05,-4.67434508e-05)
(-5.69089165e-05,-4.81146308e-05)
(-5.89203734e-05,-4.93959155e-05)
(-6.08191569e-05,-5.05848322e-05)
(-6.26017346e-05,-5.16790878e-05)
(-6.42647969e-05,-5.26765734e-05)
(-6.58052623e-05,-5.35753673e-05)
(-6.72202840e-05,-5.43737395e-05)
(-6.85072543e-05,-5.50701540e-05)
(-6.96638106e-05,-5.56632720e-05)
(-7.06878386e-05,-5.61519542e-05)
(-7.15774771e-05,-5.65352626e-05)
(-7.23311211e-05,-5.68124622e-05)
(-7.29474246e-05,-5.69830221e-05)
(-7.34253035e-05,-5.70466160e-05)
(-7.37639372e-05,-5.70031230e-05)
(-7.39627704e-05,-5.68526273e-05)
(-7.40215136e-05,-5.65954178e-05)
(-7.39401442e-05,-5.62319871e-05)
(-7.37189059e-05,-5.57630307e-05)
(-7.33583086e-05,-5.51894447e-05)
(-7.28591273e-05,-5.45123244e-05)
(-7.22224002e-05,-5.37329616e-05)
(-7.14494272e-05,-5.28528420e-05)
(-7.05417672e-05,-5.18736416e-05)
(-6.95012348e-05,-5.07972241e-05)
(-6.83298974e-05,-4.96256360e-05)
(-6.70300705e-05,-4.83611032e-05)
(-6.56043142e-05,-4.70060262e-05)
(-6.40554273e-05,-4.55629751e-05)
(-6.23864428e-05,-4.40346846e-05)
(-6.06006216e-05,-4.24240485e-05)
(-5.87014465e-05,-4.07341140e-05)
(-5.66926155e-05,-3.89680755e-05)
(-5.45780350e-05,-3.71292684e-05)
(-5.23618119e-05,-3.52211627e-05)
(-5.00482461e-05,-3.32473557e-05)
(-4.76418223e-05,-3.12115656e-05)
(-4.51472014e-05,-2.91176237e-05)
(-4.25692116e-05,-2.69694674e-05)
(-3.99128395e-05,-2.47711324e-05)
(-3.71832200e-05,-2.25267448e-05)
(-3.43856272e-05,-2.02405133e-05)
(-3.15254639e-05,-1.79167213e-05)
(-2.86082515e-05,-1.55597181e-05)
(-2.56396194e-05,-1.31739115e-05)
(-2.26252944e-05,-1.07637586e-05)
(-1.95710895e-05,-8.33375778e-06)
(-1.64828931e-05,-5.88843999e-06)
(-1.33666576e-05,-3.43236036e-06)
(-1.02283881e-05,-9.70089515e-07)
(-7.07413092e-06, 1.49379498e-06)
(-3.90996184e-06, 3.95471721e-06)
(-7.41974751e-07, 6.40811144e-06)
( 2.42373016e-06, 8.84943064e-06)
( 5.58105812e-06, 1.12741549e-05)
( 8.72393140e-06, 1.36778000e-05)
( 1.18463010e-05, 1.60559253e-05)
( 1.49421584e-05, 1.84041423e-05)
( 1.80055469e-05, 2.07181227e-05)
( 2.10305732e-05, 2.29936061e-05)
( 2.40114189e-05, 2.52264078e-05)
( 2.69423513e-05, 2.74124270e-05)
( 2.98177352e-05, 2.95476533e-05)
( 3.26320429e-05, 3.16281750e-05)
( 3.53798658e-05, 3.36501853e-05)
( 3.80559240e-05, 3.56099897e-05)
( 4.06550775e-05, 3.75040125e-05)
( 4.31723352e-05, 3.93288033e-05)
( 4.56028655e-05, 4.10810428e-05)
( 4.79420052e-05, 4.27575492e-05)
( 5.01852687e-05, 4.43552835e-05)
( 5.23283569e-05, 4.58713551e-05)
( 5.43671656e-05, 4.73030267e-05)
( 5.62977934e-05, 4.86477191e-05)
( 5.81165496e-05, 4.99030158e-05)
( 5.98199613e-05, 5.10666672e-05)
( 6.14047806e-05, 5.21365943e-05)
( 6.28679905e-05, 5.31108924e-05)
( 6.42068115e-05, 5.39878343e-05)
( 6.54187067e-05, 5.47658733e-05)
( 6.65013872e-05, 5.54436455e-05)
( 6.74528164e-05, 5.60199724e-05)
( 6.82712146e-05, 5.64938623e-05)
( 6.89550623e-05, 5.68645125e-05)
( 6.95031031e-05, 5.71313098e-05)
( 6.99143471e-05, 5.72938319e-05)
( 7.01880724e-05, 5.73518477e-05)
( 7.03238267e-05, 5.73053175e-05)
( 7.03214288e-05, 5.71543929e-05)
( 7.01809686e-05, 5.68994160e-05)
( 6.99028076e-05, 5.65409189e-05)
( 6.94875781e-05, 5.60796225e-05)
( 6.89361822e-05, 5.55164344e-05)
( 6.82497903e-05, 5.48524479e-05)
( 6.74298389e-05, 5.40889392e-05)
( 6.64780280e-05, 5.32273650e-05)
( 6.53963180e-05, 5.22693597e-05)
( 6.41869258e-05, 5.12167323e-05)
( 6.28523208e-05, 5.00714631e-05)
( 6.13952204e-05, 4.88356996e-05)
( 5.98185843e-05, 4.75117524e-05)
( 5.81256092e-05, 4.61020914e-05)
( 5.63197227e-05, 4.46093409e-05)
( 5.44045761e-05, 4.30362743e-05)
( 5.23840383e-05, 4.13858098e-05)
( 5.02621872e-05, 3.96610043e-05)
( 4.80433025e-05, 3.78650480e-05)
( 4.57318571e-05, 3.60012589e-05)
( 4.33325083e-05, 3.40730760e-05)
( 4.08500885e-05, 3.20840537e-05)
( 3.82895962e-05, 3.00378548e-05)
( 3.56561854e-05, 2.79382441e-05)
( 3.29551561e-05, 2.57890817e-05)
( 3.01919434e-05, 2.35943155e-05)
( 2.73721069e-05, 2.13579744e-05)
( 2.45013194e-05, 1.90841610e-05)
( 2.15853561e-05, 1.67770440e-05)
( 1.86300824e-05, 1.44408508e-05)
( 1.56414426e-05, 1.20798598e-05)
( 1.26254482e-05, 9.69839251e-06)
( 9.58816535e-06, 7.30080612e-06)
( 6.53570280e-06, 4.89148530e-06)
( 3.47419985e-06, 2.47483444e-06)
( 4.09813769e-07, 5.52697069e-08)
(-2.65129259e-06,-2.36278900e-06)
(-5.70296324e-06,-4.77492593e-06)
(-8.73906154e-06,-7.17673751e-06)
(-1.17534827e-05,-9.56384024e-06)
(-1.47401659e-05,-1.19318786e-05)
(-1.76931072e-05,-1.42765330e-05)
(-2.06063711e-05,-1.65935274e-05)
(-2.34741032e-05,-1.88786373e-05)
(-2.62905417e-05,-2.11276969e-05)
(-2.90500297e-05,-2.33366074e-05)
(-3.17470264e-05,-2.55013435e-05)
(-3.43761185e-05,-2.76179614e-05)
(-3.69320317e-05,-2.96826058e-05)
(-3.94096410e-05,-3.16915164e-05)
(-4.18039820e-05,-3.36410357e-05)
(-4.41102603e-05,-3.55276146e-05)
(-4.63238621e-05,-3.73478195e-05)
(-4.84403635e-05,-3.90983386e-05)
(-5.04555397e-05,-4.07759875e-05)
(-5.23653737e-05,-4.23777156e-05)
(-5.41660648e-05,-4.39006113e-05)
(-5.58540366e-05,-4.53419073e-05)
(-5.74259442e-05,-4.66989863e-05)
(-5.88786813e-05,-4.79693851e-05)
(-6.02093871e-05,-4.91507996e-05)
(-6.14154517e-05,-5.02410891e-05)
(-6.24945219e-05,-5.12382802e-05)
(-6.34445063e-05,-5.21405705e-05)
(-6.42635794e-05,-5.29463320e-05)
(-6.49501860e-05,-5.36541144e-05)
(-6.55030437e-05,-5.42626477e-05)
(-6.59211466e-05,-5.47708446e-05)
(-6.62037666e-05,-5.51778030e-05)
(-6.63504558e-05,-5.54828073e-05)
(-6.63610469e-05,-5.56853304e-05)
(-6.62356537e-05,-5.57850343e-05)
(-6.59746713e-05,-5.57817716e-05)
(-6.55787750e-05,-5.56755851e-05)
(-6.50489190e-05,-5.54667086e-05)
(-6.43863346e-05,-5.51555662e-05)
(-6.35925273e-05,-5.47427722e-05)
(-6.26692743e-05,-5.42291296e-05)
(-6.16186203e-05,-5.36156292e-05)
(-6.04428732e-05,-5.29034479e-05)
(-5.91445997e-05,-5.20939464e-05)
(-5.77266196e-05,-5.11886675e-05)
(-5.61920001e-05,-5.01893329e-05)
(-5.45440490e-05,-4.90978403e-05)
(-5.27863082e-05,-4.79162604e-05)
(-5.09225457e-05,-4.66468328e-05)
(-4.89567482e-05,-4.52919622e-05)
(-4.68931123e-05,-4.38542144e-05)
(-4.47360358e-05,-4.23363110e-05)
(-4.24901083e-05,-4.07411252e-05)
(-4.01601014e-05,-3.90716762e-05)
(-3.77509588e-05,-3.73311237e-05)
(-3.52677857e-05,-3.55227625e-05)
(-3.27158377e-05,-3.36500160e-05)
(-3.01005103e-05,-3.17164301e-05)
(-2.74273265e-05,-2.97256668e-05)
(-2.47019259e-05,-2.76814971e-05)
(-2.19300521e-05,-2.55877944e-05)
(-1.91175408e-05,-2.34485269e-05)
(-1.62703074e-05,-2.12677505e-05)
(-1.33943339e-05,-1.90496010e-05)
(-1.04956569e-05,-1.67982863e-05)
(-7.58035394e-06,-1.45180787e-05)
(-4.65453127e-06,-1.22133064e-05)
(-1.72431032e-06,-9.88834602e-06)
( 1.20418518e-06,-7.54761340e-06)
( 4.12484222e-06,-5.19555581e-06)
( 7.03157163e-06,-2.83664316e-06)
( 9.91832099e-06,-4.75359538e-07)
( 1.27790876e-05, 1.88380548e-06)
( 1.56079311e-05, 4.23636545e-06)
( 1.83989863e-05, 6.57784578e-06)
( 2.11464757e-05, 8.90379235e-06)
( 2.38447215e-05, 1.12097803e-05)
( 2.64881580e-05, 1.34914224e-05)
( 2.90713429e-05, 1.57443780e-05)
( 3.15889696e-05, 1.79643612e-05)
( 3.40358777e-05, 2.01471496e-05)
( 3.64070643e-05, 2.22885925e-05)
( 3.86976945e-05, 2.43846188e-05)
( 4.09031114e-05, 2.64312456e-05)
( 4.30188462e-05, 2.84245860e-05)
( 4.50406272e-05, 3.03608564e-05)
( 4.69643890e-05, 3.22363848e-05)
( 4.87862809e-05, 3.40476177e-05)
( 5.05026747e-05, 3.57911272e-05)
( 5.21101725e-05, 3.74636183e-05)
( 5.36056134e-05, 3.90619354e-05)
( 5.49860801e-05, 4.05830685e-05)
( 5.62489047e-05, 4.20241597e-05)
( 5.73916741e-05, 4.33825089e-05)
( 5.84122349e-05, 4.46555792e-05)
( 5.93086972e-05, 4.58410024e-05)
( 6.00794387e-05, 4.69365838e-05)
( 6.07231075e-05, 4.79403067e-05)
( 6.12386245e-05, 4.88503366e-05)
( 6.16251850e-05, 4.96650253e-05)
( 6.18822605e-05, 5.03829140e-05)
( 6.20095987e-05, 5.10027368e-05)
( 6.20072237e-05, 5.15234230e-05)
( 6.18754355e-05, 5.19440998e-05)
( 6.16148084e-05, 5.22640940e-05)
( 6.12261895e-05, 5.24829337e-05)
( 6.07106962e-05, 5.26003489e-05)
( 6.00697131e-05, 5.26162730e-05)
( 5.93048880e-05, 5.25308422e-05)
( 5.84181286e-05, 5.23443960e-05)
( 5.74115967e-05, 5.20574763e-05)
( 5.62877037e-05, 5.16708263e-05)
( 5.50491042e-05, 5.11853894e-05)
( 5.36986898e-05, 5.06023069e-05)
( 5.22395822e-05, 4.99229161e-05)
( 5.06751259e-05, 4.91487475e-05)
( 4.90088802e-05, 4.82815216e-05)
( 4.72446106e-05, 4.73231453e-05)
( 4.53862808e-05, 4.62757082e-05)
( 4.34380426e-05, 4.51414782e-05)
( 4.14042269e-05, 4.39228968e-05)
( 3.92893336e-05, 4.26225737e-05)
( 3.70980214e-05, 4.12432821e-05)
( 3.48350968e-05, 3.97879519e-05)
( 3.25055038e-05, 3.82596644e-05)
( 3.01143122e-05, 3.66616452e-05)
( 2.76667062e-05, 3.49972578e-05)
( 2.51679731e-05, 3.32699963e-05)
( 2.26234912e-05, 3.14834777e-05)
( 2.00387178e-05, 2.96414348e-05)
( 1.74191770e-05, 2.77477077e-05)
( 1.47704478e-05, 2.58062357e-05)
( 1.20981512e-05, 2.38210492e-05)
( 9.40793862e-06, 2.17962606e-05)
( 6.70547866e-06, 1.97360558e-05)
( 3.99644532e-06, 1.76446849e-05)
( 1.28650544e-06, 1.55264534e-05)
(-1.41869354e-06, 1.33857124e-05)
(-4.11353578e-06, 1.12268499e-05)
(-6.79244904e-06, 9.05428040e-06)
(-9.44991661e-06, 6.87243626e-06)
(-1.20804891e-05, 4.68575747e-06)
(-1.46787957e-05, 2.49868223e-06)
(-1.72395560e-05, 3.15637292e-07)
(-1.97575903e-05,-1.85897164e-06)
(-2.22278310e-05,-4.02076954e-06)
(-2.46453327e-05,-6.16542151e-06)
(-2.70052825e-05,-8.28864228e-06)
(-2.93030095e-05,-1.03862055e-05)
(-3.15339946e-05,-1.24539529e-05)
(-3.36938791e-05,-1.44878033e-05)
(-3.57784737e-05,-1.64837616e-05)
(-3.77837662e-05,-1.84379275e-05)
(-3.97059296e-05,-2.03465037e-05)
(-4.15413293e-05,-2.22058042e-05)
(-4.32865297e-05,-2.40122625e-05)
(-4.49383008e-05,-2.57624390e-05)
(-4.64936236e-05,-2.74530287e-05)
(-4.79496958e-05,-2.90808679e-05)
(-4.93039361e-05,-3.06429414e-05)
(-5.05539890e-05,-3.21363885e-05)
(-5.16977281e-05,-3.35585092e-05)
(-5.27332590e-05,-3.49067701e-05)
(-5.36589227e-05,-3.61788093e-05)
(-5.44732969e-05,-3.73724416e-05)
(-5.51751978e-05,-3.84856626e-05)
(-5.57636812e-05,-3.95166531e-05)
(-5.62380426e-05,-4.04637825e-05)
(-5.65978172e-05,-4.13256119e-05)
(-5.68427793e-05,-4.21008968e-05)
(-5.69729408e-05,-4.27885894e-05)
(-5.69885499e-05,-4.33878402e-05)
(-5.68900881e-05,-4.38979992e-05)
(-5.66782684e-05,-4.43186171e-05)
(-5.63540309e-05,-4.46494449e-05)
(-5.59185400e-05,-4.48904345e-05)
(-5.53731793e-05,-4.50417373e-05)
(-5.47195476e-05,-4.51037035e-05)
(-5.39594531e-05,-4.50768800e-05)
(-5.30949082e-05,-4.49620090e-05)
(-5.21281232e-05,-4.47600245e-05)
(-5.10615001e-05,-4.44720499e-05)
(-4.98976256e-05,-4.40993942e-05)
(-4.86392638e-05,-4.36435478e-05)
(-4.72893492e-05,-4.31061785e-05)
(-4.58509784e-05,-4.24891262e-05)
(-4.43274019e-05,-4.17943978e-05)
(-4.27220162e-05,-4.10241614e-05)
(-4.10383546e-05,-4.01807403e-05)
(-3.92800786e-05,-3.92666060e-05)
(-3.74509688e-05,-3.82843723e-05)
(-3.55549157e-05,-3.72367869e-05)
(-3.35959097e-05,-3.61267247e-05)
(-3.15780326e-05,-3.49571795e-05)
(-2.95054467e-05,-3.37312560e-05)
(-2.73823862e-05,-3.24521612e-05)
(-2.52131466e-05,-3.11231957e-05)
(-2.30020752e-05,-2.97477448e-05)
(-2.07535610e-05,-2.83292692e-05)
(-1.84720255e-05,-2.68712961e-05)
(-1.61619120e-05,-2.53774089e-05)
(-1.38276766e-05,-2.38512382e-05)
(-1.14737785e-05,-2.22964517e-05)
(-9.10466992e-06,-2.07167443e-05)
(-6.72478751e-06,-1.91158283e-05)
(-4.33854255e-06,-1.74974232e-05)
(-1.95031216e-06,-1.58652459e-05)
( 4.35569594e-07,-1.42230006e-05)
( 2.81482030e-06,-1.25743685e-05)
( 5.18321758e-06,-1.09229983e-05)
( 7.53660723e-06,-9.27249616e-06)
( 9.87091102e-06,-7.62641593e-06)
( 1.21821342e-05,-5.98824947e-06)
( 1.44663730e-05,-4.36141722e-06)
( 1.67198209e-05,-2.74925887e-06)
( 1.89387761e-05,-1.15502427e-06)
( 2.11196468e-05, 4.18135534e-07)
( 2.32589578e-05, 1.96717691e-06)
( 2.53533553e-05, 3.48917210e-06)
( 2.73996127e-05, 4.98131729e-06)
( 2.93946345e-05, 6.44094052e-06)
( 3.13354612e-05, 7.86550917e-06)
( 3.32192727e-05, 9.25263716e-06)
( 3.50433920e-05, 1.06000918e-05)
( 3.68052881e-05, 1.19058004e-05)
( 3.85025786e-05, 1.31678563e-05)
( 4.01330316e-05, 1.43845245e-05)
( 4.16945679e-05, 1.55542474e-05)
( 4.31852619e-05, 1.66756496e-05)
( 4.46033422e-05, 1.77475424e-05)
( 4.59471925e-05, 1.87689282e-05)
( 4.72153512e-05, 1.97390042e-05)
( 4.84065110e-05, 2.06571658e-05)
( 4.95195179e-05, 2.15230100e-05)
( 5.05533696e-05, 2.23363375e-05)
( 5.15072144e-05, 2.30971555e-05)
( 5.23803480e-05, 2.38056795e-05)
( 5.31722115e-05, 2.44623351e-05)
( 5.38823882e-05, 2.50677591e-05)
( 5.45105996e-05, 2.56228010e-05)
( 5.50567021e-05, 2.61285238e-05)
( 5.55206821e-05, 2.65862047e-05)
( 5.59026516e-05, 2.69973357e-05)
( 5.62028425e-05, 2.73636245e-05)
( 5.64216013e-05, 2.76869947e-05)
( 5.65593828e-05, 2.79695872e-05)
( 5.66167435e-05, 2.82137607e-05)
( 5.65943346e-05, 2.84220933e-05)
( 5.64928942e-05, 2.85973845e-05)
( 5.63132396e-05, 2.87426579e-05)
( 5.60562582e-05, 2.88611646e-05)
( 5.57228983e-05, 2.89563881e-05)
( 5.53141593e-05, 2.90320508e-05)
( 5.48310804e-05, 2.90921221e-05)
( 5.42747294e-05, 2.91408289e-05)
( 5.36461894e-05, 2.91826697e-05)
( 5.29465455e-05, 2.92224318e-05)
( 5.21768687e-05, 2.92652134e-05)
( 5.13381993e-05, 2.93164518e-05)
( 5.04315272e-05, 2.93819586e-05)
( 4.94577706e-05, 2.94679643e-05)
( 4.84177505e-05, 2.95811752e-05)
( 4.73121620e-05, 2.97288445e-05)
( 4.61415403e-05, 2.99188640e-05)
( 4.49062199e-05, 3.01598801e-05)
( 4.36062859e-05, 3.04614437e-05)
( 4.22415143e-05, 3.08342048e-05)
( 4.08112972e-05, 3.12901664e-05)
( 3.93145489e-05, 3.18430202e-05)
( 3.77495854e-05, 3.25085964e-05)
( 3.61139657e-05, 3.33054735e-05)
( 3.44042814e-05, 3.42558206e-05)
( 3.26158691e-05, 3.53865808e-05)
( 3.07424091e-05, 3.67311720e-05)
( 2.87753512e-05, 3.83319931e-05)
( 2.67030666e-05, 4.02442272e-05)
( 2.45095517e-05, 4.25418143e-05)
( 2.21723640e-05, 4.53272291e-05)
( 1.96591711e-05, 4.87482996e-05)
( 1.69216153e-05, 5.30289708e-05)
( 1.38835483e-05, 5.85301042e-05)
( 1.04160821e-05, 6.58824796e-05)
( 6.27725905e-06, 7.63187695e-05)
( 9.22911534e-07, 9.27567630e-05)
(-6.89426665e-06, 1.22019096e-04)
(-3.60710607e-05, 2.80845875e-04)
