% L-Bracket Geometry
% N_total=602, N_horizontal=301, N_vertical=301
% Resolution: 100 segments per wavelength
% Format: x(m) y(m)
8.32765681e-04 0.00000000e+00
2.49829704e-03 0.00000000e+00
4.16382840e-03 0.00000000e+00
5.82935976e-03 0.00000000e+00
7.49489113e-03 0.00000000e+00
9.16042249e-03 0.00000000e+00
1.08259538e-02 0.00000000e+00
1.24914852e-02 0.00000000e+00
1.41570166e-02 0.00000000e+00
1.58225479e-02 0.00000000e+00
1.74880793e-02 0.00000000e+00
1.91536107e-02 0.00000000e+00
2.08191420e-02 0.00000000e+00
2.24846734e-02 0.00000000e+00
2.41502047e-02 0.00000000e+00
2.58157361e-02 0.00000000e+00
2.74812675e-02 0.00000000e+00
2.91467988e-02 0.00000000e+00
3.08123302e-02 0.00000000e+00
3.24778615e-02 0.00000000e+00
3.41433929e-02 0.00000000e+00
3.58089243e-02 0.00000000e+00
3.74744556e-02 0.00000000e+00
3.91399870e-02 0.00000000e+00
4.08055184e-02 0.00000000e+00
4.24710497e-02 0.00000000e+00
4.41365811e-02 0.00000000e+00
4.58021124e-02 0.00000000e+00
4.74676438e-02 0.00000000e+00
4.91331752e-02 0.00000000e+00
5.07987065e-02 0.00000000e+00
5.24642379e-02 0.00000000e+00
5.41297692e-02 0.00000000e+00
5.57953006e-02 0.00000000e+00
5.74608320e-02 0.00000000e+00
5.91263633e-02 0.00000000e+00
6.07918947e-02 0.00000000e+00
6.24574260e-02 0.00000000e+00
6.41229574e-02 0.00000000e+00
6.57884888e-02 0.00000000e+00
6.74540201e-02 0.00000000e+00
6.91195515e-02 0.00000000e+00
7.07850829e-02 0.00000000e+00
7.24506142e-02 0.00000000e+00
7.41161456e-02 0.00000000e+00
7.57816769e-02 0.00000000e+00
7.74472083e-02 0.00000000e+00
7.91127397e-02 0.00000000e+00
8.07782710e-02 0.00000000e+00
8.24438024e-02 0.00000000e+00
8.41093337e-02 0.00000000e+00
8.57748651e-02 0.00000000e+00
8.74403965e-02 0.00000000e+00
8.91059278e-02 0.00000000e+00
9.07714592e-02 0.00000000e+00
9.24369905e-02 0.00000000e+00
9.41025219e-02 0.00000000e+00
9.57680533e-02 0.00000000e+00
9.74335846e-02 0.00000000e+00
9.90991160e-02 0.00000000e+00
1.00764647e-01 0.00000000e+00
1.02430179e-01 0.00000000e+00
1.04095710e-01 0.00000000e+00
1.05761241e-01 0.00000000e+00
1.07426773e-01 0.00000000e+00
1.09092304e-01 0.00000000e+00
1.10757836e-01 0.00000000e+00
1.12423367e-01 0.00000000e+00
1.14088898e-01 0.00000000e+00
1.15754430e-01 0.00000000e+00
1.17419961e-01 0.00000000e+00
1.19085492e-01 0.00000000e+00
1.20751024e-01 0.00000000e+00
1.22416555e-01 0.00000000e+00
1.24082086e-01 0.00000000e+00
1.25747618e-01 0.00000000e+00
1.27413149e-01 0.00000000e+00
1.29078680e-01 0.00000000e+00
1.30744212e-01 0.00000000e+00
1.32409743e-01 0.00000000e+00
1.34075275e-01 0.00000000e+00
1.35740806e-01 0.00000000e+00
1.37406337e-01 0.00000000e+00
1.39071869e-01 0.00000000e+00
1.40737400e-01 0.00000000e+00
1.42402931e-01 0.00000000e+00
1.44068463e-01 0.00000000e+00
1.45733994e-01 0.00000000e+00
1.47399525e-01 0.00000000e+00
1.49065057e-01 0.00000000e+00
1.50730588e-01 0.00000000e+00
1.52396120e-01 0.00000000e+00
1.54061651e-01 0.00000000e+00
1.55727182e-01 0.00000000e+00
1.57392714e-01 0.00000000e+00
1.59058245e-01 0.00000000e+00
1.60723776e-01 0.00000000e+00
1.62389308e-01 0.00000000e+00
1.64054839e-01 0.00000000e+00
1.65720370e-01 0.00000000e+00
1.67385902e-01 0.00000000e+00
1.69051433e-01 0.00000000e+00
1.70716965e-01 0.00000000e+00
1.72382496e-01 0.00000000e+00
1.74048027e-01 0.00000000e+00
1.75713559e-01 0.00000000e+00
1.77379090e-01 0.00000000e+00
1.79044621e-01 0.00000000e+00
1.80710153e-01 0.00000000e+00
1.82375684e-01 0.00000000e+00
1.84041215e-01 0.00000000e+00
1.85706747e-01 0.00000000e+00
1.87372278e-01 0.00000000e+00
1.89037809e-01 0.00000000e+00
1.90703341e-01 0.00000000e+00
1.92368872e-01 0.00000000e+00
1.94034404e-01 0.00000000e+00
1.95699935e-01 0.00000000e+00
1.97365466e-01 0.00000000e+00
1.99030998e-01 0.00000000e+00
2.00696529e-01 0.00000000e+00
2.02362060e-01 0.00000000e+00
2.04027592e-01 0.00000000e+00
2.05693123e-01 0.00000000e+00
2.07358654e-01 0.00000000e+00
2.09024186e-01 0.00000000e+00
2.10689717e-01 0.00000000e+00
2.12355249e-01 0.00000000e+00
2.14020780e-01 0.00000000e+00
2.15686311e-01 0.00000000e+00
2.17351843e-01 0.00000000e+00
2.19017374e-01 0.00000000e+00
2.20682905e-01 0.00000000e+00
2.22348437e-01 0.00000000e+00
2.24013968e-01 0.00000000e+00
2.25679499e-01 0.00000000e+00
2.27345031e-01 0.00000000e+00
2.29010562e-01 0.00000000e+00
2.30676094e-01 0.00000000e+00
2.32341625e-01 0.00000000e+00
2.34007156e-01 0.00000000e+00
2.35672688e-01 0.00000000e+00
2.37338219e-01 0.00000000e+00
2.39003750e-01 0.00000000e+00
2.40669282e-01 0.00000000e+00
2.42334813e-01 0.00000000e+00
2.44000344e-01 0.00000000e+00
2.45665876e-01 0.00000000e+00
2.47331407e-01 0.00000000e+00
2.48996939e-01 0.00000000e+00
2.50662470e-01 0.00000000e+00
2.52328001e-01 0.00000000e+00
2.53993533e-01 0.00000000e+00
2.55659064e-01 0.00000000e+00
2.57324595e-01 0.00000000e+00
2.58990127e-01 0.00000000e+00
2.60655658e-01 0.00000000e+00
2.62321189e-01 0.00000000e+00
2.63986721e-01 0.00000000e+00
2.65652252e-01 0.00000000e+00
2.67317783e-01 0.00000000e+00
2.68983315e-01 0.00000000e+00
2.70648846e-01 0.00000000e+00
2.72314378e-01 0.00000000e+00
2.73979909e-01 0.00000000e+00
2.75645440e-01 0.00000000e+00
2.77310972e-01 0.00000000e+00
2.78976503e-01 0.00000000e+00
2.80642034e-01 0.00000000e+00
2.82307566e-01 0.00000000e+00
2.83973097e-01 0.00000000e+00
2.85638628e-01 0.00000000e+00
2.87304160e-01 0.00000000e+00
2.88969691e-01 0.00000000e+00
2.90635223e-01 0.00000000e+00
2.92300754e-01 0.00000000e+00
2.93966285e-01 0.00000000e+00
2.95631817e-01 0.00000000e+00
2.97297348e-01 0.00000000e+00
2.98962879e-01 0.00000000e+00
3.00628411e-01 0.00000000e+00
3.02293942e-01 0.00000000e+00
3.03959473e-01 0.00000000e+00
3.05625005e-01 0.00000000e+00
3.07290536e-01 0.00000000e+00
3.08956068e-01 0.00000000e+00
3.10621599e-01 0.00000000e+00
3.12287130e-01 0.00000000e+00
3.13952662e-01 0.00000000e+00
3.15618193e-01 0.00000000e+00
3.17283724e-01 0.00000000e+00
3.18949256e-01 0.00000000e+00
3.20614787e-01 0.00000000e+00
3.22280318e-01 0.00000000e+00
3.23945850e-01 0.00000000e+00
3.25611381e-01 0.00000000e+00
3.27276912e-01 0.00000000e+00
3.28942444e-01 0.00000000e+00
3.30607975e-01 0.00000000e+00
3.32273507e-01 0.00000000e+00
3.33939038e-01 0.00000000e+00
3.35604569e-01 0.00000000e+00
3.37270101e-01 0.00000000e+00
3.38935632e-01 0.00000000e+00
3.40601163e-01 0.00000000e+00
3.42266695e-01 0.00000000e+00
3.43932226e-01 0.00000000e+00
3.45597757e-01 0.00000000e+00
3.47263289e-01 0.00000000e+00
3.48928820e-01 0.00000000e+00
3.50594352e-01 0.00000000e+00
3.52259883e-01 0.00000000e+00
3.53925414e-01 0.00000000e+00
3.55590946e-01 0.00000000e+00
3.57256477e-01 0.00000000e+00
3.58922008e-01 0.00000000e+00
3.60587540e-01 0.00000000e+00
3.62253071e-01 0.00000000e+00
3.63918602e-01 0.00000000e+00
3.65584134e-01 0.00000000e+00
3.67249665e-01 0.00000000e+00
3.68915197e-01 0.00000000e+00
3.70580728e-01 0.00000000e+00
3.72246259e-01 0.00000000e+00
3.73911791e-01 0.00000000e+00
3.75577322e-01 0.00000000e+00
3.77242853e-01 0.00000000e+00
3.78908385e-01 0.00000000e+00
3.80573916e-01 0.00000000e+00
3.82239447e-01 0.00000000e+00
3.83904979e-01 0.00000000e+00
3.85570510e-01 0.00000000e+00
3.87236041e-01 0.00000000e+00
3.88901573e-01 0.00000000e+00
3.90567104e-01 0.00000000e+00
3.92232636e-01 0.00000000e+00
3.93898167e-01 0.00000000e+00
3.95563698e-01 0.00000000e+00
3.97229230e-01 0.00000000e+00
3.98894761e-01 0.00000000e+00
4.00560292e-01 0.00000000e+00
4.02225824e-01 0.00000000e+00
4.03891355e-01 0.00000000e+00
4.05556886e-01 0.00000000e+00
4.07222418e-01 0.00000000e+00
4.08887949e-01 0.00000000e+00
4.10553481e-01 0.00000000e+00
4.12219012e-01 0.00000000e+00
4.13884543e-01 0.00000000e+00
4.15550075e-01 0.00000000e+00
4.17215606e-01 0.00000000e+00
4.18881137e-01 0.00000000e+00
4.20546669e-01 0.00000000e+00
4.22212200e-01 0.00000000e+00
4.23877731e-01 0.00000000e+00
4.25543263e-01 0.00000000e+00
4.27208794e-01 0.00000000e+00
4.28874326e-01 0.00000000e+00
4.30539857e-01 0.00000000e+00
4.32205388e-01 0.00000000e+00
4.33870920e-01 0.00000000e+00
4.35536451e-01 0.00000000e+00
4.37201982e-01 0.00000000e+00
4.38867514e-01 0.00000000e+00
4.40533045e-01 0.00000000e+00
4.42198576e-01 0.00000000e+00
4.43864108e-01 0.00000000e+00
4.45529639e-01 0.00000000e+00
4.47195170e-01 0.00000000e+00
4.48860702e-01 0.00000000e+00
4.50526233e-01 0.00000000e+00
4.52191765e-01 0.00000000e+00
4.53857296e-01 0.00000000e+00
4.55522827e-01 0.00000000e+00
4.57188359e-01 0.00000000e+00
4.58853890e-01 0.00000000e+00
4.60519421e-01 0.00000000e+00
4.62184953e-01 0.00000000e+00
4.63850484e-01 0.00000000e+00
4.65516015e-01 0.00000000e+00
4.67181547e-01 0.00000000e+00
4.68847078e-01 0.00000000e+00
4.70512610e-01 0.00000000e+00
4.72178141e-01 0.00000000e+00
4.73843672e-01 0.00000000e+00
4.75509204e-01 0.00000000e+00
4.77174735e-01 0.00000000e+00
4.78840266e-01 0.00000000e+00
4.80505798e-01 0.00000000e+00
4.82171329e-01 0.00000000e+00
4.83836860e-01 0.00000000e+00
4.85502392e-01 0.00000000e+00
4.87167923e-01 0.00000000e+00
4.88833455e-01 0.00000000e+00
4.90498986e-01 0.00000000e+00
4.92164517e-01 0.00000000e+00
4.93830049e-01 0.00000000e+00
4.95495580e-01 0.00000000e+00
4.97161111e-01 0.00000000e+00
4.98826643e-01 0.00000000e+00
5.00492174e-01 0.00000000e+00
0.00000000e+00 8.32765681e-04
0.00000000e+00 2.49829704e-03
0.00000000e+00 4.16382840e-03
0.00000000e+00 5.82935976e-03
0.00000000e+00 7.49489113e-03
0.00000000e+00 9.16042249e-03
0.00000000e+00 1.08259538e-02
0.00000000e+00 1.24914852e-02
0.00000000e+00 1.41570166e-02
0.00000000e+00 1.58225479e-02
0.00000000e+00 1.74880793e-02
0.00000000e+00 1.91536107e-02
0.00000000e+00 2.08191420e-02
0.00000000e+00 2.24846734e-02
0.00000000e+00 2.41502047e-02
0.00000000e+00 2.58157361e-02
0.00000000e+00 2.74812675e-02
0.00000000e+00 2.91467988e-02
0.00000000e+00 3.08123302e-02
0.00000000e+00 3.24778615e-02
0.00000000e+00 3.41433929e-02
0.00000000e+00 3.58089243e-02
0.00000000e+00 3.74744556e-02
0.00000000e+00 3.91399870e-02
0.00000000e+00 4.08055184e-02
0.00000000e+00 4.24710497e-02
0.00000000e+00 4.41365811e-02
0.00000000e+00 4.58021124e-02
0.00000000e+00 4.74676438e-02
0.00000000e+00 4.91331752e-02
0.00000000e+00 5.07987065e-02
0.00000000e+00 5.24642379e-02
0.00000000e+00 5.41297692e-02
0.00000000e+00 5.57953006e-02
0.00000000e+00 5.74608320e-02
0.00000000e+00 5.91263633e-02
0.00000000e+00 6.07918947e-02
0.00000000e+00 6.24574260e-02
0.00000000e+00 6.41229574e-02
0.00000000e+00 6.57884888e-02
0.00000000e+00 6.74540201e-02
0.00000000e+00 6.91195515e-02
0.00000000e+00 7.07850829e-02
0.00000000e+00 7.24506142e-02
0.00000000e+00 7.41161456e-02
0.00000000e+00 7.57816769e-02
0.00000000e+00 7.74472083e-02
0.00000000e+00 7.91127397e-02
0.00000000e+00 8.07782710e-02
0.00000000e+00 8.24438024e-02
0.00000000e+00 8.41093337e-02
0.00000000e+00 8.57748651e-02
0.00000000e+00 8.74403965e-02
0.00000000e+00 8.91059278e-02
0.00000000e+00 9.07714592e-02
0.00000000e+00 9.24369905e-02
0.00000000e+00 9.41025219e-02
0.00000000e+00 9.57680533e-02
0.00000000e+00 9.74335846e-02
0.00000000e+00 9.90991160e-02
0.00000000e+00 1.00764647e-01
0.00000000e+00 1.02430179e-01
0.00000000e+00 1.04095710e-01
0.00000000e+00 1.05761241e-01
0.00000000e+00 1.07426773e-01
0.00000000e+00 1.09092304e-01
0.00000000e+00 1.10757836e-01
0.00000000e+00 1.12423367e-01
0.00000000e+00 1.14088898e-01
0.00000000e+00 1.15754430e-01
0.00000000e+00 1.17419961e-01
0.00000000e+00 1.19085492e-01
0.00000000e+00 1.20751024e-01
0.00000000e+00 1.22416555e-01
0.00000000e+00 1.24082086e-01
0.00000000e+00 1.25747618e-01
0.00000000e+00 1.27413149e-01
0.00000000e+00 1.29078680e-01
0.00000000e+00 1.30744212e-01
0.00000000e+00 1.32409743e-01
0.00000000e+00 1.34075275e-01
0.00000000e+00 1.35740806e-01
0.00000000e+00 1.37406337e-01
0.00000000e+00 1.39071869e-01
0.00000000e+00 1.40737400e-01
0.00000000e+00 1.42402931e-01
0.00000000e+00 1.44068463e-01
0.00000000e+00 1.45733994e-01
0.00000000e+00 1.47399525e-01
0.00000000e+00 1.49065057e-01
0.00000000e+00 1.50730588e-01
0.00000000e+00 1.52396120e-01
0.00000000e+00 1.54061651e-01
0.00000000e+00 1.55727182e-01
0.00000000e+00 1.57392714e-01
0.00000000e+00 1.59058245e-01
0.00000000e+00 1.60723776e-01
0.00000000e+00 1.62389308e-01
0.00000000e+00 1.64054839e-01
0.00000000e+00 1.65720370e-01
0.00000000e+00 1.67385902e-01
0.00000000e+00 1.69051433e-01
0.00000000e+00 1.70716965e-01
0.00000000e+00 1.72382496e-01
0.00000000e+00 1.74048027e-01
0.00000000e+00 1.75713559e-01
0.00000000e+00 1.77379090e-01
0.00000000e+00 1.79044621e-01
0.00000000e+00 1.80710153e-01
0.00000000e+00 1.82375684e-01
0.00000000e+00 1.84041215e-01
0.00000000e+00 1.85706747e-01
0.00000000e+00 1.87372278e-01
0.00000000e+00 1.89037809e-01
0.00000000e+00 1.90703341e-01
0.00000000e+00 1.92368872e-01
0.00000000e+00 1.94034404e-01
0.00000000e+00 1.95699935e-01
0.00000000e+00 1.97365466e-01
0.00000000e+00 1.99030998e-01
0.00000000e+00 2.00696529e-01
0.00000000e+00 2.02362060e-01
0.00000000e+00 2.04027592e-01
0.00000000e+00 2.05693123e-01
0.00000000e+00 2.07358654e-01
0.00000000e+00 2.09024186e-01
0.00000000e+00 2.10689717e-01
0.00000000e+00 2.12355249e-01
0.00000000e+00 2.14020780e-01
0.00000000e+00 2.15686311e-01
0.00000000e+00 2.17351843e-01
0.00000000e+00 2.19017374e-01
0.00000000e+00 2.20682905e-01
0.00000000e+00 2.22348437e-01
0.00000000e+00 2.24013968e-01
0.00000000e+00 2.25679499e-01
0.00000000e+00 2.27345031e-01
0.00000000e+00 2.29010562e-01
0.00000000e+00 2.30676094e-01
0.00000000e+00 2.32341625e-01
0.00000000e+00 2.34007156e-01
0.00000000e+00 2.35672688e-01
0.00000000e+00 2.37338219e-01
0.00000000e+00 2.39003750e-01
0.00000000e+00 2.40669282e-01
0.00000000e+00 2.42334813e-01
0.00000000e+00 2.44000344e-01
0.00000000e+00 2.45665876e-01
0.00000000e+00 2.47331407e-01
0.00000000e+00 2.48996939e-01
0.00000000e+00 2.50662470e-01
0.00000000e+00 2.52328001e-01
0.00000000e+00 2.53993533e-01
0.00000000e+00 2.55659064e-01
0.00000000e+00 2.57324595e-01
0.00000000e+00 2.58990127e-01
0.00000000e+00 2.60655658e-01
0.00000000e+00 2.62321189e-01
0.00000000e+00 2.63986721e-01
0.00000000e+00 2.65652252e-01
0.00000000e+00 2.67317783e-01
0.00000000e+00 2.68983315e-01
0.00000000e+00 2.70648846e-01
0.00000000e+00 2.72314378e-01
0.00000000e+00 2.73979909e-01
0.00000000e+00 2.75645440e-01
0.00000000e+00 2.77310972e-01
0.00000000e+00 2.78976503e-01
0.00000000e+00 2.80642034e-01
0.00000000e+00 2.82307566e-01
0.00000000e+00 2.83973097e-01
0.00000000e+00 2.85638628e-01
0.00000000e+00 2.87304160e-01
0.00000000e+00 2.88969691e-01
0.00000000e+00 2.90635223e-01
0.00000000e+00 2.92300754e-01
0.00000000e+00 2.93966285e-01
0.00000000e+00 2.95631817e-01
0.00000000e+00 2.97297348e-01
0.00000000e+00 2.98962879e-01
0.00000000e+00 3.00628411e-01
0.00000000e+00 3.02293942e-01
0.00000000e+00 3.03959473e-01
0.00000000e+00 3.05625005e-01
0.00000000e+00 3.07290536e-01
0.00000000e+00 3.08956068e-01
0.00000000e+00 3.10621599e-01
0.00000000e+00 3.12287130e-01
0.00000000e+00 3.13952662e-01
0.00000000e+00 3.15618193e-01
0.00000000e+00 3.17283724e-01
0.00000000e+00 3.18949256e-01
0.00000000e+00 3.20614787e-01
0.00000000e+00 3.22280318e-01
0.00000000e+00 3.23945850e-01
0.00000000e+00 3.25611381e-01
0.00000000e+00 3.27276912e-01
0.00000000e+00 3.28942444e-01
0.00000000e+00 3.30607975e-01
0.00000000e+00 3.32273507e-01
0.00000000e+00 3.33939038e-01
0.00000000e+00 3.35604569e-01
0.00000000e+00 3.37270101e-01
0.00000000e+00 3.38935632e-01
0.00000000e+00 3.40601163e-01
0.00000000e+00 3.42266695e-01
0.00000000e+00 3.43932226e-01
0.00000000e+00 3.45597757e-01
0.00000000e+00 3.47263289e-01
0.00000000e+00 3.48928820e-01
0.00000000e+00 3.50594352e-01
0.00000000e+00 3.52259883e-01
0.00000000e+00 3.53925414e-01
0.00000000e+00 3.55590946e-01
0.00000000e+00 3.57256477e-01
0.00000000e+00 3.58922008e-01
0.00000000e+00 3.60587540e-01
0.00000000e+00 3.62253071e-01
0.00000000e+00 3.63918602e-01
0.00000000e+00 3.65584134e-01
0.00000000e+00 3.67249665e-01
0.00000000e+00 3.68915197e-01
0.00000000e+00 3.70580728e-01
0.00000000e+00 3.72246259e-01
0.00000000e+00 3.73911791e-01
0.00000000e+00 3.75577322e-01
0.00000000e+00 3.77242853e-01
0.00000000e+00 3.78908385e-01
0.00000000e+00 3.80573916e-01
0.00000000e+00 3.82239447e-01
0.00000000e+00 3.83904979e-01
0.00000000e+00 3.85570510e-01
0.00000000e+00 3.87236041e-01
0.00000000e+00 3.88901573e-01
0.00000000e+00 3.90567104e-01
0.00000000e+00 3.92232636e-01
0.00000000e+00 3.93898167e-01
0.00000000e+00 3.95563698e-01
0.00000000e+00 3.97229230e-01
0.00000000e+00 3.98894761e-01
0.00000000e+00 4.00560292e-01
0.00000000e+00 4.02225824e-01
0.00000000e+00 4.03891355e-01
0.00000000e+00 4.05556886e-01
0.00000000e+00 4.07222418e-01
0.00000000e+00 4.08887949e-01
0.00000000e+00 4.10553481e-01
0.00000000e+00 4.12219012e-01
0.00000000e+00 4.13884543e-01
0.00000000e+00 4.15550075e-01
0.00000000e+00 4.17215606e-01
0.00000000e+00 4.18881137e-01
0.00000000e+00 4.20546669e-01
0.00000000e+00 4.22212200e-01
0.00000000e+00 4.23877731e-01
0.00000000e+00 4.25543263e-01
0.00000000e+00 4.27208794e-01
0.00000000e+00 4.28874326e-01
0.00000000e+00 4.30539857e-01
0.00000000e+00 4.32205388e-01
0.00000000e+00 4.33870920e-01
0.00000000e+00 4.35536451e-01
0.00000000e+00 4.37201982e-01
0.00000000e+00 4.38867514e-01
0.00000000e+00 4.40533045e-01
0.00000000e+00 4.42198576e-01
0.00000000e+00 4.43864108e-01
0.00000000e+00 4.45529639e-01
0.00000000e+00 4.47195170e-01
0.00000000e+00 4.48860702e-01
0.00000000e+00 4.50526233e-01
0.00000000e+00 4.52191765e-01
0.00000000e+00 4.53857296e-01
0.00000000e+00 4.55522827e-01
0.00000000e+00 4.57188359e-01
0.00000000e+00 4.58853890e-01
0.00000000e+00 4.60519421e-01
0.00000000e+00 4.62184953e-01
0.00000000e+00 4.63850484e-01
0.00000000e+00 4.65516015e-01
0.00000000e+00 4.67181547e-01
0.00000000e+00 4.68847078e-01
0.00000000e+00 4.70512610e-01
0.00000000e+00 4.72178141e-01
0.00000000e+00 4.73843672e-01
0.00000000e+00 4.75509204e-01
0.00000000e+00 4.77174735e-01
0.00000000e+00 4.78840266e-01
0.00000000e+00 4.80505798e-01
0.00000000e+00 4.82171329e-01
0.00000000e+00 4.83836860e-01
0.00000000e+00 4.85502392e-01
0.00000000e+00 4.87167923e-01
0.00000000e+00 4.88833455e-01
0.00000000e+00 4.90498986e-01
0.00000000e+00 4.92164517e-01
0.00000000e+00 4.93830049e-01
0.00000000e+00 4.95495580e-01
0.00000000e+00 4.97161111e-01
0.00000000e+00 4.98826643e-01
0.00000000e+00 5.00492174e-01
