% L-Bracket Geometry
% N_total=502, N_horizontal=251, N_vertical=251
% Resolution: 100 segments per wavelength
% Format: x(m) y(m)
9.99318817e-04 0.00000000e+00
2.99795645e-03 0.00000000e+00
4.99659408e-03 0.00000000e+00
6.99523172e-03 0.00000000e+00
8.99386935e-03 0.00000000e+00
1.09925070e-02 0.00000000e+00
1.29911446e-02 0.00000000e+00
1.49897823e-02 0.00000000e+00
1.69884199e-02 0.00000000e+00
1.89870575e-02 0.00000000e+00
2.09856952e-02 0.00000000e+00
2.29843328e-02 0.00000000e+00
2.49829704e-02 0.00000000e+00
2.69816081e-02 0.00000000e+00
2.89802457e-02 0.00000000e+00
3.09788833e-02 0.00000000e+00
3.29775210e-02 0.00000000e+00
3.49761586e-02 0.00000000e+00
3.69747962e-02 0.00000000e+00
3.89734339e-02 0.00000000e+00
4.09720715e-02 0.00000000e+00
4.29707091e-02 0.00000000e+00
4.49693468e-02 0.00000000e+00
4.69679844e-02 0.00000000e+00
4.89666220e-02 0.00000000e+00
5.09652597e-02 0.00000000e+00
5.29638973e-02 0.00000000e+00
5.49625349e-02 0.00000000e+00
5.69611726e-02 0.00000000e+00
5.89598102e-02 0.00000000e+00
6.09584478e-02 0.00000000e+00
6.29570855e-02 0.00000000e+00
6.49557231e-02 0.00000000e+00
6.69543607e-02 0.00000000e+00
6.89529984e-02 0.00000000e+00
7.09516360e-02 0.00000000e+00
7.29502736e-02 0.00000000e+00
7.49489113e-02 0.00000000e+00
7.69475489e-02 0.00000000e+00
7.89461865e-02 0.00000000e+00
8.09448242e-02 0.00000000e+00
8.29434618e-02 0.00000000e+00
8.49420994e-02 0.00000000e+00
8.69407371e-02 0.00000000e+00
8.89393747e-02 0.00000000e+00
9.09380123e-02 0.00000000e+00
9.29366500e-02 0.00000000e+00
9.49352876e-02 0.00000000e+00
9.69339252e-02 0.00000000e+00
9.89325629e-02 0.00000000e+00
1.00931200e-01 0.00000000e+00
1.02929838e-01 0.00000000e+00
1.04928476e-01 0.00000000e+00
1.06927113e-01 0.00000000e+00
1.08925751e-01 0.00000000e+00
1.10924389e-01 0.00000000e+00
1.12923026e-01 0.00000000e+00
1.14921664e-01 0.00000000e+00
1.16920302e-01 0.00000000e+00
1.18918939e-01 0.00000000e+00
1.20917577e-01 0.00000000e+00
1.22916214e-01 0.00000000e+00
1.24914852e-01 0.00000000e+00
1.26913490e-01 0.00000000e+00
1.28912127e-01 0.00000000e+00
1.30910765e-01 0.00000000e+00
1.32909403e-01 0.00000000e+00
1.34908040e-01 0.00000000e+00
1.36906678e-01 0.00000000e+00
1.38905316e-01 0.00000000e+00
1.40903953e-01 0.00000000e+00
1.42902591e-01 0.00000000e+00
1.44901228e-01 0.00000000e+00
1.46899866e-01 0.00000000e+00
1.48898504e-01 0.00000000e+00
1.50897141e-01 0.00000000e+00
1.52895779e-01 0.00000000e+00
1.54894417e-01 0.00000000e+00
1.56893054e-01 0.00000000e+00
1.58891692e-01 0.00000000e+00
1.60890329e-01 0.00000000e+00
1.62888967e-01 0.00000000e+00
1.64887605e-01 0.00000000e+00
1.66886242e-01 0.00000000e+00
1.68884880e-01 0.00000000e+00
1.70883518e-01 0.00000000e+00
1.72882155e-01 0.00000000e+00
1.74880793e-01 0.00000000e+00
1.76879431e-01 0.00000000e+00
1.78878068e-01 0.00000000e+00
1.80876706e-01 0.00000000e+00
1.82875343e-01 0.00000000e+00
1.84873981e-01 0.00000000e+00
1.86872619e-01 0.00000000e+00
1.88871256e-01 0.00000000e+00
1.90869894e-01 0.00000000e+00
1.92868532e-01 0.00000000e+00
1.94867169e-01 0.00000000e+00
1.96865807e-01 0.00000000e+00
1.98864445e-01 0.00000000e+00
2.00863082e-01 0.00000000e+00
2.02861720e-01 0.00000000e+00
2.04860357e-01 0.00000000e+00
2.06858995e-01 0.00000000e+00
2.08857633e-01 0.00000000e+00
2.10856270e-01 0.00000000e+00
2.12854908e-01 0.00000000e+00
2.14853546e-01 0.00000000e+00
2.16852183e-01 0.00000000e+00
2.18850821e-01 0.00000000e+00
2.20849458e-01 0.00000000e+00
2.22848096e-01 0.00000000e+00
2.24846734e-01 0.00000000e+00
2.26845371e-01 0.00000000e+00
2.28844009e-01 0.00000000e+00
2.30842647e-01 0.00000000e+00
2.32841284e-01 0.00000000e+00
2.34839922e-01 0.00000000e+00
2.36838560e-01 0.00000000e+00
2.38837197e-01 0.00000000e+00
2.40835835e-01 0.00000000e+00
2.42834472e-01 0.00000000e+00
2.44833110e-01 0.00000000e+00
2.46831748e-01 0.00000000e+00
2.48830385e-01 0.00000000e+00
2.50829023e-01 0.00000000e+00
2.52827661e-01 0.00000000e+00
2.54826298e-01 0.00000000e+00
2.56824936e-01 0.00000000e+00
2.58823574e-01 0.00000000e+00
2.60822211e-01 0.00000000e+00
2.62820849e-01 0.00000000e+00
2.64819486e-01 0.00000000e+00
2.66818124e-01 0.00000000e+00
2.68816762e-01 0.00000000e+00
2.70815399e-01 0.00000000e+00
2.72814037e-01 0.00000000e+00
2.74812675e-01 0.00000000e+00
2.76811312e-01 0.00000000e+00
2.78809950e-01 0.00000000e+00
2.80808588e-01 0.00000000e+00
2.82807225e-01 0.00000000e+00
2.84805863e-01 0.00000000e+00
2.86804500e-01 0.00000000e+00
2.88803138e-01 0.00000000e+00
2.90801776e-01 0.00000000e+00
2.92800413e-01 0.00000000e+00
2.94799051e-01 0.00000000e+00
2.96797689e-01 0.00000000e+00
2.98796326e-01 0.00000000e+00
3.00794964e-01 0.00000000e+00
3.02793601e-01 0.00000000e+00
3.04792239e-01 0.00000000e+00
3.06790877e-01 0.00000000e+00
3.08789514e-01 0.00000000e+00
3.10788152e-01 0.00000000e+00
3.12786790e-01 0.00000000e+00
3.14785427e-01 0.00000000e+00
3.16784065e-01 0.00000000e+00
3.18782703e-01 0.00000000e+00
3.20781340e-01 0.00000000e+00
3.22779978e-01 0.00000000e+00
3.24778615e-01 0.00000000e+00
3.26777253e-01 0.00000000e+00
3.28775891e-01 0.00000000e+00
3.30774528e-01 0.00000000e+00
3.32773166e-01 0.00000000e+00
3.34771804e-01 0.00000000e+00
3.36770441e-01 0.00000000e+00
3.38769079e-01 0.00000000e+00
3.40767717e-01 0.00000000e+00
3.42766354e-01 0.00000000e+00
3.44764992e-01 0.00000000e+00
3.46763629e-01 0.00000000e+00
3.48762267e-01 0.00000000e+00
3.50760905e-01 0.00000000e+00
3.52759542e-01 0.00000000e+00
3.54758180e-01 0.00000000e+00
3.56756818e-01 0.00000000e+00
3.58755455e-01 0.00000000e+00
3.60754093e-01 0.00000000e+00
3.62752730e-01 0.00000000e+00
3.64751368e-01 0.00000000e+00
3.66750006e-01 0.00000000e+00
3.68748643e-01 0.00000000e+00
3.70747281e-01 0.00000000e+00
3.72745919e-01 0.00000000e+00
3.74744556e-01 0.00000000e+00
3.76743194e-01 0.00000000e+00
3.78741832e-01 0.00000000e+00
3.80740469e-01 0.00000000e+00
3.82739107e-01 0.00000000e+00
3.84737744e-01 0.00000000e+00
3.86736382e-01 0.00000000e+00
3.88735020e-01 0.00000000e+00
3.90733657e-01 0.00000000e+00
3.92732295e-01 0.00000000e+00
3.94730933e-01 0.00000000e+00
3.96729570e-01 0.00000000e+00
3.98728208e-01 0.00000000e+00
4.00726846e-01 0.00000000e+00
4.02725483e-01 0.00000000e+00
4.04724121e-01 0.00000000e+00
4.06722758e-01 0.00000000e+00
4.08721396e-01 0.00000000e+00
4.10720034e-01 0.00000000e+00
4.12718671e-01 0.00000000e+00
4.14717309e-01 0.00000000e+00
4.16715947e-01 0.00000000e+00
4.18714584e-01 0.00000000e+00
4.20713222e-01 0.00000000e+00
4.22711859e-01 0.00000000e+00
4.24710497e-01 0.00000000e+00
4.26709135e-01 0.00000000e+00
4.28707772e-01 0.00000000e+00
4.30706410e-01 0.00000000e+00
4.32705048e-01 0.00000000e+00
4.34703685e-01 0.00000000e+00
4.36702323e-01 0.00000000e+00
4.38700961e-01 0.00000000e+00
4.40699598e-01 0.00000000e+00
4.42698236e-01 0.00000000e+00
4.44696873e-01 0.00000000e+00
4.46695511e-01 0.00000000e+00
4.48694149e-01 0.00000000e+00
4.50692786e-01 0.00000000e+00
4.52691424e-01 0.00000000e+00
4.54690062e-01 0.00000000e+00
4.56688699e-01 0.00000000e+00
4.58687337e-01 0.00000000e+00
4.60685975e-01 0.00000000e+00
4.62684612e-01 0.00000000e+00
4.64683250e-01 0.00000000e+00
4.66681887e-01 0.00000000e+00
4.68680525e-01 0.00000000e+00
4.70679163e-01 0.00000000e+00
4.72677800e-01 0.00000000e+00
4.74676438e-01 0.00000000e+00
4.76675076e-01 0.00000000e+00
4.78673713e-01 0.00000000e+00
4.80672351e-01 0.00000000e+00
4.82670988e-01 0.00000000e+00
4.84669626e-01 0.00000000e+00
4.86668264e-01 0.00000000e+00
4.88666901e-01 0.00000000e+00
4.90665539e-01 0.00000000e+00
4.92664177e-01 0.00000000e+00
4.94662814e-01 0.00000000e+00
4.96661452e-01 0.00000000e+00
4.98660090e-01 0.00000000e+00
5.00658727e-01 0.00000000e+00
0.00000000e+00 9.99318817e-04
0.00000000e+00 2.99795645e-03
0.00000000e+00 4.99659408e-03
0.00000000e+00 6.99523172e-03
0.00000000e+00 8.99386935e-03
0.00000000e+00 1.09925070e-02
0.00000000e+00 1.29911446e-02
0.00000000e+00 1.49897823e-02
0.00000000e+00 1.69884199e-02
0.00000000e+00 1.89870575e-02
0.00000000e+00 2.09856952e-02
0.00000000e+00 2.29843328e-02
0.00000000e+00 2.49829704e-02
0.00000000e+00 2.69816081e-02
0.00000000e+00 2.89802457e-02
0.00000000e+00 3.09788833e-02
0.00000000e+00 3.29775210e-02
0.00000000e+00 3.49761586e-02
0.00000000e+00 3.69747962e-02
0.00000000e+00 3.89734339e-02
0.00000000e+00 4.09720715e-02
0.00000000e+00 4.29707091e-02
0.00000000e+00 4.49693468e-02
0.00000000e+00 4.69679844e-02
0.00000000e+00 4.89666220e-02
0.00000000e+00 5.09652597e-02
0.00000000e+00 5.29638973e-02
0.00000000e+00 5.49625349e-02
0.00000000e+00 5.69611726e-02
0.00000000e+00 5.89598102e-02
0.00000000e+00 6.09584478e-02
0.00000000e+00 6.29570855e-02
0.00000000e+00 6.49557231e-02
0.00000000e+00 6.69543607e-02
0.00000000e+00 6.89529984e-02
0.00000000e+00 7.09516360e-02
0.00000000e+00 7.29502736e-02
0.00000000e+00 7.49489113e-02
0.00000000e+00 7.69475489e-02
0.00000000e+00 7.89461865e-02
0.00000000e+00 8.09448242e-02
0.00000000e+00 8.29434618e-02
0.00000000e+00 8.49420994e-02
0.00000000e+00 8.69407371e-02
0.00000000e+00 8.89393747e-02
0.00000000e+00 9.09380123e-02
0.00000000e+00 9.29366500e-02
0.00000000e+00 9.49352876e-02
0.00000000e+00 9.69339252e-02
0.00000000e+00 9.89325629e-02
0.00000000e+00 1.00931200e-01
0.00000000e+00 1.02929838e-01
0.00000000e+00 1.04928476e-01
0.00000000e+00 1.06927113e-01
0.00000000e+00 1.08925751e-01
0.00000000e+00 1.10924389e-01
0.00000000e+00 1.12923026e-01
0.00000000e+00 1.14921664e-01
0.00000000e+00 1.16920302e-01
0.00000000e+00 1.18918939e-01
0.00000000e+00 1.20917577e-01
0.00000000e+00 1.22916214e-01
0.00000000e+00 1.24914852e-01
0.00000000e+00 1.26913490e-01
0.00000000e+00 1.28912127e-01
0.00000000e+00 1.30910765e-01
0.00000000e+00 1.32909403e-01
0.00000000e+00 1.34908040e-01
0.00000000e+00 1.36906678e-01
0.00000000e+00 1.38905316e-01
0.00000000e+00 1.40903953e-01
0.00000000e+00 1.42902591e-01
0.00000000e+00 1.44901228e-01
0.00000000e+00 1.46899866e-01
0.00000000e+00 1.48898504e-01
0.00000000e+00 1.50897141e-01
0.00000000e+00 1.52895779e-01
0.00000000e+00 1.54894417e-01
0.00000000e+00 1.56893054e-01
0.00000000e+00 1.58891692e-01
0.00000000e+00 1.60890329e-01
0.00000000e+00 1.62888967e-01
0.00000000e+00 1.64887605e-01
0.00000000e+00 1.66886242e-01
0.00000000e+00 1.68884880e-01
0.00000000e+00 1.70883518e-01
0.00000000e+00 1.72882155e-01
0.00000000e+00 1.74880793e-01
0.00000000e+00 1.76879431e-01
0.00000000e+00 1.78878068e-01
0.00000000e+00 1.80876706e-01
0.00000000e+00 1.82875343e-01
0.00000000e+00 1.84873981e-01
0.00000000e+00 1.86872619e-01
0.00000000e+00 1.88871256e-01
0.00000000e+00 1.90869894e-01
0.00000000e+00 1.92868532e-01
0.00000000e+00 1.94867169e-01
0.00000000e+00 1.96865807e-01
0.00000000e+00 1.98864445e-01
0.00000000e+00 2.00863082e-01
0.00000000e+00 2.02861720e-01
0.00000000e+00 2.04860357e-01
0.00000000e+00 2.06858995e-01
0.00000000e+00 2.08857633e-01
0.00000000e+00 2.10856270e-01
0.00000000e+00 2.12854908e-01
0.00000000e+00 2.14853546e-01
0.00000000e+00 2.16852183e-01
0.00000000e+00 2.18850821e-01
0.00000000e+00 2.20849458e-01
0.00000000e+00 2.22848096e-01
0.00000000e+00 2.24846734e-01
0.00000000e+00 2.26845371e-01
0.00000000e+00 2.28844009e-01
0.00000000e+00 2.30842647e-01
0.00000000e+00 2.32841284e-01
0.00000000e+00 2.34839922e-01
0.00000000e+00 2.36838560e-01
0.00000000e+00 2.38837197e-01
0.00000000e+00 2.40835835e-01
0.00000000e+00 2.42834472e-01
0.00000000e+00 2.44833110e-01
0.00000000e+00 2.46831748e-01
0.00000000e+00 2.48830385e-01
0.00000000e+00 2.50829023e-01
0.00000000e+00 2.52827661e-01
0.00000000e+00 2.54826298e-01
0.00000000e+00 2.56824936e-01
0.00000000e+00 2.58823574e-01
0.00000000e+00 2.60822211e-01
0.00000000e+00 2.62820849e-01
0.00000000e+00 2.64819486e-01
0.00000000e+00 2.66818124e-01
0.00000000e+00 2.68816762e-01
0.00000000e+00 2.70815399e-01
0.00000000e+00 2.72814037e-01
0.00000000e+00 2.74812675e-01
0.00000000e+00 2.76811312e-01
0.00000000e+00 2.78809950e-01
0.00000000e+00 2.80808588e-01
0.00000000e+00 2.82807225e-01
0.00000000e+00 2.84805863e-01
0.00000000e+00 2.86804500e-01
0.00000000e+00 2.88803138e-01
0.00000000e+00 2.90801776e-01
0.00000000e+00 2.92800413e-01
0.00000000e+00 2.94799051e-01
0.00000000e+00 2.96797689e-01
0.00000000e+00 2.98796326e-01
0.00000000e+00 3.00794964e-01
0.00000000e+00 3.02793601e-01
0.00000000e+00 3.04792239e-01
0.00000000e+00 3.06790877e-01
0.00000000e+00 3.08789514e-01
0.00000000e+00 3.10788152e-01
0.00000000e+00 3.12786790e-01
0.00000000e+00 3.14785427e-01
0.00000000e+00 3.16784065e-01
0.00000000e+00 3.18782703e-01
0.00000000e+00 3.20781340e-01
0.00000000e+00 3.22779978e-01
0.00000000e+00 3.24778615e-01
0.00000000e+00 3.26777253e-01
0.00000000e+00 3.28775891e-01
0.00000000e+00 3.30774528e-01
0.00000000e+00 3.32773166e-01
0.00000000e+00 3.34771804e-01
0.00000000e+00 3.36770441e-01
0.00000000e+00 3.38769079e-01
0.00000000e+00 3.40767717e-01
0.00000000e+00 3.42766354e-01
0.00000000e+00 3.44764992e-01
0.00000000e+00 3.46763629e-01
0.00000000e+00 3.48762267e-01
0.00000000e+00 3.50760905e-01
0.00000000e+00 3.52759542e-01
0.00000000e+00 3.54758180e-01
0.00000000e+00 3.56756818e-01
0.00000000e+00 3.58755455e-01
0.00000000e+00 3.60754093e-01
0.00000000e+00 3.62752730e-01
0.00000000e+00 3.64751368e-01
0.00000000e+00 3.66750006e-01
0.00000000e+00 3.68748643e-01
0.00000000e+00 3.70747281e-01
0.00000000e+00 3.72745919e-01
0.00000000e+00 3.74744556e-01
0.00000000e+00 3.76743194e-01
0.00000000e+00 3.78741832e-01
0.00000000e+00 3.80740469e-01
0.00000000e+00 3.82739107e-01
0.00000000e+00 3.84737744e-01
0.00000000e+00 3.86736382e-01
0.00000000e+00 3.88735020e-01
0.00000000e+00 3.90733657e-01
0.00000000e+00 3.92732295e-01
0.00000000e+00 3.94730933e-01
0.00000000e+00 3.96729570e-01
0.00000000e+00 3.98728208e-01
0.00000000e+00 4.00726846e-01
0.00000000e+00 4.02725483e-01
0.00000000e+00 4.04724121e-01
0.00000000e+00 4.06722758e-01
0.00000000e+00 4.08721396e-01
0.00000000e+00 4.10720034e-01
0.00000000e+00 4.12718671e-01
0.00000000e+00 4.14717309e-01
0.00000000e+00 4.16715947e-01
0.00000000e+00 4.18714584e-01
0.00000000e+00 4.20713222e-01
0.00000000e+00 4.22711859e-01
0.00000000e+00 4.24710497e-01
0.00000000e+00 4.26709135e-01
0.00000000e+00 4.28707772e-01
0.00000000e+00 4.30706410e-01
0.00000000e+00 4.32705048e-01
0.00000000e+00 4.34703685e-01
0.00000000e+00 4.36702323e-01
0.00000000e+00 4.38700961e-01
0.00000000e+00 4.40699598e-01
0.00000000e+00 4.42698236e-01
0.00000000e+00 4.44696873e-01
0.00000000e+00 4.46695511e-01
0.00000000e+00 4.48694149e-01
0.00000000e+00 4.50692786e-01
0.00000000e+00 4.52691424e-01
0.00000000e+00 4.54690062e-01
0.00000000e+00 4.56688699e-01
0.00000000e+00 4.58687337e-01
0.00000000e+00 4.60685975e-01
0.00000000e+00 4.62684612e-01
0.00000000e+00 4.64683250e-01
0.00000000e+00 4.66681887e-01
0.00000000e+00 4.68680525e-01
0.00000000e+00 4.70679163e-01
0.00000000e+00 4.72677800e-01
0.00000000e+00 4.74676438e-01
0.00000000e+00 4.76675076e-01
0.00000000e+00 4.78673713e-01
0.00000000e+00 4.80672351e-01
0.00000000e+00 4.82670988e-01
0.00000000e+00 4.84669626e-01
0.00000000e+00 4.86668264e-01
0.00000000e+00 4.88666901e-01
0.00000000e+00 4.90665539e-01
0.00000000e+00 4.92664177e-01
0.00000000e+00 4.94662814e-01
0.00000000e+00 4.96661452e-01
0.00000000e+00 4.98660090e-01
0.00000000e+00 5.00658727e-01
